42.84 60.45 85.12 92.59 92.65
90.91 85.35 73.2 69.21 69.37
75.73 81.26 87.8 85.18 88.37
92.55 94 94.45 92.99 91.14
86.58 84.32 82.28 80.93 89.57
89.15 93.14 94.07 92.29 90.08
88.47 86 90.88 88.88 88.42
92.44 94.31 92.7 91.87 94.45
94.17 93.03 91.21 93.27 90.22
88.99 88 87.3 86.11 86.54
75.6 61.43 53.55 49.49 46.85
47.28 54.4 52.5 61.56 72.2
63.02 73.55 70.98 72.79 82.02
86.5 89.83 94.51 93.5 93.62
92.47 93.44 91.76 95.15 92.95
87.55 90.73 93.51 86.8 90.14
92.99 89.29 91.37 94.16 94.12
92.69 90.37 90.04 90.2 85.6
89.19 89.14 87.58 86.77 79.93
82.92 76.35 86.56 87.77 90.47
88.46 90.94 88.92 91.32 79.91
