39.77 49.29 39.44 40.26 45.82
36.68 39.28 44.62 37.7 38
57 59.86 56.07 65.55 68.97
74.61 77.54 82.82 82.68 82.91
86.47 86.7 87.94 90.57 92.39
91.68 91.78 93.39 93.23 93.59
93.73 93.49 93.28 95 94.04
93.9 93.79 93.92 93.67 94.19
93.91 93.23 94.2 95.83 95.12
94.19 95.36 95.67 94.43 94.92
95.08 93.83 95.18 94.67 96.03
95.8 95.12 95.81 94.31 94.61
95.58 96.45 96.27 96.19 96.43
94.82 95.35 95.81 96.71 96.64
96.37 96.3 94.78 95.29 95.82
96.66 95.99 94.5 95.68 93.58
94.78 94.31 95.67 94.75 95.44
94.95 92.2 93.48 93.75 94.58
93.96 95.89 92.33 90.92 91.88
92.39 93.56 91.51 93.28 92.32
87.37 90.03 92.32 93.29 91.81
94.4 91.21 89.6 91.26 92.19
92.95 92.49 94.3 92.39 88.02
90.34 90.15 91.94 92.03 91.65
92.89 87.17 89.03 90.82 92.4
91.95 85.47 91.89 87.69 90.03
91.2 90.93 92.28 92.46 92.73
88.81 90.75 91.29 92.03 91.64
91.13 90.55 88.39 90.34 89.27
89.63 88.95 88.81 88.14 84.46
87.15 86.42 87 86.34 84.92
80.98 80.24 82.98 78.1 80.32
78.96 77.07 73.07 72.22 67.46
61.57 58.17 53.73 48.9 46.43
42.71 37.11 34.3 41.49 46.48
48.81 48.87 62.61 62.25 61.03
69.57 74.89 77.3 75.15 81.77
85.49 87.89 85.3 85.97 88.28
89.97 92.27 89.92 88.9 90.6
92.04 90.53 91.34 93.38 94.38
93.53 93.2 94.12 94.09 96.11
96.13 94.77 95.23 95.22 95.48
94.69 96.04 96.47 94.3 94.45
93.14 93.36 95.55 94.78 91.59
95.67 96.17 94.14 95.5 97.36
97 96.74 96.59 97.16 96.35
97.33 97.41 96.39 96.87 96.77
96.84 96.01 96.94 97.27 94.81
96.8 95.13 94.19 96.76 96.83
93.71 95.72 96.61 94.74 95.53
97.26 97.41 97.23 96.77 97.49
96.25 97.88 98.19 97.4 97.44
97.03 97.92 97.29 98.2 98.26
97.74 97.47 97.31 98.08 97.14
97.92 97.79 97.62 97.71 97.47
97.26 98.2 97.2 98 97.76
97.48 97.42 97.09 98.01 97.34
98.12 96.97 97.19 96.34 96.63
97.91 96.75 96.97 97.44 96.54
97.69 97.38 96.61 97.02 97.36
96.51 96.85 96.73 96.01 95.32
95.06 95.6 94.67 90.95 93.2
91.12 88.74 90.22 80.36 81.24
81.7 75.39 72.5 69.48 62
54.92 47.67 42.32 46.55 43.49
45.49 43.37 41.89 48.53 50.91
48.3
