42.99 47.71 45.31 44.76 49.13
42.54 53.82 51.78 43.42 53.94
60.33 63.34 66.34 66.25 75.4
82.29 83.1 86.43 88.57 90.74
90.48 91.54 94.03 95.17 94.37
95.56 94.59 95.48 95.26 96.15
97.08 95.75 95.97 97.44 97.36
97.05 95.84 96.55 97.38 96.59
96.81 96.94 97.17 96.93 97.4
96.17 97.12 97.4 97.09 97.16
97.2 96.89 96.79 96.73 97.8
97.38 96.52 97 96.82 95.56
96.74 97.73 97.2 96 96.98
96.43 95.02 96.49 97.42 96.48
94.81 96.74 95.98 94.49 95.36
96.77 96.13 93.33 96.19 96.13
93.55 94.44 96.02 95.92 92.98
94.78 93.38 91.21 91.33 90.89
87.78 81.63 82.06 78.52 72.39
69.82 61.76 67.27 75.13 77.09
80.82 86.73 89.45 88.18 89.91
93.03 93.42 95.84 97.54 97.31
95.18 96.54 96.69 96.34 97.9
96.55 96.77 96.54 97.14 95.83
96.88 97.98 97.3 97 97.16
97.21 97.06 98.04 98.25 97.45
97.35 97.46 98.04 97.64 97.75
97.97 97.68 97.41 97.03 97.67
98.25 97.02 96.87 97.61 96.51
97.33 97.61 98.11 96.8 96.64
97.54 97.19 96.89 97.17 97.3
96.43 96.48 97.06 96.64 96.94
96.79 96.48 96.05 96.18 96.66
96.27 94.06 95.14 93.3 91.84
92.67 84.73 87.69 86.66 83.18
75.86 78.11 66.84 58.44 55.77
48.36 47.73 43.19 46.2 44.36
48.59 54.5 53.8 51.88
