32.84 32.38 32.65 28.93 38.59
31.83 39.61 39.56 41.76 36.66
40.69 36.2 38.65 43.22 37.51
38.97 41.16 40.73 38 40.06
33.82 39.48 40.35 35.95 34.62
45.39 38.61 36.23 38.71 41.32
38.58 34.75 33.5 29.75 34.1
35.68 33.27 39.05 36.66 39.65
36.93 39.25 48.25 44.66 37.1
40.97 34.67 40.54 45.97 35.51
38.63 38.28 34.11 39.35 33.52
35.7 30.3 39.75 35.92 31.78
33.37 37.34 45.17 42.85 52.16
39.99 38.82 37.09 35.99 35.96
37.6 36.69 39.05 39.7 37.69
35.01 34.74 36.37 45.8 34.86
39.92 45.01 46.77 44.07 40.2
42.76 39.93 39.12 37.23 31.87
42.55 32.53 41.18 31.56 36.28
34.71 38.96 35.96 31.63 38.87
34.69 36.03 41.34 38.31 44.59
50.2 52.22 58.43 75.16 81.24
85.27 84.04 81.29 82.73 82.4
79.42 83.9 83.05 81.2 81.73
83.7 85.78 83.13 86.45 83.2
82.45 82.46 83.2 83.43 78.65
82.6 77.53 67.49 78.29 82.86
81.98 85.95 82.53 87.55 83.6
84.47 84.27 83.56 83 85.07
86.26 86.61 85.48 87.14 86.18
84.08 88.95 85.79 82.83 82.86
84.97 85.48 79.14 83.06 82.71
77.71 81.46 82.61 85.35 87.44
87.5 89.04 87.17 86.86 88.2
86.32 85.35 88.96 86.21 86.52
83.92 85.6 86.75 86.86 89.56
88.12 87.49 86.97 88.95 90.29
85.73 87.25 87.21 85.16 86.39
88.86 88.06 90.42 86.42 91.1
88.31 85.56 88.37 86.24 88.06
89.51 89.26 88.85 87.52 88.39
88.26 89.44 91.3 89.83 89.01
88.37 89.32 91.73 87.07 86.9
86.62 84.73 86.17 88.98 89.01
90.44 87.75 90.65 87.67 84.05
84.97 82.88 83.88 89.91 88.81
90.07 89.04 89.46 87.49 87.78
89.55 85.02 83.02 84.6 83.52
82.55 78.06 78.2 71.62 63.29
67.11 71.95 72.67 75.39 76.5
80.73 67.41 70.25 78.47 73.72
74.86 75.51 75.82 74.55 75.54
77.55 76.88 77.21 78.24 78.53
77.89 77.93 72.47 74.99 67.25
62.68 58.76 56.38 52.38 45.43
37.09 36.69 32.39 37.94 35.41
37.29 35.14 35.61 34.92 37.21
42.38 31.88 35.34 35.03 35.4
37.75 39.18 37.64 47.51 43.21
35.24 40.99 34.68 43.46 37.23
49.27 38.09 37.25 35.93 33.63
35.26 36.06 33.3 35.78 32.46
36.72 34.96 33.06 35.45 37.01
36.04 37.64 37.73 40.4 38.25
40.48 38.01 33.78 31.58 29.73
33.52 33.15 36.6 33.6 37.73
35.94 39.46 39.53 41.23 38.06
41.87 41.58 42.77 36.82 37.18
33.02 28.18 34.74 32.07 32.66
33.56 32.51 34.54 33.32 34.4
35.98 34.45 35.23 38.08 39.44
35.22 38.78 35.64 40.59 39.65
30.43 31.36 32.97 31.82 36.31
33.11 33.34 37.94 33.75 28.59
30.36 33.2 33.56 38.14 31.97
28.39 30.67 35.91 30.11 34.19
31.19 32.86 38.53 32.93 28.33
33.07 33.6 33.44 35.5 38.39
39.28 38.05 38.52 40.22 37.51
37.14 43.66 35.87 52.31 42.06
40.5 47.81 41.54 32.37 33.36
32.5 34.35 29.34 32.59 29.88
28.06 33.06 29.58 31.59 34.97
43.32 32.87 30.52 32.15 31.57
30.32 31.84 32.63 32.23 34.16
34.18 31.82 32.42 32.71 36.52
30.94 36.09 35.41 48.45 36.25
40.46 35.47 35.85 35.18 33.45
36.01 32.24 39.98 38.1 40.3
34.65 36.01 38.49 37.07 42.01
44.94 54.67 58.61 74.64 76.01
77.73 83.37 78.91 73.25 78.44
75.7 76.98 78.61 81.41 77.66
78.83 81.01 82.15 77.38 82.88
81.45 76.49 77.18 77.9 81.26
71.08 75.64 75.76 73.85 73.51
81.4 80.88 82.14 84.75 88.73
84.51 81.08 82.76 82.44 82.83
86.71 84.06 82.53 81.15 84.67
86.5 83.46 88.42 85.38 85.18
85.3 86.42 86.08 79.96 82.82
81.05 79.45 79.36 85.47 85.15
86.14 87.67 88.58 84.46 81.58
82.43 83.17 84.19 86.1 85.55
84.63 84.85 86.6 85.38 84.78
88.83 85.05 82.75 85.12 85.7
85.49 79.12 81.61 80.49 78.33
78.09 84.11 83.82 85.06 84.98
88.59 84.54 83.82 81.05 81.35
82.64 83.82 85.72 84.19 83.83
85.73 84.55 85.14 88.95 86.38
84.4 86.22 83.77 87.38 81.78
82.4 81.45 81.13 79.71 86.27
85.02 87.59 86.34 89.34 85.37
83.01 83.02 82.36 83.52 87.31
85 83.4 85.33 86.85 84.19
84.8 87.92 84.7 81.57 84.56
84.94 83.39 79.7 80.78 77.63
65 69.82 80.55 79.09 80.1
82.36 86.17 82.8 82.54 84.05
80.71 80.77 79.36 80.74 77.91
79.3 84.79 83.51 82.75 86.03
84.62 84.83 86.61 86.33 86.47
83.34 85.28 84.52 81.47 82.86
86.83 84.97 86.1 85.47 89.28
86.28 84.82 87.51 85.27 85.3
86.81 87.02 86.63 85.28 86.79
85.02 88.07 89.37 85.11 83.37
87.34 85.75 83.55 81.1 82.99
78.92 77.7 78.76 83.57 83.31
85.64 86.94 89.11 86.72 84.84
86.87 84.75 85.35 87.39 86.97
86.17 84.64 87.01 85.56 87.72
90.06 86.96 86.72 88.78 87.45
88.5 85.34 85.96 84.11 81.19
84.23 85.66 85.74 86.75 86.33
91.45 85.53 83.09 88.64 84.88
84.83 88.62 87.54 87.34 85.6
87.69 87.97 88.75 89.95 87.46
88 89.07 85.14 87.65 84.96
80.31 67.21 55.24 48.67 43.24
36.98 37.86 37.35 41.23 43.12
36.71 38.57 38.9 42.98 41.59
42.15 44.43 51.37 45.37 43.83
38.55 38.08 39.88 39.62 40.82
37.02 48.23 37.28 36.39 38.41
33.57 43.53 39.39 38.56 38.64
36.54 34.22 37.96 31.8 39.18
33.21 37.05 34.18 29.56 35.08
31.74 34.67 34.06 33.64 38.94
35.6 37.35 31.22 35.76 30.29
32.87 37.34 34.75 40.11 31.74
37.5 35 34.36 38.82 46.43
43.42 41.67 34.18
