97.43 98.17 98.47 97.54 97.69
97.9 97.35 95.42 94.25 93.22
91.61 84.53 81.62 70.82 62.07
59.35 61.28 54.42 53.49 48.57
45.84 50.91 55.76 55.39 53.42
57.56 58.33 55.97 56.64 57.33
58.83 54.93 58.72 61.26 61.8
61.45 62.79 74.01 75.85 80.03
78.22 78.45 85.24 85.69 83.34
87.76 89.04 89.52 90.76 88.81
91.5 91.52 93.18 92.69 90.43
93.36 91.41 91.41 91.12 91.23
89.96 87.13 87.01 83.62 80.23
73.95 66.53 59.19 59.61 55.76
48.63 55.48 47.23 49.41 51.44
47.91 49.3 49.09 49.51 46.56
58.16 44.76 46.28 47.16 47.59
45.72 50.39 43.93 42.75 44.71
40.19 50.76 48.26 62.47 55.35
67.57 67.63 62.25 65.34 68.97
73.43 55.22 49.31 50.36 46.18
46.65 56.27 43.05 47.09 47.39
45.91 50.64 43.31 47.22 46.68
44.42 47.25 57.36 57.08 58.07
65.81 59.58 50.56 52.8 57.49
47.82 51.89 54.12 43.83 42.47
42.41 38.95 55.94 45.12 37.22
46.17 43.35 43.5 39.17 40.03
45.73 38.48 44.81 40.02 42.62
42.39 36.61 42.33 40.73 36.04
41.33 45.27 38.26 46.56 50.06
43.27 39.26 38.87 40.13 36.81
38.77 47.39 37.65 35.13 39.3
36.7 36.57 36.97 39.92 42.04
39.92 36.23 43.24 40.69 43.74
53.99 61.87 54.89 61.57 67.2
73.81 60.21 75.93 71.44 74.54
71.63 68.51 67.88 63.19 46.26
49.71 52.97 55.83 42.14 41.26
47.11 38.21 40.66 46.64 43.53
37.08 36.07 37.53 37.62 37.41
41.5 47.45 41.21 46.27 43.61
43.61 45.6 45.73 43.74 45.61
44.46 42.42 45.64 56.09 45.64
38.82 51.32 44.22 50.28 51.47
55.22 50.9 57.78 62.76 64.18
53.64 57 55.65 51.01 55.33
56.22 59.59 53.94 48.87 54.56
66.67 54.08 53.89 49.7 40.39
53.61 43.5 42.21 41.5 43.46
40.86 44.94 43.05 46.23 50.37
55.02 49.65 44.9 54.86 53.02
61.33 56.1 49.41 44.71 58.81
57.97 50.7 43.57 46.91 54.39
45.58 45.83 46.27 50.27 46.29
44.04 45.89 46.49 49.45 43.76
52.93 39.42 37.98 52.34 50.95
41.73 52.24 44.48 41.45 45.41
38.5 45.28 45.61 59.91 41.04
46.93 45.86 47.29 54.57 52.08
48.77 49.29 51.57 55.33 50.12
51.53 48.31 55.25 57.57 52.79
50.41 40.12 46.78 41.48 41.75
44.33 44.67 45.47 49.38 48.16
43.45 41.35 43.29 46.55 45.68
49.01 47.21 48.66 51.16 47.92
47.26 54.62 61.31 70.15 68.93
75.82 76.7 76.05 75.67 68.62
70.47 66.93 69.44 60.32 68.38
64.98 68.11 63.53 67.58 68.1
61.95 54.07 51.95 50.62 54.49
55.69 50.7 52.35 46.65 47.42
52.51 57.78 55.69 56.16 52.99
49.64 53.61 54.32 52.43 53.62
53.63 62.41 65.07 48.57 57.78
59.67 57.17 69.64 75.1 72.5
67.17
