40.08 39.47 38.71 36.02 33.23
35.92 32.64 28.92 34.71 34.92
25.22 34.23 28.17 33.02 27.33
27.97 27.53 30.4 28.21 30.23
25.51 35.12 33.82 32.91 33.91
31.13 36.51 31.57 37.88 36.32
30.23 36.68 35.61 29.78 34.18
32.24 23.51 29.1 27.79 36.89
28.25 25.77 38.07 27.55 29.94
34.08 28.68 33.79 24.78 32.92
24.63 33.26 31.21 25.51 32.01
25.74 32.4 27.29 32.05 31.23
30.39 31.6 34.91 28.69 30.61
36.72 40.26 40.7 37.26 40.93
40.29 43.52 49.39 53.65 55.1
56 65.6 67.71 71.35 71.15
74.75 70.81 74.54 73.41 79.43
80.48 81.05 74.89 67.36 57.73
54.27 54.44 60.1 74.76 81.94
81.82 83.93 77.1 77.12 77.64
73.49 79.5 80.81 76.48 71.26
74.06 75.79 76.91 76.19 79.22
81.78 79.63 79.94 84.67 85.73
81.59 80.18 85.08 81.8 81.37
75.17 70.74 72.05 66.47 66.33
66.92 73.15 71.88 75.01 72.73
71.96 75.95 78.04 71.75 75.7
74.99 74.77 67.62 67.05 75.44
65.36 59.84 68.62 65.25 58.48
61.22 67.58 64.1 45.53 49.9
41.92 38.49 41.04 39.94 39.3
45.91 39.54 34.23 41.11 34.22
36.74 36 34.81 32.57 34.78
36.14 34.63 44.28 34.76 44.96
30.76 32.69 29.82 36.52 32.23
32.82 32.62 27.94 33.97 33.14
28.12 32.03 27.97 33.45 30.81
31.81
