32.16 29.54 35.32 27.31 26.85
27.42 28.08 33.56 33.16 29.31
36.1 34.67 33.17 33.98 43.53
34 43.37 35.37 38.52 34.01
30.34 36.7 33.28 39.46 28.06
31 38.92 29.41 42.78 30.6
34.2 34.23 43.51 29 31.74
31.12 32.27 33.24 37.24 35.16
33.49 37.07 30.78 43.99 30.76
38.77 30.49 32.56 31.64 31.88
33.04 34.54 45.96 31.56 34.49
36.79 38.96 31.72 38.5 32.02
31.86 33.76 31.33 30.03 35.31
31.46 44.23 42.2 32.91 32.48
36.62 33.84 45.43 32.9 35.12
41.39 33.89 38.59 37.25 47.77
31.03 42.78 39.72 36.33 41.03
46.56 37.54 34.15 41.45 28.13
31.83 35.77 35.49 35.71 32.84
39.75 48.19 32.67 36.87 36.91
45.7 36.69 36.59 32.25 31.71
32.53 41.25 30.09 37.1 36.05
32.6 50.06 38.13 35.15 38.55
36.98 30.27 35.08 30.07 40.65
29.19 32.68 32.29 30.36 30.53
27.38 30.6 29.6 30.05 42.41
39.6 30.28 29.92 30.41 28.49
30.32 38.11 29.24 29.79 28.13
27.97 30.41 33.89 33.11 28.27
30.82 28.41 27.78 28.55 26.67
28.02 27.68 29.75 29.8 31.63
26.78 38.62 24.86 37.28 29.42
26.44 27.28 26.31 28.09 28.1
32.1 34.44 39.65 30.79 27.31
31.7 28.51 41.85 29.05 42.56
30.6 32.47 37.06 42.59 30.21
39.09 40.94 26.41 28.2 35.31
31.04 36.87 35.56 34.95 31.37
31.71 34.31 38.8 27.26 32.85
32.14 32.72 29.43 29.05 31.74
27.49 31.09 31.76 34.98 34.89
32.56 33.7 31.93 32.02 25.75
37.3 30.39 31.93 29.9 32.92
28.36 30.28 27.47 35.39 36.12
28.49 25.99 31.71 30.52 30.57
33.58 34.02 28.9 33.24 30.55
32.65 34.28 29.24 36.53 27.98
25.41 37.41 34.85 32.99 35.83
32.64 35.22 33.81 32.98 41.05
29.25 31.41 39.49 35.13 29.23
30.27 29.59 28.9 30.99 31.31
31.76 32.34 29.69 38.3 41.27
37.11 44.6 48.62 39.89 40.16
26.7 26.81 27.44 33.13 32.77
34.94 28.73 28.99 37.33 28.04
28.56 24.24 44.22 25.87 31.17
34.83 30.1 32.34 26.13 35.43
29.93 33.79 33.71 33.97 28.55
26.2 28.31 31.6 30.37 30.14
27.2 25.97 30.2 28.08 27.97
27.76 24.43 27.82 42.56 27.49
27.85 29.33 33.45 35.96 34.07
33.06 35.34 29.02 35.14 39.47
32.99 35.72 33.01 32.92 32.84
33.93 37 35.58 32.87 29.83
26.5 41.05 31.44 32.92 29.13
34.77 30.84 36.96 35.21 38.85
38.95 48.77 32 38.39 37.58
36.6 36.78 41.22 47.13 40.26
41.31 39.76 39.23 39.47 30.99
53.09 31.45 31.52 30.34 47.25
36.74 34.65 27.84 36.79 33.02
45.39 32.61 34.82 31.45 32.75
27.99 28.2 30.64 26.44 25.02
40.69 27.33 30.45 33.39 30.81
30.94 29.95 27.76 26.82 26.74
25.89 27.96 29.8 32.39 30.4
28.72 27.78 26.43 33.28 33.08
32.46 29.46 31.07 30.08 37.91
30.32 33.66 33.78 31.03 30.24
28.94 37.12 30.04 31.17 28.88
31.71 27.21 35.61 27.11 28.66
29.72 29.42 30.94 30.27 39.07
38.13 33.01 29.69 28.68 30.18
34.3 37.42 26.96 31.14 33.88
28.43 27.84 27.8 36 28.09
30.18 30.58 28.01 29.12 29.83
30.37 28.85 27.9 31.81 28.85
35.72 41.3 23.89 31.37 28.09
30.07 34.39 32.56 30.57 29.83
36.63 26.89 35.07 27.93 29.58
33.43 28.7 30.7 33.42 29.11
29.57 30.35 42.48 31.67 34.74
40.24 32.05 27.76 41.03 29.11
27.77 29.44 25.11 26.77 30.1
31.61 33.41 29.61 40.88 45.21
31.05 28.31 39.76 37.76 31.81
31.28 25.22 43.26 28.82 32.8
30.4 31.22 31.99 39.17 35.43
29.61 30.18 31.89 32.06 32.85
32.36 33.14 42.62 33 35.97
35.7 36.16 38.07 35.93 35.26
36.98 44.4 32.42 29.82 36.71
31.65 33.69 27.27 38.93 30.63
32.16 39.71 27.92 33.95 28.7
27.61 30.74 34.44 36.96 32.23
32.38 28.18 42.57 32.87 33.53
32.33 37.56 31.26 31.38 33.49
32.67 34.56 41.63 29.69 29.84
27.21 40.39 27.78 28.91 26.94
24.91 29.22 27.57 28.67 27.1
34.27 29 33.02 36.06 33.3
26.95 39.29 29.6 33.14 30.92
35.38 35.09 31.98 37.88 31.51
32.02 29.62 28.38 40.11 32.83
37.1 31.8 31.46 29.53 32.22
26.85 28.46 28.84 27.14 30.88
30.25 37.19 30.58 30.23 30.78
30.95 32.28 33.92 32.36 33.98
31.12 30.46 29.82 29.62 30.86
32.98 28.54 34.42 30.01 41.56
30.45 35.15 34.05 33.39 36.5
33.81 33.58 29.3 33.39 33.39
36.86 38.43 31.08 44.71 32.73
35.35 31.96 38.31 28.45 42.14
32.44 30.74 34.22 35.13 30.44
46.34 33.29 31.82 35.85 34.53
41.31 35.1 38.74 36.18 35.39
32.48 32.85 26.59 30.85 27.6
30.18 31.19 28.76 30.74 35.18
46.67 30.94 32.52 36.92 36.33
29.45 34.62 34.72 31.47 34.4
46.98 28.14 29.55 28.41 30.53
29.77 29.25 27.5 32.25 25.71
34.34 26.34 32.52 35.15 40.2
30.45 26.89 38.04 30.4 35.53
35.53 36.77 39.76 30.01 37.12
34.01 26.78 34.58 29.24 43.61
30.89 31.85 31.96 31.06 35.52
52.51 31.29 32.03 33.41 34.54
31.83 32.78 32.48 38.28 32.51
38.52 38.81 31.81 31.61 36.2
37.27 34.07 40.1 31.28 30.96
40.5 43.37 31.01 32.15 34.42
41.72 47.55 32.39 38.68 33.33
33.82 32.7 28.47 28.76 31.17
32.03 31.28 36.41 33.57 33.65
41.85 35.24 43.46 34.44 33.64
32.23 32.82 36.09 33.09 29.92
30.74 48.02 41.83 35.2 32.53
36.44 36.61 36.6 36.05 34.88
33.31 37.12 35.1 37.68 35.89
35.95 36.44 34.6 34.48 33.26
34 32.27 33.3 34.68 41.73
38.68 39.27 33.39 33.88 32.29
29.03 29.9 36.07 39.98 31.92
32.57 33.63 33.21 39.65 43.57
35.06 30.73 35.22 41.76 32.88
36.84 35.45 46.65 28.71 37.66
38.8 40.76 35.61 35.96 30.64
28.87 34.64 44.68 30.09 29.35
40.11 31.12 29.51 31.87 27.13
32.68 28.59 37.02 24.66 27.94
29.44 34.13 26.49 36.08 32.34
36.04 34.78 31.54 31.11 28.58
38.94 27.33 30.38 34.41 38.54
30.02 37.33 30.94 47.42 34.85
37.72 37.43 30.31 30.74 33.52
37.49 34.07 38.21 32.23 33.84
35.55 30.2 37.59 31.24 40.45
39.18 32.26 31.72 39.71 31.79
36.06 46.13 44.32 31.41 31.04
31.33 38.96 30.28 38.93 33.06
34.1 31.67 32.87 27.92 33.79
30.32 43.98 26.16 33.95 29.63
37.1 37.19 42.22 44.92 37.17
48.75 33.67 35.48 33.34 40.78
36.84 34.51 31.06 32.03 32.53
34.22 35.06 35.02 39.41 32.85
35.32 32.55 33.55 30.5 32.05
38.8 33.25 38.43 38.36 31.17
34.4 39.74 31.82 31.66 40.16
34.07 38.28 26.29 36.26 34.84
38.46 32.59 38.4 43.11 26.47
28.85 30.36 48.34 37.63 34.62
41.79 36.43 36.51 31.23 30.92
32.06 33.25 32.16 35.62 40.81
26.22 28.62 29.11 41.77 32.57
43.78 47.96 33.12 37.1 31.43
36.28 41.81 28.08 33.09 27.67
27.96 29 35.27 33.31 32.37
40.47 34.65 40.94 30.68 34.66
34.95 38.78 35.4 54.01 43.53
30.55 33.53 35.35 43.29 40.34
38.4 40.07 34.29 31.52 31.01
35.72 31.52 31.84 37.94 36.09
46.97 40.45 30.99 33.35 37.43
29.47 43.64 34.27 36.24 31.34
39.8 44.51 43.2 44.83 36.39
30.07 29.06 28.48 37.78 26.2
32.87 28.92 42.04 38.53 36.68
31.71 33.41 33.58 38.49 32.69
45 42.5 32.11 32.5 31.42
41.16 40.77 32.35 43.75 31.87
30.81 30.01 38.78 27.81 30.23
38.67 36.96 37.8 42.9 33.16
30.67 32.03 42.84 28.26 37.46
35.05 27.39 30.14 29.88 39.67
37.43 35.33 46.02 35.13 36.51
31.34 38.56 33.9 33.6 37.95
37.11 35.87 29.36 32.3 38.12
35.86 32.93 36.64 38.57 31.14
32.12 33.47 39.24 38.27 33.58
38.47 33.26 33.1 33.14 34.57
27.44 30.69 39 30.69 37.94
34.3 33.33 30.1 39.71 28.28
43.17 37.41 33.47 31.69 32.16
35.91 43.4 42.33 37.84 33.24
33.83 32.19 30.94 30.91 31.16
37.34 33.87 34.23 36.35 34.9
37.47 43.9 34.86 52.02 47.91
36.72 28.76 35.55 42.87 40.98
36.32 36.21 35.98 32.69 35.63
32.46 31.02 34.52 44.18 42.25
33.93 32.64 30.99 28.88 36.69
29.81 31.5 30.76 26.35 30
29.49 43.43 46.88 32.54 44.76
43.84 36.25 34.36 38.39 35.38
36.28 40.84 39.21 43.28 29.63
28.22 31.68 39.97 29.9 37.22
33.73 28.5 33.41 33.04 34.95
39.15 33.14 41.37 36.41 32.61
35.21 40 30.45 28.89 33.62
33.35 32.04 27.11 32.74 39.21
32.51 37.4 26.86 38.13 30.4
31.14 31.49 38.38 41.11 35.31
35.73 33.05 34.08 37.5 38.47
34.52 34.64 40.33 35.24 38.03
31.48 31.01 35.91 39.94 35.58
37.06 33.28 28.25 25.48 25.41
43.77 31.88 33.73 38.8 34.29
32.76 35.23 37.71 33.54 39.01
42.71 37.16 46.97 37.13 34.8
33 41.16 36.88 37.11 41.37
33.96 33.39 30.41 36.79 31.39
31.57 35.36 31.42 31.83 35.06
35.26 41.97 33.3 42.58 34.47
42.03 38.99 34.41 33.65 35.16
32.78 44.19 38.01 24.03 26.28
28.05 30.71 39.75 38.28 28.82
32.82 30.05 28.53 36.81 32.47
25.04 30.87 28.21 33.3 30.67
30.07 42.71 33.41 29.21 35.07
29.54 30.15 32.01 37.99 33.48
36.76 44.79 40.17 37.23 33.34
34.9 50.12 26.75 26.75 37.69
40.96 38.23 26.94 30.41 39.06
38.16 36.27 35.59 38.13 33.62
34.77 35.61 41.33 34.94 34.15
38.74 29.06 31.47 34.77 43.86
33.69 32.96 41.58 49.21 43.62
32.38 35.1 35.31 40.5 36.79
45.55 43.69 38.44 36.54 32.92
55.87 37.79 35.69 39.39 34.83
33.7 41.01 45.68 32.98 34.2
41.83 32.2 32.77 34.94 39.72
34.61 37.51 30.83 41.65 32.44
44.46 33.69 30.3 34.67 29.93
29.12 26.81 29.02 27.51 43.11
31.94 29.67 34.45 26.89 25.89
42.95 34.57 33.96 38.81 36.18
26.32 40.84 30.46 24.16 36.4
29.12 30.92 31.41 34.27 33.24
25.1 27.02 33.78 38.29 26.08
31.57 36.61 39.08 36.65 30.67
35.8 33.52 46.48 40.09 38.2
45 34.95 34.96 38.1 44.47
36.48 36.88 45.47 32.93 34.92
31.16 42.25 33.82 32.38 40.78
34.23 32.68 28.72 26.38 34.26
34.31 33.03 30.52 36 26.29
38.47 28.28 34.35 36.42 29.08
43.69 31.83 31.81 34.15 31.08
38.7 33.65 34.77 35.81 34.38
32.12 36.72 40.93 32.76 34.09
34.07 39.78 36.87 31.82 32.31
32.19 41.07 33.29 37.3 42.62
32.29 31.37 38.33 32.93 31.22
42.08 38.19 33.69 37.69 29.48
35 27.57 44.61 42.51 31.21
39.38 29.3 29.13 50.76 30.11
35.16 36.37 33.07 32.12 31
32.17 32.59 29.26 29.68 29.52
35.05 31.56 32.1 23.65 31.68
30.6 26.54 39.35 28.61 46.95
33.83 33.76 38.3 42.57 38.85
35.65 35.14 26.59 31.01 27.31
38.51 28.29 36.27 35.94 30.87
39.05 30.62 37.88 27.91 32.97
31.57 32.1 34.95 33.51 33.56
35.79 39.99 36.84 30.63 43.98
29.25 26.66 26.15 27.51 32.82
23.91 28.01 29.38 28.41 33.73
30.66 34.54 34.39 37.61 44.36
33.11 31.73 35.42 34.6 36.58
42.71 35.61 28.33 33.61 30.79
29.37 38.27 27.25 35.3 34.83
32.65 31.59 35.77 30.03 32.1
32.82 31.72 36.95 34.3 34.06
35.23 39.32 34.78 34.55 37.53
32.6 34.15 31.69 30.72 31.71
30.28 29.94 30.97 37.98 27.31
30.67 27.46 30.38 25.84 33.18
30.08 26.72 33.35 26.77 31.43
33.6 36.12 31.3 31.95 36.04
35.83 36.25 35 39.24 36.36
35.21 35.6 30.04 32.48 39.93
41.09 26.78 33.51 36.18 33.33
41.81 47.81 44.02 33.23 35.55
33.35 45.56 48.29 30.47 43.1
30.24 32.8 30.58 42.68 29.55
40.81 38.98 37.85 43.53 31.94
31.9 36.72 44.9 34.77 37.08
42.35 41.2 33.71 31.23 38.39
41.27 34.38 31.71 32.22 30.69
39.03 39.42 33.39 38.67 37.44
29.46 31.67 29.83 27.91 24.81
26.56 26.62 30.45 31.87 27.82
26.33 40.28 30.42 26.46 30.23
32.48 30.93 27.58 39.62 31.62
34.76 30.6 28.77 40.39 28.97
29.81 28.22 29.08 26.34 32.68
31.81 30.75 28.14 40.76 29.5
39.67 27.07 38.66 29.1 39.44
28.78 34.4 31.1 31.29 41.56
31.62 30.63 30.86 30.98 33.62
25.82 31.18 24.82 31.73 29.08
33.22 33.1 32.56 30.36 37.13
35.41 30.53 29.29 42.56 30.66
43.65 28.53 32.65 35.16 28.29
29.06 33.48 33.47 28 39.12
28.72 26.9 29.69 31.32 35.73
41.47 38.34 43.86 34.87 36.1
42.32 33.09 29.55 26.89 28.18
28.95 28.01 32.38 31.52 31.12
30.06 31.03 32.98 30.92 33.62
32.44 34.56 30.88 44.67 37.21
32.4 39.29 28.86 28.62 40.41
37.53 28.84 26.01 30.96 29.67
29.94 36.65 34.31 27.74 26.9
30.1 28.14 28.09 25.78 29.23
27.94 28.12 37.59 34.06 36.76
34.22 26.84 32.47 32.11 31
30.94 29.63 34.41 29.83 37.78
31.38 44 45.1 28.92 35.06
33.24 36.21 33.53 31.16 34.94
37.15 35.16 32.91 42.22 27.8
31.54 44.22 34.82 31.51 30.5
30.31 33.57 32.19 35.04 25.98
27.39 36.72 32.22 30.49 28.79
27.91 29.86 30.74 40.37 30.1
33.54 35.35 31.65 34.32 38.48
31.63 34.1 35.21 36.61 37.55
37.82 47.24 41.86 31.23 31.39
41.83 35.51 43.42 39.37 32.69
36.58 34.15 36.32 31.49 45.31
31.49 31.56 28.34 28.22 32.43
28.01 32.92 36.68 35.31 32.09
40.13 31.07 29.57 34.01 35.04
37.35 39.88 37.66 40.71 34.91
40.26 33.36 32.81 35.93 29.85
36.72 30.8 33.04 37.5 33.46
35.15 38.13
