22.78 27.69 20.45 25.07 24.97
21.9 31.16 24.39 22.29 27.33
38.96 27.68 24.88 26.06 30.9
28.12 28.07 27.39 29.74 30.28
29.67 28.33 26.47 28.47 28.25
29.06 30.18 28.12 28.04 25.48
22.11 26.24 23.41 24.29 24.47
30.65 24.09 30.61 25.98 25.49
30.99 29.51 22.63 28.11 28.94
26.93 25.87 23.5 22.51 22.3
25.64 25.82 25.85 24.38 22.73
22.64 27.51 23.58 26.65 22.79
28.21 21.66 22.74 26.47 23.14
27.81 25.92 24.64 24.81 29.17
29.79 29.25 29.62 33.05 27.65
33.4 25.78 34.47 49.01 49.02
62.88 72.7 69.22 68.81 68.63
59.64 67.2 69.42 63.09 64.71
66.09 68.48 68.91 74.21 68.36
68.2 74.48 70.67 66.46 67.4
67.28 68.18 64.47 62.75 60.47
55 49.77 49.89 46.58 46.54
39.45 43.57 45.24 41.83 45.08
47.36 45.57 48.07 46.14 51.11
46.06 52.65 54.44 53.55 53.28
54.75 56.83 56.04 56.97 57.2
51.16 54.02 57.05 51.55 53.1
49.37 67.85 76.49 76.29 79.21
80.67 76.5 80.27 75.86 75.02
74 74.54 75.99 77.59 83.96
85.48 85.17 84.7 87.8 87.48
85.5 86.15 89.36 83.89 84.25
86.84 85.2 86.31 89.64 88.12
91.4 92.32 90.31 90.05 83.37
87.55 87.38 87.98 89.84 89.86
89.66 88.43 90.64 88.2 88.75
89.6 88.74 86.27 86.83 86.82
86.34 81.7 82.67 83.94 79.77
80.46 83.57 84.03 87.02 87.88
84.96 83.64 78.39 83.57 83.51
80.04 83.84 84.35 84.78 84.97
86.98 86.09 86.44 86.35 87.85
84.94 84.11 84.41 87.15 82.22
81.07 84.66 81.77 81.81 84.94
83.58 84.08 85.21 80.01 83.16
73 82.16 83.41 79.9 83.02
79.4 82.84 81.83 83.18 79.93
81.46 80.37 78.14 74.39 78.35
76.4 75.96 73.87 72.37 58.88
53.94 47.8 46.82 45.1 36.87
40.14 33.88 38.35 28.37 30.32
33.21 26.41 27.37 28.67 31.32
30.99 29.98 35.05 38.79 30.48
32.8 30.25 33.23 32.87 35.77
33.79 37.77 39.81 38.38 42.9
49.25 51.38 63.28 73.3 73.37
73.42 77.25 68.94 79.67 75.82
75.97 69.64 74.14 72.96 70.22
78.21 81.77 83.65 80.93 83.58
84.49 81.93 82.55 87.15 81.16
82.76 84.92 83.2 83.78 87.55
85.23 91.09 89.16 90.11 88.48
83.84 88.86 87.38 88.95 89.82
89.08 87.17 86.04 89.12 85.8
89.61 88.32 88.99 87.34 87.88
87.99 89.26 86.09 87.39 86.34
83.73 84.42 86.31 82.22 87.68
84.7 85.67 84 81.15 87.33
85.57 88.12 87.93 87.13 86.1
87.23 88.19 84.54 89.2 88.24
86.86 86.61 88.14 86.1 87.28
85.39 86.89 85.75 83.55 85.79
86.6 83.64 89.79 88.49 89.49
88 83.32 89.41 86.8 89.12
89.49 87.98 86.13 86.47 88.39
88.19 89.97 88.32 87.61 86.3
89.28 86.69 87.71 85.72 85.53
78.57 59.23
