98.75 98.61 98.23 98.32 98.53
98.14 98.12 98.51 97.61 96.92
97.69 98.06 96 97.55 98.29
98.73 98.47 98.54 98.81 98.85
98.76 98.76 98.86 98.82 98.8
98.6 98.72 98.68 98.72 98.75
98.63 98.28 98.46 98.03 97.4
98.29 98.47 98.69 98.26 98.41
98.8 98.53 98.41 98.64 98.73
98.61 98.14 98.6 98.71 98.69
98.59 98.64 98.62 98.5 98.73
98.69 98.6 98.63 98.77 98.86
98.72 98.65 98.7 98.58 98.46
98.38 98.18 98.21 98.32 97.3
95.48 96.74 97.46 97.27 98.37
98.65 98.72 98.61 98.82 98.81
98.87 98.87 98.86 98.88 98.85
98.84 98.43 98.54 98.12 97.78
97.81 95.51 98.71 98.69 98.21
98.46 98.38 97.97 98.36 98.09
97.83 96.7 97.44 97.92 95.26
95.02 96.44 96.22 96.14 95.54
94.6 95.72 96.67 96.99 96.74
97.61 97.86 97.57 96.17 96.56
97.75 96.5 95.51 96.65 97.05
94.4 96.01 96.75 96.95 97.81
98.1 98.14 98.25 98.15 98.29
98.2 97.68 96.62 96.34 96.35
97.28 95.5 95.01 96.35 97.27
97.6 95.82 95.75 95.31 96
96.65 95.73 96.88 96.6 97.78
98.1 98.53 98.43 98.79 98.84
98.8 98.79 98.88 98.82 98.85
98.87 98.9 98.85 98.87 98.89
98.83 98.77 98.74 98.71 98.65
98.56 98.61 98.67 98.84 98.8
98.77 98.78 98.84 98.71 98.41
98.4 98.59 97.63 96.89 97.69
97.76 97.57 96.33 96.45 98.3
97.95 98.28 97.97 98.39 98.34
97.39 98.37 98.21 98.56 98.43
97.92 95.96 95.74 94.87 92.04
92.34 95.99 95.98 98.52 98.63
98.76 98.69 98.29 97.76 97.41
98.06 98.5 96.36 96.77 98.28
98.26 98.66 98.47 98.7 98.82
98.83 98.8 98.77 98.81 98.68
98.74 98.66 97.91 96.08 98.58
98.43 98.28 97.89 98.63 98.77
98.66 98.67
