92.5 94.81 95.25 96.38 95.78
94.67 94.18 93.41 93.67 94.4
95.05 94.54 94.3 92.92 91.34
90 84.4 74.48 70.8 82.77
85.21 88.97 89.37 89.43 92.36
92.37 92.36 90.58 87.84 87.08
86.32 92.64 93.05 95.29 96.22
95.66 94.62 94.16 91.08 89.61
88.89 93.02 94.83 95.37 95.48
94.68 92.8 91.31 92.95 94.84
95.31 94.87 95.01 93.48 87.46
77.69 66.05 63.61 62.95 60.88
74.77 80.14 81.18 82.27 83.21
82.56 85.68 90.75 91.84 93.37
94.01 94.28 93.69 91.49 85.77
89.88 93.61 95.13 93.71 93.87
95.68 96.14 96.22 95.6 93.62
93.29 94.53 94.98 95.75 96.77
96.42 96.94 95.83 95.29 94.19
89.66 94.11 95.35 95.64 95.95
95.07 96.42 95.43 94.28
