91.5 91.99 90.58 90.78 87.99
76.92 81.67 85.21 86.68 85.69
80.58 81.64 74.87 74.41 81.76
85.79 89.09 89.57 91.31 91.71
92.34 92.58 92.21 91.3 89.34
89.97 90.12 92.08 91 89.54
90.14 89.05 86.87 81.37 76.18
69.54 74.69 81.68 80.52 72.73
72.08 78.48 78.44 78.92 75.48
71.2 77.96 82.59 86.81 88.15
88.15 88.35 88.28 84.85 84.6
83.53 87.78 90.96 92.02 91.21
91 89.49 89.05 87.42 85.42
79.96 70.93 63.85 68.48 64.72
62.53 69.65 75.77 82.12 85.23
89.15 90.43 91.32 91.56 92.54
91.02 88.84 86.07 88.87 92.26
91.32 90.16 86.27 84.17 74.55
66.57 61.28 52.71 48.75
