93.98 96.25 97.73 98.59 98.42
98.7 98.45 98.27 98.44 97.76
95.34 94.43 95.44 94.56 94.36
96.73 97.66 98.22 98.17 97.65
98.32 97.9 98.28 97.18 97.26
98.22 98.02 98.25 98.5 97.31
97.55 97.64 93.48 90.6 88.84
87.91 84.47 84.68 90.81 94.3
97.27 98.34 98.5 98.81 98.74
98.67 98.66 98.12 98.31 97.67
96.44 97.67 98.47 98.47 98.31
97.79 97.93 98.52 98.78 98.58
98.54 98.66 97.92 98.17 97.37
94.39 96.12 97.52 97.62 97.65
97.55 96.81 97.77 97.25 98.28
97.91 97.96 98.17 97.87 96.91
92.09 89.25 86.5 85.04 84.16
83.44 86.82
