60.48 66.76 68.27 72.36 67.52
70.6 77.44 77.76 77.81 80.42
83.22 80.94 78.43 77.99 73.95
71.39 61.33 59.19 56.82 44.15
42.89 40.84 43.75 38.82 39.73
45.39 37.27 44.29 42.94 40.99
56.33 45.8 49.49 58.9 47.09
61.07 47.8 46.99 48.3 43.41
41.18 49.5 49.42 46.39 39.97
48 44.68 37.55 41.36 36.82
40.58 53.5 43.7 50.59 54.71
44.33 57.45 62.35 58.21 60.93
64.28 79.25 86.06 88.4 88.95
89.83 92.99 94.66 94.78 95.21
96.78 96.63 96.56 96.2 96.48
97.06 97.53 96.84 95.96 96.38
96.36 95.02 93.87 94.69 92.35
95.22 95.57 96.18 94.93 94.65
96.37 96.7 96.56 97.37 97.08
97.56 96.75 97.42 97.85 97.06
96.48 96.75 97.43 95.98 95.76
95.83 94.29 92.18 89.7 90.95
86.79 76 59.27
