57.27 52.63 58.72 59.56 67.68
83.24 90.7 94.97 96.27 97.5
98.06 97.95 97.56 96.74 96.62
96.6 96.46 96.79 97.81 98.18
98.33 98.43 98.1 98.22 96.69
96.6 93.09 88.9 89.1 88.63
94.46 97.01 98.1 98.25 98.55
98.07 97.46 95.28 90.31 83.59
79.68 83.16 81.09 92.01 95.37
95.81 97.43 98.11 98.5 98.05
97.21 95.22 93.36 97.33 98.12
97.28 97.22 95.95 97.81 97.24
97.28 97.88 98.38 98.09 98.18
97.19 96.84 95.68 94.5 94.88
95.74 96.08 97.45 98.05 98.06
98.55 98.51 98.52 98.41 97.66
98.12 96.61 95.47 95.19 97.05
97.21 96.41 96.83 97.76 97.44
98 97.06 96.74 95.59 93.82
93.62 94.72 92.44 91.83 93.98
95.24 95.65 96.84 97.12 98.12
98.07 98.27 97.82 97.51 94.12
88.52
