51.39 55.64 58.55 68.22 70.94
73.73 72.6 76.32 80.57 75.59
76.54 79.01 77.01 72.25 74.4
71.22 68.29 54.66 55.82 52.16
50.73 52.13 49.54 39.75 35.63
40.66 40.88 35.19 40.32 37.21
40.47 36.51 38.87 36.08 38.79
39.05 37.24 38.81 38.44 36.16
35.28 36.49 29.08 35.2 32.64
34.92 37.54 35.64 38.34 36.67
36.61 33.71 30.77 34.17 37.07
33.97 31.91 29.45 29.78 33.2
37.25 32.23 29.14 31.36 31.69
32.02 31.24 35.76 38.73 38.94
36.45 33.5 35.92 34.53 30.69
36 35.82 42.63 39.04 41.11
41.98 39.35 42.75 40.6 37.11
45.31 43.18 44.99 41.04 42.06
42.73 44.01 40.46 38.65 44.39
36.98 39.47 37.34 37.74 34.57
32.01 34.37 30.98 35.55 34.14
34.44 41.21 31.7 38.63 34.36
37.27 38.75 36.24 39.85 39.3
43.93 46.23 52.51 57.11 54.65
38.67 50.68 54.42 60.53 62.56
66.51 70.37 77.81 76.89 77.04
82.77 85.48 83.67 85.8 89.57
90.16 89.76 91.82 93.56 93.69
94.24 94.86 94.74 94.51 95.31
94.32 94 94.75 93.73 92.1
92.19 91.16 90.42 89.35 87.22
85.41 84.04 77.66 68.41 61.28
69.9 73.06 80.79 84.95 87.19
88.43 89.19 92.68 92.65 92.55
93.94 94.67 95.07 95.41 95.45
94.75 95.44 94.63 93.69 94.27
94 91.74 91.81 90.06 89.13
87.82 85.5 84.1 84.6 80.04
77.65 76.4 75.1 70.92 71.73
70.9 67.76 75.43 79.11 79.97
84.17 84.54 85.03 87.93 89.05
88.23 87.13 91.04 92.21 89.85
