92.64 93.75 95.97 96.91 97.3
96 95.67 92.8 91.65 87.86
88.16 88.19 91.72 93.21 92.24
90.33 88.17 86.15 89.78 89.01
91.26 93.72 95.02 94.65 96.56
95.22 95.55 92.95 91.19 91.38
94.67 93.44 95.25 96.79 96.56
97.37 96.43 95.6 93.65 89.62
90.65 87.57 86.96 92.77 93.72
93.75 94.5 93.75 89.48 88.89
82.64 75.2 76.51 78.12 80.88
89.79 93.67 94.39 95.53 94.99
95.45 93.53 88.81 80.07 89.54
91.27 90.97 89.21 90.36 92.95
92.99 94.62 95.35 96.58 97.57
97.32 97.32 96.1 94.68 92.53
89.27 85.56 86.88 86.91 90.26
94.74 96.6 97.05 97.2 97.6
95.8 95.79 94.76 94.2 94.19
95.03 94.82
