58.21 58.63 71.24 75.89 82.06
80.07 79.23 80.92 69.15 70.04
78.86 84.43 85.9 86.15 86.49
82.11 80.52 67.11 66.38 64.16
70.23 87.11 87.43 90.93 92.4
90.89 87.95 89.71 87.45 75.82
75.62 72.22 68.16 75.59 79.2
86.8 88.87 90.96 89.28 87.59
83.14 77.23 79.03 85.63 81.39
77.32 76.13 79.4 73.98 71.69
81.58 87.62 89.1 85.16 83.45
82.05 81.53 86.13 87.93 90.61
91.63 92.05 90.73 89.31 83.31
83.11 80.76 79.34 75.25 75.44
85.67 84.44 84.01 88.8 92.58
91.04 89.25 86.46 85.63 73.39
71.58 78.76 85.85 89.11 91.11
92.78 89 88.87 83.46 78.91
61.05
