35.48 37.34 36.99 36.91 35.13
34.8 33.87 31.37 33.06 33.4
31.62 33.6 32.17 33.19 33.98
28.98 34.42 28.05 42.81 35.41
34.26 43.11 39.39 39.87 47.21
37.85 32.75 38.27 36.04 35.71
38.45 37.6 34.73 34.25 35.44
31.85 33.64 30.88 35.99 34.51
35.8 33.57 37.12 34.26 37.91
36.01 32.06 36.8 31.42 33.27
34.84 30.78 34.66 33.07 31.27
29.54 35.55 33.58 37.13 32.23
36.36 37.05 41.18 35.12 36.38
35.46 37.35 42.7 41.16 43.18
41.11 32.71 39.18 34.33 35.16
29.89 31.98 28.74 36.66 30.15
33.16 35.27 29.17 30.25 34.88
31.54 35.88 29.51 33.98 29.56
35.43 29.55 37.08 36.7 31.24
36.43 34.97 32.48 34.95 33.88
34.53 33.95 35.85 34.12 33.6
29.74 32.75 29.26 26.96 29.44
28.72 30.11 28.52
