77.25 80.32 79.37 73.86 74.22
69.06 68.99 80.37 83.47 87.69
88.3 89.6 86.3 89.22 92.4
91.74 90.53 92.87 93.57 92.75
89.95 85.36 79.84 85.63 89.88
93.18 93.38 95.62 96.33 96.46
96.35 94.39 91.48 91.91 89.67
92.93 93.92 93.42 94.9 95.5
96.38 95.49 95.59 94.64 93.61
94.4 93.26 89.95 87.77 90.7
90.43 94.25 94.94 92.87 94.07
95.65 94.4 92.52 90.85 90.47
89.83 89.22 88.07 85.24 82.23
84.04 87.09 90.38 90.76 90.68
92.48 93.61 93.93 94.58 94.13
94.78 95.6 96.92 94.42 92.82
86.39 78.2 66.19 55.1 51.58
48.13 40.7 47.94 38.18 34.84
33.73 30.46 37.92 44.39 54.36
66.93 82.42 90.63 93.43 94.68
96.62 96.9 97.03 95.9 94.5
93.08 93.48 95.96 96.18 94.71
96.68 96.16 94.52 94.87 95.8
94.8 93.24 92.36 91.64 91.7
86.74
