41.81 39.76 29.28 32.46 33.75
35.51 34.93 38.14 39.25 35.56
36.73 40.64 39.57 39.15 35.58
38.89 38.45 41.85 42.04 44.46
41.79 39.39 48.92 41.45 57.35
38.96 52.45 61.28 43.39 44.51
39.24 45.88 41.04 39.32 42.27
48.36 45.27 43.46 36.01 41.06
47.64 42.6 36.45 34.49 38.2
36.17 34.72 37.27 33.65 30.9
40.9 45.65 42.14 46.01 54.19
52.37 65.67 87.57 92.07 93.16
91.91 91.95 93.49 91.05 86.89
87.44 86.63 66.95 57.24 52.79
36.58 39.14 41.33 35.27 36.62
42.13 43.62 33.79 38.13 35.69
31.97 36.86 36.86 35.59 33.04
31.29 31.82 32.63 35.27 34.57
39.5 38.01 36.75 45.04 32.8
42.86 37.8 45.28 46.22 46.59
59.88 60.01 70.06 83.88 89.27
92.92 94.92 95.75 96.62 96.29
95.78 92.54 82.7 67.55
