40.46 39.34 40.38 37.17 33.26
39.77 34.25 35.34 32.58 32.99
32.21 32.05 31.92 33.15 27.06
31.03 32.62 31.7 38.34 37.84
41.45 50.63 53.52 53.19 58.12
73.8 82.93 82.06 86.02 89.72
93.04 95.01 95.41 95.93 97.6
97.71 96.78 97.57 97.58 96.17
95.91 95.7 94.58 93.07 90.55
90.55 87.26 87.21 90.76 93.46
94.94 95.54 97.57 97.65 97.57
95.28 96.43 98.08 96.48 96
97.63 98.12 96.88 97.54 98.09
97.8 96.79 96.05 97.14 95.7
96.57 98.05 98.38 97.96 98
98.54 98.04 95.52 95.66 95.48
94.07 93.19 93.03 92.5 91.66
88.11 86.12
