97.71 98.42 98.41 98.45 98.34
97.28 95.22 95.52 96.85 97.48
97.05 96.09 95.72 95.38 96.28
97.71 97.79 97.95 98.37 98.42
98.38 98.34 97.95 97.39 95.68
95.03 96.24 96.63 96.65 97.5
98.09 98.51 98.67 98.78 98.68
98.61 98.13 96.68 97.89 97.61
97.81 98.2 98.45 98.44 97.85
96.95 97.54 98.02 98.17 98.37
98.19 98.09 97.76 97.15 97.38
96.84 96.3 96.29 97.72 98
97.94 98.51 98.74 98.68 98.58
98.24 97.96 97.77 94.61 92.05
93.11 96.46 97.48 98.15 98.18
98.41 97.92 98.3 98.26 98.43
98.36 98.21 97.39 95.35 86
