39.14 39.17 37.97 39.05 38.33
37.52 34.04 43.78 37.32 35.13
38.27 34.41 36.96 39.48 38.73
35.42 35.39 33.06 36.39 31.22
38.27 31.85 40.04 31.9 37.01
34.93 30.79 31.31 28.2 30.74
32.67 32.65 33.11 30.96 31.71
30.32 32.23 32.93 27.1 31.95
27.35 32.96 34.95 30.84 34.99
33.19 38.73 35 40.05 39.61
42.77 39.15 38.06 36.25 43.82
41.58 40.26 49.27 49.26 38.7
47.54 50.79 47.04 43.37 49.56
50.98 49.21 48.66 53.53 56.45
59.9 73.01 84.06 86.16 86.94
89.32 92.38 92.82 92.77 94.04
95.38 95.54 95.09 95.74 96.48
95.41 94.19 95.45 95.93 94.47
93.41 93.95 94.83 92.24 91.91
91.91 90.4 87.86 86.77 81.18
75.9 70.12 82.58 85.35 84.49
85.68 91
