97.11 97.99 97.87 97.49 96.2
97.83 96.96 96.52 95.58 94.82
94.17 93.69 91.09 94.69 96.44
96.59 97.61 98.02 98.17 98.23
98.42 98.47 98.44 97.85 97.89
96.89 96.24 97.16 95.97 96.69
97.26 97.46 97.78 98.32 98.02
97.47 95.59 93.57 96.61 96.73
96.42 94.74 95.22 94.44 97.33
97.81 97.85 98.06 97.84 98.35
98.27 97.87 97.6 95.17 94.9
93.43 97.49 98.55 98.47 98.68
98.42 98.44 98.29 98.17 97.91
97.22 96.95 93.12 92.01 95.33
94.84 93.94 96.11 97.68 97.86
98.08 97.55 96.69 96.59 95.91
92.84 93.13 94.86 92.38 93.49
94.73 95.35 97.01 96.3 94.4
94.92
