41.82 45.07 41.36 33.93 40.13
33.5 45.09 41.81 35.93 47.48
40.48 43.56 46.72 43.49 42.79
41.75 47.76 41.5 40.32 42.37
40.11 50.72 40.79 45.66 45.51
43.71 47.99 42.81 40.87 39.49
38.42 41.43 31.15 33.25 34.64
41.58 36.26 39.76 45.04 33.98
39.12 40.28 40.8 44.19 43.61
45.88 40.49 38.41 42.2 34.21
42.11 35.65 36.37 33.82 35.26
35.76 35.29 39.9 40.89 39.08
40.38 43.33 40.64 51.24 40.73
42.26 51.14 36.42 44.71 42.1
43.24 33.97 44.98 41.02 34.45
46.42 32.03 42.94 38.92 39.04
40.56 45.07 38.27 42.29 41.44
35.42 39.29 38.9 37.92 35.1
36.53 44.01 41.14 50.69 40.41
41.22 35.98 43.26 36 39.06
43.85 36.54 33.99 37.75 36.71
36.35 44.51 41.48 38.2 40.8
39.24 43.16 45.71 46.85 45.28
44.1 44.76 44.17 43.79 41.39
42.25 41.23 41.39 38.99 44.41
55.89 44.13 46.51 44.62 40.42
43.14 35.12 43.07 35.66 43.61
40.32 45.75 39.7 43.16 45.16
37.96 43.52 37.03 49.94 42.4
48.9 45.48 40.37 47.06 38.86
