90.94 94.87 97.16 98.59 98.58
98.71 98.74 98.77 98.74 98.52
97.93 96.21 92.83 84.1 86.13
84.58 85.69 91.67 96.28 97.45
98.5 98.68 98.78 98.75 98.55
98.11 97.4 94.02 91.86 93.48
95.91 97.52 98.36 98.58 98.74
98.42 96.98 95.39 96.5 96.36
95.47 96.74 98.04 98.36 97.86
97.65 96.3 94.66 94.9 94.89
96.82 93.96 92.23 95 94.94
95.98 97.51 97.24 97.86 98.12
98.01 97.98 98.57 98.48 97.97
98.45 98.32 98.32 98.28 98.21
97.74 97.5 98.12 96.32 96.46
97.05 96.94 94.86 96.36 97.36
95.29 95.69 96.81 96.62 95.24
95.51 92.57 87.58 89.19
