97.23 98.22 98.52 98.72 98.77
98.62 98.6 98.46 98.55 98.54
97.97 97.03 93.73 90.08 91.22
92 95.33 96.77 96.18 96.71
97.99 98.07 98.35 98.41 98.59
98.79 98.66 98.15 97.48 98.5
98.57 98.7 98.51 98.71 98.62
98.31 97.45 97.03 97.77 97.08
97.53 98.47 98.57 98.67 98.49
98.29 98.04 97.96 98.38 98.52
98.1 97.92 98.44 98.37 97.48
97.4 97.93 97.98 97.36 96.7
97.65 97.99 97.7 96.66 97.55
98.05 98.05 97.8 98.4 97.87
97.82 97.65 98.3 98.22 98.11
98.09 98.24 97.48 97.72 97.86
96.85 96.61 97.18 96.61 94.99
93.22 93.74 95.24 93.29 93.92
95.61
