36.71 36 37.83 44.28 40.71
41.83 39.89 42 38.47 36.99
29.2 32.01 29.22 29.01 26.48
27.5 26.46 26.66 26.23 27.36
27.68 30.6 29.34 37.32 33.74
33.66 33.02 35.01 35.19 33.62
37.38 41.25 38.52 35.58 43.33
41.07 39.71 42.29 36.66 38.27
38.61 39.44 37.49 32.79 33.41
30.66 31.03 31.7 30.47 34.85
32.76 32.35 34.21 30.03 31.75
31.2 33.29 34.09 35.33 32.24
35.22 35.67 33.75 31.94 30.3
30.71 29.9 28.23 32.19 28.27
29.73 28.65 28.23 31.99 30.46
33.32 28.31 33.02 28.62 33.03
30.43 41.51 35.04 30.67 27.12
28.82 26.52 30.06 23.86 32.42
31.01 25.17 33.08 34.36 32.2
31.6 28.05 31.71 27.37 32.06
28.13 34.99 28.36 38.28 32.01
40.87
