31.46 33.98 30.67 30.88 34.06
31.94 38.08 41.39 31.83 35.9
31.96 36.95 42.88 45.75 56.89
58.06 61.18 66.59 64.7 85.34
92.61 94.96 96.83 97.73 97.79
98.03 97.9 97.09 97.88 97.87
96.98 97.06 95.32 93.77 92.3
86.04 79.7 75.62 75.94 71.27
80.88 86.97 92.35 94.86 96.86
98.23 98.42 98.42 98.36 98.11
97.94 96.35 95.63 94.82 94.83
97.12 97.24 98.05 98.03 97.86
97.73 95.52 93.49 94.52 94.48
96.61 97.15 96.2 97.16 98.05
96.82 96.65 95.1 96.41 97.61
97.86 97.31 97.14 95 93.65
93.82 92.38 90.83 86.38 85.77
87.14 94.59 96.37 96.1 96.32
92.83 89.7 89.85 94.76 94.98
97.37 96.29 96.05 93.28 85.1
87.25 87.49 93.66 93.14 95.91
96.67 96.78 97.17 96.79 96.54
96.6 95.64 95.61 94.54 95.67
96.43 95.58 97.54 97.61 96.28
95.67 96.07 93.93 93.12 91.22
89.49 90.34 90.06 93.39 95.84
96.8 97.59 97.08 97.65 98.18
97.9 98.41 97.72 97.78
