46.37 40.25 33.4 38.13 39.3
39.27 43.45 36.26 43.82 39.95
41.32 42.89 41.51 46.15 42.85
39.6 38.91 41.92 45.35 47.13
37.64 43.68 40.92 40.12 51.82
43.91 45.1 46.82 49.57 45.97
41.86 43.73 42.69 40.74 39.1
40.69 42.21 41.18 41.87 39.67
36.06 29.02 35.73 43.13 42.43
36.23 44.7 38.47 35.61 36.04
39.16 40.63 36.38 39.23 40.15
46.44 37.09 33.36 39.51 43.43
35.56 39.56 41.56 36.25 32.07
33.76 37.44 35.96 43.59 35.33
46.64 41.04 46.89 41.73 45.23
43.78 55.92 43.96 54.02 37.74
49.37 41.28 36.54 40.64 40.29
46.04 47.41 45.17 49.54 52.33
53.65 59.01 67.01 71.21 74.61
74.37 70.75 78.59 77.02 76.85
76.62 82.4 79.29 73.64 72.37
77.32 68.34 63.36 67.69 62.78
57.13 58.22 55.57 49.93 43.76
44.78 39.16 37.14 41.28 41.99
47 46.61 50.21 55.04 57.25
60.74 64.97 72.52 80.06 77.29
77.77 82.8 82.68 81.69 84.33
86.01 83.47 83.61 84.24 85.78
81.68 80.9 82.35 78.97 77.06
74.05 72.98 71.3 62.27 57.5
56.99 56.96 58.43
