37.66 33.08 35.23 36.49 26.61
30.63 31.59 27.7 34.51 29.79
33.69 28.64 37.41 33.89 28.94
30.16 39.38 44.49 36.09 30.72
36.72 33.51 34.2 34.3 36.38
34.76 37.58 35.24 32.2 34.57
32.65 33.3 32.95 28.85 30.97
31.34 30.25 32.44 31.33 29.31
30.64 30.39 36.47 33.98 34.52
33.49 32.07 28.79 32.44 30.22
35.55 30.35 25.79 31.05 25.41
26.15 28.25 30.71 28.48 30.45
31.07 34.85 33.91 34.76 34.22
32.44 35.6 35.79 35.05 33.05
35.99 34.24 32.92 36.67 38.85
39.6 35.04 36.91 35.43 37.91
36.91 36.6 37.26 36.65 35.65
35.35 37.68 39.58 36.41 35.6
40.44 39.85 34.23 38.64 36.71
36.8 38.75 35.69 38 37.92
38.33 39.27 35.89 35.12
