37.93 35.73 41.86 36.65 32.41
29.11 31.69 34 38.34 29.62
29.91 30.15 36.38 29.97 33.25
33.14 33.6 31.04 29.18 30.55
33.8 29.77 31.71 30.37 33
38.96 34.88 36.32 38.43 37.72
41.85 42.02 35.84 39.38 37.62
34.26 35.2 38.26 42.96 37.68
32.95 40.25 31.72 34.99 32.58
35.02 33.5 38.87 35.92 36.46
33.61 32.49 35.02 41.21 33.33
30.02 44.73 38.29 33.43 36.54
32.63 32.67 33.82 29.22 32.76
32.01 35.87 33.71 37.63 35.72
35.88 38.42 38.55 37.79 43.81
41.63 47.8 40.5 40.02 43.76
37.14 42.69 37.65 40.92 40.37
37.78 40.47 36.3 40.57 38.32
34.67 39.03 37.93 36.94
