96.93 98.19 98.04 98.13 98.67
98.76 98.65 98.38 96.73 96.75
94.17 94.61 97.29 97.71 97.14
96.02 94.59 96.98 97.65 97.98
98.45 98.61 98.63 98.82 98.7
98.78 97.88 96.24 97.36 96.66
94.85 95.53 96.06 97.68 98.05
98.18 98.59 98.8 98.66 97.64
89.98 91.44 96.21 97.46 97.93
96.96 97.92 98.49 98.19 97.96
98.28 98.51 97.64 97.32 93.43
92.14 90.35 92.39 88.93 95
98.03 98.58 98.58 98.61 98.77
98.66 98.7 98.27 98.08 96.97
97.75 94.97 91.08 90.39 96.42
95.88 93.79 96.38 96.85 98.19
98.67 98.74 98.53 98.57 98.28
98.23 95.56 96.45 95.57 85.83
87.39 94.36 97.38 98.45 98.28
98.2 98.32 97.82 96.77 97.78
95.95 96.1 97.92 97.87 97.57
