38.62 39.31 39.96 40.18 34.09
54.51 42.14 37.53 46.67 34.81
43.43 39.42 36.55 42.74 35.85
43.54 38.64 35.56 39.78 35.52
36.84 36.97 38.1 34.79 35.05
31.74 33.43 28.45 32.07 34.55
37.09 29.51 36.85 34.9 31.45
36.37 33.9 34.43 33.85 34.45
33.48 33.97 32.26 32.18 45.22
35.13 33.54 46.2 37.04 42.29
38.07 35.64 49.74 39.12 36.77
49.85 39.02 49.69 39.29 39.31
39.29 38.7 39.82 29.08 32.08
31.98 31.07 29.64 30.2 31.52
28.01 29.56 31.92 28.64 30.51
28.94 31.22 28.95 36.21 28.91
27.82 24.79 30.25 33.97 29.88
34.04 33.6 33.99 34.15 30.93
34.13 30.84 28.18 30.74 29.43
28.27 28.09 29.56 30.19 29.39
28.14 27.78 29.68 30.95 29.05
37.86 36.85 37.76 35.89 34.4
36.62 35.69 34.28 39.33 31.7
40.27 34.95 38.49 35.45 43.4
35.34 34.18 32.99 29.19 35.15
28.78 33.49 32.22 31.65 33.6
30.33 34.79 35.17 39.28 43.73
52.41 56.42 55.19 60.81 68.58
66.14 72.95 67.69 50.05 60.23
37.01 42.36 38.49 35.69 35.17
31.85 36.19 34.64 31.62 32.82
31.37 32.49 33.29 32.72 33.09
32.46 29.93 34.35 32.64 32.67
31.92 28.06 32.35 29.72 33.89
32.97 33.88 32.39 30.21 38.69
33.6 34.98 31.75 26.95 37.76
31 35.01 34.27 38.35 33.19
42.36 34.97 37.14 35.26 33.93
32.95 33 26.85 30.41 31.89
30.84 29.53 32.09 31.33 32.51
26.88 28.57 31.58 29.83 32.38
29.23 28.94 28.54 28.43 30.6
34.42 29.64 34.58 32.4 35.19
34.67 33.33 30.15 31.48 30.76
34.38 29.07 31.07 29.1 34.09
32.68 32.82 33.35 31.81 35.37
31.56 34.31 30.85 31.81 34.3
32.25 28.84 40.12 34.32 35.33
33.38 35.49 34.98 31.46 33.16
31.68 30.43 34.42 35.65 38.19
42.12 52.08 66.16 57.03 66.69
72.82 71.05 78.94 79.92 80.01
75.3 79.24 80.75 76.36 73.06
77.08 75.1 61.22 50.15 59.14
45.02 42.27 47.67 41.33 37.38
37.57 35.7 30.37 33.14 28.61
31.33 34.27 36.76 33.23 35.95
32.54 36.39 34.92 33.55 30.21
31.78 29.7 32.37 32.51 33.67
33.37 35.29 29.97 37.53 29.77
35.79 33.25 35.54 29.44 36.87
32.39 32.65 34.61 32.53 34.87
30.15 37.05 28.87 35.92 29.18
30.97 32.25 28.58 33.22 31.77
30.64 31.07 40.79 45.01 46.67
33.34 35.8 37.54 35.25 38.23
34.21 36.56 34.2 37.13 37.12
35.35 34.54 42.63 37.66 36.23
35.55 40.58 36.19 31.9 31.45
32.94 33.43 34.13 30.26 35.09
29.67 33.64 32.7 32.31 37.72
33.67 34.15 34.18 38.91 34.84
34.39 34.34 32.59 36.05 35.99
37.06 33.85 30.13 31.51 35.23
37.51 34.22 35.03 36.21 33.42
36.64 37.12 38.64 38.77 37.14
32.9 36.09 32.11 37.81 38.41
31.45 41.11 39.92 40.49 41.59
42.94 53.7 49.41 45.8 48.81
46.68 35.54 44.37 40.35 37.92
47.34 40.43 37.36 45.6 39.62
36.21 40.88 37.15 39.46 39.15
41.03 33.98 36.17 40.43 34.21
36.58 34.32 39.48 33.09
