94.85 93.41 93.47 93.92 91.93
89.7 91.17 93.38 87.72 87.53
91.37 91.52 88.41 90.22 91.64
90.37 87.17 88.38 90.14 86.95
85.56 87.66 86.26 85.47 83.13
82.4 85.84 86 82.47 79.98
79.57 81.1 75.71 76.43 77.74
81.59 77.82 78.58 75.36 76.17
81.15 84.39 83.53 85.27 87.24
89.47 93.32 89.4 90.57 92.74
93.95 90.98 93.58 96.32 95.03
93.81 95.48 97.2 94.93 94.66
96.17 96.2 94.52 94.6 95.01
95.09 94.05 93.81 93.07 93.36
93.64 93.02 95.14 94.59 93.83
94.74 96.49 94.8 93.24 95.36
96.44 93.59 90.84 93.48 95.05
91.28 90.26 92.29 93.81 94.36
94.9 95.83 95.67 95.52 93.93
94.81 95.35 97.24
