24.65 32.02 27.37 27.93 35.08
43.18 42.96 40.03 43.27 29.85
30.82 31.32 39.04 31.51 27.46
39.28 27.82 27.98 26.06 26.82
25.94 30.34 26.69 27.84 28.4
32.03 26.19 36.53 29.49 30.79
33.99 27.84 35.87 36.24 30.53
25.47 28.18 31.1 41.41 33.6
29.6 29.27 36.39 32.34 26.11
33.24 28.02 29.34 35.06 38.34
26.59 28.84 29.04 26.47 27.07
28.41 27.85 29.35 31.34 29.31
31.05 30.67 29.8 31.13 27.21
31.18 32.84 33.99 35.29 40.7
43.92 42.95 45.23 48.07 55.14
53.21 56.54 51.82 51.7 60.14
53.64 38.34 36.74 36.3 34.11
34.54 33.36 36.61 31.42 28.09
