28.61 30.35 32.97 33.07 33.42
35.96 32.3 33.98 35.07 35.08
31.73 34.43 31.51 31.87 32.68
37.04 31.8 31.74 30.69 29.29
31.7 31.71 34.93 35.54 35.69
31.71 38.52 33.73 32.67 35.12
32.92 34.82 32.57 30.31 38.03
33.6 33.74 33.24 31.64 32.66
29.53 32.49 30.63 32.08 36.48
32.99 38.65 32.44 32.12 33.18
32.27 33.69 30.2 32.55 26.72
32.49 30.86 29.9 32.47 32.38
34.2 30.05 36.44 36.36 35.44
31.61 39.52 32.81 30.43 36.73
26.49 26.32 28.38 28.87 31.98
36.54 32.23 36.59 33.47 33.59
30.69 31.49 35.85 27.31 37.74
30.53 30.96 30.13 29.27 29
31.06 31.74 28.69 30.16 26.97
28.38 29.35 26.88 26.72 32.27
