33.9 31.6 35.64 34.28 27.75
33.94 31.54 31.55 31.26 29.1
33 30.06 33.71 29.13 30.89
31.3 33.35 34.54 29.17 33.71
31.36 39.18 35.48 32.57 39.85
39.93 33.76 39.4 43.99 38.57
38.29 42.75 37.21 36.91 38.64
34.86 35.65 37.45 36.19 38.28
33.92 38.25 37.61 34.67 38.57
32.15 38.32 34.91 32.24 34.44
34.21 32.06 32.95 39.02 38.93
34.47 37.95 33.13 36.54 34.19
38.93 38.87 46.32 40.29 41.82
48.04 42.31 43.33 47.53 39.8
41.38 48.34 40.08 38.23 40.25
37.86 37.75 36.03 44.47 38.4
33.06 34.58 33.61 34.95 33.8
46.09 42.95 35.49 36.8 37.41
39.77 38.01 38.81 38.26 34.6
34.34 36.2 34.45 31.47 35.33
33.96 29.65 31.1 29.01 36.59
40.53 32.23 31.89 30.09 31.44
34.33 36.28 37.83 37.31 40.58
38.17 40.26 39.87 40.48 41.27
40.48 37.58 39.52 40.56 41.61
40.78 47.55 41.12 39.85 53.4
51.79 44.85 40.37 36.49 38.01
41.86 43.18 51.61 43.81 46.5
39.95 39.83 39.19 39.76 44.35
34.37 37.33 35.85 36.65 48.04
37.69 39.03 45.69 38.45 38.7
38.11 38.92 36.82 34.45 49.83
53.78 52.1 52.39 42.13 38.61
46.8 40.49 40.35 40.63 40.9
37.41 35.57 36.08 36.49 36.3
35.41 35.61 35.05 35.9 35.73
33.47 33.39 32.91 33.07 30.22
35.22 32.16 34.16 31.16 34.12
41.81 37.58 48.31 54.79 51.42
54.89 50.96 52.06 56.87 49.64
52.47 49.6 48.26 49.91 50.08
40.26 41.74 44.77
