94.35 93.78 91.9 90.78 86.5
86.71 89.36 86.95 84.97 86.14
83.14 79.36 78.99 79.31 79.34
77.72 80.65 80.48 84.76 86.49
85.25 83.32 83.92 77.35 76.92
74.72 70.9 68.84 67.25 68.69
62.56 58.44 57.63 52.1 50.8
47.69 46.51 50.04 44.99 48.95
42.2 39.7 40.25 41.74 39.31
37.55 36.31 37.73 37.67 41.87
42.54 41.19 38.63 40.82 42.26
43.13 40.78 40.63 40.82 39.21
39.79 40.19 37.41 44.19 38.39
37.07 40.57 43.11 43.91 40.24
40.26 44.03 37.51 37.55 34.96
28.64 31.87 30.62 31.36 29.39
30.37 29.17 29.45 26.74 29.07
30.36 30.45 29.27 28.77 25.98
27.38 26.85 26.16 26.6 29.37
33.79 29.13 31.26 29.74 32.1
31.45 33.84 32.65 32.89 35.12
35.82 36.68 38.19 36.51 39.48
37.73 35.51 37.5 35.14 39.73
42.08 37.23 40.14 33.89 39.78
43.02 34.42 37.93 36.32 35.08
42.61 43.54 38.8 40.67 39.68
35.15 31.46 30.44 27.32 28.25
40.51 33.85 27.85 28.69 27.55
29.85 30.15 32.42 30.38 30.72
31.03 28.26 31.6 29.81 29.22
30.15 32.09 31.33 30.96 28.88
30.53 31.79 28.25 28.96 26.62
33.77 27.61 31.78 30.79 34.81
36.2 34.85 34.59 31.87 32.09
28.49 35.5 33.23 30.04 34.64
34.9 30.06 34.98 32.56 31.54
32.98 32.71 31.96 30.22 33.89
29.63 38.82 33.78 34.28 34.99
32.16 30.49 29.54 31.47 29.55
32.13 33.08 34.89 36.07 36.78
39.51 38.33 41.06 35.53 36.48
36.16 33.77 34.74 33.94
