98.53 97.98 98.37 98.42 98.74
98.67 98.32 98.56 98.72 98.67
98.66 98.74 98.66 98.67 98.69
98.82 98.85 98.83 98.81 98.74
98.72 98.74 98.56 98.42 98.68
98.7 98.54 98.4 98.43 97.76
98.22 97.5 97.03 97.74 96.87
98.1 97.97 98.62 98.73 98.78
98.91 98.86 98.85 98.83 98.79
98.77 98.79 98.92 98.93 98.95
98.91 98.9 98.9 98.92 98.93
98.88 98.87 98.9 98.9 98.78
98.63 98.79 98.68 98.73 98.73
98.88 98.86 98.83 98.77 98.58
98.58 98.74 98.7 98.69 98.73
98.82 98.66 98.29 98.3 98.53
98.69 98.81 98.86 98.87 98.83
98.81 98.55 98.4 98.33 98.59
98.73 98.75 98.66 98.84 98.83
98.87 98.8 98.86 98.91 98.91
98.86 98.95 98.94 98.92 98.94
98.94 98.95 98.91 98.95 98.93
98.92 98.89 98.9 98.81 98.82
98.88 98.77 98.7 98.72 98.78
98.38 98.51 98.31 98.36 98.69
98.32 98.53 98.85 98.86 98.87
98.49 98.42 98.45 98.48 98.78
98.79 98.65 98.24 98.82 98.82
98.87 98.93 98.94 98.89 98.93
98.88 98.92 98.89 98.89 98.78
98.67 98.79 98.73 97.93 97.52
95.81 98.52 98.46 98.3 97.76
96.81 98.19 98.68 98.59 98.65
98.22 96.99 98.23 98.69 98.29
98.02 98.31 98.2 97.75 97.36
98.45 98.28 98.49
