81.26 85.6 83.31 72.01 79.65
82.71 75.63 79.08 82.51 81.71
80.43 70.58 58.58 49.42 36.95
35.42 33.48 26.03 34.7 31.66
35.73 33.69 38.71 39.66 36.96
37.11 41.26 37.84 38.72 47.18
40.59 44.7 41.94 46.01 45
35.98 44.02 36.26 40.99 42.56
45.56 44.39 48.81 46.35 49.31
43.59 53.41 47.66 48.57 45.87
43.35 41.54 47.57 41.45 53.43
37.97 45.63 37.9 38.67 37.46
33.75 34.49 29.68 27.99 33.11
42.82 47.61 60.07 73.14 89.75
93.67 96.86 97.81 97.09 97.19
98.07 98.61 98.55 98 93.8
90.1 89.37 88.48 90.82 92.53
91.29 90.39 93.5 92.61 90.85
95.31 94.11 93.83 94.41 96.04
97.73 97.64 98.56 98.44 98.76
98.35 98.44 92.41 89.23 86.01
86.91 90.57 94.71 92.45 93.21
91 89.31 87.53 83.98 89.88
96.51 97.6 98.01 98.19 98.29
98.43 96.61 94.28 88.55 88.29
83.68 78.95 86.62 91.22 96.72
98.08 97.91 97.92 98.55 98.59
98.11 98.22 98.76 98.69 98.63
98.79 98.79
