94.87 96.66 96.87 97.37 97.23
97.66 96.15 93.53 92.79 89.46
87.9 88.35 90.86 89.48 93.38
94.89 96.02 97.02 97.71 97.98
97.86 97.75 97 95.26 94.68
91.66 90.38 91.02 91.89 94.32
94.89 96.17 96.9 97.96 97.71
97.07 95.61 93.71 96.57 94.66
95.05 92.87 89.07 92.58 93.14
96.02 96.04 96.01 94.66 94.37
93.85 94.85 93.24 90.2 84.34
87.48 84.15 92.12 94.08 96.58
97.71 97.69 97.97 97.72 97.39
96.02 95.59 94.45 91.85 89.74
92.81 92.73 92.87 95.46 97.05
97.7 97.93 97.6 96.92 95.81
94.31 89.46 87.78 92.99 96.02
97.01 97.34 97.59 96.81 95.52
90.2 76.8
