98.34 98.76 98.44 98.19 97.37
95.33 95.01 95.16 96.64 96.75
94.54 95.72 97.06 94.27 90.92
96.55 95.62 97.58 98.12 97.58
98.41 98.4 98.56 98.18 97.61
97.71 98.56 98.14 96.83 96.93
95.78 94.59 93.71 94.28 96.99
96.67 96.59 96.14 97.32 97.08
96.63 95.58 96.02 94.71 95.26
97.28 97.58 97.77 98.03 97.38
94.28 96.93 97.79 97.4 96.75
96.21 96.68 96.91 97.27 97.03
96.79 96.89 96.57 96.98 96.01
94.94 95.06 95.05 91.86 91.66
93.04 90.96 88.24 86.2 82.3
75.25 68.06 58.64 55.67 50.52
52.06 51.49 52.52 54.12 56.55
56.78 54.94 54.69 64.11 59.84
