47.93 47.28 55.11 52.55 49.69
49.32 50.68 52.62 47.26 52.92
52.85 56.94 54.22 54.75 58.49
54.94 52.59 54.32 54.02 52.58
55.3 60.94 66.17 75.33 79.93
83.9 86.4 90.26 90.98 92.79
93.58 95.2 96.04 96.08 96.5
97.73 97.72 97.6 97.63 97.93
97.3 97.98 98.4 98.31 98.36
98.21 98.53 98.27 97.96 98.09
97.86 98.08 98.33 98.22 98.11
98.01 98.25 97.89 97.79 98.2
98.63 98.17 98.14 98.56 98.61
98.45 98.37 98.53 98.26 98.26
98.66 98.64 98.21 98.41 98.52
98.45 98.14 98.09 98.39 98.25
98.04 98.61 98.42 98.09 98.43
98.58 98.1 98.23 98.55 98.64
98.26 98.33 98.37 98.03 98.21
98.47 97.82 98.08 98.42 98.16
98.33 98.29 98.55 98.3 98.12
98.06 98.36 97.84 97.99 97.72
97.47 97.2 97.12 97.51 97.38
97.06 96.08 95.41 94.38 91.98
91.4 91.01 89.83 88.28 83.77
88.04 87.01 77.28 68.59 65.11
71.29 72.8 72.27 76.09 67.04
60.9
