55.49 39.27 32.48 36.96 27.89
33.38 38.37 34.65 32.03 35.33
36.09 37.61 35.66 33.03 31.97
26.41 28.29 31.15 25.91 31.32
31.76 29.69 27.17 30.92 31.84
33.83 33.41 32.26 30.38 27.61
33.88 30.05 31.43 32.54 35.78
41.9 43.11 43.62 50.33 55.18
56.24 51.13 48.9 46.91 35.39
28.67 26.38 27.25 27.64 28.72
30.31 26.9 34.04 33.7 33.31
33.83 36.45 38.76 37.99 39.99
41.27 40.71 35.8 36.59 40.35
38.3 37.88 35.55 37.1 40.83
45.03 31.27 38.12 36.37 32.11
36.36 39.83 36.57 40.68 37.16
39.27 47.84 35.3 49.26 49.53
