97.71 97.89 97.72 97.31 97.99
96.41 96.04 96.31 97.85 97.78
97.34 98.12 97.38 98.05 98.28
97.93 97.43 97.73 98.26 98.03
98.01 97.94 97.02 96.77 96.05
95.65 93.73 91.39 90.19 84.2
86.22 90.04 88.95 92.05 95.19
97.3 97.92 98.52 98.08 98.72
98.42 97.8 96.8 95.86 96.67
97.84 97.69 98.24 97.19 97.43
98.42 98.24 97.7 97.54 98.22
97.87 97.2 97.33 96.5 95.46
92.04 92.97 95.45 95.48 95.67
95.46 95.28 96.11 97.83 98.02
97.89 98.05 95.51 94.9 93.59
94.96 96.55 95.54 94.35 93.92
87.08 93.01 95.27 94.29 96.24
97.45 97.43 97.33
