31.51 27.26 26.1 29.58 28.49
31.93 31.89 34.36 28.51 29.4
34.28 32.07 28.03 31 28.85
29.48 28.63 30.79 26.84 33.73
29.59 34.92 29.43 29.76 31.05
30.94 31.65 33.66 34.23 31.82
25.71 30.84 27.53 28.98 30.37
31.52 28.74 28.13 29.37 26.58
28.36 28.99 30.22 26.58 29.5
30.79 32.38 33.86 32.58 30.66
30.02 28.44 33.64 29.74 27.79
28.55 28.81 27.23 28.46 39.91
29.24 24.54 22.11 27.16 24.61
28.22 22.73 26.37 26.78 28.04
46.43 27.89 23.97 32.09 25.46
33.94 23.54 31.14 27.86 23.03
28 26.91 24.83 24.98 23.81
24.09 25.99 26.27 25 48.79
24.47 28 25.12 27.04 23.46
24.16 26.64 25.72 22.28 26.84
25.22 23.56 27.05 23.26 27.37
25.32 23.61 25.64 22.47 27.27
26.53 24.65 22.46 24.71 23.91
24.52 21.14 23.15 22.74 21.13
21.87 22.96 22.32 21.37 20.78
27.22 22.81 26.12 26.28 24.91
28.36 24.7 28.3 24.86 27.96
27.69 23.95 23.58 27.3 24.55
23.09 28.47 23.71 24.16 28.48
28.47 27.49 31.19 27.32 27.34
25.44 26.67 23.12 25.33 26.26
26.19 27.45 38.46 31.29 26.63
28.13 34.68 24.78 27.82 25.82
23.68 28.61 22.48 32.49 31.44
30.28 34.76 32.34 32.37 43.04
45.21 48.97 59.43 63.07 74.23
79.23 80.85 76.2 75.37 64.79
62.01 64.28 69.08 71.74 80.11
78.83 78.65 71.42 77.23 82.49
80.83 79.38 83.26 83.44 80.72
79.82 79.54 77.64 75.15 76.25
79.2 78.48 72.48 77.74 70.54
72.89 66.34 53.35 51.35 43.8
41.22 31.26 27.92 29.4 29.49
24.51 25.2 27.05 28.36 33.04
27.64 30.35 28.91 31.44 38.5
38.92 43.13 40.44 48.73 44.04
57.96 68.54 74.66 79.85 81.12
79.2 75.75 72.4 70.83 70.69
62.59 69.67 71.92 71.98 73.57
76.12 76.14 72.71 75.58 71.81
76.1 72.93 72.45 66.45 68.39
68.13 61.83 49.78 58.58 64.39
52.99 40.13 55.31 63.4 40.79
45.36 53.33 49.68 40.17 38.74
38 35.54 37.88 32.32 35.45
31.24 35.75 38.86 29.4 31.67
26.26 31.61 29.27 30.39 27.63
24.76 28.5 28.12 24.2 23.76
26.28 26.17 27.49 24.6 34.74
25.37 30.91 28.31 41.66 27.77
26.28 23.47 27.55 23.07 28.13
24.95 25.81 27.97 22.54 28.23
21.88 23.84 27.33 28.18 24.1
22.56 23.16 26.11 25.69 22.52
28.29 23.7 28.19 34.96 24.59
27.01 24.94 27.03 26.99 23.19
22.77 23.54 21.34 26.81 22.5
23.11 24.3 23.03 29.06 27.21
24.08 28.38 36.86 27.07 26.56
26.25 22.68 27.9 23.13 26.87
30.99 33.29 34.3 28.93 32.25
34.44 30.72 35.09 31.4 41.9
36.73 38.76 41.11 31.16 39.12
48.68 54.95 49.88 66.61 69.72
77.04 72.59 71.81 76.18 70.27
58.97 79.1 70.08 68.38 68.76
66.61 64.7 44.47 44.54 42.3
44.08 36.86 38.22 37.11 38.17
25.17 29.35 34.83 32.24 32.86
28.38 36.78 32.55 33.9 34.5
41.72 32.39 32.49 34.5 32
37.79 33.02 32.88 37.69 30.96
34.22 37.62 33.61 33.28 29.65
35.85 30.19 23.36 29.73 33.2
32.12 25.17 30.82 33.13 44.85
29.59 25.77 27.12 33.79 25.73
30.35 22.9 25.56 25.02 31.75
25.68 31.64 28.88 29.55 33.44
32.2 46.17 55.68 64.23 80.51
82.82 81.25 89.4 88.53 90.45
92.34 91.43 94.18 91.44 90
91.53 89.65 94.06 93.15 93.21
90.73 93.71 93.82 89.14 92.77
91.37 88.45 86.53 86.45 87.9
77.68 77.02 76.66 62.58 53.4
38 35.35 35.34 28.99 37.41
27.92 26.9 24.72 24.96 23.06
25.36 26.02 28.21 23.93 27.29
25.2 26.44 23.88 23.57 27.1
25.25 28.34 25.6 24.74 23.35
25.32 27.06 50.07 34.9 48.33
27.5 29.96 29.71 44.98 28.65
30.27 31.72 36.62 27.78 27.88
27.79 29.44 32.97 32.7 28.11
24.58 28.04 30.02 23.05 26.56
24.87 32.01 27.58
