65.38 79.48 85.29 91.52 93.14
94.08 92.72 91.19 92.88 94.06
95.48 95.69 96.34 96.17 95.36
93.58 95.61 95.89 95.86 96.56
96.89 96.59 96.39 95.28 92.7
89.36 85.68 82.74 78.72 76.86
83.3 86.91 87.12 86.3 85.07
88.13 88.67 91.34 91.88 93.58
90.96 90.99 90.09 85.76 83.54
82.57 84.6 87.59 91.02 92.21
90.6 91.02 87.29 83.2 82.92
86.59 86.85 82.23 77.06 80.35
73.23 79.82 76.25 81.01 93.39
94.01 93.61 93.84 92.71 85.89
87.21 92.18 91.85 88.54 90.13
91.89 94.57 94.98 96.61 95.83
95.89 96.07 94.88 93.76 95.16
94.56 94.14 92.3 93.39 94.74
94.2 94.59 94.73 94.04 94.47
91.18 90.65 86.26 82.13 76.24
76.39 81.53 85.76 91.17 92.9
94.69 96.29 96.5 96.47 96.13
96.64 97.03
