60.39 69.68 85.17 87.43 93.52
90.57 94.66 96.3 94.07 95.21
94.74 93.91 93.33 94.67 94.49
92.9 93 90.96 89.23 92.1
87.03 88.46 85.6 88.07 85.06
86.41 90.59 89.28 86.65 88.01
89.36 88.7 87.33 87.59 91.98
90.77 91.09 90.42 92.67 95.4
92.96 89.69 90.92 87.82 88.23
89.82 90.57 86.15 82.98 85.67
71.76 59.96 58.03 49.52 49.12
49.45 38.31 45.34 37 41.61
40.54 41.23 40.62 37.67 41.48
44.93 37.69 52.25 56.92 55.22
54.32 59.62 58.24 55.86 58.41
56.14 57.42 61.92 58.61 59.08
62.07 64.37 71.75 78.22 76.96
77.86 82 82.74 85.77 83.62
83.45 88.24 89.82 88.77 90.64
91.13 91.89 90.22 91.91 92.02
89.55 88.75 87.15 84.7 82.01
85.62 82.34 75.38 68.05 70.56
60.68 59.49 49.38 46.51 36.96
42.53 45.81 46.56 39.85 45.45
46.48 39.02 42.95 44.43 39.95
48.59 53.01 48.2 50.16 43.55
46.91 51.9 44.68 53.79 51.01
49.22 52.28 48.14 49.07 47.92
47.72 43.42 44.14 42.81 43.03
54.01 42.96 48.82 48.62 42.11
56.08 56.27 50.07 47.74 53.6
47.17 47.81 40.88 41.71 38.79
40.69 41.96 41.11 37.5 35.1
44.64 37.57 39.96 39.49 37.95
38.5 33.64 41.72 41.63 38.42
45.49 48.71 44.36 49.4 43.46
40.61 47.93 40.49 41.76 43.86
45.25 38.17 43.05 46.27 43.39
53.58 39.11 47.21 45.7 37.21
54.31 37.91 44.86 38.44 39.02
42.26 37.96 38.66 39.16 36.01
39.64 38.73 36.49 39.38 36.06
39.01 38.03 31.5 46 36.15
47.22 46.25 44.67 42.33 37.44
48 38.91 46.11 34.44 44.47
46.67 45.49 46.06 46.22 40.73
40.98 38.6 44.35 33.26 38.2
31.77 35.7 33.97 32.54 39.65
36.52 39.5 49.9 36.07 31.66
41.84 36.27 38.45 35.17 38.76
38.52 47.48 41.3 43.36 42.54
43.78 42.58 42.38 41.97 39.8
34.35 41.49 41.64 40.53 36.86
36.57 39.46 43.11 41.94 39.67
40.74 36.77 40.45 43.18 49.65
37.58 39.84 42.73 42.89 44.13
39.02 36.75 40.4 38.61 43.4
36.96 47.17 37.18 48.04 43.42
42.25 43.83 40.95 41.18 42.51
47.5 43.46 41.36 47.48 43.07
47.15 44.67 42.87 43.9 43.01
47.73 45.78 42.06 40.88 47.46
44.83 40.89 39.94 38.69 40.56
40.2 43.79 41.87 45.93 47.59
39.68 43.2 44.49 46.23 41.98
47.7 55.63 54.95 45.79 48.4
49.51 43.28 60.7 41.93 64.97
43.41 52.51 38.7 46.16 46.71
40.39 54.5 46.57 37.55 41.5
41.21 41.08 35.24 54.15 47.38
41.43 37.23 38.66 38.52 34.08
43.6 35.86 52.09 49.67 34.21
45.41 40.96 42.01 41.78 39.06
39.48 34.92 36.28 44.03 32.31
43.76 43.17 39.43 37.39 37.87
39.74 37.66 39.96 45.51 46.37
43.34 42.41 42.03 38.51 43.27
41.46 42.97 48.32 43.78 41.88
39.08 37.43 40.43 45 46.87
37.13 39.46 41.51 47.91 47.78
42.23 46.9 42.1 61.43 53.69
49.58 47.48 45.33 44.07 48.36
42.61 42.36 46.7 41.06 43.45
38.93 39.82 43.54 41.39 35.33
43.44 34.44 44.35 40.66 42.82
61.64 53.35 46.01 46.45 40.49
42.23 53.47 62.39 67.77 69.05
59.56 62.94 59.43 44.91 52.97
59.77 50.96 62.99 58.01 46.61
51.16 63.8 56.67 51.72 52.43
58.11 57.52 54.8 45.58 44.35
46.09 54.95 44.15 43.09 47.15
45.82 53.69 44.17 50.54 57.5
55.03 51.23 52.79 54.12 47.89
57.8 70.01 67.45 73.84 67.65
69.19 65.8 54.66 52.41 61.78
65.58 62.51 46.16 47.51 47.34
40.84 43.82 42.21 44.29 37.3
46.52 38.9 36.61 41.79 38.97
36.72 37.86 46.49 54.05 49.07
45.59 53.04 69.14 78.73 87.86
87.56 88.16 85.62 84.4 82.76
86.42 79.9 79.28 78.92 72.07
70.52 73.13 68.07 69.22 71.69
69 70.53 69.94 71.88 69.64
68.53 70.34 67.49 62.37 58.58
62.57 63.6 60.32 59.76 60
66.59 69.86
