93.47 93.79 95.96 95.35 94.25
93.22 91.36 91.34 89.15 91.42
92.16 91.92 91.69 93.43 90.45
89.43 92.08 93.87 90.02 86.42
90.88 92.12 88.75 92.53 89.82
88.18 91.28 93.1 89.41 91.62
93.69 90.49 89.29 91.25 89.6
79.53 65.26 54.8 45.14 51.25
52.03 41.62 30.49 30.5 30.32
28.85 27.94 33.07 30.52 30.14
29.67 35.25 36.91 42.01 30.09
30.44 32.9 33.67 38.38 31.1
29.39 34.45 35.23 45.6 34.81
30.95 28.52 32.04 24.99 28.76
26.76 23.79 26.3 23.43 25.62
21.94 26.47 26.18 27.05 29.67
32.08 31.78 29.02 29.53 26.98
29.41 29.79 25.44 30.12 30.12
31.64 35.64 32.71 36.61 27.94
27.58 24.58 25.94 27.16 30.85
34.27 30.13 29.51 32.37 30.03
32.12 31.86 27.42 31.63 33.34
33.35 38.25 35.89 35.23 32.9
32.92 27.5 33.27 26.58 26.82
21.61 26.64 22.33 29.72
