98.57 98.53 97.62 97.69 98.45
98.38 97.93 98.41 98.78 98.84
98.54 97.45 98.04 97.76 96.22
97.43 96.9 97.75 98.44 98.52
98.59 98.69 98.21 98.43 98.61
98.31 98.04 96.18 97.66 97.46
98.38 98.32 98.64 97.89 97.69
95.69 95.12 91.98 92.34 94.21
95.25 95.14 93.54 91.23 91.49
95.36 94.25 96.42 98.31 98.55
98.61 98.57 97.11 95.25 91.3
94.79 95.88 95.53 95.74 88.36
71.02 68.57 73.64 83.15 90.24
93.69 93.42 92.21 94.01 96.89
96.94 96.19 96.47 97.64 96.86
97.61 98.16 95.76 94.88 91.87
83.23 70.69 69.19 65.88
