95.69 95.1 92.89 91.77 90.61
91.66 93.2 92.77 92.03 92.55
93.47 93.47 92.97 93.3 94.41
95.27 95.52 95.51 96.14 97.15
97.46 97.51 98.04 98.26 98.4
98.34 98.27 98.47 98.63 98.54
98.36 98.44 98.61 98.03 98.16
97.85 97.41 97.94 97.96 97.89
95.79 97.43 98.02 97.53 96.49
96.44 94.76 95.47 94.79 95.18
96.61 96.35 96.77 96.87 96.74
96.36 97.36 97.39 96.91 95.63
96.74 97.56 96.84 96.52 96.81
96.48 96.33 96.47 96.91 96.76
96.3 97.57 95.69 95.54 96.13
94.05 96.22 94.94 95.41 91.65
88.91 90.36 91.93 91.6 90.07
91.22 91.01 92.68 92.52 88.6
87.17 83.96 74.16 59.67 60.42
54.69 45.75
