31.57 23.51 28.12 32.4 28.04
30.04 26.26 24.74 25.17 25.37
24.21 25.65 26.52 24.71 25.06
26.03 25.85 28.34 29.34 27.15
28.72 25.79 25.62 26.84 25.35
25.17 24.51 23.35 23.72 22.96
21.79 26.06 24.81 26.08 31.1
27.96 32.16 33.18 30.19 29.15
32.7 31.59 34.46 41.81 32.89
28.62 31.33 25.33 30.69 25.33
31.34 26.81 29.66 31.21 27.21
29.71 28.35 24.71 26.53 21.41
26.15 22.86 24.7 21.58 27.07
22.34 24.69 23.02 24.01 21.98
23.87 23.4 24.46 23.87 25.04
26.16 23.81 25.32 24.19 23.38
24.36 24.7 23.42 27.11 26.86
26.91 30.44 23.18 28.86 24.69
29.36 28.12 25.07 26.58 25.75
36.3 23.9 25.99 24.86 25.62
27.54 28.99 35.94 42.54 55.83
61.23 68.98 54.72 44.56 35.28
48.06 49.33 52.86 62.22 74.43
88.21 86.21 92.01 92.52 90.06
91.09 94.41 94.28 95.7 95.93
93.41 94.49 96.17 94.68 92.35
84.61 74.46 67.95 65.94 53.9
65.16 75.99 83 90.98 92.35
91.58 93.13 94.31 94.03 93.99
95.55 95.71 95.28 94.53 93.99
93.83 92.07 91.64 87.97 82.35
78.97 85.22 91.23 93.25 94.26
95.53 95.55 96.53 97.13 96.31
96.71 96.61 94.95 95.27 96.03
94.18 93.55 93.57 91.16 89.2
92 93.93 94.28 94.32 94.03
95.67 93.96 93.25 94.66 95.15
94.99 96.14 95.24 95.51 96.23
95.84 95.58 95.49 96.53 96.84
95.26 95.26 96.33 95.47 95.88
96.44 95.03 96.19 96.31 96.63
97.44 96.97 96.08 97.07 97.19
96.16 95.36 96.63 94.46 93.48
94.13 92.82 95.22 94.13 92.98
94.11 94.78 94.14 95.62 97.13
96.85 97.43 98.03 97.66 97.59
97.36 97.45 97.48 96.76 96.36
97.31 97.06 95.96 97.21 95.9
97.31 97.56 97.81 97.82 97.28
97.36 97.56 96.34 95.17 95.67
95.84 92.16 90.18 92.39 90.46
91.5 89.93 93.5 92.57 94.62
96.13 94.12 93.81 95.89 95.86
94.02 94.52 95.99 95.98 94.75
94.73 95.38 95.75 95.89 92.45
97.76 97.11 97.81 97.58 98.02
98.17 97.98 97.23 97.02 97.24
95.57 93.57 94.05 93.28 90.56
88.2 89.11 79.51 83.14 86.56
88.53 92.44 95.17 95.42 95.07
96.46 97.41 97.44 96.68 97.82
97.82 96.3 96.16 97.62 95.82
94.29 95.89 95.49 93.05 93.5
93.82 96.01 96.6 95.78 96.55
97.67 97.57 95.24 95.78 97.13
95.12 93.04 92.88 92.12 93.96
92.81 96.11 96.39 97.28 97.37
97.49 97.97 97.72 97.33 97.26
96.95 96.29 95.05 95.16 95.18
92.6 89.49 91.41 87.84 88.99
90.59 90.96 90.19 88.95 93.38
93.96 94.49 95.63 96.92 96.41
95.84 97.04 97.53 95.54 95.02
95.78 94.37 95.85 94.09 97.1
95.48 96.22 96.82 96.87 95.77
96.18 95.69 95.82 95.36 95.2
95.17 97.24 95.14 93.41 95.51
93.7 90.9 91.66 91.13 94.26
92.4 93.8 96.51 96.87 96.07
96.47 98.03 97.6 97.56 97.84
97.23 96.26 96.39 97.26 96.13
97.55 97.3 97.67 98.03 98.24
98.48 98.68 98.52 98.45 98.61
98.32 97.31 96.89 97.67 96.28
95.21 96.07 95.35 94.77 95.76
95.31 96.56 95.38 97.02 98.29
98.18 97.9 98.64 98.71 98.25
98.69 98.77 98.57 98.16 98.47
98.03 98.24 97.91 98.18 98.32
98.11 97.97 97.27 98.33 98.53
98.5 98.01 98.46 98.53 98.52
97.97 97.89 98.39 97.58 96.66
95.47 95.28 94.75 94.95 93.74
90.9 91.37 93.69 94.77 94.72
96.32 97.79 97.06 97.27 98.61
98.71 98.39 98.24 98.71 98.41
98.22 97.86 97.35 98.07 97.88
97.7 97.23 97.25 98.18 98.42
98.26 97.97 97.58 97.95 97.58
96.73 96.23 96.43 96.03 94.46
93.69 91.26 87.83 87.29 82.02
76.37 73.18 72.9 83.19 90.5
92.03 93.16 95.13 96.66 96.81
97.4 98.09 97.94 97.54 97.86
97.11 96.34 97.54 97.5 96.98
94.39 95.21 97.04 96.54 97.42
98.32 97.52 96.67 96.12 95.29
95.7 94.08 95.93 96.09 94.64
92.69 95.15 95.5 92.35 93.88
95.52 94.79 91.92 92.92 94.64
93.27 91.39 92.23 91.79 93.04
91.18 91.92 91.46 93.93 93.82
93.32 94.03 95.07 95.16 95.44
95.16 95.69 93.71 94.37 94.51
92.92 93.35 94.8 95.33 95.8
95.78 95.68 95.48 95.98 96.03
97.05 97.21 95.37 95.96 95.25
92.62 92.4 94.56 96.06 96.76
96.83 96.28 95.38 94.35 92.49
87.4 89.23 89.24 92.06 93
93.73 93.98 93.7 93.09 87.55
83.55 76.8 60.65 53.11 49.08
42.88 44.35 45.64 41.71 39.49
36.83 36.41 39.06 34.89 36.91
40.32 35.81 42.44 37.09 40.49
54.42 55.42 57.79 51.78 46.84
59.86 59.65 47.54 51.23 48.92
41.77 36.84 30.95 27.77 29.22
26.79 26.36 29.39 30.58 26.2
31 27.82 32.99 32.26 30.04
29.28 28.7 28.93 33.63 27.55
24.93 28.11 26.76 26.94 31.67
29.55 26.56 30.75 33.32 27.13
27.37 23.95 30.68 26.78 28.67
24.98 30.21 27.14 28.89 33.24
25.16 29 24.91 28.95 26.31
31.06 28.92 30.41 28.16 27.07
31.26 29.57 32.06 31.94 33.01
50.98 55.83 64.12 85.94 90.55
95.45 96.47 97.21 96.46 95.46
91.61 92.04 90.43 91.17 91.4
95.03 96.69 97.03 94.5 91.81
93.76 94.34 95.59 97.06 98.22
98.07 97.12 97.29 97.71 98.15
97.98 97.59 96.98 98.31 97.98
96.53 96.18 95.91 95.15 96.33
95.29 95.88 95.85 94.82 94.1
93.2 90.76 92.6 92.75 91.5
89.27 91.24 90.72 86.56 89.54
92.12 93.43 93.1 92.74 93.26
94.18 94.19 92.78 93.76 93.74
93.77 92.04 92.84 92.04 89.51
81.4 65.42 54.61 50.46
