93.36 92 93.02 95.48 93.69
91.39 94.5 95.3 92.81 92.32
94.18 94.45 91.79 93.18 95.86
94.43 92.92 95.41 96.37 95.3
96.07 96.17 96.62 97.63 97.84
98 97.95 97.48 97.82 98.01
97.69 97.29 97.09 96.99 97.31
96.23 94.89 93.59 91.85 91.57
91.99 88.78 82.43 73.84 72.61
55.64 49.09 35.4 35.57 29.54
32.09 32.99 34.87 30.62 32.56
30.69 33.99 41.34 37.72 36.22
32.77 31.39 32.55 26.67 26.47
26.89 28.55 24.89 26.89 28.32
28.51 30.4 30.86 33.19 38.06
35.01 33.62 34.26 37.56 32.75
38.31 38.4 37.45 35.58 35.4
31.7 32.39 33.07 32.75 32.2
30.48 29.87 29.31 30.25 30.49
31.33 34.8 25.35 25.92 23.52
19.82 22.24 22.23 22.96 22.04
21.87 22.21 23.85 23.59 26.8
31.24 23.73 28.76 26.5 32.58
35.29 41.28 40.58 49.52 57.29
64.2 58.07 68.36 75.22 67.83
71.66 74.11 76.02 64.49 70.28
71.63 75.36 67.24 73.07 76.63
76.54 71.11 78.47 72.25 68.71
67.67 71.14 69.95 69.79 70.66
76.03 71.6 73.52 76.22 77.05
78.23 82.37 80.39 80.96 84.52
82.18 81.42 83.88 85.7 88.32
88.81 89.67 90.01 89.85 91.62
93.26 92.18 93.04 93.97 93.21
91.73 92.76 91.31 87.56 83.59
84.86 78.95 78.68 86.99 88.34
86.05 85.33 85.19 88.37 85.66
81.82 80.49 81.18 74.44 74.77
64.86 63.15 58.61 58.85 65.77
69.93 78.46 83.42 88.71 88.6
89.28 90.89 91.84 90.68 91.86
94.23 92.46 89.72 91.93 92.32
89.15 85.64 89.01 89.37 83.86
85.55 86.74 83.64 83.64 85.73
80.66 86.91 87.98 89.18 88.27
90.16 92.61 92.56 92.52 94.62
95.52 94.8 94.98 96.44 96.36
95.42 96.22 96.22 94.96 94.5
94.5 93.88 91.87 89.71 89.49
86.08 82.01 86.62 86.35 88.67
90.92 90.52 91.14 93.86 93.77
92.49 94.27 95.43 94 93.68
94.95 93.76 90.27 87.55 89.27
84.14 80.69 84.33 86.96 82.85
81.55 85.29 83.24 79.28 80.72
82.53 80.29 75.56 74.62 73.26
76.77 76.89 72.41 75.96 82.31
81.96 81.85 84.68 88.58 87.27
86.02 87.83 91.02 91.9 92.22
92.73 92.3 93.66 93.4 93.43
93.34 94.25 93.98 91.43
