31.76 35.67 28.49 40.38 33.68
41.51 41.67 38.52 39.65 34.17
37.48 33.53 35.65 36.55 39.1
39.71 34.87 37.41 34.04 33.35
33.44 37.5 47.81 34.05 32.66
37.83 35.07 37.84 36.23 34.5
35.97 32.76 37.22 38.19 38.92
33.71 35.35 36.38 30.55 36.61
28.97 35.63 28.26 35.7 28.9
39.5 34.81 38.56 38.87 39.36
38.62 35.89 37.48 40.16 39.33
36.84 39.82 42.09 40.68 38.27
36.9 37.38 42.4 39.83 42.92
41.36 38.2 38.95 37.95 40.79
34.17 41.95 33.63 38.88 38.55
34.79 38.94 33.15 37.31 46.9
34.1 35.34 32.02 36.27 35.17
34.26 35.14 34.2 33.89 30.49
35.01 30.47 32.86 31.82 32.87
37.98 39.08 31.38 38.16 33.86
37.96 36.89 31.69 31.66 30.09
30.75 27.56 27.18 29.71 28.37
37.66 30.62 33.34 32.22 31.45
32.47 27.47 25.01 25.97 26.6
27.05 31.44 31.98 30.11 32.77
36.71 35 35.25 35.22 38.4
38.6 34.53 36.53 32.83 41.2
33.39 48.34 38.47 36.32 38.45
37.75 34.43 37.1 31.35 39.19
28.89 38.97 31.96 37.97 37.86
32.33 37.66 35.36 32.14 35.76
28.08 32.62 30.17 31.81 31.52
41.74 38.11 36.69 39.63 40.14
39.51 34.68
