98.56 98.3 97.63 96.85 97.25
97.93 97.15 97.18 96.3 98.09
97.51 96.92 98.23 98.22 97.38
96.89 97.81 98.47 98.18 97.14
97.73 97.52 97.56 97.9 98.41
98.66 98.41 98.6 98.68 98.71
98.51 98.64 98.67 98.04 98.07
97.83 96.97 97.24 98.26 97.41
95.74 95.43 91.48 88.45 90.19
89.4 91.47 94.75 92.85 94.18
95.28 97.33 97.13 96.45 97.18
96.23 97.49 98.37 98.23 97.45
98.01 98.28 98.54 98.15 98.36
98.71 98.58 97.93 97.59 97.7
97.87 97.42 97.67 97.68 98.22
98.22 98.31 98.56 98.53 98.55
98.6 98.55 98.27 98.28 97.9
97.12 97.05 96.14 93.35 93.03
92.96 82.8 78.53 70.09 60.77
56.04 55.52 51.64 51.92 48.97
50.21 50.27 55.1 52.69 56.51
52.34 50.33 50.49 49.04 50.22
51.73 48.3 51.33 49.9 49.71
47.65 50.25 46.96 52.92 49.97
51.69 48.07 54.92 51.16 57.37
54.76 59.08 56.27 53.33 59.26
55.77 57.51 52.18 57.44 58.17
59.11 55.28 61.24 56.22 63.22
59.72 66.91 64.12 60.14 59.93
59.09
