53.35 46.68 48.4 62.24 54.87
67.92 61.13 55.75 64.88 56.55
64.37 54.46 50.41 49.84 50.75
47.53 46.74 56.85 52.62 50.4
50.91 49.51 45.75 46.32 51.87
42.88 46.05 51.48 45.12 40.94
39.86 46.09 43.55 55.82 53.88
47.94 47.8 46.4 48.61 47.7
50.52 46.18 48.59 42.73 45.24
42.98 44.54 50.77 49.84 51.24
43.48 54.57 45.32 49.98 52.43
44.73 48.98 55.5 57.98 47.39
48.54 42.23 52.1 48.04 49.14
42.66 45.99 45.36 44.42 44.6
37.07 46.66 44.62 37.93 47.84
35.02 44.07 42.7 42.56 41.36
39.38 46.65 43.66 42.65 50.61
41.19 55.41 39.22 49.69 43.18
46.23 47.68 48.66 44.87 52.65
44.92 53.65 44.18 43.93 45.99
51.17 49.97 42.62 45.87 36.98
40.42 41.76 41.37 44.79 48.03
50.05 48.64 40.07 50.8 48.13
44.4 41.93 37.74 40.48 42.76
43.04 42.4 41.08 45.67 42.98
47.31 38.5 42.27 45.18 46.49
52.15 64.51 49.04 43.72 52.29
50.64 44.99 45.13 49.24 44.1
41.83 44.27 40.47 41.55 43.68
43.73 37.62 45.93 43.02 44.73
41.49 45 43.18 49.26 41.8
52.11 43.68 43.1 40.16 42.17
44.29 38.5 41.03 46.6 38.52
47.11 39.46 45.64 41.34 41.51
43.12 33.5 46.03 42.55 44.7
41.4 35.84 47.63 40.37 48.06
43.29 42.86 45.92 47.13 55.38
46.81 51.42 38.51 44.16 51.46
44.67 48.01 51.37 48.27 50.74
55.5 49.95 48.94 49.21 44.82
46.93 46.87 46.67 59.68 47.72
42.74 44.77 49.79 57.69 58.29
48 48.54 44.56 46.7 55.14
60.02 54.28 56.68 51.51 54.2
54.23 51.57 58.06 54.05 52.78
51.79 59.11 50.43 49.12 51.06
46.34 50.98 47.87 49.58 51.38
50.77 51.05 55.97 48.76 54.28
50.96 50.11 52.18 49.35 51.69
48.4 50.42 48.62 50.47 42.76
51.49 51.1 43.16 43.84 50.3
56.99 51.82 45.23 41.27 48.52
45.36 48.29 53.11 52.74 55.86
60.46 62.58 62.19 68.67 68.02
63.63 68.96 70.05 66.62 68.88
67.83 68.85 53.07 58.28 64.26
54.7 62.69 63.37 64.36 66.26
65.02 63.36 68.02 67.32 64.71
58.66 59.54 58.94 50.37 55.92
54.7 48.97 50.19 53.76 48.65
52.41 51.61 58.67 69.12 61.31
58.48 66.71 68.1 63.41 67.75
75.66 69.8 69.42 72.21 74.69
72.59 73.91 75.25 77.76 70.3
76.37 82.5 81.75 79.48 82.63
83.57 80.69 81.78 83.38 81.92
79.72 81.25 86.88 83.33 79.53
76.3 76.91
