87.07 84.25 84.47 89.16 92.25
94.79 95.26 94.86 93.67 92.95
91.8 92.94 94.72 94.29 92.75
93.61 94.22 92.8 91.65 91.76
89.58 89.42 92.67 93.2 91.9
90.92 93.2 91.3 91.19 90.76
93.43 89.52 90.81 91.37 85.53
92.27 94.69 96.77 97.05 97.68
96.86 95.71 93.56 95.23 96.39
96.31 94.97 94.64 95.1 92.05
93.62 92.61 92.7 91.91 87.25
88.14 92.75 93 95.27 96.57
97.39 98.14 97.39 97.19 95.4
93.93 92.78 93.41 94.32 96.37
95.81 96.8 95.17 95.19 94.46
92.16 86.98 84.43 80.13 80.31
76.91 85.19 86.4 87.02 89.1
92.72 93.16 92.04 92.94 95.67
95.37 94.7 95.65 97.49 96.22
95.2 96.26 97.03 95.63 93.32
92.62 93.25 93.63 94.72 92.61
92.53 94.34 94.96 94.52 95.21
92.88 92.16 91.76 91.18 91
87.97 84.48 70.83 55.25 52.5
42.02 40.25 44.29 47.91 50.57
51.38 44.47 42.81 42.09 48.87
53.28 64.04 74.89 84.77 90.83
92.7 92.32 93.31 94.53 94.32
94.1 90.52 90.18 91.25 93.47
93.49 95.29 95.93 95.24 97.14
97.68 96.71 96.54 97.42 96.89
95.47 95.56 94.96 94.81 91.79
88.08 82.48 74.77 69.52 64.5
60.67 61.8 61.42 61.48 60.87
65.44 72.36 74.97 80.77 84.2
89.4 91.22 91.35 91.38 91.79
93.59 93.46 91.49 92.35 92.08
90.03 88.49 87.39 90.26 87.09
86.01 87.19 91.51 94.64 95.68
96.67 95.68 94.85 92.54 91.67
89.04 86.34 90.24 89.12 92.29
90.2 89.19 93.63 94.43 92.03
92.05 94.46 94.51 92.45 94.51
94.71 93.1 93.26 93.37 91.06
89.89 88.52 89.59 88.87 91.33
93.5 95.82 97.27 97.93 97.82
96.42 94.8 93.5 94.62 94.16
93.57 94.9 93.51 89.16 90.96
