93.11 94.39 93.81 93.16 94.54
94.58 91.99 91.92 92.58 93.22
93.99 95.38 92.48 93.66 96.84
97.14 97.9 96.95 94.2 91.38
89.44 92.26 94.47 95.6 96.07
96.93 96.96 97.37 97.88 97.7
95.81 94.5 93.24 92.77 93.44
94.34 95.73 95.69 95.65 96.6
96.93 96.53 96.14 97.55 97.57
98.13 97.89 98.25 98.02 97.65
96.38 95.63 95.22 91.21 88.79
91.42 95.22 95.98 97.39 97.95
98.31 98.59 98.33 98.01 96.68
94.66 94.09 96.69 95.98 94.86
96.88 97.77 97 95.65 96.9
96.12 96.45 95.38 96.45 97.57
96.94 95.65 96.92 97.45 93.94
95.56 96.67 95.58 93.77 93.92
