32.29 33.43 31.56 32.69 31.99
31.24 31.62 27.36 30.76 29.35
31.16 25.55 29.71 31.63 32.28
27 30.92 28.16 33.1 35.5
36.72 39.74 43.26 44.19 50.61
52.34 54.61 59.39 61.94 63.75
64.61 69.89 72.15 77.67 77.92
83.54 88.64 89.29 92.13 90.04
89.29 88.98 84.73 86.63 86.89
91.12 90.08 92.81 93.94 94.77
95.74 94.85 92.59 94.28 93.07
95.64 95.24 95.73 95.25 94.34
92.84 93.38 92.54 90.95 90.45
89.37 91.4 86.93 84.5 77.85
66.7 72.66 83.09 90.38 92.15
93.87 91.74 91.16 93.5 90.7
92.7 90.84 89.41 88.41 87.08
88.3 91.08 92.43 93.52 94.06
93.88 91.2 92.19 92.07 90.36
89.8 89.18 87.7 85.56 83.63
79.13 75.09 75.6 72.69 59.1
58.73 55.35 54.48 61.19 67.94
79.14 82.26 85.94 83.45 82.57
83.11 78.9 80.23 82.95 87.68
86.61 89.85 91.23 89.85 86.96
85.42 84.29 88.17 89.42 90.83
89.74 89.4 87.57 86.34 87.6
86.88 85.94 85.03 82.73 81.37
80.44 81.56 76.95 76.81 73.63
77.8 84.27 87.76 87.75 89.54
88.16 86.77 90.16 90.92 91.84
92.35 90.74 93.38 94.65
