98.54 98.8 98.88 98.88 98.8
98.79 98.87 98.72 98 98.19
98.63 98.86 98.92 98.94 98.92
98.89 98.91 98.85 98.77 98.46
97.44 97.17 97.59 95.14 92.66
89.75 92.94 95.35 97.3 97.67
98.1 98.53 98.81 98.86 98.93
98.94 98.86 98.74 98.52 98.59
98.71 98.79 98.75 98.76 98.66
98.26 96.52 94.47 96.78 98.17
98.63 98.77 98.82 98.77 98.67
98.56 98.59 98.49 98.31 98.01
98.31 98.29 98.09 98.14 97.77
97.97 97.85 97.45 97.43 97.24
96.31 94.92 95.08 95.98 93.92
95.77 92.16 95.36 95.73 92.51
88.62 82.02 73.54 61.85 55.09
47.67 48.33 37.16
