60.27 55.68 55.14 64.99 53.22
47.43 45.5 48.57 43.89 43.47
44.43 45.31 44.6 49 41.36
49.36 44.39 55.96 48.15 41.28
48.69 39.92 50.43 41.66 44.61
40.19 49.16 44.83 39.64 38.78
37.72 41.62 35.36 32.96 35.47
32.45 37.11 32.2 37.06 34.9
38.3 33.73 45.26 39.03 51.63
44.03 38.16 46.48 37.98 41.85
37.55 38.09 39.95 39.56 37.04
39.04 35.72 40.75 36.64 35.82
35.44 37.23 35.33 39.87 33.92
43.89 37.07 37.96 46.8 40.38
32.81 45.93 35.13 38.24 36.9
39.55 33.85 45.95 34.87 39.13
38.99 31.33 34.42 43.09 33.02
40.45 35.96 36.38 33.64 37.95
34.85 39.55 37.69 30.67 45.31
31.96 39.8 34.54 29.08 35.03
35.41 38.68 36.05 36.63 30.97
38.95 37.33 30.45 33.46 28.05
31.68 28.78 34.94 29.09 26.56
29.34
