66.18 71.53 73.84 77.95 81.06
82.04 80.42 78.61 71.7 65.9
67.36 67.88 66.52 67.06 75.79
73.36 73.52 71.85 70.27 71.88
65.26 60.53 54.63 50.26 51.27
48.4 43.68 35.91 41.98 40.67
37.94 38.77 39.99 37.28 44.69
37.02 42.75 38.64 42.2 36.57
46.78 44.11 40.85 48.8 47.63
49.99 42.23 37.8 38.81 33.39
39.11 37.49 37.1 39.57 38.04
33.66 37.57 42.67 34.99 37.8
39.38 35.22 38.02 33.71 35.3
34.36 31.13 33 32.21 35.17
34.02 38.07 39.75 40.16 37.97
36.07 34.18 36.15 41.11 34.2
35.14 30.34 44.39 37.95 36.89
36.12 36.64 38.75 38.05 38.95
41.13 44.09 48.93 44.75 47.84
48.81 52.17 47.6 44.32 41.1
45.31 38.84 37.39 34.49 34.48
32.44 35.42 31.48 34.97 30.49
36.25 28.05 31.37 32.25 32.52
30.88 28.76 36.98 34.01 33.2
34.54 26.22 36.53 26.28 34.31
34.51 34.63 33.77 29.24 32.39
41.13 36.15 33.52 37.24 33.72
32.21 37.66 34.47 32.37 36.71
34.18 28.39 29.27 28.57 28.12
31.41 30.67 29.12 32.45 32.94
39.16 35.15 37.7 42.52 45.59
54.12 51.1 44.2 51.2 53.62
52.02 50.72 58.6 61.77 55.45
49.46 47.71 47.98 45.98 38.17
43.95 41.16 42.14 39.72 33.4
38.11 34.37 33.7 28.84 33.66
31.84 35.92 40.74 55.94 60.96
64 70.25 73.9 75.56 78.65
81.7 81.49 82.56 83 84.37
85.23 85.04 85.76 85.89 83.85
85.28 86.51 83.92 82.45 78.34
78.05 82.45 78.7 79.15 80.31
77.29 70.59 73.07 62.62 59.13
63.01 57.14 55.4 50.79 46.88
36.81 30.61 31.84 29.27 31.85
29.75 29.42 35.6 33.17 37.59
39.64 43.74 46.83 45.03 48.34
51.59 46.98 40.76 41.7 35.65
39.87 34.05 38 34.53 30.15
32.79 27.26 28.14 30.31 29.31
31.03 32.9 35.83 37.32 40.93
39.34 37.05 39.7 42.27 39.23
40.24 36.81 33.79 35.15 38.65
37.27 39.15 51.77 59.44 71.58
68.07 75.41 82.03 85.01 87.76
85.91 85.07 90.71 90.38 87.76
89.06 89.23 88.43 87.74 87.63
85.18 83.2 84.87 84.79 81.44
83.9 82.76 80.03 70.67 60.81
59.95 55.31 56.17 52.72 38.07
39.74 34.81 28.87 32.72 31.98
32.54 31.55 36.63 40.34 39.86
