48.98 57.3 39.91 55.28 42.94
47.01 43.78 39.26 36.99 38.37
41.18 39.91 33.78 42.14 36.63
41.48 41.17 41.38 36.59 37.84
40.22 32.18 47.27 36.72 45.26
43.14 54.14 53.08 37.76 39.84
38.49 39.06 39.66 38.86 35.3
38.15 37.73 40.77 40.98 41.75
39.53 35.81 41.45 40.25 36.5
36.31 33.1 34.21 34.14 37.19
36.29 38.43 36.14 42.27 39.81
39.4 35.14 35 39.68 42.98
36.82 37.2 38.82 43.98 40.05
36.88 37.69 41.75 50.97 47.4
42.01 41.47 40.36 43.98 40.25
37.47 39.16 43.38 52.4 41.3
37.63 42.18 33.08 42.66 35.54
45 37.86 35.28 43.94 38.74
43.65 39.79 41.73 41.96 38.57
44.26 43.56 38.44 43.65 37.44
40.27 46.03 37.78 41.24 37.54
34.46 41.3 31.19 43.3 39.61
40.94 35.48 35.46 36.06 31.25
39.51 35.34 43.31 40.01 38.89
39.82 38.62 39.6 41.04 34.16
40.56 36.24 33.09 38.65 31.04
40.36 34.53 31.72 31.1 29.94
27.67 34.51 34.07 36.27 34.21
