41.73 41.86 41.99 41.3 48.5
44.72 46.55 40.7 46 41.96
43.6 36.68 35.89 40.87 38.58
32.07 29.22 29.95 27.79 34.3
34.91 50.33 53.84 59.97 79.22
81.02 77.29 79.73 76.07 70.9
81.6 87.99 91.53 91.33 91.14
92.6 94 93.08 92.56 92.47
94.45 94.77 94.72 95.24 94.88
94.59 93.41 92.26 92.28 90.26
91.57 93.61 93.4 91.78 92.89
93.06 94.42 95.12 95.19 94.62
94.19 94.56 95.7 96.56 96.22
96.13 96.29 96.26 95.71 95.11
95.47 95.41 95.29 94.94 93.58
93.3 92.49 91.24 93.5 95.06
94.71 91.87 91.02 94.8 92.32
95.9 96.25 95.55 95.66 96.21
95.83 96.26 96.05 95.84 96.31
94.81 95.13 93.25 89.5 89.93
82.64 84.2 88.25 91.33 91.5
91.86 92.04 92.47 91.89 93.4
93.18 94.76 95.29 96 96.29
95.84 94.47 94.74 93.87 94.5
92.7 90.6 92.84 93.11 92.23
93 92.74 91.68 92.35 93.73
92.33 84.71 79.6 78.6 84.34
87.11 92.52 94.72 96.17 95.53
92.36 87.83 88.74 85.47 92.66
93.91 94.67 95.34 94.49 93.76
93.76 95.06 94.12 92.87 92
92.09 91.63 78.89 68.97 57.04
46.56 48.42 53.77 52.24 54.52
54.72 54.32 58.33 61.82 67.99
66.69 70.8 75.32 77.17 81.94
79.53 83.31 80.14 83.07 82.02
81.52 82.14 82.84 83.61 84.5
86.22 86.46 87.5 86.74 87.39
86.3 80.12 79.01 76.57 74.32
70.41 61.59 59.39 54.56 53.71
52.53 47.57 43.55 42.67 35.44
41.54 39.38 44.55 42.1 41.1
42.2 40.88 40.77 38.06 36.55
40.84 43.62 47.96 54.21 47.19
41.74 41.15 42.34 43.37 42.56
39.31 43.28 38.93 40.16 40.64
45.11 43.86 44.39 38.41 43.14
34.34 42.91 53 45.34 60.74
52.02 52.59 64.77 61.43 58.32
62.63 58.71 50.07 46.56 46.21
40.04 42.63 37.08 34.88 34.88
33.94 38.17 39.19 34.93 35.26
