33.3 32.95 27.45 36.4 39.45
27.26 35.39 29.22 33.53 31.83
35.34 30.94 33.25 27.04 32.39
31.78 32.05 29.38 32.09 31.48
29.4 30.48 26.88 29.44 27.86
27.08 26.96 29.81 27.82 29.25
30.08 28.77 28.9 27.57 26.12
26.81 26.19 29.9 26.07 25.93
28.25 26.43 30.38 30.93 29.58
30.07 33.07 29.74 32.03 32.39
30.43 30.63 34.06 34.2 26.82
32.27 25.16 35.73 34.59 30.36
31.2 29.84 31.63 30.03 31.9
33.99 29.84 28 29.57 25.78
25.89 27.1 23.44 23.73 24.45
26 24.14 23.89 25.19 21.87
19.85 20.01 21.52 20.6 23.33
25.99 24.9 28.73 23.74 29.74
24.72 25.86 26.86 27.41 29.12
27.18 35.72 30.31 31.71 29.57
30.76 32.74 27.61 31.15 24.78
27.61 24.88 29.43 28.29 27.48
30.01 29.86 36.67 35.42 36.95
34.65 37.89 36.03 37.87 38.18
32.85 33.62 39.1 40.17 39.52
41.13 47.27 49.66 46.33 47.45
47.52 48.15 49.46 47.46 51.98
45.9 46.87 49.91 48.89 49.77
40.68 34.31 36.16 40.87 37.33
40.33 41.24 40.04 39.13 44.78
52.09 69.75 81.15 78.58 82.18
81.25 79.98 74.43 74.67 63.19
68.64 77.71 82.95 85.39 86.64
85.67 83.81 82.39 84.45 79.9
83.01 86.83 87.66 89.32 90.18
88.75 84.93 83.86 74.25 79.55
82.36 87.81 91.6 92.25 90.91
88.29 87.39 88.32 82.83 85.97
89.75 91.29 91.92 93.68 91.83
89.03 86.59 79.05 82.04 85.2
90.63 94.29 94.59 93.93 91.41
89.37 91.15 86.9 88.09 92.04
93.03 93.76 95.75 93.62 91.15
87.93 81.07 83.03 86.88 91.8
96 96.04 95.42 92.67 90.52
92.36 88.06 89.22 92.88 93.89
94.44 96.57 94.26 92.03 88.34
81.94 83.31 86.85 91.9 96.34
96.34 95.53 92.88 90.88 92.4
88.24 89.08 92.7 93.78 94.47
96.6 94.08 92.23 88.4 81.79
82.79 86.15 91.25 96.11 95.98
95.24 91.86 90.01 91.35 86.75
87.76 91.61 93.22 93.82 96.32
93.87 91.9 88.26 81.61 82.49
85.27 90.34 95.44 95.32 94.62
90.75 88.69 89.81 85.63 86.41
90.49 91.87 92.99 95.67 93.03
91.28 87.51 80.88 81.43 84.08
88.77 94.38 94.31 93.83 88.98
87.51 87.37 82.64 84.54 88.64
90.41 91.45 94.38 92.13 90.44
86.63 79.01 79.77 83 86.65
92.73 92.72 92.14 86.69 84.98
84.53 77.99 81.57 86.21 87.68
89.51 92.58 90.48 88.55 84.9
75.1 75.25 81.49 84.25 90.4
90.01 90.01 83.85 80.36 80.44
71.92 76.65 81.8 84.24 86.98
90.4 88.1 87.51 84.32 76.68
77.47 81.22 82.57 87.95 87.48
87.67 80.66 76.62 75.28 65.42
66.02 74.95 78.75 83.27 85.17
84.22 84.84 83.1 76.68 75.27
76.02 77.34 84.72 82.24 82.62
75.95 65.08 59.34 53.19 48.04
39.74 36.35 32.97 37.11 32.19
28.92 27.9 32.91 32.21 28.21
26.9 27.23 27.03 29.87 30.05
31.47 32.64 32.94 31.06 31.33
36.19 39.04 29.61 32.94 37.93
30.68 32.25 29.44 31.74 26.66
27.63 26.1 26.79 28.18 33.48
27.82 26.23 28.61 30.5 31.6
30.66 31.9 31.17 39.29 25.93
26.06 24.94 28 26.7 25.87
24.78 29 23.21 26.97 29.96
32.29 30.49 28.63 28.52 33.78
23.73 35.62 31.85 28.53 28.93
25.14 29.34 24.83 32.09 27.05
30.67 26.86 24.38 28.46 26.16
26.47 29.96 26.31 31.88 30.14
29.69 28.82 31.1 27.99 33.43
27.72 30.42 30.87 28.24 40.22
24.78 29.06 31.2 27.6 32.7
27.7 47.04 34.49 36.33 24.47
32.96 24.5 29.48 26.37 25.09
29.43 25.03 28.22 26.12 25.83
27.14 25.51 27.55 25.89 26.46
26.45 25.47 27.94 24.78 26.3
23.66 24.87 24.51 22.77 26.64
24.77 28.68 27.97 27.6 30.54
22.61 26.22 25.95 23.54 29.05
23.84 28.17 25.85 23.95 25.93
20.63 28.03 24.21 29.75 28.1
24.41 30.77 27.79 28.75 32.44
30.41 33.87 31.35 30.89 31.99
27.45 29.4 34.39 28.67 27.12
28.11 25.65 31.23 25.21 35.37
27.78 26.87 30.74 25.59 36.18
27.41 28.36 30.77 34.25 30.3
27.29 29.46 27.34 27.49 29.8
29.36 25.94 24.29 28.46 25.38
27.22 23.38 29.46 28.42 26.79
26.24 31.71 25.73 28.9 31.09
26.02 36.03 27.86 35.52 29.42
27.77 31.52 28.57 30.74 30.51
28.33 26.51 28.52 26.92 29.72
25.6 27.01 27.86 27.34 28.3
30.61 29.91 32.28 28.15 30.11
25.29 27.32 28.22 27.67 28.36
23.88 26.66 25.36 28.71 28.8
28.11 27.01 26.05 29.95 25.61
27.02 28.03 26.86 24.65 23.42
25.33 24.35 23.26 21.72 22.37
22.34 22.76 26.26 22.96 27.11
26.63 27.91 31.01 32.54
