52.13 64.4 82 88.4 92.77
94.05 94.44 94.28 94.19 92.7
90.7 91.42 92.38 92.5 92.13
93.99 93.85 93.51 93.76 93.82
92.92 91.62 91.69 92.7 89.61
84.45 84.66 88.38 88.64 86.33
85.64 88.73 91.93 92.21 92.66
93.15 92.13 89.85 85.7 83.01
85.78 85.69 85.88 82.25 85.69
82.9 80.28 81.38 81.57 83.33
85.77 84.98 85.96 89.91 89.31
91.8 93.48 94.72 94.76 95
93.72 92.64 90.14 88.66 89.6
87.84 87.2 85.67 87.23 87.46
87.82 87.89 90.39 89.56 88.86
91.19 91.16 90.03 88.34 89.87
88.62 80.55 83.36 78.6 83.29
88.35 91.73 92.95 93.67 94.24
92.94 91 86.09 88.71 85.05
85.51 88.37 86.87 84.97 88.49
87.7 85.34 84.87 84.4 79.97
81.34 80.03 78.94 77.7 80.35
87.54 90.37 91.43 91.55 89.28
86.48 89.04 88.16 89.91 89.5
90.23 92.53 91.29 90.45 90.14
90.67 89.48 87.39 87.92 86.21
82.89 68.72
