94.31 94.18 94.88 92.44 93
94.38 92.1 90.77 94.11 93.2
88.44 90.9 94.14 89.81 87.25
90.37 90.17 87.08 89.29 89.76
85.08 82.68 88.85 85.91 81.78
81 86.43 80.93 73.84 69.2
58.82 54.43 52.2 48.13 48.49
52.46 48.25 48.82 53.2 45.4
36.67 37.14 33.98 31.03 30.32
35.11 31.35 41.63 43.67 52.26
58.43 66.06 73.62 80.51 83.66
84.45 83.93 87.7 89.3 86.77
90.15 92.1 93.23 91.72 94.12
96.08 94.5 95.34 97.32 97.03
95.77 97.06 97.3 95.89 96.23
96.2 95.07 95.01 94.51 93.52
92.32 91.52 92.17 91.2 92.6
90.87 91.81 90.51 90.63 90.44
93.3 94.11 93 91.59 90.4
92.84 91.39 91.28 89.42 92.05
93 93.68 94.46 93.4 92.16
92.2 91.49 93.46 93.93 93.94
94.25 94.8 94.85 94.1 94.12
95.11 93.91 93.73 95.29 94.87
93.96 93.87 95.21 93.48 92.44
94.16 92.98 90.46 90.36 92.45
90.47 87.77 88.59 88.5 84.14
82.68 82.14 80.89 75.24 74.03
73.29 74.93 74.56 74.89 71.11
74.22 67.08 69.5 58.99 56.8
55.72 51.95 53.89 50.04 52.92
56.29 54.48 53.11 55.74 54.24
54.78 50.63 51.54 50.65 46.99
46.42 53.28 52.27 48.82 48.97
42.68 36.03 34.7 36.78 31.21
35.54 30.56 29.73 30.17 27.92
30.8 29.6 33.19
