55.41 74.53 84.19 89.42 92.77
93.33 91.41 91.31 89.26 89.58
91.77 91.72 89.4 90.69 91.99
90.1 86.26 88.94 88.69 82.36
79.5 84.99 86.55 91.27 92.31
94.37 92.46 92.84 94.13 91.2
92.12 91.98 91.56 90.9 87.73
83 79.66 80.13 84.63 86.44
83.82 85.21 86.73 87.35 85.05
84.69 88.04 87.58 90.45 92.61
94.37 94 95.52 94.63 93.7
89.32 83.1 81.53 83.44 92.55
93.56 93.06 92.42 92.46 90.61
86.52 81.54 76.79 69.26 70.08
65.5 67.16 73.72 79.56 81.69
85.92 88.18 91.27 92.26 94.14
93.6 92.46 87.52 84.29 85.51
88.46 90.68 92.3 91.64 88.69
86.58 74.63 72.89 76.43 76.78
78.73 76.69 77.74 78.54 81.37
79.19 66.3 53.78 51.32 43.17
42.36 40.99 39.47 40.47 48.29
52.86 60.87 75.86 83.86 85.9
86.48 85.59 80.49 82.04 86.09
87.82 89.62 88.45 87.67 86.35
84.95 82.88 84.8 84.15 84.23
86.02 86.85 87.02 85.51 84.79
77.15 69.58 71.37 76.8 84.38
86.66 89.64 89.92 92.13 92.67
93.41 95.11 93.98 94.72 93.25
90.72 85.98
