43.53 49.51 69.83 84.3 86.91
87.56 88.42 90.02 91.57 90.72
91.12 92.3 91.9 92.79 89.96
88.38 89.28 82.86 83.58 86.78
93.18 93.96 92.02 90.6 87.77
88.19 86.33 88.83 90.19 89.36
88.46 83.56 80.48 78.94 75.7
73.75 70.07 68.85 78.43 83.11
82.49 85.82 87.1 90.05 88.98
91.1 93.13 90.52 90.03 92.8
92.55 88.47 89.88 91.86 88.54
85.65 87.92 86.97 84.83 86.36
89.42 88.64 83.27 78.1 80.99
77.88 69.98 57.41 49.92 38.91
36.25 39.71 34.55 31.57 27.42
37.8 32.25 33.78 33.5 30.2
32.6 32.94 28.08 30.85 32.45
30.47 35.4 34.8 33.83 31.72
37.88 44.82 41.76 40.24 40.25
42.45 46.37 43.48 43.94 48.49
42.82 37.01 40.83 41.72 43.06
41.42 41.39 48.57 50.68 57.89
65.95 73.27 86.69 90.39 92.35
94.04 93.32 94.11 95.53 95.03
94.16 95.36 95.69 92.93 94.07
95.66 94.6 94.87 93.96 94.71
96.47 95.12 93.6 96.4 96.68
93.17 93 95.16 92.71 88.14
89.69 90.97 93.91 96.03 97.71
97.65 98.06 97.72 95.5 91.76
82.63 67.78 65.67 66.41 68.47
81.36 91.23 95.17 97.8 97.4
97.64 97.25 96.35 95.89 91.99
87 91.14 86.98 86.15 81.49
83.66 79.8 77.2 70.66 60.49
52.22 45.15 52.16 56.58 64.05
69.95 71.35 74.34 79.43 82.92
87.91 89.66 92.65 90.93 90.59
94.03 94.46 97.04 97.75 98.11
98.19 97.83 96.23 92.67 87.85
80.11 75.85 74.87 78.46 82.87
88.01 92.99 93.43 91.45 92.17
94.2 93.76 91.85 92.09 89.53
85.63 73.41 66.15 58.19 65.37
69.91 76.4 85.58 89.53 94.1
90.53 90.37 83.58 82.83 83.47
78.02 75.25 72.57 75.27 78.44
81.51 88.11 87.06 89.99 92.45
90.79 92.17 96.13 98.06 98.15
98.12 95.89 93.83 92.79 90.99
89.41 81.92 79.57 75.99 74.56
76.36 79.37 83.87 86.06 89.4
86.26 89.13 92.99 95.31 97.13
97.75 98.41 97.48 96.78 93.83
90.26 90.73 90.98 87.57 87.18
90.11 90.09 91.49 94.44 95.23
94.03 95.86 97.5 95.42 94.51
95.93 97.56 96.53 96.39 96.95
96.49 94.52 93.83 89.4 86.77
84.28 84.99 84.18 85.2 85.1
85.04 87.2 87.17 86.45 89.52
88.16 87.3 87.18 82.71 81.72
84.96 85.73 91.86 93.36 94.67
94.83 92.52 91.8 87.95 84
71.59 68.1 60.49 62.14 67.95
67.93 71.52 75.43 80.17 78.14
83.22 84.22 83.47 85 84.48
85.36 84.7 84.11 85.19 86.09
84.36 85.47 84.12 80.05 84.76
89.11 89.06 90.11 87.76 86.25
82.8 77.57 80.61 84.69 88.28
86.87 87.8 89.71 92.11 92.37
92.05 93.32 94.77 94.44 93.41
94.56 95.05 93.61 92.68 92.64
92.99 89.84 90.12 87.53 91.79
93.47 94.97 96.05 96.87 97.47
96.18 97.66 97.97 97.69 97.75
96.72 96.68 95.23 95.82 92.51
92.12 93.29 94.02 96.46 95.36
95.54 95.98 94.19 95.75 95.19
96.15 97.21 96.49 96.66 96.4
96.89 96.25 95.9 95.95 95.4
95.08 93.05 92.17 89.98 90.04
86.13 85.2 83.94 82.9 86.68
89.46 87.05 86.57 89.24 91.03
92.56 90.8 91.8 86.52 84.4
86.17 86.42 89.15 87.3 91.04
89.86 88.11 87.83 88.19 84.83
82.26 83.12 78.34 72.31 72.16
69.39 59.19 52.22 55.93 56.44
60.89 59.77 69.98 75.42 81.26
81.16 80.75 84.95 89.99 88.66
88.34 90.42 92.83 92.34 93.33
94.12 93.6 94.46 93.04 92.14
91.76 91.07 89.13 90.38 91.54
92.83 93.76 93.24 93.19 94.97
95.74 95.83 96.94 96.52 95.21
95.36 95.6 94.73 92.81 90.65
92.37 89.95 90.83 94.54 94.21
93.53 95.57 96.99 94.71 92.83
95.02 94.22 90.12 86.3 89.45
89.24 82.03 81.14 81.99 70.93
57.32 52.32 50.26 45.16 41.15
32.88 35.26 40.18 31.24 30.79
30.67 30 26.21 24.25 23.49
26.42 25.1 26.18 22.66 22.32
22.51 24.61 25.85 31.83 28.91
27.47 36.08 40.51 40.51 53.69
63.48 73.45 84.53 88.86 91.63
90.95 91.59 95.04 95.37 94.12
95.6 96.26 96.05 95.67 96.03
96.11 95.18 94.99 95.02 94.68
93.65 94.23 93.71 91.39 90.63
90.07 89.27 90.16 88.74 84.69
85.52 87.74 91.69 92.29 94.49
93.64 94.14 96.56 96.58 95.63
95.21 95.43 94.17 93.11 93.53
92.67 90.53 88.21 89.1 91.23
93.3 94.6 93.42 93.28 91.48
88.32 81.63 79.13 81.07 83.32
84.5 89.46 92.16 91.63 94.23
95.44 94.47 94.16 94.91 94.71
92.65 92.44 93.3 91.44 89.98
89.72 88.3 85.7 72.17 66.79
72.24 73.05 86.33 88.94 91.65
93.12 93.71 93.83 92.36 90.44
86.27 82.44 77.87 74.37 79.43
81.49 88.08 88.6 88.01 90.19
92.1 90.63 88.57 90.23 91.18
88.14 90.96 85.79 88 79.12
65.48 58.08 47.24 41.11 46.87
53.84 53.51 68.55 83.42 91.71
94.09 95.19 95.38 93.87 92.57
92.1 91.55 90.27 85.62 85.73
88.91 88.19 85.73 86.84 87.32
86.86 89.13 90.19 91.63 92.71
94.21 95.54 95.21 93.48 90
83.26 76.22 77.71 80.73 73.76
73.76 69.32 69.52 66.04 68.11
67.78 76.27 75.83 76.75 82.17
82.7 82.04 85.39 87.18 86.9
88.45 90.56 90.63 89.3 91.13
90.89 89.15 88.87 90.41 88.74
90.28 91.6 92.09 90.68 87.67
83.93 75.43 63.14 57.42 61.96
67.55 77.9 82.15 84.27 85.05
87.24 85.98 86.68 88.54 86.42
85.77 85.64 84.46 81.88 79.4
74.17 73.35 72.69 79.17 82.74
85.02 85.9 87.94 87.82 88.48
84.41 78.21 67 61.6 53.71
42.55 38.96 31.42 28.32 29.15
28.71 26.47 25.36 33.24 32.41
27.79 26.53 23.06 26.46 27.83
25.57 25.51 29.52 29.78 31.59
35.94 32.73 30.85 33.2 37.11
32.15 33.71 35.6 30.56 30.92
39.9 40.56 37.56 35.96 34.57
36.91 34.88 41.56 38.77 42
42.68 40.51 45.04 47.77 38.27
42.12 41.09 41.87 49.65 51.07
70.26 81.42 85.89 85.84 87.24
85.65 82.95 83.5 82.39 80.69
77.47 77.7 80.18 81.6 85.39
83.97 83.9 83.86 84.73 84.73
86.93 88.36 86.54 88.39 89.12
89.46 89.27 89.81 90.48 91.71
89.66 89.07 89.52 90.28 88.1
85.1 85.99 85 81.72 70.91
59.77 57.17 55.61 50.99 48.91
61.64 74.7 81.4 82.77 81.91
85.81 85.86 85.76 83.21 85
82.17 76.88 69.39
