98.69 98.9 98.9 98.92 98.9
98.74 98.78 98.58 98.36 97.87
97.28 97.29 97.82 98.11 98.05
97.82 98.53 98.62 98.23 98.34
98.74 98.61 98.3 98.61 98.62
98.19 98.1 98.34 97.29 96.36
94.17 95.72 98.66 98.78 98.9
98.89 98.89 98.83 98.8 98.53
98.49 98.36 97.79 96.41 97.37
97.63 98.11 97.1 97.23 97.34
97.7 96.95 98.01 98.35 98.42
98.18 98.48 98.4 98.33 98.31
98.32 98.42 98.1 98.35 97.94
98.49 98.26 98.71 98.74 98.52
98.66 98.6 98.37 98.06 96.33
96.18 95.92 96.36 97.56 98.29
97.68 98.24 98.05 97.17 97.87
98.39 97.35
