98.5 98.59 98.74 98.68 98.78
98.7 98.24 96.82 96.48 95.06
95.81 97.46 97.13 97.27 98.34
98.32 98.05 98.54 98.57 98.09
98.06 98.46 98.26 96.81 96.27
96.07 97.13 95.89 95.87 96.58
98.51 98.34 98.59 98.18 98.25
98.37 97.93 98.28 97.66 97.43
94.29 96.11 95.18 94.12 96.81
96.77 96.69 96.09 95.68 98.26
98.09 98.57 98.76 98.88 98.64
98.54 95.98 96.81 95.33 92.45
93.45 94.37 96.39 96.96 98.07
98.16 98.5 98.5 98.11 97.95
98.62 98.33 96.99 97.95 97.99
96.43 95.93 94.58 94.9 97.64
98 98.61 98.81 98.72 98.66
97.15 94.64 94.05 91.24 93.09
94.89 95.5 95.53 96.35 97.19
98.1 98 97.64 97.89 97.87
97.4 96.12 94.09 97.83 97.77
98.09 97.8 98.02 98.3 98.35
98.26 98.05 96.65 95.07 94.61
96.81 98.31 98.49 98.7 98.6
98.53 98.3 97.55 94.98 90.11
75.61 61.57 53.15 49.42 46.58
41.86
