35.16 35.3 35.77 37.19 33.54
31.96 37.71 35.11 37.47 36.79
40.05 38.24 36.25 40.63 42.72
37.68 39.22 40.2 34.81 34.32
35.55 32.96 36.95 31.39 34.29
37.05 38.41 40.52 46.63 45.03
60.58 76.7 81.56 83.12 87.21
84.02 80.88 82.55 76.35 84.93
84.54 84.71 86.62 83.44 84.4
84.35 83.73 87.75 83.01 84.77
86.86 84.7 84.8 79.53 79.62
78.74 69.48 71.99 71.84 71.85
77.3 81.42 83.82 87.05 84.4
83.42 86.22 83.99 86.05 86.94
87.04 85.23 85.75 87.95 88.78
90.73 91.62 89.35 87.57 91.97
90.6 88.67 85.35 87.73 86.91
82.68 77.82 69.31 60.4 56.94
56.37 56.13 55.93 58.92 63.65
60.29 62.84 65.22 67.2 64.24
66.44 63.77 61.27 57.76 56.88
51.9 43.94 37.4 42.44 40.68
42.18 36.33 36.87 37.44 38.09
40.32 38.13 40.92 42.27 32.99
34.48 38.17 39.99 40.69 39.06
39.94 41.93 39.78 38.91 37.01
34.48 34.52 36.5 39.45 32.16
32.24 33.83 39.84 46.8 33.81
38.4 38.99 36.97 39.26 38.4
39.71 50.49 42.7 49.63 41.2
39.14 39.32 37.88 39.59 40.69
40.27 41.66 42.15 38.91 41.85
47.13 39.37 40.63 41.67 41.41
40.6 41.03 40.05 40.39 41.61
39.44 39.04 38.33 50.59 44.33
43.09
