96.28 97.54 96.99 97.44 96.14
95.97 92.94 92.32 91.53 91.14
88.96 87.3 88.57 85.3 89.8
91.17 93.67 94.1 96.2 97.07
97.61 98.01 97.68 97.3 97.57
96.42 95.57 95.98 94.72 95.91
95.71 96.31 95.94 95.85 94.25
92.77 90.44 89.59 91.2 89.47
87.57 81.37 77.2 83.33 92.47
94.09 95.53 93.01 95.47 97.54
97.66 97.28 96.64 93.98 93.51
91.81 97 98.28 98.15 98.19
97.52 97.07 95.57 94.61 92.16
89.13 85.46 80.03 79.71 81.7
82.42 86.81 90.86 92.3 94.9
96.04 96.58 96.94 95.87 95.01
90.67 84.66 90.92 94.23 94.65
96.16 95 92.13 88.48 74.73
65.65
