57.21 51.88 54.85 56.65 53.4
57.58 51.37 53.66 48.33 49.47
43.85 43.74 40.48 46.71 43.01
43.17 52.46 41.45 52.86 43.09
44.68 39.39 42.31 36.19 47.72
44.43 37.8 50.92 41.8 45.47
46.97 41.92 35.8 53.35 41.12
59.2 51.01 55.15 65.02 43.85
35.68 43.83 43.76 40.38 44.16
52.8 52.22 64.74 56.3 46.78
55.31 43.71 41.61 45.34 40.76
43.48 43.55 41.77 45.5 44.33
38.83 42.67 44.22 43.82 51.42
46.97 39.44 39.33 44.94 45.61
56.15 52.3 39.98 47.28 58.11
61.28 48.26 60.52 42.47 49.55
42.24 51.98 54.79 56.68 56.6
61.65 66.52 70.7 69.93 72.69
65.76 58.68
