96.14 97.53 97.64 96.17 97.67
98.09 98.28 98.25 96.96 95.71
92.53 88.54 87.3 91.37 89.05
92.75 95.52 97.33 98.04 98.24
98.29 98.13 97.78 95.83 95.31
96.91 95.46 98.19 98.4 98.46
98.19 98.05 96.36 93.94 93.81
93.62 93.66 94.52 95.65 96.52
96.21 97.13 97.66 97.54 94.27
94.4 95.73 97.36 95.48 96.9
97.4 97.98 96.93 97.6 98.16
98.12 97.67 97.19 94.55 94.91
95.57 94.9 96.08 97.88 98.02
98.15 97.41 97.16 96.21 96.51
95.86 96.57 96.82 96.38 97.09
97.25 96.09 91.87 90.64 89.19
90.54 92.38 94.55 93.69 93.88
93.25 90.22 89.77 92.95 93.01
93.24 87.1 90.5 89.5 91.31
92.95 96.04 96.56 94.39 94.84
95.41 96.55 95.18 95.02 95.15
95.86 95.49 96.42 97.02 95.12
97.33 97.75 97.67 98.2 97.39
95.07 95.84 96.35 97.16 97.95
98.41 98.31 98.15 96.78 94.71
94.57 93.76 93.79 96.36 97.16
97.7 97.84 98.02 97.67 97.55
96.98 97.06 95.78 97.72 96.54
95.22 94.25 95.93 95.55 95.32
95.01 94.12 93 94.16
