59.65 55.2 55.51 49.16 48.02
50.09 46.9 46.06 51.35 48.43
47.12 48.58 51.26 49.79 46.79
52.55 48.85 50.4 57.5 62.03
68.79 72.84 67.43 67.45 69.29
68.96 65.18 65.43 67.89 64.14
60.37 62.51 64.84 64.45 75.75
74.57 79.45 81.97 78.99 84.88
87.49 86.12 86.14 88.8 91.65
88.98 89.96 93.53 90.77 90.53
90.72 91.3 92.19 91.62 92.93
93.34 94.55 93.7 92.73 92.8
94.32 92.24 91.09 91.62 89.58
88.64 87.28 85.2 89.46 92.16
93.94 94.89 95.34 95.65 97.1
97.34 96.83 97.25 97.65 96.72
95.14 97.21 97.25 94.35 94.23
95.37 93.49 91.34 91.22 90.23
