56.95 54.29 54.81 51.65 59.05
65.37 73.58 83.72 91.59 94.84
95.81 96.55 95.62 96.34 95.27
93.45 93.72 91.55 88.97 88.32
90.43 89.99 86.37 85.05 85.01
86.19 87.3 87.22 84.33 83.75
78.59 68.75 61.71 54.86 58.66
68.35 78.59 87.38 93.68 96.27
97.59 97.86 98.2 97.05 96.47
94.17 94.67 95.09 96 97.06
96.78 96.57 97.34 96.81 97.73
97.83 96.82 97.01 97.5 96.77
95.66 95.07 93.15 93.19 96.31
96.46 97.96 98.29 98.08 97.71
97.28 95.47 94.24 95.51 97.09
95.06 96.35 96.59 94.86 87.6
89.15 89.99 94.89 97.56 97.64
97.29 98.14 98.09 98.36 98.3
97.85 98 98.36 97.42 94.86
96.65 96.3 96.43 94.87 94.56
94.47 96.59 96.69 95.35 94.17
93.9 92.03 88.31 88.17 91.46
90.25 89.73 92.44 92.8 91.43
92.1 94.98 93.95 92.81 89.64
81.63 78.1 82.64 86.91 89.85
91.04 91.5 95.2 94.94 94.6
96.02 96.67 95.79 96.18 96.69
96.72 95.75 94.38 94.59 94.42
94.51 93.18 93.71 91.88 90.36
89.43 88.36 84.02 82.13 79.9
80.71 84.16 82.55 82.24 81.37
80.67 87 89.26 92.35 93.88
94.9
