91.03 90 90.72 87.95 89.76
87.34 88.41 83.77 81.17 87.7
88.92 91.27 92.7 91.55 90.8
90.64 91.41 92.31 93.32 93.95
93.91 94.08 93.59 92.96 91.65
92.77 91.7 88.52 90.07 91.81
90.49 89.27 92.14 92.14 89.85
91.4 91.55 90.07 86.63 89.69
88.93 87.62 81.66 85.57 83.64
78.57 66.9 60.35 49.16 49.06
44.53 42.81 38 37.56 35.23
40.77 36.07 43.26 56.02 57.05
62.54 67.26 63.49 66.92 53.08
51.49 36.03 35.33 27.08 29.32
29.7 23.25 24.8 26.11 24.41
25.7 27.15 26.8 25.62 30.25
29.87 27.79 29.16 34.17 34.62
33.36 33.4 34.26 37.16 33.25
30.4 35.13 32.1 28.24 31.4
30.07 31.7 26.68 31.83 25.23
28.27 23.67 30.99 25.21 24.77
29.79 22.99 31.78 26.02 36.93
29.28 31.69 29.66 32.3 27.36
36.35 33.37 31.34 32.05 25.99
29.93 27.85 27.01 23.94 27.24
25.66 28.75 30.91 30.72 39.06
51.55 51.74 58.81 66.93 90.36
95.07 96.41 95.44 96.07 98.12
97.73 96.93 98.13 97.77 97.09
96.82 95.8 94.79 94.9 92.31
87.68 87.77 82.88 74.85 66.21
57.56 55.35 42.04 42.91 54.82
59.55 63.26 68.02 68.11 85.21
87.87 89.67 93.85 95.41 96.94
97.1 97.62 96.59 94.35 89.23
85.53 88.18 86.63 91.62 95.21
96.46 96.62 96.8 94.12 93.08
90.05 89.68 88.02 87.31 91.29
93.47 94.45 92.82 91.85 93.64
92.31 88.53 88.15 86.09 83.59
77.32 72.55 72.5 59.45 50.83
41.26
