38.01 49.17 47.98 54.16 58.27
59.33 66.6 69.05 68.13 75.34
83.82 91 93.99 94.07 94.95
95.06 96.65 97.18 98 97.99
98.37 98.49 98.47 98.63 98.66
98.49 98.47 98.43 97.76 97.52
98.12 97.86 96.39 96.03 96.76
97.2 96.35 97.7 98.14 97.97
97.67 98.38 98.46 98.45 98.46
98.57 98.67 98.76 98.8 98.7
98.71 98.68 98.6 98.36 98.42
98.54 96.93 96.76 94.36 90.99
89.48 93.21 92.98 95.11 95.86
96.96 97.84 98.07 97.45 98.41
98.23 97.97 97.76 98.46 98.25
97.7 98.17 98.06 98.18 96.78
97.36 97.6 97.36 96.21 96.22
95.1 92.5 92.72 91.45 86.74
83.29 80.45 78.15 75.94 70.78
66.71 57.68 52.93 51.83 51.88
49.75 44.49 45.16 48.09 45.69
43.5 43.29 51.56 55.5 54.57
56.11 56.56 59.44 59.16 50.44
52.14 52.34 43.93 43.11 38.25
41.86 38.39 35.72 35.59 43.81
44.56 45.17 41.9 36.91 46.13
37.49 40.49 41.5 34.36 34.25
34.22 33.59 38.6 33.65
