41.24 33.62 37.35 34.36 31.93
36.08 36.79 39.23 32.97 35.52
36.95 33.45 38.45 35.9 32.42
35.28 30.84 34.89 35.1 34.9
34.12 30.38 39.44 30.91 32.59
35.91 29.63 33.5 34.3 32.67
31.99 34.28 31.42 33.39 32.11
29.77 32.37 33.96 32.65 37.95
37.41 32.36 39.24 36.46 34.67
33.98 33.99 30.99 31.13 36.3
34.5 32.04 31.74 32.51 29.1
29.67 32.16 32.3 33.05 26.37
30.88 30.7 30.76 31.54 28.19
33.17 27.76 35.22 28.52 35.39
30.42 34.38 31.97 36.21 31.45
35.2 28.87 35.66 31.11 34.3
34.9 32.09 31.56 39.26 31.3
36.37 31 36.92 33.7 34.26
36.83 37.51 32.35
