91.11 92.31 92.55 93.24 94.63
94.45 93.13 94.21 94.81 92.63
91.45 92.41 94.97 93.66 93.99
95.07 96.31 96.05 97.05 96.25
96.76 96.35 95.07 95.17 93.67
92.6 88.58 82.49 76.88 66.1
61.29 42.85 49.56 36.69 40.26
40.5 38.89 44.16 36.05 39.06
42.07 46.14 48.27 48.75 46.11
50.5 42.79 43.14 50.89 42.53
42.35 44.9 39.3 42.68 44.49
46.21 44.27 39.55 41.69 47.18
41.64 44.92 42 40.64 43.15
41.83 35.85 43.82 41.3 39.85
44.77 41.64 45.45 41.69 48.61
40.83 43.01 41.79 46.54 39.02
45.39 41.77 44.79 43.79 48.58
43.68 40.45 47.12 44.57 42.37
52.22 40.94 40.15 44.57 39.65
38.81 40.14 38.77 42.81 38.63
44.8 41.73 44.67 44.32 52.7
40.59 58.43 36.91 47.89 43.41
44.35 40.3 44.55 40.05 49.06
38.33 48.57 43.99 46.47 45.87
45.74 51.82 44.22 66.5 47.52
42.38 51.25 42.98 47.53 41.17
48.29 48.16 40.2 48.91 41.57
47 46.89 44.12 48.52 44.64
55.98 42.03 41.05 49.74 42.18
42.61 39.79 44.71 46.95 41.13
45.39 37.72 40.33 45.19 44.47
51.43 42.26 62.57 44.89 46.3
49.23 44.92 43.92 47.04 49.03
49.58 48.94 48.8 51.08 56.28
49.46 50.58 53.63 46.78 51.79
57.95 46.76 53.22 51.24 46.43
51.1 42.25 53.49 46.62 59.63
55.9 53.3 45.52 53.31 50.94
56.22 57.59 57.99 59.44 58.17
62.17 67.69 66.97 68.58 68.63
68.25 70.47 68.55 58.25
