96.26 95.89 96.49 97.63 98.02
98.54 98.65 98.64 98.47 98.76
98.74 98.59 98.5 98.77 98.61
97.88 98.34 98.55 98.02 96.64
97.1 98.33 98.07 98.56 98.73
98.78 98.87 98.73 98.69 98.45
98.27 98.65 98.43 98.01 97.4
97.99 98.25 98.6 98.45 98.56
98.61 98.74 98.38 98.31 98.63
98.31 97.71 97.83 97.96 97.86
98.54 98.56 98.84 98.81 98.43
98.21 97.06 97.4 94.93 95.23
97.48 97.89 98.69 98.8 98.92
98.92 98.77 98.69 98.38 98.57
98.2 97.18 97.28 96.81 98.24
98.42 97.19 97.97 98.46 98.61
98.54 98.64 98.73 98.78 98.7
98.67 98.76 98.72 98.4 97.74
97.55 97.35 96.14 93.32 93.49
91.17 88.56 74.89 72.65 87.19
91.82 96.14 97.62 98.71 98.91
98.95 98.85 98.83 98.67 98.75
98.66 98.52 98.23 97.72 97.96
97.9 97.12 97.18 96.72 92.59
86.18 82.93 92 96.51 97.38
97.82 96.84 96.32 95.75 97.52
97.8 98.01 98.16 98.58 98.65
98.21 97.94 98.41 97.45 96.11
96
