93.37 90.55 90.15 91.67 91.47
86.2 82.21 79.47 76.12 72.54
71.07 74.15 77.27 82.51 85
85.75 89.34 88.43 89.47 91.88
92.31 91.58 92.13 94.73 93.66
93.36 94.23 95 93.87 94.03
94.35 92.76 92.49 91.6 91.13
88.36 87.53 89.62 85.98 84.37
82.3 79.84 78.37 70.33 67.78
69.18 64.77 66.91 65.33 61
59.98 60.64 61.14 56.04 54.1
55.38 49.67 50.86 49.41 49.99
49.55 48.03 55.09 59.95 61.77
65.29 66.16 71.8 73.26 75.74
79.57 82.02 81.75 84.03 86.97
86.41 84.59 89.23 88.66 88.14
88.87 91.68 89.1 90.42 92.07
92.91 91.29 90.88 92.16 91.21
90.69 90.75 89.67 87.81 88.29
86.59 85.21 83.5 79.87 75.03
70.81 61.37 61.34 57.58 52.64
51.27 44.31 47.83 43.37 43.73
46.73 49.46 48.32 43.1 49.2
40.71 49.98 38.26 45.53 41.34
41.55 45.88 44.98 44.57 42.68
41.72 42.7 44.53 45.78 39.74
41.71 46.25 40.37 44.03 39.71
40.83 40.67 43.03 43.83 39.38
41.13 45.89 40.06 38 38.48
42.23 35.41 41.8 40.33 34.29
60.01 46 39.01 42.99 41.54
34.66 38.31 32.89 35.01 49.07
57.04 67.59 73.31 79.81 80.1
82.25 84.58 86.47 86.52 86.75
87.92 85.18 88.21 89.61 87.85
86.87 87.6 89.08 86.56 85.19
88.05 87.2 86.08 84.59 85.99
82.13 81.77 84.7 84.44 77.87
82.15 84.58 76.63 74.21 80.75
78.98 72.09 76.33 81.2 80.57
73.04 73.98 83.76 82.86 80.78
87.45 90.41 89.12 87.74 90.23
90.5 90.82 90.49 90.95 90.9
86.38 90.8 86.69 73.53
