26.28 26.79 27.52 25.25 26.3
25.79 25.03 28.51 29.86 26.21
31.83 29.94 27.19 31.23 31.34
31.24 28.28 28.42 28.05 27.22
28.04 29.06 27.87 30.72 32.26
28.77 28.61 27.19 33.31 32
29.87 33.63 35.05 31.41 33.18
27.83 27.74 30.55 29.15 31.78
32.39 32.46 37.4 38.37 39.8
46.71 46.7 43.18 43.58 43.78
49.58 48.62 48.18 49.94 48.36
47.76 53.7 57.35 59.3 69.6
80.9 83.13 84.96 87.87 90.09
87.21 86.65 89.92 85.11 89.87
89.31 89.64 87.93 84.59 88.19
88.86 89.21 90.26 88.22 88.98
89.78 89.46 88.84 86.95 86.43
88.73 87.15 88.29 91.69 89.18
92.38 92.54 95.32 92.23 92.05
93.7 90.92 94.63 95.57 95.05
90.73 90.93 91.21 91.14 93.08
93.9 92.66 92.66 94.61 93.54
93.91 92.24 94 91.61 91.58
93.02 94.92 92.31 94.76 96.13
95.9 93.91 93.02 95.03 93.49
95.84 96.01 95.86 93.59 92.06
92.24 91.2 93.69 94.66 92.92
92.26 95.25 94.39 93.91 92.65
93.89 91.55 90.97 92.68 94.07
92.18 94.71 95.06 92 91.83
86.37 90.89 90.98 93.7 94.62
94.34 93.12 91.95 91.72 88.64
90.73 92.21 89.62 87.08 91.38
87.54 88.31 82.81 85.49 84.42
81.03 83.14 86.2 84.83 86.4
87.68 87.33 88.46 84.85 86.19
85.08 87.43 87.61 85.62 86.13
84.82 86.01 82.81 84.09 86.23
85.55 81.05 84.07 83.83 83.72
79.83 82.68 83.36 80.03 82.3
85.47 84.96 87.21 93.06 94.06
92.5 91.07 93.06 90.06 92.57
89.57 84.88 81.26 82.02 85.23
84.85 86.16 90.02 90.22 88.35
91.3 92.23 92.32 91.31 92.65
90.81 88.73 91.17 92.82 89.55
91.79 93.58 93.61 91.39 90.32
92.23 87.74 93.64 92.8 91.61
88.82 87.61 88.08 86.25 87.85
90.2 86.96 86.54 90.19 88.93
88.76 87.46 90.06 88.19 85.39
86.79 89.33 84.97 87.57 89.74
90.01 88.46 83.27 90.19 88.08
91.41 89.9 86.52 85.8 83.21
80.38 84.95 87.64 87.89 84.89
85.38 88.37 86.33 84.57 84.32
84.06 75.35 60.44 58.37 56.42
56.1 54.6 49.51 49.84 49.72
29.94 34.89 30.18 24.96 32.61
26.7 30.3 25 28.85 26.55
27.32 25.74 26.92 24.03 23.35
26.93 26.62 24.88 26.99 27.36
28.29 28.3 30.59 26.7 29.61
27.58 25.44 28.31 26.92 26.78
24.74 27.85 28.93 34.15 33.67
28.76 31.27 30.03 31 31.29
27.79 27.95 26.85 28.02 26.48
29.9 26.93 31.59 28.31 29.41
27.14 26.46 27.88 26.11 27.61
23.56 24.64 27.79 27.82 27.57
26.5 26.76 26.81 26.45 25.09
30.59 28.25 28.46 30.29 28.66
28.1 28.42 29.29 27.69 26.8
26.89 27.77 26.54 28.17 27.21
34.16 31.91 32.95 31.51 32.66
37.56 38.36 36.95 36.69 40.82
37.5 37.28 38.07 35.36 38.34
37.74 40.55 39.04 36.33 33.18
