50.05 45.19 49.9 40.51 47.63
43.7 44.5 42.83 39.25 42.83
49.62 61.15 51.65 38.84 34.23
40.44 46.78 47.88 45.28 44.4
53.94 52.99 58.03 49.44 53.92
56.05 52.63 56.5 59.3 60.55
67.47 74.96 80.34 79.53 81.28
83.4 88.51 83.24 82.59 82.95
82.29 78.25 77.71 73.16 76.84
72.91 66.86 58.99 59.14 60.95
59.32 64.35 65.4 73.99 75.94
71.91 66.88 72.22 65.28 59.49
55.34 61.57 58.56 60.46 60.75
62.43 56.62 54.36 51.58 46.52
48.01 41.59 40.58 42.44 40.7
37.58 44.92 41.93 49.69 40.76
44.58 47.61 47.41 45.34 47.83
44.94 60.85 58.83 50.35 49.77
61.12 39.63 50.07 53.06 44.37
43.95 46.89 43.85 42.93 44.94
43.31 39.74 47.79 52.71 50.15
51.36 47.25 53.24 42.32 47.74
47.91 45.69 49.37 48.5 65.16
47.81 53.06 62.38 64.28 61.03
54.41 49.7 48.44 39.26 43.7
38.68 50.11 60.21 48.96 55.9
65.06 45.03 51.23 52.18 39.98
53.42 44.65 50.07 54.87 36.78
47.07 41.09 48.85 47.93 44.05
39.67 47.67 42.74 52.73 49.63
39.61 51.81 64.56 62.57 62.39
60.25 59.94 52.92 49.42 46.03
52.04 58.45 49.84 57.31 45.58
60.78 51.18 47.07 46.34 44.42
42.84 43.42 36.62 46.8 34.82
42.96 38.04 47.5 35.67 39.89
35.4 41.17 41.68 39.94 41.03
39.46 38.49 37.51 39.03 40.11
42.94 41.14 41.05 45.41
