31.99 37.66 34.91 37.74 42.67
36.71 45.93 45.69 40.3 44.3
45.62 48.43 41.37 40.87 44.39
46.14 46.56 43.13 48.68 44.5
39.47 44.53 46.14 40.08 38.36
39.32 36.59 37.91 40.71 39.65
47.69 38.57 40.39 42.32 35.79
44.2 59.02 48.69 55.23 52.37
36.53 40.6 36.32 36.6 34.72
38.11 37.32 39.39 32.88 39.54
41.66 35.76 40.67 37.45 40.42
38.87 41.37 34.87 42.48 42.88
41.11 41.62 38.14 43.7 38.53
38.46 37.5 36.99 33.61 33.59
38.01 38.13 33.41 38.26 31.45
40.61 30.49 38.77 42.74 46.5
35.53 34.01 51.04 35.28 37.32
39.27 37.1 38.7 34.93 38.78
34.56 36.77 36.26 38.45 35.64
37.1 37.72 39.84 38.62 33.17
37.78 34.58 35.46 36.65 40.38
38.39 40.42 41.13 40.65 54.01
40.25 38.71 42.45 43.17 38.64
37.65 40.7 38.82 43.13 41.27
41.25 38.23 44.22 39.52 39.18
41.02 37.68 40.96 41.83 43.19
42.78 43.27 40.35 40.66 35.29
43.02 36.01 34.49 38.61 37.61
35.9 36.85 40.03 40.15 36.27
42.36 35.8 45.87 44.77 33.78
43.83 38.13 39.25 39.45 38.1
41.88 38.43 42.88 40.79 37.35
38.96 35.03 42.23 35.84 34.04
37.54 34.29 41.29 32.12 36.99
38.56 36.47 33.98 34.72 34.16
35.12 31.81 38.36 33.16 39.05
36.86 39.98 42.97 41.33 50.26
51.15 51.91 66.62 68.54 66.11
72.23 74.12 72.23 70.37 72.87
65.26 63.15 54.06 57.99 53.92
47.4 52.32 41.75 47.55 43.27
37.02 44.17 37.27 43.74 42.31
41.19 40.5 38.37 39.15 38.8
48.06 56.15 58.89 63.02 53.11
54.44 44.24 50.6 43.43 57.15
45.57 44.13 45.52 40.69 48.58
41.96 45.19 39.74 46.68 47.68
42.73 59.22 43.87 41.74 48.05
45.65 48.54 46.3 47.28 54.58
46.2 55.89 50.36 50.82 49.04
54.9 49.62 53.65 48.18 44.88
47.8 48.72 44.67 55.58 54.14
44.76 53.28 50.36 51.48 62.06
54.27 44.45 46.77 46.65 42.51
47.61 39.34 43.83 40.79 40.74
52.44 38.46 45.12 48.43 46.53
44.58 42.2 34.12 33.59 43.71
39.95 44.19 43.96 42.16 39.99
34.93 40.35 40.63 39.38 38.7
43.11 38.43 39.32 38.81 43.63
42.22 47.4 46.25 47.82 47.37
46.05 48.79 46.56 47.77 51.53
53.24 52.91 42.85 51.51 49.38
47.18 46.51 61.93 65.8 80.55
90.78 94.86 95.01 95.57 95.6
96.28 96.62 95.52 95.39 95.6
94.77 94.04 97.15 97.35 97.35
94.61 94.49 96.37 95.85 96.6
96.92 95.29 95.57 95.68 96.94
98.23 98.75 98.87 98.85 98.8
98.3 97.11 92.8 94.15 96.38
95.99 96.46 97.9 97.57 96.66
98.18 98.07 97.25 97.16 98.03
97.97 98.24 96.59 95.05 93.99
94.48 95.82 97.77 97.51 97.76
98.01 98.49 98.06 98.04 97.95
98.13 97.41 96.12 94.04 88.58
85.2 92.12 94.76 97.48 98.52
98.72 98.88 98.88 98.87 98.69
98.3 97.43 96.97 97.19 97.95
98.52 98.76 98.46 98.37 98.83
98.8 98.42 98.49 97.96 97.77
97.68 97.61 96.44 95.19 89.01
89.38 85.05 86.26 87.23 88.86
91.31 84.91 82.65 79.38 82.36
80.14 88.16 91.86 96.31 98.13
98.27 98.58 98.4 98.7 98.54
98.68 98.59 98.45 98.62 98.71
98.65 98.66 98.29 98.52 98.63
97.96 98.57 98.64 98.67 98.65
98.23 98.18 98.12 98.01 97.91
98.51 98.61 98.73 98.59 98.37
98.46 98.15 98.25 98.32 98.68
98.71 98.76 98.35 97.88 98.25
98.6 98.68 98.52 98.56 98.76
98.63 98.4 98.54 98.51 97.98
97.63 98.24 97.74 97.44 97.14
97.64 97.67 96.74 96.99 96.12
94.2 94.3 94.71 94.77 95.06
94.95 94.32 93 91.49 92.27
91.68 89.1 88.39 91.39 89.36
85.59 87.29
