41.19 43.91 43.81 51.38 53.21
59.36 59.9 54.86 59.39 56.39
63.16 68.35 72.23 75.76 78.01
83.37 85.58 86.36 89.35 90.61
90.72 91.13 92.68 92.04 90.97
91.23 89.44 88.64 84.92 84.77
82.46 78.17 72.26 71.28 67.48
61.06 61.85 61.08 61.27 57.16
55.28 56.01 59.78 62.19 67.5
80.72 87.7 85.77 91.13 91.67
90.97 92 93.18 93.83 95.2
95.23 95.23 95.51 96.33 94.59
93.04 93.6 95.19 94.84 94.36
93.56 94.15 93.89 91.91 91.09
90.36 88.19 86 83.24 75.98
64.84 65.96 61.25 61.14 61.98
58.67 61.08 66.36 67.17 68.56
64.22 63.01 71.01 73.59 80.9
83.04 85.64 90.86 92.18 92.65
93.7 95.14 94.45 93.37 93.1
94.37 96.2 96.92 97.14 97.92
97.96 96.65
