38.86 35.14 29.42 40.78 33.84
37.08 38.91 35.62 41.01 33.08
34.13 29.84 31.39 33.69 35.65
41.85 36.47 35.2 37.44 37.19
32.44 37.03 31.15 35.86 33.93
29.45 33.51 29.59 37.69 33.15
31.18 33.69 30.94 37.55 34.73
29.81 33.47 30.18 32.46 35.6
31.32 37.43 37.83 31.91 39.68
30.5 33.48 34.24 28.09 30.53
26.67 30.12 26.64 25.93 31.01
27.73 38.53 32.99 27.65 35.94
31.89 30.25 36.68 29.76 33.71
29.07 33.17 29.96 35.17 32.72
29.91 31.81 36.93 29.92 33.94
32.03 28.01 28.82 27.51 36.97
31.48 30.91 29.24 32.34 38.37
34.33 36.98 33.62 31.23 32.24
36.12 31.42 26.95 28.97 25.19
29.8 31.61 27.51 27.89 28.3
28.65 28.19 32.13 31.37 28.6
35.67 36.1 34.07 35.83 37.79
34.69 31.97 31.77 31.02 32.04
32.05 35.91 34.11 28.15 30.66
34.15 30.93 30.47 36.74 29.86
29.55 31.88 29.29 35.77 29.02
32.63 33.77 34.41 32.45 36.33
32.59 39.68 34.07 40.49 35.64
39.59 37.38 37.86 40.3 39.85
41.14 41.94 37.92 37.35 36.51
38 36.16 35.4 34.97 50.4
39.24 35.87 39.61 36.11 39.82
33.33 45.36 39 38.35 38.53
34.66 39.37 34.34 41.3 40.04
41.29 37.06 42.76 36.16 37.9
36.52 37.83 36.85 38.86 33.77
37.24 33.47 37.96 35.05 31.94
33.95 30.95 33.59 33.39 36.39
39.06 40.53 38.09 41.9 45.21
42.4 50.88 42.2 42.13 50.07
51.28 43.06 50.74 52.83 54.56
55.29 70.31 80.43 85.56
