35.97 36.03 34.14 30.31 34.22
31.2 28.3 33.16 31.07 31.93
38.78 39.07 32.7 33.11 33.52
28.39 28.76 33.42 30.27 32.51
37.75 41.29 37.19 36.54 45.06
54.28 62.88 68.05 74.05 76
80.54 84.12 84.69 82.95 86.78
86.87 86.38 86.77 89.58 89.85
88.55 91.61 92.27 93.89 93.05
93.18 93.21 93.9 93.27 93.1
93.56 93.42 93.77 94.47 93.98
94.38 93.71 94.01 93.41 94.02
93.5 91.89 93.16 93.35 93.34
94.09 94.21 93.57 93.95 93.62
91.62 91.24 90.97 90.56 87.87
86.44 83.07 81.51 86.87 89.39
90.58 88.96 90.2 93.04 92.73
92.74 92.07 92.11 91.29 91.2
85.92 83.46 85.83 83.46 76.05
78.63 80.05 70.5 69.54 72.95
74.29 68.44 69.82 75.1 72.38
67.76 72.3 73.14 68.52 69.33
68.14 65.12 59.04 53.08 52.79
62.91 62.2 59.06 64.56 67.96
68.27 69.97 70.65 70.92 72.57
73.8 77.1 77.26 80.82 82.05
82.85 84.7 87.39 89.93 91.48
92.73 93.99 94.1 93.2 94.23
94.63 95.03 94.51 94.72 93.04
92.52 91.88 86.48 88.08 88.2
84.45 83.03 83.32 84.83 81.54
87.45 91.38 92.28 92.53 92.98
94.07 92.54 91.6 92.47 91.51
90.76 90.86 90.87 89.91 90.72
92.7 93.02 93.67 92.62 91.54
91.49 90.63 91.43 91.21 89.99
90.22 90.73 86.96 85.92 89.31
88.45 85.57 86.54 89.96 87.36
83.91 86.1 89.52 85.37 83.07
88.4 88.67 85.04 87.07 89.68
88.51 85.75 84.95 82.02 83.57
88.11 85.57 85 86.01 86.91
86.46 87.75 88.4 85.85 87.82
86.6 85.92 85.45 86.1 89.04
90.71 88.56 89.04 91.67 91.96
90.39 91.89 92.36 92.81 92.63
93.23 93.65 93.04 94.72 95.28
94.5 94.55 95 95.07 94.69
93.41 92.97 89.6 86.58 87.8
88.63 87.66 88.3 90.92 92.79
93.59 94.63 94.39 94.94 95.09
94.53 94.39 94.5 94.98 93.52
92.49 91.52 90.57 90.23 89.34
90.06 90.54 91.06 92.53 89.34
89.82 91.01 90.71 90.61 91.05
88.34 90.13 91.39 88.44 88.95
91.79 89.72 87.17 88.98 91.29
89.15 88.53 90.8 90.76 87.53
88.17 91.27 89.91 86.97 88.19
88.02 78.01
