91.75 91.19 88.27 85.9 83.03
82.77 81.4 66.53 51.35 39.82
30.4 29.31 28.62 30.66 29.98
28.73 31.4 27.72 30.49 29.96
31.29 32.98 32.42 31.33 37.54
32.22 29.67 40.3 34.09 39.17
38.59 39.04 39.47 37.38 50.6
47.04 35.91 41.32 37.88 38.13
38.79 37.5 35.23 38.27 32.1
40.55 35.78 29.19 35.33 34.49
34.48 43.1 36.64 48.87 52.93
58.61 65.03 78.18 84.12 87.82
88.92 89.32 84.99 84.46 81.27
85.06 88.18 86.8 88.98 87.64
84.7 88.71 91.31 91.82 88.84
88.66 84.34 81.28 81.96 83.02
81.54 85.24 84.8 89.66 91.32
92.04 90.92 88.15
