91.71 94.96 95.26 97.73 98.69
98.89 98.86 98.69 97.94 97.3
97.52 97.51 98.21 98.68 98.24
98.48 98.22 98.06 97.53 96.69
97.34 96.31 94.48 93.34 93.44
92.05 89.05 85.49 78.44 65.18
56.78 55.93 59.51 64.06 70.57
85.94 93.84 95.84 97.75 98.58
98.78 98.42 96.83 95.42 93.37
95.59 94.76 92.63 94.69 94.83
92.23 92.17 94.73 93.61 92.29
94.06 94.61 92.31 92.77 90.79
92.07 91.72 91.85 93.77 95.62
96.44 97.35 97.91 97.65 97.91
96.23 95.34 94.02 91.94 92.12
94.66 93.49 92.21 89.74 89
87.53 84.6 78.92 72.68 68.37
57.65 58.19 53.83 56.5 63.9
58.08 63.88 69.05 77.14 77.67
88.49 91.37 93.03 92.12 94.01
95.89 96.23 97.57 97.33 97.41
97.21 93.75 94.19 93.61 96.29
97.83 98.48 98.52 98.49 97.58
97.52 94.48 91.85 93.27 96.9
97.99 98.57 98.78 98.75 98.35
97.63 97.76 96.35 96.39 94.32
94.54 95.21 97.62 98.49 98.69
98.79 98.65 98.36 97.73 96.71
94.99 92.12 87.5 84.38 86.87
87.92 90.64 92.23 89.8 91.58
91.51 92.45 91.49 92.08 91.39
90.89
