30.82 30.38 25.49 30 32.94
30.39 37.47 35.31 30.83 28.25
28.61 27.56 28.38 26.4 31.38
24.5 33.25 28.35 23.33 26.51
28.04 28.47 34.99 30.66 35.23
28.95 30.76 30.19 30.65 37.37
35.79 43.33 39.98 44.68 53.89
52.98 59.25 47.43 55.85 55.93
51.24 59.65 66.17 68.06 67.8
69.07 81.22 83.26 83.88 80.73
80.81 85.8 83.79 83.06 86.09
87.46 85.19 83.38 82.2 85.09
91.76 96.07 97.78 97.59 96.68
96.64 98.43 98.4 98.3 97.53
96.71 97.28 97.48 97.69 98.57
98.34 97.55 98.52 98.65 98.53
98.55 98.47 97.5 94.79 96.06
96.01 96.81 95.22 96.88 97
96.62 98.12 97.73 97.91 98.4
98.33 98.31 98.62 98.51 98.61
98.45 98.62 98.5 98.24 98.06
97.15 96.79 96.93 98.15 98.47
98.64 98.8 98.78 98.82 98.74
98.75 98.3 98.51 98.14 98.7
98.8 98.86 98.74 98.81 98.71
98.65 98.32 97.86 97.75 96.86
95.56 95.76 95.69 95.7 94.81
97.13 96.86 97.36 96.36 96.82
97.49 97.24 97.3 97.87 97.69
97.59 98.09 98.43 98 98.54
98.53 98.63 98.81 98.77 98.65
98.67 98.66 98.62 98.65 98.68
98.73 98.58 98.22 98.49 98.46
97.94 98.18 97.93 96.9 97.44
96.13 98.1 97.81 98.57 97.97
95.98 95.47 97.73 97.79 98.35
98.52 98.8 98.54 98.67 98.79
98.58 98.81 98.85 98.83 98.77
98.66
