90.99 91.21 91.48 89.92 88.64
87.67 86.43 81 68.83 58.62
62.42 66.72 74.09 79.07 81.46
83.48 83.15 82.62 84.36 87.03
86.32 85.78 87.39 87.68 85.69
85.65 84.37 83.55 81.62 80.15
78.6 78.25 77.7 75.18 77.25
78.64 74.83 75.63 76.66 74.93
73.1 71.37 52.51 48.45 40.22
36.77 42.13 34.87 31.95 31.63
29.19 29.3 31.23 28.42 29.71
32.39 35.8 37.55 46.32 44.39
46.08 52.86 59.81 58.93 73.69
66.57 68.64 69.09 73.26 71.61
70.53 66.89 69.18 65.16 62.6
54.82 47.65 43.19 36.5 39.26
36.44 34.2 36.34 34.74 36.84
30.08 37.68 37.74
