89.89 89.45 91.76 91.29 87.58
87.62 89.61 89.88 87.52 89.72
88.19 88.07 87.48 89.09 89.37
86.8 87.78 90.14 90.54 88.89
90.02 90.05 89.51 87.68 89.63
86.58 81.84 80.18 72.46 52.94
50.12 45.55 42.35 38.61 40.6
32.83 39.77 31.25 31.96 37.63
42.27 46.46 44.67 47.87 48.83
44.55 56.03 67.55 68.68 70.99
72.12 70.43 78.8 77.51 71.69
72.2 73.4 74.77 71.71 70.3
70.1 71.4 65.41 65.16 63.99
59.14 56.91 63.83 58.4 56.25
55.88 59.7 55.54 58.4 63.24
67.63 67.18 72 72.66 74.97
75.85 79.47 81.28 78.92 79.75
83.71 81.4 73.02 79.01 79.88
77.01
