45.84 55.33 56.46 64.15 68.04
71.38 78.7 81.07 82.03 84.85
84.06 83.78 82.27 84.07 78.59
76.92 80.04 78.47 82.96 85.13
85.63 86.5 87.34 90.77 90.82
92.95 93.41 94.04 95.1 96.32
96.26 95.83 96.73 96.9 95.79
94.52 96.43 94.46 93.19 91.72
93.77 95.1 95.57 94.29 93.62
91.8 89.66 82.3 80.52 79.97
76.65 78.43 82.57 89.29 91.42
94.6 95.93 94.91 94.81 95.55
94.4 94.29 94.88 93.22 90.7
90 87.79 86.24 88.28 85.77
87.97 88.77 90.34 92.54 93.09
94.49 96.24 96.12 96.3 97.75
97.77 97.25 97.62 98.04 97.32
96.95 96.87 97.41 95.78 96.52
97.32 97.74 97.7 98.35 98.55
98.2 98.4 98.61 98.15 97.19
96.84 96.88 95.03 92.72 92.59
89.15 86.21 86.3 86.99 82.77
88.66 88.4 89.5 91.02 91.74
93.86 94.66 92.72 94.2 95.56
95.06 93.85 95.86 97.42 96.34
95.14 97.09 97.55 96.3 95.83
96.06 95.11 93.71 87.65 89.04
91.46 88.93 92.17 91.7 91.19
92.28 91 86.91 85.53 85.44
86.89 90.77 91.17 92.78 94.77
95.54 95.25 96 97.68 96.93
96.69 97.59 97.48 95.34 95.05
95.23 94.26 95.37 95.78 94.4
96.52 96.57 94.68 97.21 98.04
97.38 96.8 98.09 98.32 97.95
97.65 98.43 98.46 96.96 96.53
97.37 95.79 93.03 93.36 92.94
89.14 83.71 75.72 68.51 61.41
58.6 66.6 67.34 72.19 81.54
86.64 90.39 93.38 95.63 96.74
97.52 96.28 95.26 93.8 93.11
92.7 95.46 96.56 97.46 97.21
96.31 97.98 97.68 97.6 95.83
94.92 95.59 96.65 95.98 95.45
94.33 91.33 89.4 84.7 82.85
81.8 80.47 77.34 75.13 75.22
66.87 62.95 65.91 62.63 68.86
71.16 82.3 89.88 93.66 95.04
96.37 97.48 97.64 96.91 94.73
91.22 92.51 93.86 89.51 80.32
74.44 63.23 58.04 57.73 58.24
61.25 62.56 67.19 71.08 71.41
77.06 76.45 81.74 81.51 83.34
80.85 86.05 83.54 84.56 86.74
86.58 87.81 90.61 91.52 90.84
93.92 94.8 94.52 94.5 95.72
96.06 95.7 96.06 95.72 95.18
95.17 93.86 95.19 94.48 95.24
96.24 97.11 96.54 95.68 93.91
94.47 94.99 95.09 93.2 94.43
95.5 93.79 92.26 95.38 94.77
91.75 92.25 92.75 90.63 92.98
92.87 94.25 94.66 94.65 93.68
94.29 93.11 94.54 93.41 95.31
95.85 94.98 94.58 95.5 94.9
92.43 93.45 93.94
