49.71 43.52 48.39 47.38 42.54
36.21 36.3 42.33 47.99 56.14
67.93 67.65 68.8 73.62 74.67
75.28 74.41 77.16 76.96 72.31
69.92 78.37 78.4 75.5 80.25
79.91 80.08 78.34 81.43 79.02
79.96 80.41 82.79 80.29 77.36
78.64 76.32 71.92 71.01 74.72
70.52 64.67 72.19 65.4 61.26
64.24 65.05 64.54 67.48 69.2
71.41 65.72 69.12 72.75 67.1
64.71 66.84 66.71 55.67 56.39
54.92 52.5 59.23 61.02 59.63
61.05 62.84 62.24 61.43 66.58
66.81 69.62 76.29 74.36 77.81
82.62 83.18 84.05 77.73 78.63
83.71 83.6 84.31 87.16 86.14
88.39 87.02 88.16 89.67
