91.82 90.22 91.05 92.4 92.75
92.7 93.22 94 95.42 96.63
96.09 95.79 97.27 97.16 95.19
95.5 95.81 93.41 91.14 89.94
88.91 92.56 94.81 97.09 97.68
97.84 98.1 97.91 98.05 98.06
97.32 96.75 94.76 94.09 92.9
93.24 94.62 96.15 97.68 98.08
97.66 97.61 97.69 98.45 98.37
98.32 97.19 97.09 96.31 96.67
96.4 95.22 93.79 94.25 93.54
93.6 91.71 92.81 92.13 89.77
88.86 90.08 89.93 89.59 91.13
93.67 92.98 92.9 93.59 94.36
94.07 93.48 93.84 93.66 94.39
91.78 90.58 92.48 92.08 96.14
97.59 98.13 97.94 97.94 98.08
98.21 98.04 97.35 95.87 90.77
77.32 51.46 35.29 26.97 31.97
27.98 29.17 30.51 34.97 29.72
33.95 30.97 41.36 37.21 38.63
40.74 34.92 30.39 30.08 26.42
23.8 28.69 28.11 32.8 32.92
33.78 37.04 40.92 34.98 34.67
32.04 30.97 30.45 31.8 26.58
31.02 29.81 29.12 26.01 33.12
30.24 25.43 30.21 26.58 31.38
27.72 30.16 24.99 31.14 29.3
27.97 28.59 29.56 33.77 30.27
29.73 37.29 28.19 30.54 29.57
26.32 26.59 26.59 27.1 29
31.06 29.67 26.29 30.17 32.42
28.58 37.38 29.45 36.14 30.07
41.52 31.86 35.9 42.47 54.38
59.9 66.58 79.81 83.03 81.05
78.13 67.52 54.51 46.56 35.78
26.28 24.07 25.01 23.66 28.97
27.02 28.23 27.47 28.65 27.84
26.74 31.78 29.25 33.55 32.67
34.24 29.68 33.55 33.1 33.27
36.03 35.01 41.41 35.25 32.06
38.03 30.7 34.48 31.11 31.34
34.73 31.95 30.73 29.36 29.34
26.84 35.21 31.92 42.58 51.64
64.95 85.3 91.12 94.09 93.61
94.14 93.18 93.96 94.61 93.36
92.6 92.74 88.58 93.6 93.15
94.29 92.27 90.71 92.29 96.33
96.81 97.08 96.72 97.51 96.91
97.88 98.11 97.69 97.74 97.77
98.33 98.45 98.01 96.01 95.95
96.46 97.37 95.56 94.04 93.21
90.17 94.01 96.26 96.28 96.38
93.95 91.12 94.44 94.17 95.16
94.9 95.13 95.98 97.11 97.8
97.96 98.09 97.42 97.97 98
97.48 96.35 94.84 95.88 94.84
94.83 94.45 95.23 95.72 94.49
95.44 95.45 93.43 93.92 95.24
94.45 91.57 91.9 93.38 95.13
94.59 93.4 92.93 93.01 91.18
92.97 94.23 96.17 96.97 96.1
96.5 96.34 97.16 97.54 97.1
98.06 98.34 98.24 98.17 97.78
97.71 97.37 96.52 94.25 93.6
94.63 96.17 97.78 97.77 97.76
96.62 94.08 93.58 95.68 96.17
95.64 97.15 96.99 97.31 97.82
98.16 98.31 97.82 97.86 97.59
96.89 96.3 96.48 96.74 97.58
97.98 97.14 95.28 91.13 86.09
82.46 74.74 60.08 36.8 33.73
34.95 23.53 29.83
