40.48 36.75 38.68 45.46 43.17
44.73 48.5 50.98 49.36 52.45
51.31 54.06 48.7 50.92 41.25
51.58 50.19 49.06 53.05 67.29
65.38 56.7 67.02 69.92 61.3
57.4 63.19 60.65 56.62 53.48
74.64 60.21 63.28 77.11 68.7
65.28 69.5 68.28 66.54 62.78
74.81 71.18 72.92 76.63 71.94
66.54 70.27 67.78 64.38 76.14
78.57 69.4 81.88 77.94 67.89
74.48 76.4 71.44 70.74 75.1
78.64 72.27 77.66 75.19 68.73
72.85 76.16 67.95 70.71 75.19
76.4 67.83 79.21 76.96 69.07
72.14 77.82 70.66 70.26 78.51
79.81 72.43 81.05 77.92 69.39
73.07 74.81
