35.45 45.69 46.27 52.17 54.35
54.41 70.87 76.67 78.15 78.94
83.7 87.36 87.79 89.93 91.3
92.69 93.38 94.26 96.19 96.67
97.72 98.02 98.34 98.39 98.28
98.13 98.14 98.1 97.12 96.92
95.76 95.8 94.43 93.41 92.18
91.02 89.15 91.29 88.81 85.44
85.06 83.89 80.55 83.13 86.47
89.31 90.94 92.03 91.96 90.29
89.83 90.57 89.79 88.39 86.72
86.24 85.19 85.02 83.19 83.47
86.93 86.14 89.12 90.06 89.08
89.15 86.28 86.22 86.88 86.66
89 87.93 86.82 87.71 89.99
91.15 91.84 92.77 92.92 93.75
95.37 96.78 96.44 96.85 97.07
97.38 97.51 97.77 97.57 98.16
98.04 97.82 97.67 97.76 97.79
96.93 95.82 95.39 93.45 94.03
93.04 92.27 90.84 88.83 86.45
87.46 87.03 83.04 87.2 88.39
91.06 92.91 90.84 93.55 95.33
95.38 94.91 96.38 97.78 97.8
97.81 98.21 98.29 98.35 98.3
98.24 98.23 97.96 97.72 97.24
95.93 95.66 95.45 94.12 92.51
92.23 89.94 88.79 86.63 85.7
83.33 77.52 72.92 65.81 67.11
68.78 76.87 85.76 88.78 90.97
91.9 93.02 96.13 96.62 95.97
97.21 98.09 97.98 97.84 97.91
97.65 97.23 95.96 95.34 95.54
93.31 90.58 89.63 86.05 83.55
73.13 65.94 58.81 54.4 50.23
47.29 45.09 47.25 47.32 44.53
44.12 49.11 49.76 44.67 40.44
