95.35 94.18 94.2 96.71 97.42
96.46 97.85 97.67 97.9 96.65
97.54 97.16 97.17 96.08 95.63
96.58 95.15 94.95 94.16 93.88
91.37 92 90.73 90.16 87.38
87.54 88.17 86.38 86.93 90.66
91.04 92.59 91.09 93.02 94.32
95.94 94.16 95.63 96.85 96.72
96.88 96.2 97.72 96.9 96.87
96.34 96.32 96.22 94.39 94.01
93.13 91 89.9 88.18 86.9
82.24 81.3 68.17 58.3 58.6
56.79 56.8 54.5 55.09 55.4
50.94 49.24 51.25 49.22 44.82
43.02 39.35 37.12 38.6 38.38
40.26 32.27 47.37 46.03 47.35
46.96 46.64 58.99 52.44 59.1
67.89 62.44
