93.54 93.04 86.27 85.84 85.22
81.34 81.17 85.02 86.87 85.45
90.21 92.49 92.65 91.75 92.05
96.21 96.93 96.86 96.17 93.92
93.96 94.09 93.46 92.5 90.5
89.74 90.4 90.76 92.19 92.59
94.72 96.48 97.22 98.12 97.84
97.58 97.18 96.56 95.87 95.45
93.14 89.15 88.35 93.19 93.14
94.3 94.36 92.85 93.07 94.66
93.26 90.29 87.35 93.66 94.04
96.54 98.09 98.73 98.77 98.87
98.85 98.57 98.67 98.35 98.27
97.93 97.72 98.41 98.58 97.67
97.7 98.37 98 97 97.26
97.22 95.37 94.79 95.23 93.68
92.08 87.6 77.24 65.79 59.72
69.9 81.54
