33.77 38.8 37.4 42.18 40.02
41.95 47.65 44.23 38.06 50.06
43.09 49.6 65.21 67.79 69.11
74.33 75.14 74.4 78.29 76.52
78.91 78.75 78.57 79.51 74.52
74.29 72.44 65.94 67.77 74.92
77.13 81.03 82.86 81.86 82.44
81.49 78.85 77.59 80.96 83.7
82.38 83.08 81.73 83.8 82.74
76.81 80.87 82.15 81.78 78.64
76.08 79.46 77.53 83.06 81.98
80.92 79.25 77.97 77 70.84
65.18 56.34 40.92 36.67 33.17
36.72 37.52 40.37 35.46 31.89
38.19 33.04 34.92 38.45 42.6
46.26 43.67 41.65 39.77 39.25
37.74 36.12 36.43 35.54 36.43
38.26 38.91 38.6 38.34 37.44
36.78 36.78 37.05 37.95 38.8
38.88 38.84 40.2 39.43 39.18
38.11 37.74 38.34 38.7 37.46
37.42 36.56 36.78 42.19 36.78
40.3 40.6 41.67 47.55 39.74
38.02 50.08 41.07 34.36 39.74
46.05 45.77 53.34 67.6 73.03
76.73 75.63 75.81 67.17 70.17
77.34 81.37 82.14 81.83 82.79
85.53 83.88 82.44 84.21 83.77
81.06 81.08 80.82 79.91 71.04
66.5 58.02 60.02 54.24 55.72
51.56 41.05 39.41 41.65 39.63
56.01 65.2 70 71.82 73
78.7 80.15 80.59 80.8 82.33
82.3 82.93 80.13 79.75 79.52
77.89 79.67 71.9 70.95 73.49
69.74 62.48 62.66 58.96 51.36
36.59 32.44 33.39 30.67 29.34
30.89 34.27 34.71 31.02 34.04
32.44 33.78 34.33 32.64 33.59
38.05 33.85 39.2 39.08 38.32
35.22 37.11 35.42 37.03 42.77
32.93 41.82 37.04 39.23 32.64
38.92 34.35 34.95 33.1 41.4
36.75 36.26 36.27 33.93 35.48
37.26 35.37 39.07 38.3 38.44
40.06 32.35 36.68 45.5 45.92
52.03 70.76 75.81 80.68 86.8
88.57 81.6 80.6 86.41 82.89
82.9 85.75 83.94 82.39 84.83
86.28 85.05 83.12 88.46 84.68
85.87 88.18 88.1 83.19 80.85
85.04 76.71 71.25 57.83 52.98
47.69 50.15 38.91 35.01 38.38
39.85 38.08 41.46 35.26 40.91
37.28 36.87 34.98 36.15 39.34
35.9 36.4 50.78 37.57 34.54
45.93 35.05 34.52 37.69 36.56
34.97 42.57 38.54 38.92 40.17
31.3 34.23 36.66 36.32 40.87
53.82 57.26 64.94 69.76 75
69.04 73.47 66.97 62.69 69.13
70.54 76.78 82.89 81.49 82.78
84.79 78.1 79.17 82.2 80.69
81.2 85.36 83.53 83.89 82.99
84.64 83.59 83.2 86.15 81.86
80.51 82.77 78.13 77.99 76.26
76.81 66.94 62.23 60.18 66.55
75.32 79.22 81.64 85.37 80.09
79.78 84.59 81.08 81.72 82.44
81.29 79.8 80.6 82.6 81.03
80.82 85.17 82.27 80.45 83.64
82.68 80.58 76.48 76.82 71.42
67.02 66.99 71.16
