94.51 97.12 97.95 98.34 98.53
98.61 98.58 98.37 97.63 97.32
95.56 95.63 97.24 97.74 97.79
97.5 95.92 97.18 97.49 98.03
98.21 98.54 98.53 98.67 98.43
98.61 98 95.64 95.65 93.42
92.21 94.87 95.07 97.48 97.99
98.41 98.48 98.75 98.69 98.19
96.24 95.97 97.72 98.13 97.95
97.11 97.82 98.41 98.04 98.4
98.13 98.33 96.42 96.87 93.44
89.25 85.64 86.64 85.83 92.11
97 98.22 98.6 98.55 98.73
98.65 98.59 98.31 98.3 97.76
98.16 97.23 95.93 95.42 97.67
97.85 97.15 97.94 97.94 98.43
98.77 98.68 98.69 98.54 98.22
96.29 92.6 91.86 92.83 88.06
90.73 96.09 97.72 98.43 98.36
98.39 98.42 98.31 97.87 97.97
97.68 96.84 97.86 98.23 98.35
