93.23 93.79 94.39 95.42 94.88
94.27 95.09 94.95 94.03 93.82
93.41 92.87 92.35 91.21 88.21
86.59 87.38 91.5 92.78 94.47
94.16 93.75 93.84 95.37 93.83
93.81 95.6 95.03 93.28 93.05
93.71 93.51 92.12 92.99 93.14
92.08 90.28 89.06 88.03 87.65
86.52 88.26 87.15 84.36 80.67
77.43 63.46 54.66 41.99 34.98
30.78 30.93 31.4 31.95 31.94
32.89 34.65 39.99 33.2 36.15
36.55 36.7 35.79 36.02 40.79
35.89 35.11 32.19 32.63 33.71
37.93 31.43 34.38 35.33 36.16
38.22 37.63 48.09 59.14 71.19
78.76 83.76 87.8 89.77 90.47
87.95 87.28 82.34 79.33 77.55
82.45 83.02 83.95 86.66 87.95
88.32 89.18 91 92.34 91.99
92.96 93.04 93.37 91.69 93.18
92 90.52 91.09 91.07 90.37
91.95 93.31 91.26 92.92 94.39
94.33 95.5 96.11 92.68 93.55
95.19 94.11 95.12 95.72 93.7
95.8 93.29 93.54 95.03 95.42
93.65 92.78 92.03 85.25 84.77
91.32 90.34 93.77 94.85 96.45
96.24 96.41 96.06 96.43 95.22
95.86 94.69 93.93 93.77 93.82
91.54 90.78 91.11 89.45 88.02
81.75 78.46 75.45 71 70.9
85.51 90.03 92.76 91.87 91.95
87.3 85.91 89.79 89.24 89.69
91.19 91.94 91.06 91.19 91.76
92.32
