40.55 48.19 47.06 45.86 43.63
45.99 39.72 56.92 47.81 53.32
46.65 44.27 52.88 41.29 47.59
39.85 50.69 39.77 45.94 36.81
48.96 47.89 39.53 37.39 37.79
35.76 32.46 38.23 30.71 28.92
30.8 31.89 30.23 27.55 33.29
31.69 30.22 32.6 34.28 36.38
37.07 39.03 53.18 51.63 55.69
67.43 66.6 54.89 65.13 71.85
63.81 63.65 71.3 74.01 65.75
66.49 71.17 69.36 62.07 68.84
70.13 56.58 53.85 46.35 33.54
31.92 33.5 30.61 32.02 33.59
32.09 32.12 31.68 31.99 32.04
30.57 28.56 35.39 30.9 32.66
31.33 29.82 30.46 33.83 29.65
32.43 33.08 29.76 31.19 31.9
35.15 34.26 39.62 38.5 34.62
32.08 33.92 29.28 36.43 31.92
36.35 35.68 36.24 36.87 35.33
35.29 35.44 37.53 36.53 33.41
35.34 33.76 34.4 41.63 43.54
37.74 39.39 40.9 37.21 36.79
41.55 38.65 47.04 50.16 50.13
49.76 58.61 77.1 83.43 84.15
83.71 85.68 86.16 88.52 86.92
88.82 86.56 85.25 89.39 92.02
94.64 93.88 93.18 95.68 96.24
94.65 94.35 95.45 95.49 94.37
92.22 91.57 91.52 90.67 90.8
92.7 93.9 93.92 93.28 94.63
94.09 94.22 93.45 95.35 95.7
93.83 94.63 95.81 95.67 93.71
95.08 97.16 96.95 96.69 97.93
97.93 97.7 97.87 97.81 97.26
95.89 95.97 96.23 93.98 92.27
92.92 91.9 92.58 93.87 95.21
94.91 95.36 96.39 97.03 96.38
96.63 97.41 96.86 95.6 95.2
95.37 94.36 91.87 90.91 92.33
92.54 93.9 95.13 95.28 95.04
96.1 96.77 95.64 96.37 96.84
95.7 93.51 94.54 93.22 91.22
85.53 80.63 79.41 76.71 73.95
68.08 75.43 76.84 71.78 77.28
86.09 86.93 90.33 90.78 92.16
93.12 93.99 91.84 91.94 92.04
90.2 86.18 72.18 74.26 73.19
69.78 63.93 56.21 52.03 37.34
34.53 33.42 33.39 35.35 39.57
36.14 40.1 40.3 38.22 42.36
40.09 32.5 41.57 39.61 46.55
40.08 38.65 42.22 41.24 39.61
42.54 46.25 37.04 43.55 40.1
50.62 42.99 44.31 42.4 42.51
35.18 40.44 39.51 34.24 38.36
35.91 40.3 33.99 41.21 38.46
40.12 38.06 39.15 38.85 36.83
36.05 35.57 38.33 31.64 34.09
33.44 36.47 36.5
