38.75 39.25 44.18 39.76 40.1
38.22 35.03 35.15 32.4 33.71
34.42 31.64 31.57 29.11 29.76
31.78 30.16 35.16 33.63 33.15
31.97 46.05 37.92 38.31 39.39
38.26 39.16 39.12 38.8 39.6
39.31 36.22 37.76 34.19 38.55
31.98 30.39 34.38 45.48 45.4
48.11 37.36 38.76 34.67 28.88
36.04 28.62 36.33 31.28 28.93
33.59 30.96 34.39 30.98 31.55
30.75 32.51 34.29 35.44 31.33
41.89 29.97 32.21 35.21 31.91
37.6 34.38 31.55 31.57 29.27
30.42 31.41 32.55 31.87 32.75
36.25 48.58 46.6 48.55 67.11
68.52 72.47 77.24 75.33 80.09
82.39 81.28 81.73 87.2 87.44
85.01 88.3 90.45 90.42 87.77
89.3 89.46 90.19 87.63 87.56
91.53 86.45 87.11 90.67 87.85
84.86 83.14 85.8 84.48 79.4
