88.83 87.15 85.83 87.13 90.14
91.35 92.05 93.12 91.82 90.18
87.68 82.38 78.3 81.31 78.32
79.77 78.33 82.1 86.34 87.59
86.15 90.68 91.4 89.77 90.17
90.68 91.25 89.75 90.07 86.96
90.02 91.14 90.5 89.38 87.1
81.88 80.06 76.74 74.37 80.52
87.65 89.75 92.38 92.6 92.64
92.22 91.51 86.99 82.93 87.08
87.07 85.85 84.36 85.2 87.49
88.06 85.91 86.48 86.83 87.04
83.62 80.31 83.86 83.63 83.08
78.92 78.96 86.57 88.73 90.4
92.43 92.31 91.09 89.04 93.07
90.63 88.89 88.86 89.26 88.22
87.24 87.03 87.78 89.27 86.97
88.41 86.95 87.14 78.42 78.64
84.87 82.49 80.58 77.09 75.26
68.28 58.18
