93.43 91.15 89.27 91.86 92.28
91.68 89.82 90.55 92.02 92.11
90.66 92.52 94.72 94.28 92.34
87.28 90.04 93.28 95.72 94.73
95.81 95.72 96.93 97.5 97.77
98.33 98.44 98.19 97.45 95.65
93.86 90.55 89.57 86.34 87.53
85.8 88.64 89.78 93.48 92.88
92.45 93.22 94.19 93.41 91.66
91.71 92.69 94.57 94.13 96.49
95.16 95.49 94.04 92.35 92.59
94.74 95.8 95.92 96.35 95.49
94.56 96.17 95.19 88.77 82.97
86.54 89.47 93.48 93.51 90.95
92.22 91.5 94.18 90.79 93.2
89.31 90.87 89.34 91.42 90.72
93.39 93.33 93.81 85.77 68.56
48.36 34.67 35.56 26.48 28.09
27.61 30.7 27.48 31.8 31.05
41.84 32.93 37.27 40.29 41.86
46.82 53.54 73.86 84.08 94.14
96.01 97.99 97.94 98.1 97.7
97.67 97.31 97.3 96.87 96.75
96.8 95.64 94.82 92.84 91.83
88.48 87.84 89.95 90.98 93.87
94.18 95.8 96.35 95.16 95.62
95.41 94.27 87.85 80.75
