38.64 43.99 38.14 35.28 35.71
31.43 42.45 36.65 35.51 37.28
33.08 33.95 40.27 38.17 44.33
36.91 40.06 45 36.56 40.73
42.28 39.6 40.23 44.05 42.25
35.13 39.23 33.59 33.97 36.8
31.57 28.42 30.86 30.68 33.25
29.98 34.54 30.55 33.97 25.71
36.09 35.55 39.66 56.51 68.58
84.15 91.89 92.73 92.16 90.8
92.55 91.73 89.22 86.92 85.28
78.42 77.13 78.4 79.67 83.64
89.71 90.09 90.84 87.51 85.1
82.82 83.82 88.42 90.56 90.75
93.81 91.52 89.31 89.22 90.78
92.92 90.15 87.44 86.66 85.37
72.25 60.06 44.64 37.9 36.08
38.6 37.33 40.05 36.33 32.06
42.35 45.67 39.15 42.74
