53.85 70.53 67.35 70.73 65.95
64.77 65.68 65.62 63.64 59.94
62.1 65.15 65.32 67.72 64.86
63.5 65.05 68.05 75 75.17
78.94 84.34 85.91 87.07 89.37
89.79 91.91 91.43 93.24 92.72
94.08 93.44 93.44 92.56 93.21
92.07 90.35 90.58 90.11 86.18
86.4 85.67 84.55 79.59 79.15
82.57 84.49 88.09 88.77 90.43
92.26 93.42 93.62 91.79 87.56
85.73 89.28 85.76 90.57 91.86
88.4 91.66 92.87 90.92 87.6
91.51 90.97 87.05 86.24 85.19
77.82 65.63 67.85 69.86 73.79
83.9 85.33 87.09 88.04 85.99
86.21 85.54 85.87 85.78 87.08
86.05 85.93 88.81 88.13 87.01
89.04 87.95 87.08 88.77 88.79
85.88 87.39 89.59 89.06 89.04
89.77 90.13 90.13 89.99 89.69
90.75
