38.45 36.76 40.09 44.57 35.49
37.86 39.64 38.95 34.37 31.24
32.81 31.19 33.81 31.68 31.7
29.52 32.19 31.43 27.22 37.14
30.79 28.47 32.86 28.11 30.69
29.53 33.11 31.64 27.7 32.25
27.25 29.28 30.86 23.79 30.4
26.93 32.35 27.88 35.55 34.87
28.07 36.63 31.24 34.28 36.1
36.95 38.58 31.9 33.06 33.77
35.96 38.22 32.24 36.55 35.76
34.52 35.58 34.08 37.12 32.18
34.19 28.61 35.31 31.32 35.79
33.11 33.76 36.53 35.14 36.9
36.23 37.79 35.51 30.62 35.08
38.51 38.87 45.09 43.37 55.03
57.06 57.37 72.08 74.68 75.03
71.9 75.69 81.03 76.44 75.64
82.26 80.79 75.64 75 76.77
76.6 75.99 80.57 74.64 74.96
73.95 71.74 64.1 63.28 60.24
57.43 59.45 56.98 59.32 59.56
59.39 65.73 57.55 60.73 63.54
61.73 62.71 63.62 68.2 80.75
88.18 89.7 90.73 91.62 93.02
92.01 91.49 90.2 88.6 90.44
91.26 92.19 92.01 92.54 92.61
95.5 94.88 95.6 94.51 93.26
90.5 87.52 86.61 85.07 84.69
88.35 90.78 93.32 94.42 95.86
95.99 95.55 94.46 94.19 89.02
84 82.97 83.77 87.84 93.18
94.76 95.06 95.33 95.2 95.25
95.38 94.32 92.71 89.57 87.6
84.69 83.76 80.95 80.83 77.23
78.81 79.49 80.18 81.63 85.33
88.29 91.72 94.44 94.79 95.6
95.3 94.91 92.16 90.21 85.66
85.06
