91.22 89.24 90 88.64 88.28
86.04 90.92 90.87 89.16 87.91
88.82 85.44 82.93 84.17 85.04
82.45 81.78 82.68 83.85 83.27
82.01 82.7 83.28 81.71 82.71
86.14 82.79 83.61 85.67 86.45
84.8 82.04 74.05 71.11 65.33
72.06 76.33 84.06 88.07 86.95
86.94 87.49 83.44 83.8 84.21
84.32 90.46 89.29 90.84 89.79
88.57 88.81 89.06 88.83 91.55
92.02 91.26 89.69 87.86 88.67
86.13 83.58 85.34 82.25 87.97
90.93 89.68 88.01 87.58 88.74
87.9 85.51 86.79 85.06 85.1
80.94 79.11 83.36 85.22 85.24
84.55 87.39 87.62 90.13 89.9
91.76 90.61 90.88 91.94 90.36
92.1 91.24 91.74 92.53 94.44
93.62 93.49 88.86 88.46 89.08
92.44 92.43 93.38 93.24 93.43
93.52 92.43 92 91.35 92.61
92.4 91.93 91.55 93.32 93.59
93.51 92.14 93.15 89.65 91.27
92.52 90.51 93.05 90.96 91.71
88.47 85.9 88.97 90.66 90.52
92.92 91.28 93.04 95 94.46
94.75 93.31 92.28 91.51 92.02
92.74 95.02 94.73 94.91 93.96
93.43 92.06 89.44 85.48 84.94
78.67 80.68 84.82 90.52 92.25
94.52 94.77 94.95 94.59 95.25
92.79 92.01 91.27 92.53 91.45
89.64 88.99 87.64 89.51 90.82
92.44 92.32 93.37 94.43 94.87
95.52 95.03 94.69 94.01 93.77
90.39 87.45 87.28 89.55 91.08
93.48 93.89 93.63 94.89 94.71
95.34 94.69 94.43 94.1 93.81
92.7 91.09 91.01 89.63 91.71
90.18 90.84 92.99 95.65 94.8
95.28 93.73 92.73 92.92 95.05
94.57 95.35 95.06 95.88 95.17
94.81 94.88 92.65 94.6 94.8
93.4 93 94.58 95.11 93.86
94.78 95.37 95.19 94.66 94.7
93.58 94.3 92.16 92.45 87.21
87.34 88.92 89.82 87.83 92.49
94.39 95.39 96.23 95.37 95.8
93.02 88.06 87.58 91.28 91.3
91.55 93.42 92.07 93.26 94.4
95.87 95.26 96.05 95.54 95.02
93.62 93.77 93.97 96.2 95.45
95.26 95.67 93.9 92.44 92.86
94.51 93.74 95.08 93.8 92.44
92.8 93.19 95.21 94.67 95.11
94.95 95.14 95.85 95.77 96.33
95.03 94.6 89.48 87.98 90.36
93.03 93.94 94.44 94.6 95.22
95.85 95.83 96.18 95.78 96.13
95.38 94.35 94.96 93.44 94.03
92.36 92.81 93.09 94.56 91.99
92.25 89.98 88.21 85.82 86.01
87.78 82.78 86.24 89.66 90.7
91.27 92.27 87.1 83.02 82.84
85.86 86.06 87.71 89.63 90.18
90.22 91.98 91.98 92.25 91.47
93.73 93.2 94.06 91.6 90.38
90.32 90.72 88.45 89.91 91.35
90.79 92.11 92.61 93.13 89.94
83.13 85.87 90.19 91.21 92.31
90.82 92.37 89.22 88.85 77.52
79.27 75.77 83.41 86.98 90.22
90.66 92.07 90.98 91.38 85.97
85.02 85.51 90.74 91.99 94.32
93.57 91.82 92.08 92.33 93.92
91.8 93 92.11 93.78 93.58
94.03 93.89 93.82 94.11 91.85
89.44 88.18 92.06 92.41 93.18
93.6 94.51 94.36 93.15 92.81
91.48 92.15 91.06 93.06 92.53
92.46 93.84 92.46 94.24 92.32
93.56 94.47 96.27 94.77 95.95
94.01 93.99 91.86 94.68 95.28
95.9 94.76 94.99 94.49 92.97
93.74 91.82 92.01 91.97 90.49
90.22 93.14 94.62 93.5 93.18
94.34 95.24 94.9 95.11 94.4
95.64 94.71 95.64 92.57 91.57
91.77 92.96 92.9 93.85 94.61
95.76 96.23 95.17 93.71 91.86
87.28 83.75 77.69 79.68 77.59
79.83
