45.01 44.46 50.32 56.6 69.15
69.08 72.2 81.19 87.16 89.42
89.95 90.75 91.1 93.2 88.62
87.04 88.64 83.71 86.41 88.21
92.2 93.62 95.55 94.41 95.94
96.5 95.58 95.96 96.64 95.71
95.24 95.93 95.08 92.81 92.13
91.42 93.82 95.42 97.12 96.09
94.12 90.72 85.3 85.17 91.91
96.27 97.14 97.15 96.68 94.53
93.74 90.22 90.41 86.97 89.52
89.68 90.66 92.2 88.74 89.16
91.12 91.89 91.61 90.56 89.24
91.48 89.22 82.73 82.3 77.55
77.11 72.92 72.77 82.58 89.05
94.48 95.54 96.64 96.05 93.31
94.81 94.72 93.11 90.49 93.09
92.4 87.98 86.9 91.35 85.79
83.16 81.15 82.93 84.6 93.45
94.61 94.4 95.4 93.49 93.8
90.21 89.36 84.53 82.76 83.19
89.83 90.23 91.37 87.45 88.76
93.59 91.22 88.4 92.09 92.77
87.94 86.5 90.69 87.74 80.74
82.73 82.08 77.63 65.4 59.82
59.2 61.74 64.92 74.58 74.75
73.43 78.37 83.54 80.67 75.7
82.52 86.24 81.4 82.84 88.28
90.62 87.89 90.93 94.97 94.07
92.06 94.9 96.91 93.7 92.12
90.36 86.96 82.74 77.75 73.32
77.4 79.8 84.26 85.29 88.39
89.51 90.9 88.99 90.74 92.39
91.38 91.29 90.57 90.06 88.72
85.72 82 81 82.74 84.72
86.46 85.35 87.69 88.07 91.01
92.39 91.5 90.84 87.15 82.94
89.88 86.53 87.83 87.41 90.4
94.11 91.82 87.36 87.71 82.72
83.34 84.57 88.43 91.34 94.62
96.27 94.92 96.52 97.06 94.59
94.9 95.95 95.01 92.03 91.52
94.09 93.08 93.29 94.38 94.56
96.25 96.02 95.64 97.32 97.04
97.13 93.84 91.74 91.2 91.99
91.66 93.78 96.12 94.26 95.62
93.67 90.62 85.63 81.72 76.26
71 67.65 58.61 45.5 42.45
42.21 40.66 44.25 40.63 43.33
55.68 76.44 87.03 88.53 89.68
90.88 94.07 92.44 92.7 94.73
93.82 93.39 93.57 96.03 92.21
89.96 91.73 90.71 95.48 95.66
95.29 95.37 96.52 96.2 95.82
96.99 97.57 97.65 98.07 98.2
98.08 98.12 98.03 98.19 98.03
98.14 97.06 95.95 96.94 97
95.62 94.96 91.3 87.77 78.05
70.16 52.91 45.72 43.4 46.95
43.06 44.99 52.75 73.35 86.72
89.61 91.3 91.7 92.86 91.43
94.38 95.13 95.59 96.68 97.33
97.08 97.14 97.34 97.58 97
96.71 96.46 96.03 94.74 93.62
92.86 94.28 93.64 91.24 92.38
93.51 93.02 89.79 86.31 84.04
77.35 69.98 63.37 61.97 63.42
63.72 71.29 76.51 81.01 82.32
85.69 87.86 89.3 88.61 89.57
88.22 89.37 91.97 92.93 89.01
90.76 95.01 93.99 91.62 95.06
96.1 93.61 93.32 96.71 97.8
94.43 95.53 97.87 97.37 95.32
96.96 96.73 95.45 95.09 94.59
94.15 93.52 91.87 89.02 86.6
84.39 75.28 74.17 72.57 69.18
72.95 69.6 75.33 77.19 73.42
72.75 78.23 84.5 90.54 92.98
94.49 93.81 94.1 93.29 91.33
84.89 76.72 75.1 79.2 74.42
78.89 81.41 82.12 82.99 90.03
89.43 89.54 85.19 87.38 93.14
90.74 87.24 90.51 92.09 88.72
87.05 89.61 90.24 88.92 85.89
87.87 88.07 85.68 80.89 83.78
83.86 79.44 78.56 80.71 77.88
77.33 79.72 83.97 83.89 86.11
87.15 87.57 91.29 86.07 85.76
80.85 74.38 71.79 67.75 68.32
65.59 70.51 72.69 77.79 84.13
87.69 91.52 92.47 92.49 94.01
95.49 94.68 93.75 92.54 90.33
87.14 90.67 93.54 95.66 93.57
92.2 92.78 92.08 89.37 88.7
87.07 83.46 76.83 75.03 60.79
67.15 71.69 81.03 87.91 90.71
91.45 91.22 92.89 94.47 93.4
92.78 94.03 94.74 93.23 91.97
94.24 91.3 91.9 93.52 91.85
93.6 96.65 95.71 95 93.48
92.2 92.08 90.76 88.52 90.01
88.57 88.41 89.78 91.64 91.42
90.99 90.04 93.45 95.19 95.41
95.54 95.34 92.31 89.57 81.18
76.38 83.74 90.52 92 95.27
96.18 94.74 93.47 90.88 86.11
89.87 89.03 81.53 84.5 86.77
81.61 73.02 76.09 83.58 83.68
84.85 88.44 92.03 91.72 90.81
93.95 95.78 93.97 93.65 96.24
95.72 96.36 95.76 95.69 96.49
96.11 94.61 95.57 94.02 89.25
84.69 85.38 84.29 77.96 71.49
67.27 61.87 64.57 54.98 56.23
61.66 65.99 69.1 81.28 86.97
85.03 88.7 89.96 88.26 88.5
92.09 92.23 89.45 89.58 91.59
91.22 90.11 91.28 91.54 90.09
90.52 89.29 89.81 90.51 89.35
90.65 92.96 93.51 95.41 94.4
95.22 94.9 92.72 93.96 91.74
84.81 86.02 85.21 88.2 90.51
87.05 92.45 93.74 94.12 93.54
91.59 89.77 93.51 93.12 88.1
90.93 91.97 85.8 81.7 87.05
84.04 90.14 88.39 80.23 84.01
87.96 82.9 77.73 79.51 76.47
73.93 73.85 81.11 76.15 81.83
85.11 87.51 91.23 93.81 90.91
87.74 91.24 92.73 89.93 88.25
92.11 93.76 91.87 92.73 92.45
89.03 89.6 91.16 90.02 86.44
88.76 89.04 87.85 89.36 88.1
92.33 93.23 94.04 93.62 94.36
95.06 94.18 93.23 94.69 94.75
93.37 92.45 93.21 92.41 92.32
88.05 86.9 88.79 91.78 91.61
93.01 92.29 92.64 89.72 92.69
92.61 90.58 88.46 84.64 81.7
78.1 82.13 85.6 82.74 78.91
86 89.35 84.6 85.45 89.86
88.68 84.2 91.85 91.83 89.19
93.12 94.06 91.44 93.67 96.54
94.34 94.52 97.64 97.39 96.53
97.6 97.97 97.54 97.44 97.68
97.1 97.19 97.11 96.4 95.87
96.17 95.66 96.04 95.29 95.13
95.25 94.92 94.51 93.9 92.63
92.36 92.46 89.39 87.13 88.46
89.34 87.3 87.07 89.46 89.51
88.35 88.43 91 90.38 88.12
88.33 88.67 88.13 87.56 85.61
80.51 84.51 83.23 81.99 74.54
74.9 79.7 85.67 85.81 83.02
82.94 86.48 87.64 88.12 89.48
89.58 88.32 86.19 84.44 82.73
87.47 89.26 89.31 87.77 89.88
91.04 91.61 89.37 90.04 91.15
91.39 90.41 89.76 90.25 91.56
89.28 84.91 87.3 87.02 82.67
82.6 83.2 80.63 81.97 85.62
82.22 82.93 84.63 85.72 83.8
87.85 88.09 88.65 90.62 92.67
90.03 90.69 92.3 91.82 89.15
90.94 93.76 91.95 89.81 92.54
92.31 86.9 88.48 91.11 88.56
88.73 87.55 87.37 86.92 90.66
87.75 90.05 91.64 92.8 92.48
90.56 88.83 85.62 85.38 85.4
87.97 84.1 85 88.65 88.91
88.21 90.44 91.92 89.21 89.95
90.91 91.57 90.52 90.64 92.17
90.58 90.55 90.32 90.24 89.14
91.38 87.1 88.47 92.61 92.84
94.47 94.6 93.92 94.15 93.8
93.67 93.69 92.44 87.49 84.65
85.89 86.98 89.47 91.9 92.22
92.17 94.89 93.71 94.86 95.58
94.66 94.78 91.82 91.95 94.47
93.56 94.9 94.45 94.54 94.14
90.73 90.05 91.43 89.8 91.48
92.59 92.37 92.69 92.07 92.14
91.91 92.06 90.95 89.33 91.09
91.95 91.23 93.17 94.95 95.76
95.59 93.98 92.04 88.84 86.31
90.48 91.62 94.57 94.92 95.54
94.34 93.82 88.24 85.86 81.68
82.01 86.48 92.07 92.39 93.87
94.11 93.79 92.37 85.52 81.69
77.5 79.21 82.1 79.39 78.21
85.08 89.65 92.4 93.49 93.2
94.46 94.38 94.81 93.71 93.38
93.04 92.68 91.36 91.39 90.41
87.41 85.58 85.8 85.21 85.42
82.45 90.4 92.57 94.05 94.24
93.59 93.71 90.89 91.64 93.23
91.54 90.23 89.97 87.16 83.73
82.07 87.39 89.37 90.11 92.35
93.56 93.12 91.33 90.37 85.67
84.56 79.18 80.37 78.38 78.08
82.19 84.23 88.77 91.42 90.04
87.58 84.24 77.63 80 88.14
91.65 92.6 92.87 91 88.86
82.04 68.84 57.49
