41.98 38.69 35.77 45.98 39.88
48.62 33.47 42.49 37.93 38.18
36.29 38.63 33.09 37.66 36.76
31.95 33.87 36.5 36.9 34.46
33.19 38.1 32.28 31.17 35.02
36.66 37.38 37.36 33.74 41.31
33.94 37.82 37.94 39.74 42.63
40.59 44.51 38.47 44.97 38.9
43.59 40.95 43.28 40.08 35.54
39.28 36.96 34.63 35.06 34.43
33.22 37.33 35.46 27.25 52.27
39.43 35.84 43.63 43.3 42.63
40.31 40.84 48.43 39.93 39.44
38.84 40.58 38.69 37.88 43.49
39.55 44.11 36.49 40.45 33.99
42.25 40.94 43.17 38.62 37.6
39.97 42.88 41.25 43.53 44.51
39 43.88 50.01 56.85 48.98
36.34 40.13 36.01 38.67 33.94
41 44.2 37.82 36.65 32.95
38.71 36.98 41.36 40.82 37.89
33.48 40.67 35.04 38.42 39.43
39.81 41.87 39.13 39.66 43.31
38.3 47.98 30.92 39.65 38.33
43.75 35.57 41.82 41.14 42.87
40.84 45.58 40.53 43.5 41.13
35.25 43.07 36.54 33.46 38.21
33.72 44.82 39.28 38.15 40.09
37.64 43.18 36.17 37.79 35.62
41.23 40.28 38.73 39.65 38.91
41.4 34.65 38.48 36.95 37.76
36.68 38.4 35.7 41.57 37.96
41.6 39.92 44.04 55.65 44.62
46.95 50.95 39.43 53.94 38.57
38.43 37.53 39.76 34.1 39.38
33.67 38.32 33.54 38.14 36.6
34.94 37.31 36.31 55.49 45.8
38.04 48.7 46.21 40.76 39.59
38.66 40.92 38.07 40.34 40.54
41.95 40.67 36.68 36.9 39.18
36.52 37.06 37.85 44.49 33.32
33.27 38.78 31.06 43.88 38.09
41.15 41.52 38.34 41.03 39.07
44.53 40.19 43.01 42.09 38.38
50.55 42.97 43.44 44.35 39.93
46.57 44.67 43.58 45.22 43.3
49.64 45.68 44.32 47.36 44.02
54.85 46.63 55.38 49.75 48.48
51.71 47.57 42.06 40.95 49.4
42.44 44.57 40.56 50.68 40.25
45.76 40.28 44.38 43.87 40.19
43.17 38.26 42.01 43.97 35.3
43.62 39.34 44.61 50.34 63.42
84.32 91.81 94.38 97.14 98.44
98.77 98.87 98.94 98.85 98.83
98.47 98.59 98.87 98.88 98.82
98.8 98.73 97.7 98.52 98.76
98.54 98.19 97.82 98.3 98.66
98.63 98.27 98.23 98.41 98.37
98.54 98.28 98.31 98.5 98.5
98.64 98.67 98.7 98.8 98.77
98.76 98.75 98.77 98.72 98.62
98.67 98.77 98.57 98.54 98.72
98.75 98.13 98.13 98.21 98.64
98.35 98.08 96.25 96.54 97.15
95.64 92.51 92.79 93.21 97.49
98.4 98.64 98.48 98.24 97.95
97.17 97.31 97.07 97.04 96.96
96.51 97.15 97.52 97.61 98.22
96.75 97.1 98.08 97.25 97.4
95.65 94.97 95.07 92.16 92.81
85.21 66.06 54.39 40.95 40.28
44.61 39.91 38.77 40.2 40.61
44.84 41.91 50.1 49.53 54.95
66.09 70.57 86.37 90.12 91.81
94.22 95.69 96.22 97.13 97.32
97.97 98.35 98.47 98.71 98.5
98.6 98.79 98.71 98.6 98.61
98.87 98.69 98.52 98.73 98.53
98.2 98.17 98.62 98.38 98.26
98.31 98.35 98.18 97.66 97.66
98.31 98.52 98.5 98.5 98.76
98.7 98.68 98.77 98.82 98.79
98.71 98.71 98.75 98.71 98.7
98.8 98.67 98.61 98.85 98.78
98.7 98.36 98.73 98.66 98.29
98.48 98.74 98.39 97.96 97.98
97.07 96.42 94.91 91.71 92.95
96.97 97.98 98.76 98.88 98.95
98.9 98.82 98.32 98.36 98.44
98.81 98.78 98.77 98.86 98.91
98.89 98.84 98.9 98.88 98.86
98.85 98.64 98.86 98.65 97.8
98.52 98.77 98.5 98.75 98.57
98.76 98.89 98.87 98.78 98.57
97.32 95.66 95.2 97.17 98.37
97.55 97.84 98.62 98.53 97.92
98.01 98.43 97.74 97.19 97.35
96.87 95.72 93.38 93.99 95.8
96.67 98.41 98.5 98.82 98.88
98.78 98.59 97.44 97.86 97.99
98.15 98.55 98.2 98.09 98.41
98.01 97.55 96.95 97.3 98.15
97.89 98.5 98.64 98.61 98.73
97.98 98.25 98.4 98.43 98.63
98.28 97.6 98.2 98.09 96.18
97 97.07 96.21 94.69 94.29
89.24 86.68 81.18
