40.09 53.86 59.95 58.83 68.35
62.46 64.17 66.4 70.78 69.41
74.17 75.17 75.65 73.58 76.08
76.05 75.71 70.09 69.27 69.05
65.77 62.63 61.02 59.68 56.77
54.41 50.9 51.65 49.17 50.48
44.03 42.92 42.39 42.13 40.69
39.93 43.44 42.11 49.08 51.03
47.6 47.78 49.02 41.72 39.87
43.31 43.57 46.93 52.31 67.21
82.8 94.16 96.5 97.51 98.01
98.35 98.26 97.22 96.51 94.41
89.34 89.23 92.35 90.62 94.58
96.93 97.19 98.15 98.51 98.35
97.94 97.44 98.5 98.65 98.71
98.54 97.82 97.11 97.48 95.66
94.73 95.77 95.68 96.8 98.31
98.4 98.56 98.55 97.35 96.67
95.87 94.85 95.11 94.11 96.77
96.78 97.15 96.85 97.95 98.18
98.49 98.45 98.46 98.52 98.31
98.52 98.3 97.42 96.31 96.15
96.74 96.8 95.84 95.92 97.11
96.41 95.28 93.11 93.05 89.26
86.28 89.75 90.58 92.42 96.26
96.11 96.55 96.8 95.64 96.26
96.79 95.85 94.64 92.71 96.09
94.55 96.22 96.4 96.73 96.94
96.79 96.28 95.39 95.16 95.76
96.33 96.31 96.55 96.89 95.97
93.72 84.32 72.54 60.96 51.81
49.99 46.5 48.39 48.56 45.86
44.61 44.28 41.02 51.91 48.2
49.43 41.27 46.66 48.45 41.8
51.88 42.93 41.05 47.38 45.51
44.71 44.92 44.59 50.91 48.83
44.8 44.09 51.73 51.23 43.7
53.54 53.37 45.47 60.16 62.97
54.16 59.65 49.77 52.35 53.68
54.69 44.99 50.5 45.11 47.4
49.65 56.24 45.03 54.21 59.17
52.93 60.36 43.72 52.21 52.13
47.64 45.81 47.41 46.86 46.34
49.5 57.81 47.07 55.96 59.03
54.84 59.09 45.93 51.8 55.57
51.66 49.39 47.37 50.56 51.23
46.61 53.48 46.65 56.84 54.16
53.11 55.81 61.03 59.68 63.07
69.92 77.04 75.6 79.54 82.33
83.58 84.67 88.2 85.04 85
85.36 86.59 84.03 84.35 84.18
80.72 84.72 77.37 72.65
