78.97 90.82 94.44 97.23 97.39
96.87 93.19 93.39 92.91 90.52
89.76 91.98 94.47 95.62 96.92
96.61 96.31 97.15 97.87 97.93
97.64 97.6 97.05 97.68 97.14
96.01 95.13 96.8 95.71 96.82
97.52 97.16 95.33 94.14 94.49
91.14 91.87 90.76 93.97 97.32
98.23 98.52 97.92 97.57 98.5
98.22 97.3 97.73 97.95 95.9
95.91 97.49 96.72 95.69 96.19
94.19 93.54 95.43 95.46 96.38
95.8 95.61 97.56 98.02 97.98
97.83 98.24 98.35 97.95 98.12
98.4 98.11 97.1 97.93 98.26
96.94 95.84 97.5 97.33 95.63
95.66 97.29 95.54 95.66 96.4
94.39 96.69 97.42 97.12 97.46
98 97.97 98.07 97.7 98.2
97.9 97.73 97.18 97.38 96.72
95.59 93.87 95.48 96.04 96.48
97.11 95.56 95.49 92.18 91.8
95.09 93.22 93.95 94.04 94.25
95.2 97.38 97.58 97.28 97.62
96.7 97.64 96.8 97.25 97.63
97.95 97.64 97.97 98.3 97.99
98.12 98.46 98.3 98.45 98.45
98.63 98.63 98.44 98.39 98.69
98.36 98 98.03 97.93 97.87
96.42 96.57 97.47 97.59 94.08
93.15 92.78 93.98 94.59 94.28
95.19 95.05 94.05 94.63 96.69
93.65 95.53 95.26 93.66 91.83
93.01 90.62 95.2 94.76 93.14
93.5 92.86 93.14 80.1 64.18
54.7 51.29 44.83
