39.39 33.38 37.88 34.57 37.16
39.64 53.09 50.27 52.93 62.34
67.92 78.84 87.12 92.81 94.06
95.51 95.29 94.45 91.69 84.12
80.78 77.45 86.05 92.1 91.73
92.32 91.4 88.18 86.99 83.62
86.91 91.71 92.21 92.49 94.91
93.91 93.41 91.56 93.49 95.19
96.34 96.39 96.4 94.85 92.84
88.74 78.86 70.02 57.06 46.1
42.44 41.07 42.92 40.96 53.67
66.64 81.65 89.61 92.88 94.13
95.91 94.76 96.8 94.89 94.59
92.93 92.3 91.52 89.64 89.53
87.8 88.27 89.57 88.55 89.83
91.48 88.69 88.92 91.7 90.24
86.6 87.66 88.21 83.82 84.08
83.72 82.07 76.6 77.02 82.19
87.95 92.01 93.32 94.92 95.03
95.77 94.29 94.8 91.3 92.29
94.31 93.47 91.82 92.85 95.36
94.4 91.63 93.07 93.08 89.39
87.62 92.33 94.93 93.69 94.17
89.54 86.92 78.36 69.97 62.61
54.96 43.31 36.36 42.37 40.73
37.14 42.33 45.13 44.45 48.09
53.31 55.95 66.16 77.41 86.64
91.37 95.07 95.83 95.98 95.38
90.91 84.1 83.36 86.4 90.29
92.46 93.9 95.8 94.48 92.69
93.31 91.94 92.9 93.6 94.79
92.57 93.98 95.61 94.59 93.31
91.08 94.71 96.62 97.65 96.83
95.98 92.25 89.77 85.86 85.46
88.38 92.15 95.73 97.23 97.5
96.19 94.07 92.23 90.54 90.69
86.5 86.77 85.64 89.95 92.22
89.03 90.24 93.13 92.69 91.01
92.64 92.96 91.15 89.47 88.03
88.24 85.76 82.41 80.61 78.33
66.55 70.28 72.58 79.23 84.28
88.42 90.97 93.22 95.39 95.63
92.39 90.82 91.89 90.4 91.2
91.99 92.23 91.91 93.46 93.97
92.52 91.73 93.76 93.46 90.74
90.68 92.77 91.01 88.94 90.5
84.15 84.62 86.91 89.82 91.96
88.67 84.08 79.64 69.4 66.73
64.58 66.73 68.06 72.27 78.44
76.21 77.64 84.08 85.61 88.17
94.02 95.75 97.31 96.79 94.48
91.24 87.71 86.31 84.57 85.79
81.92 85.27 86.51 90.16 92.95
94.09 95.81 94.68 94.42 93.41
90.81 90.03 93.45 91.66 91.1
91 93.12 93.33 91.44 89.53
88.38 89.29 90.12 95.1 96.14
96.64 95.46 93.27 88.37 87.42
86.63 93.01 96.01 96.34 95.51
95 91.98 90.31 84.83 82.47
79.16 76.09 74.69 76.23 78.23
77.8 80 85.38 87.44 87.06
87.47 90.39 92.89 91.18 92.2
94.82 95.02 94.7 93.64 94.07
93.68 93.82 91.35 90.13 91.31
92.8 93.31 96.03 95.68 94.35
92.92 89.79 88.56 85.75 88.52
91.26 90.35 89.57 91.23 93.7
92.4 91.93 93.13 92.98 89
82.75 87.33 82.85 73.67 64.91
48.9 49.06 41.89 38.02 37.58
34.24 36.39 29.13 30.98 29.8
33.61 32.26 37.3 37.2 42.72
48.94 52.52 63.07 69.12 69.5
72.1 79.12 81.56 81.5 83.86
85.78 88.6 89 88.34 90.56
91.54 88.38 88.74 93.56 92.33
91.42 91.86 89.64 91.69 91.83
93.92 97.09 97.9 97.87 98.32
98.11 96.93 96.37 91.67 89.37
89.59 93.33 94.47 96.24 97.08
96.58 94.99 93.9 90.4 91.67
92.46 91.52 93.81 95.52 93.96
92.72 90.7 93.56 96.83 98.09
98.39 98.35 98.34 98.2 97.46
94.49 90.46 83.41 81.82 83.59
88.15 93.75 94.68 97.42 98.05
98.5 98.59 98.29 98.26 96.27
94.64 91.28 90.59 91.37 91.85
92.32 93.81 93.57 93.25 94.09
96.52 97.46 94.84 95.03 97.36
96.6 93.88 95.8 96.5 95.45
95.2 96.25 95.08 92.48 91.11
93.93 96.95 97.66 97.86 98.2
97.92 97.85 96.32 94.88 92.01
94.99 95.58 95.28 93.62 95.54
97.32 95.16 93.74 95.39 93.81
90.12 88.67 90.85 94.25 93.92
94.36 92.63 88.63 73.95 61.62
52.92 46.57 39.71 38.01 35.54
37.51 42.16 37.94 43.86 53.19
65.16 80.44 90.42 93.04 94.74
94.69 94.15 92.37 88.63 85.1
83.35 83.83 84.24 84.6 87.45
89.38 91.83 93.88 93.44 94.06
93.27 92.93 93.27 93.68 94.03
93.62 94.06 93.73 91.47 92.03
87.2 89.41 93.11 95.03 94.13
94.64 92.51 90.54 86.14 84.56
89.91 92.13 94.15 94.32 95.01
93.62 91.84 90.44 84.39 85.55
84.38 84.81 83.64 86.3 87.64
87.16 85.93 88.21 88.13 85.68
88.07 88.64 85.73 84.36 85.77
82.11 75.06 74.75 74.91 82.9
91.1 92.55 93.89 93.53 93.78
92.77 94.98 95.14 94.42 93.56
93.25 94.78 95.55 93.82 92.4
93.73 92.34 93.48 92.74 91.47
90.56 91.4 86.88 81.74 72.05
60.58 57.56 51.45 50.26 50.73
51.03 55.13 61.49 71.31 83.6
86.4 92.66 94.65 96.73 95.6
94.08 93.05 88.14 83.48 75.62
72.77 76.29 82.17 88.19 87.78
91.46 90.87 93.52 92.27 87.79
85.17 91.77 91.54 93.12 90.24
92.42 94.07 90.28 91.06 90.38
91.84 94.84 96.77 97.64 98.04
96.41 93.9 92.05 92 95.57
97.72 98.42 98.18 97.9 96.2
94.33 92.5 89.89 89.81 81.49
79.38 80.87 85.59 86.43 93.2
94.34 93.1 93.78 95.72 95.09
93.09 94.86 95.29 93.28 91.5
92.71 89.72 91 89.3 92.18
93.1 94.84 95.49 96.96 98.02
98.54 98.36 97.78 97.22 95.2
94.68 91.78 93.1 94.27 93.87
92.38 94.28 95.71 93.97 92.12
93.68 92.05 84.64 83.38 89.46
88.02 83.63 84.15 84.53 84.38
76.58 56.79 51.93 49.12 50.67
51.22 49.36 49.97 52.75 52.1
50.32 39.1 47.8 48.93 53.66
59.65 62.68 68.33 67.78 71.47
74.53 78.1 72.55 73.04 74.37
74.37 67.02 66.9 64.29 53.71
48.69 39.06 33.38 31.07 23.88
28.84 27.27 29.07 27.98 24.21
26.29 26.35 23.22 24.72 23.8
24.66 20.2 23.22 24.52 21.42
20.1 22.67 20.63 21.42 23.29
21.2 23.36 22.06 26.68 19.94
25.67 19.82 19.81 25.01 19.69
25.78 20.98 24.52 20.7 23.73
20.78 24.66 23.16 24.97 24.17
28.61 26.85 29.33 31.41 36.01
41.27 46.06 49.49 56.16 69.19
77.07 77.58 80.46 77.85 79.62
82.64 83.99 80.72 80.64 78.54
77.67 77.16 82.15 80.6 77.58
70.68 71.65 74.98 74.13 80.26
77.27 81.11 85.16 86.01 82.16
84.02 83.85 82.72 80.57 84.57
87.37 90.52 89.42 87.41 89.12
90.42 86.93 89.83 86.33 85.34
78.71 81.64 87.89 85.65 76.37
75.83 71.58 75.92 72.85 77.66
85.65 81.77 82.74 89.26 90.49
85.97 82.25 88.23 83.21 83.99
76.12
