55.15 79.33 89.69 97.1 98.44
98.35 98.54 98.34 97.33 95.66
94.83 95.6 94.9 94.78 96.42
97.42 96.57 96.39 94.54 91.72
93.34 97.11 96.8 97.61 97.54
97.66 97.41 97.86 98.23 97.78
98.06 98.52 98.09 97.87 98.41
98.36 97.62 98.15 98.31 97.83
98.12 96.44 96.68 96.92 97.25
97.23 97.2 95.95 95.78 90.61
93.64 97.08 97.9 97.74 97.5
97.25 97.68 98.36 98.33 97
98.51 98.62 98.34 98.36 98.23
98.65 98.69 98.37 98.53 98.53
97.99 98.03 98.2 97.6 96.86
97.12 97.58 96.02 95.17 96.92
96.73 95.43 96.48 97.65 97.87
97.12 97.62 98.43 98.05 97.92
93.48 91.99 95.06 97.92 97.77
98.2 97.54 97.46 97.44 98.05
98.32 98.23 98.22 98.55 98.47
98.32 98.44 98.7 98.39 98.45
98.77 98.35 98.26 98.47 98.65
97.7 97.18 98.22 97.71 96.37
95.94 95.95 97.52 98.37 98.77
98.78 98.87 98.8 98.81 98.41
98.65 98.77 98.63 98.82 98.79
98.57 98.39 98.32 98.15 98.02
98.56 98.27 97.65 98.08 98.62
98.7 98.81 98.82 98.84 98.93
98.88 98.8 98.79 98.82 98.48
98.12 98.54 97.13 95.77 95.8
96.74 95.92 97.67 98.78 98.88
98.94 98.95 98.93 98.84 98.79
98.63 98.82 98.77 98.64 98.7
98.75 98.9 98.81 98.6 98.67
98.59 98.36 97.93 96.11 96.22
97.4 98.6 98.54 98.85 98.88
98.88 98.85 98.82 98.5 98.27
95.44 94.27 94.15 97.63 98.2
98.06 97.05 97.97 97.77 96.66
95.83 95.98 97.81 97.77 97.54
97.4 95.92 94.42 96.08 96.85
97.51 97.79 98.42 98.46 98.75
98.72 98.32 98.71 98.28 97.93
97.76 98.46 97.62 98.03 97.76
98.25 98.6 98.3 97.61 98.55
98.81 98.69 98.41 98.68 98.82
98.55 97.59 98.47 98.37 96.11
96.26 97.52 97.27 98.28 98.3
98.76 98.94 98.97 98.95 98.88
98.87 98.69 98.57 98.47 98.11
98.45 97.7 95.5 97.7 95.99
96.14 96.21 96.51 98.17 97.93
98.49 98.34 98.45 98.22 98.2
98.69 98.69 98.47 98.84 98.85
98.56 98.81 98.85 98.36 98.24
98.42 97.58 98.47 98.74 98.91
98.92 98.95 98.94 98.76 98.31
97.79 98.1 97.99 97.51 97.41
97.19 97.94 98.52 98.44 98.51
98.77 98.86 98.8 98.8 98.86
98.83 98.63 98.52 98.65 97.99
97.12 96.93 96.65 97.61 96.94
96.76 96.37 97.2 96.84 95.89
94.06 95.43 96.14 96.07 96.87
96.46 97.24 94.72 94.52 92.51
95.42 97.52 97.8 97.68 96.28
93.92 91.89 85.42 86.2 86.73
93.73 96.53 97.54 98.06 98.25
97.88 97.29 98.04 98.28 98.53
98.03 97.94 97.95 97.73 97.54
97.38 97.42 97.36 96.33 96.02
95.51 94.41 93.68 89.32 73.38
75.74 76.19 76.79 77.06 74.68
70.74 71.44 73.06 73 74.93
77.81 77.29 74.44 66.02 71.48
59.27 54.24 43.46 35.28 36.84
37.55 33.22 34.92 35.48 41.38
34.93 36.5 32.91 30.99 33.7
41.19 50.35 55.52 55.93 70.36
65.71 63.91 65.67 62.14 51.96
59.06 46.28 43.79 42.49 45.85
45.59 46.27 42.65 46.85 50.22
51.64 41.21 42.74 44.27 41.56
40.9 32.17 40.31
