53.31 74.6 84.9 86.04 86.7
89.37 90.52 89.38 90.34 91.81
90.92 93.47 92.96 92.84 93.07
92.97 93.93 93.17 93 91.94
93.2 92.1 90.25 91.99 91.73
92.97 90.53 90.39 91.87 89.43
86.6 90.67 89.69 88.59 90.26
90.54 92.47 91.85 92.77 92.34
93.32 93.95 94.05 93.53 95.54
94.55 94.53 94.39 95.31 95.37
95.64 96.6 96.11 95.9 95.97
95.93 94.59 94.69 95.43 95.74
94.61 94.39 95.1 95.19 94.64
94.21 95.36 94.77 93.77 94.02
95.25 93.77 92.64 94.09 95
94.04 92.23 93.32 93.85 91.74
90.84 92.4 91.18 87.45 87.28
84.44 75.8 76.23 71.15 69.55
65.13 67.42 64.22 73.94 89.65
91.58 91.16 91.21 91.78 92.85
92.23 91.29 92.24 93.22 92.95
92.48 94.26 95.21 94.55 93.8
94.87 95.88 94.33 94.56 94.94
95.72 94.88 93.88 95.25 95.94
95.08 94.83 96.14 96.44 95.23
95.55 96.8 96.32 94.91 94.29
95.61 94.89 93.82 93.6 94.71
93.7 92.74 92.22 90.7 90.49
88.75 86.74 84.72 81.18 83.58
86.39 90.41 91 91.24 92.02
92.25 93.18 94.33 95.22 95.57
95.85 97.15 96.66 96.17 97.19
97.58 96.98 96.97 97.04 97.74
96.43 95.92 96.5 96.93 96.38
96.12 96.45 96.78 97.06 96.35
97.06 97.19 96.93 97 97.69
97.48 96.56 95.98 95.92 96.09
94.34 93.13 93.52 92.18 92.76
93.33 94.74 92.19 94.22 93.29
94.44 95.67 94.59 93.36 93.97
93.5 90.44 90.29 89.13 88.25
85.75 89.2 90.77 91.89 94.8
94.91 95.78 96.09 95.49 96.33
97.47 97.02 96.88 97.79 97.62
97.25 97.9 97.68 97.22 97.05
97.43 96.89 95.64 95.35 95.71
96.05 94.62 95.59 96.53 96.68
96.82 97.17 97.22 97.57 97.31
96.91 97.12 96.66 95.27 96.1
96.16 96.05 94.86 94.43 94.43
94.28 92.57 94.1 91.67 92.41
91.77 92.9 91.23 90.3 91.19
90.29 88.8 90.63 90.15 89.89
90.22 91.46 92.07 91.55 92.35
94.79 94.34 95.32 96.11 97.13
97.02 97.07 96.07 97.36 97.58
96.62 96.45 95.99 95.25 95.31
94.72 94.53 94.9 94.29 95.03
95.85 95.6 96.28 96.69 96.19
97.03 96.67 96.73 96.97 96.64
96.61 95.92 95.3 94.37 95.09
93.91 91.81 90.26 89.31 89.14
90.12 90.84 90.42 90.31 92.92
92.21 92.38 94.08 92.37 93.93
93.04 90.47 92.87 91.03 92.21
92.99 93.01 91.98 94.87 96.19
95.96 96 96.83 97.39 96.35
96.91 96.07 96.8 97.1 95.64
94.7 95.34 94.09 91.2 92.93
93.08 89.88 88.37 90.57 89.99
90.56 91.93 92.32 92.09 92.24
92.28 93.34 94.14 91.71 93.54
94.18 94.39 93.75 92.49 93.12
91.9 91.22 90.53 89.33 87.64
86.75 86.27 83.9 82.77 77.04
78.09 79.28 76.15 72.54 62.21
56.53 65.61 70.9 81.59 83.1
84.66 84.94 88.88 86.59 90.34
90.26 91.18 91.7 92.43 92.96
90.97 92.58 92.37 93.47 93.41
92.58 92.68 93.67 93.24 91.99
92.77 93.18 92.81 90.42 91.47
91.63 90.6 90.44 90.91 90.36
88.72 84.62 86.3 83 84.79
85.91 84.18 85.74 82.87 84.09
86.86 89.82 89.83 91.4 91.54
89.42 91.78 92.36 91.33 91.83
92.79 92.36 91.27 90.83 90.9
91.71 89.92 89 88.7 89.21
88.37 88.2 88.8 88.01 83.63
85.67 86.6 85.99 82.23 84.63
83.4 80.37 78.47 81.09 78.8
78.13 77.08 75.24 72.54 58.17
56.31 49.52 50.84 46.56 44.31
52.78 41.14 43.14 40.63 39.64
38.83 46.21 44.39 50.09 46.93
51.65 43.95 42.7 44.35 43.45
44.27 43.15 51.43 44.92 39.72
44.96 40.71 43.1 38.53 43.03
41.53 43.48 39.1 41.22 42
40.8 42.85 50.43 49.85 41.5
41.83 37.27 35.06 44.53 45.16
46.43 43.35 42.9 56.34 50.32
50.66 43.77 48.21 54.42 50.96
39.73 41.79 42.52 39.25 45.93
36.07 35.26 32.22 34.46 38.57
36.64 44.17 41.96 47.32 42.52
48.1 45.04 41.14 43.92 34.45
37.48 36.01 31.14 32.43 32.62
34.91 31.99 34.44 33.73 32.06
32.08 31.98 32.7 31.19 30.76
38.48 33.09 34.84 33.5 34.17
40.17 30.73 32.47 32.45 30.58
35.21 32.34 34.79 33.46 31.33
34.13 30.12 31.1 32.14 35.58
34.7 37.56 46.29 40.25 52.47
44.59 44.36 45.32 39.7 35.96
40.42 37.26 31.13 32.62 29.96
34.06 30.61 33.76 34.02 34.76
39.3 35.91 36.18 35.97 37.91
40.12 39.4 37.6 39.85 39.02
40.68 39.38 40.26 40.13 41.09
42.89 42.37 43.04 41.64 39.92
43.38 41.37 42.12 44.72 40.59
