41.06 55.81 61.65 68.79 81.61
80.23 84.85 84.15 84.33 84.77
79.05 78.56 77.87 76.25 76.87
71.38 67.6 70.72 65.57 82.44
88.2 89.59 89.63 90.11 92.94
94.57 93.14 94.14 95.18 95.76
95.46 93.54 92.35 92.78 92.66
92.43 94.97 94.05 94.44 95.41
94.98 95.96 96.23 95.55 95.27
95.32 93.91 92.78 92.06 90.64
88.84 83.4 81.74 85.23 88.48
91.52 91.45 90.18 92.22 93.74
92.89 92.98 95.3 94.92 93.87
94.61 95.87 94.35 93.57 92.88
94.52 95.97 96.28 96.35 97.39
97.5 97.66 97.38 97.88 97.67
97.45 97.26 97.44 95.85 95.75
95.47 94.15 92.84 92.07 93.62
92.55 92.26 95.13 94.94 94.57
94.54 95.24 94.7 94.5 92.16
86.67 83.18 90.54 93.02 92.69
93.37 91.87 93.76 95.16 95.19
94.46 92.97 86.71 86.37 88.53
86.76 91.29 93.73 92.95 94.51
95.6 94.98 96.21 97.07 96.79
96.4 97.73 96.98 96.21 97.59
96.98 95.8 95.79 95.98 95.78
95.01 95.55 95.71 95.07 94.23
93.53 93.1 93.45 94.74 94.38
92.07 91.36 90.11 89.14 87.81
83.06 84.04 86.27 88.13 91.47
91.62 92.18 93.13 91.54 93.52
90.41 91.73 93.96 93.73 94.7
94.95 94.59 94.68 95.79 96.6
96.21 95.3 96.25 96.7 96.45
96.68 96.56 97.28 95.72 95.06
94.33 91.85 91.3 89.71 88.98
90.79 91.18 89.86 90.31 92.02
93.01 95.65 95.45 94.17 94.65
96.27 95.5 92.88 95.07 96.21
94.13 92.96 95.73 95.14 92.54
93.43 95.18 92.9 91.84 93.53
94.38 91.94 93.27 94 93.64
92.19 93.82 93.69 91.86 91.97
90.97 91.89 90.45 89.3 86.11
90.1 88.04 89.58 90.75 91.66
92.07 93.21 93.78 91.03 92.63
94.29 92.95 91.33 92.88 92.99
90.29 90.2 90.5 90.36 90.44
92.11 92.59 88.74 91.2 92.59
89.77 89.74 91 89.61 88.17
86.4 85.02 81.27 79.91 77.25
71.08 72.17 75.54 73.58 71.52
69.65 72.71 67.01 64.18 65.33
68.65 64.71 76.65 82.95 81.27
85.21 89.49 88.27 88.8 88.24
88.41 87.4 86.91 87.69 79.47
76.84 62.91 54.3 39.1 40.69
40.01 37.26 37.74 35.31 36.11
34.56 38.74 35.96 42.14 38.09
41.87 39.69 37.34 37.64 37.46
33.37 35.55 29.71 37.99 36.18
38.14 38.45 34.37 40.22 28.88
40.15 32.33 35.31 29.2 33.31
30.61 42.61 32.45 32.99 41.92
47.67 44.55 45.92 33.46 52.14
41.1 31 33.79 35.65 27.93
33.27 28.23 36.43 29.11 31.65
29.64 26.85 31.32 27.62 37.7
34.01 32.86 35.65 36.07 48.06
38.94 41.14 41.13 42.88 36.07
33.99 35.8 34.38 35.98 29.37
30.39 30.13 28.01 30.78 30.25
29.86 31.84 35.9 34.15 33.62
43.45 36.14 29.71 30.04 27.59
30.51 29.69 29.42 34.8 34.79
35.48 38.37 44.83 32.18 35.71
36.6 39.32 36.47 35.87 35.41
31.76 33.67 28.37 36.46 33.5
30.02 33.18 34.93 26.91 35.82
31.28 35.39 34.32 31.99 34.76
40.11 34.71 37.62 34.33 36.75
39.24 32.73 33.74 32.89 36.16
31.79 34.39 31.49 30.86 33.04
36.41 34.9 31.65 35.05 33.01
32.24 28.79 32.88 26.72 32.72
30.3 27.28 32.33 28.32 33.42
29.54 37 34.52 44.1 33.38
38.71 37.79 35.97 36.54 36.92
37.81 37.44 41.12 34.55 32.48
32.9 38.04 34.36 35.59 38.56
34.09 33.44 33.62 34.07 30.77
36.63 34.39 30.02 41.25 33.39
31.59 31.22 29.35 33.6 33.23
31.51 29.82 33.55 34.55 33.04
36.47 36.65 49.22 53.93 46.69
41.92 41.31 37.19 37.06 34.24
32.22 35.56 32.95 30.06 37.09
36.64 32.04 41.89 33.95 40.76
32.85 35.86 39.97 35.11 38.26
43.64 31.68 36.29 37.69 33.59
36.4 29.82 36.54 31.12 35.2
28.88 30.84 28.54 33.07 35.52
43.9 40.96 40.63 41.61 36.31
38.71 40.36 45.42 37.57 40.46
37.51 40.71 34.12 36.4 34.68
29.3 32.74 30.38 28.33 29.38
28.05 27.74 29.42 29.16 27.49
29.3 27.77 27.44 27.34 30.1
30.14 24.97 27 27.15 28.85
28.47 28.64 27.55 30.34 33.11
34.11 28.43 41.64 40.23 32.13
36.96 31.9 46.6 31.53 29.84
31.41 34.59 35.24 30.03 34.95
35.32 36.62 28.81 37.07 36.24
35.7 35.93 38.33 33.77 41.75
37.02 37.61 40.82 37.88 31.78
41.73 38.86 42.67 35.01 29.89
36.31 35.77 38 32.94 36.01
33.58 43.96 38.77 31.88 35.09
37.26 37.04 37.94 39.61 39.23
31.04 38.22 33.66 37.54 31.88
36.99 35.62 35.86 42.8 33.81
41.51 35.13 37.67 35.58 39.74
40.92 41.73 40.05 39.53 37.57
36.59 34.37 37.52 35.76 38.82
35.93 31 37.09 32.68 36.4
32.19 36.9 33.5 40.02 37.98
45.15 39.01 32.87 35.27 38.08
35.27 31.99 29.75 30.44 29.27
34.32 28.45 35.38 28.2 35.88
35.25 34.71 33.8 30.47 33.21
32.42 31.96 35.45 33.23 36.38
34.58 34.33 35.3 42.72 37.08
38.24 37.55 37.74 35.44 35.38
38.26 34.13 39.56 36.47 40.32
31.55 34.02 35.92 34.05 33.72
33.55 34.9 35.09 33.43 35.66
33.06 33.66 34.49 34.78 41.02
32.51 36.62 35.96 34.44 37.49
36.17 33.78 37.56 34.71 36.81
33.24 26.63 33.65 29.94 30.23
32.94 29.49 30.74 30.72 39.59
35.79 44.52 34.14 39.39 40.79
45.55 41.93 42.23 43.24 38.24
43.17 38.19 35.7 39.44 34.55
44.12 30.01 33.85 33.15 32.83
35.92 36.49 30.02 29.38 27.26
33.38 39.53 40.6 36.19 33.76
27.28 27.48 28 27.72 30.62
31.54 30.7 35.97 40.58 42.1
51.19 57.84 56.15 62.45 59.56
54.3 59.22 61.53 59.4 57.34
59.12 55.24 50.29 36.48 43.44
33.56 37.92 36.22 32.49 38.09
36.97 30.95 44.18 33.97 44.16
28.56 27.62 33.91 32.49 35.72
31.77 39.14 33.09 45.63 32.74
34.49 33.44 33.93 32.38 31.61
33.5 34.05 31.24 32.97 36.26
33.98 30.17 36.16 28.29 33.47
30.62 33.49 34.3 38.09 43.44
37.05 36.93 40.97 40.53 39.86
36.14 38 41.6 45.95 45.6
38.13 36.4 38.38 40.55 46.4
43.16 36.62 38.27 38.19 34.25
39.31 39.86 36.82 39.61 36.55
41.1 42.19 39.76 46.01 38.09
44.88 49.37 56.62 53.41 42.89
44.39 41.88 37.74 44.53 40.48
45.24 51.33 52.61 41.97 38.67
44.37 42.63 41.59 43.43 39.75
43 43.74 41.41 45.5 40.4
40.46 40.86 34.48 37.37 33.26
33.45 36.14 39.63 38.26 36.75
34.86 35.09 40.46 44.1 44.45
37.21 47.1 40.05 41.34 39.33
37.28 38.57 34.13 36.24 33.49
36.76 40.08 42.11 41.89 48.04
54.48 51.39 51.84 58.55 53.61
59.03 52.45 64.01 56.86 66.53
51.55 55.29
