45.77 41.14 46.34 52.45 59.15
55.81 44.4 51.53 65.59 54.39
45.04 50.04 44.65 52.96 51.19
43.16 50.59 41.74 47.03 44.75
47.77 41.21 45.12 59.74 52.02
50.06 54.15 42.04 44.57 36.44
35.26 37.44 38.47 43.2 37.08
48.2 38.9 33.96 36.27 35.22
34.26 35.85 35.23 44.99 37.65
38.68 35.83 51.71 44.98 50.62
42.65 44.92 43.57 40.54 43.61
43.52 35.39 47.13 43.85 45.72
38.27 39.29 39.9 40.44 40.98
45.9 37.77 45.99 40.3 32.67
40.33 36.51 34.43 41.07 38.36
47.41 36.49 37.45 42.7 38.23
39.77 45.87 41.93 44.69 48.8
39.43 49.66 44.87 44.58 52.42
53.6 49.59 43.11 46.85 42.48
51.39 43.97 41.01 40.81 42.4
45.98 41.24 56.21 51.76 44.57
54.91 44.6 53.63 45.16 48.77
39.2 44.96 37.48 42.76 36.5
36.03 37.55 31.75 36.12 38.85
37.2 34.1 33.14 34.1 33.84
33.67 41.98 42.46 41.25 47.76
40.01 40.22 43.6 45.5 43.86
41.11 35.28 45.88 34.55 41.54
41.08 40.44 37.19 38.22 32.01
39.32 33.98 38.44 37.01 34.28
33.06 40.15 33.32 38.91 34.23
36.43 37.08 36.94 39.8 35.46
38.17 43.97 38.35 33.49 43.96
37.56 43.64 39.6 39.63 43.66
35.6 40.64 36.15 39 41.64
40.5 40 44.74 43.61 38.54
51.96 41.51 37.16 39.62 48.28
35.19 39.58 38.29 34.75 34.45
37.63 34.69 35.05 38.7 36.3
35.19 38.93 31.97 35.88 43.15
54.31 54.52 71.43 81.74 88.46
88.84 90.37 92.28 90.77 89.5
92.44 91.52 89.59 88.74 91.61
85.48 87.61 87.39 89.8 90.39
93.08 91.83 90.81 89.77 88.86
87.51 88.35 87.38 84.59 84.42
84.46 83.73 82.08 77.57 69.35
66.33 64.16 66.36 75.38 72.45
76.68 81.32 83.01 85.16 84.96
89.19 90.43 87.35 82.96 86.51
85.82 89.34 91.87 92.08 92.9
93.11 92.62 93.05 91.92 91.67
90.44 89.14 88.41 87.29 85.7
83.27 81.58 76.35 61.29 49.57
50.99 45.71 47.5 38.89 37.59
36.62 34.91 32.98 35.21 31.19
34.27 37.87 36.95 36.81 42.86
33.38 39.83 37.19 31.98 35.55
41.71 34.07 49.41 47.72 41.49
39.84 40.98 41.61 43.28 45.18
44 36.84 41.56 51.11 40.82
45.65 41.97 51.12 50.28 45.38
53.22 44.7 41.11 39.36 37.41
37.88 39.62 46.26 44.75 41.13
43.61 49.5 40.22 52.97 45.16
53.26 49.8 35.76 39.91 34.2
37.14 39.95 35.71 45.12 39.45
41.81 39.85 42.07 34.58 35.11
39.88 40.44 37.47 43.99 35.2
37.78 36.49 35.24 40.42 40.27
40.05 41.28 38.56 37.69 40.4
37.74 39.3 41.92 39.11 38.03
40.22 35.91 38 34.96 36.9
36.81 39.28 39.58 39.14 41.18
36.62 39.69 35.92 35.11 39.4
36.22 35.23 32.98 34.57 37.04
36.04 41.26 43.18 41.97 42.03
44.93 46.34 49.25 50.19 49.43
53.33 61.21 52.81 55.62 51.41
47.62 41.88 46.65 41.31 39.1
37.79 33.42 38.89 33.66 33.71
35.95 34.16 30.83 33.76 35.65
34.85 30.73 34.09 34.66 36.45
39.99 36.32 38.67 39.96 38.31
40.42 43.49 38.7 41.22 43.39
46.23 48.35 48.66 63.92 62.88
59.85 63.48 60.46 65.52 55.83
59.02 58.88 56.6 50.65 42.38
42.7 43.28 36.4 34.6 33.07
35.97 39.48 38.41 30.78 43.06
32.54 44.42 34.5 39 42.91
39.34 44.95 53.15 50.01 60.99
65.68 75.23 82.37 84.74 85.14
88.09 87.68 89.13 89.88 91.22
92.92 93.05 93.66 93.21 93.37
92.9 93.03 94 93.87 93.68
94.08 94.35 92.84 94.17 94.75
95.83 96.7 95.94 97.22 97.39
97.7 97.73 97.3 97.13 97.81
98.26 98.31 98.55 98.25 98.51
98.12 97.94 98.33 98.51 98.14
97.73 98.47 98.14 98.34 98.13
98.12 98.01 98.06 98.19 98.08
98.14 97.9 98.04 98.07 98.02
98.07 97.75 98.19 98.27 98.38
98.12 98.57 98.35 98.43 98.16
98.35 98.53 98.49 98.34 98.34
98.26 98.65 98.71 98.53 98.41
98.64 98.44 98.57 98.62 98.81
98.74 98.73 98.6 98.68 98.65
98.52 98.4 98.47 98.32 98.19
98.26 98.23 97.7 98.52 96.63
97.13 98.09 98.21 96.23 98.05
98.59 98.18 98.03 98.45 98.24
98.6 98.56 98.62 98.45 98.34
98.58 98.59 98.62 98.5 98.59
98.53 98.67 98.66 98.54 98.44
98.38 98.58 98.58 98.62 98.4
98.54 98.45 98.1 98.42 98.23
98.07 98.41 98.41 98.47 96.84
98.24 98.32 98.46 97.91 98.21
98.18 97.74 98.2 97.98 98.08
97.27 97.86 98.42 97.98 98.36
98.07 98.05 97.55 98.07 97.78
98.26 97.44 97.56 98.03 98.08
97.42 97.67 97.48 96.4 96.07
96.24 95.12 93.86 92.82 91.4
90.54 85.94 84.25 78.3 77.52
71.94 66.6 56.15 49.62 54.03
46.15 51.02 55.31 59.05 62.94
63.67 70.27 74.13 76.53 80.23
80.93 84.82 85.16 88.44 87.71
88.92 91.54 93.25 92.1 93.7
93.81 93.88 94.54 96.27 95.69
94.73 95.58 95.25 95.14 95.36
95.79 96.12 95.73 93.97 96.1
95.24 95.39 95.56 95.83 93.27
94.91 95.35 93.67 92.32 92.06
92.67 89.43 90.03 89.65 85.92
85.74 84.18 82.45 77.02 71.47
68.87 58.28 55.07 53.66 49.6
56.68 56.69 59.85 63.33 64.32
59.47 62.09 66.94 66.51 71.79
74.36 81.08 85.16 87.05 86.29
86.36 91.05 89.63 90.32 90.4
93.26 92.01 93.64 94.23 93.33
94.18 94.05 94.76 96.26 94.41
95.23 96.59 94.02 94.68 94.16
92.81 90.89 92.37 91.95 90.79
87.99 92.17 92.25 88.33 87.53
87.12 86.07 84.39 85.05 73.7
72.44
