50.09 56.64 56.18 58.65 75.53
82.09 83.77 85.59 86.43 89.28
89.71 90.62 90.67 91.7 91.86
92.65 91.94 93.94 93.37 92.04
91.58 91.06 91.81 88.49 87.19
86.95 84.19 79.53 79.01 74.62
70.45 67.54 64.06 61.99 61.8
65.04 66.96 69.36 64.29 70.1
83.26 88.77 91.05 91.24 90.46
92.89 93.37 91.51 91.52 93.35
93.2 89.61 87.29 85.11 89.47
92.88 94.77 93.49 93.71 94
93.79 95.04 94.99 94.27 94.73
93.59 91.6 91.54 90.6 88.92
86.55 85.97 89.49 90.23 93.11
93.06 92.89 94.58 95.49 94.95
94.66 95.85 95.37 95.22 94.31
92.36 92.26 91.59 88.34 91.37
87.87 91.48 93.43 92.67 92.95
94.27 95.42 94.34 94.27 93.88
93.02 91.78 92.34 91.42 87.52
85.3 85.48 90.18 89.67 89.3
83.58 82.61 85.95 84.63 86.51
89.21 93 93.96 93.6 95.1
95.99 96.41 95.89 96.36 96.8
96.65 96.13 96.19 96.6 96.62
95.38 95.04 94.08 93.5 93.08
91.16 90.94 90.18 88.94 88.17
85.9 85.53 82.91 83.39 79.84
77.5 76.89 78.92 75.1 75.31
71.29 76.24 76.89 81.08 85.7
87.54 87.85 90.47 91.24 92.55
93.24 92.51 93.76 93.18 93.57
93.26 92.57 92.9 93.38 90.99
91.18 90.95 92.86 94.78 94.25
93.39 95.15 95.63 94.19 94.01
95.35 94.28 91.48 92.23 91.54
91.83 94.29 92.84 95.42 94.65
94.5 95.23 93.8 93.61 92.34
92.08 89.7 88.44 86.91 86.82
85.99 82.61 81.63 79.69 76.59
76.37 76.65 83.78 84.99 87.81
86.23 86.17 88.48 90.09 88.95
89.71 91.21 92.74 92.15 90.98
92.37 93.71 91.91 89.99 91.45
86.82 81.33 77.5 68.82 56.85
52.14 47.57 49.65 43.49 44.66
50.71 56.22 71.6 73 84.59
92.08 92.36 94.16 95.57 95.5
93.47 94.25 96.85 94.96 93.12
92.97 93.39 91.22 87.8 88.44
92.27 91.09 87.7 89.02 92.15
91.04 88.83 92.81 93.49 90.15
90.71 94.12 91.07 88.34 91.4
90.67 84.79 86.24 87.82 84.66
89.88 90.72 92.23 93.47 94.58
95.28 96.08 96.94 96.82 98.08
97.55 96.31 96.83 97.98 97.7
96.14 95.94 95.69 95.28 92.91
91.82 89.42 86.47 87.3 89.42
91.14 93.16 94.67 95.28 96.69
97.26 97.89 98.06 97.97 97.66
97.05 97.53 97.73 96.94 95.4
96.64 96.46 95.06 93.69 92.55
90.33 85.28 77.53 70.24 59.17
55.75 49.52 64.04 81.34 90.65
91.82 92.59 93.33 95.54 96.38
95.76 96.34 97.68 96.81 96.57
96.84 96.24 95.18 95.31 94.64
94.66 95.67 96.06 93.99 94.32
94.35 93.04 91.04 91.21 90.52
89.17 89.84 91.9 94.64 95.41
94.88 95.59 96.6 97.33 95.73
95.07 96.28 95.52 94.53 93.07
92.39 94.2 95.12 93.13 93.5
94.12 94.38 96.39 96.5 96.89
96.91 95.58 95.17 95 93.51
91.99 91.27 88.59 86.03 83.11
77.69 74.99 69.17 62.1 55.45
45.42 48.64 48.07 49.36 50.26
51.79 55.81 72.11 80.75 87.14
90.66 93.49 93.84 94.42 95.91
94.82 94.64 94.2 93.74 94.87
93.24 92.8 91.73 90.37 86.27
85.63 84.62 78.5 77.36 70.56
70.42 66.18 70.37 67.39 72.46
80.66 83.4 86.54 86.57 87.28
89.84 89.7 88.49 90.43 90.62
88.36 91.52 90.82 88.28 86.68
89.41 92.34 94.4 94.67 95.52
96.41 96.54 96.77 97.46 96.76
96.26 96.4 94.95 92.88 94.21
94.82 93.02 91.65 92.04 93.64
92.09 90.82 92.72 92.72 90.84
90.55 92.62 90.95 88.27 88.72
85.91 77.88 65.23 57.36 57.94
59.9 70.41 77.57 81.62 82.91
84.33 87.78 89.43 88.67 90.99
92.94 92.79 93.92 95.04 95.63
95.02 97.21 96.78 96.17 96.7
96.29 94.87 95.01 92.69 90.17
90.3 90.95 88.54 88.62 83.49
86.52 88.16 83.92 75.86 63.39
52.18 50.22 51.01 59.34 66.66
72.81 82.38 89.33 91.49 93.62
91.44 88.59 90.35 89.63 86.59
85.54 87.72 90.42 87.37 78.3
67.26 63.95 73.26 68.07 76.52
74.37 70.17 69.97 73.12 69.88
68.77 64.29 66.23 71.67 78.59
84.11 87.49 86.61 86.38 88.69
88.46 89.07 89.4 89.1 87.97
88.53 86.26 81.72 61.95 62.6
59.3 69.63 73.86 73.51 70.47
74.23 82.27 87.67 89.69 90.72
89.77 90.75 92.27 89.71 91.02
92.93 90.93 90.56 92.73 93.47
91.88 91.67 94.19 92.88 93.02
93.76 94.58 91.39 93.56 91.25
92.99 92.52 92.77 92.38 91.44
91.47 92.53 91.19 89.93 92.19
92.29 90.27 89.83 91.41 89.64
85.9 84.65 88.7 93.84 95.19
94.67 95.22 96.1 94.85 94.95
94.97 93.11 92.34 93.68 91.59
89.53 90.8 91.51 86.19 85.12
88.21 85.07 81.68 82.81 87.91
90.59 91.63 94.11 94.19 93.78
93.88 95.26 94.71 93.81 92.97
93.49 90.5 86.92 83.4 82.64
71.94 73.49 66.73 76.68 77.06
84.82 86.33 90.02 91.12 90.48
91.38 92.94 92.56 90.93 92.23
94.51 92.8 90.62 93.1 93.5
90.12 89.04 90.49 89.73 84.31
80.5 84.8 84.72 78.37 77.64
80.6 77.71 80.7 78.66 82.24
80.22 81.39 69.94 60.99 52.18
48.71 49.32 47.58 58.55 65.96
70.17 74.05 69.78 73.34 79.19
82.51 81.45 77.22 79.99 87.74
92.62 93.63 96.06 96.36 96.29
97.8 97.3 97.12 96.92 97.55
96.41 96.52 95.92 94.38 94.12
92.29 91.49 90.6 92.63 91.43
89.92 91.64 93.91 93.42 91.79
94.15 95.66 91.44 88.93 92.96
92.1 83.56 84.85 87.43 89.7
92.61 95.4 97.15 97.92 97.99
97.78 98.35 98.48 98.27 97.45
97.29 97.51 96.75 95.28 94.35
91.61 91.53 89.07 87.04 89.69
93.07 90.79 92.2 95.4 95.68
93.81 95.18 97.62 96.05 93.31
95.73 96.28 92.8 91.64 90.53
92.39 89.86 90.84 95.21 95.55
94.55 95.93 97.84 96.61 93.86
94.39 96.53 97.18 95.89 95.21
96.32 95.2 92.79 92.33 91.22
93.56 92.77 93.55 93.74 94.19
94.85 93.93 91.66 94.06 95.94
96.08 95.09 96.36 97.98 96.73
95.5 97.32 97.55 94.79 94.17
95.03 93.06 90.25 89.44 88.69
85.15 79.91 69.71 57.88 48.78
42.14 39.02 43.64 46.53 45.73
51.11 50.62 44.56 43.04 48.38
38.42 37.52 40.32 37.75 45.02
40.82 46.54 45.38 44.88 43.53
42.16 44.81 35.57 41.35 33.87
39.93 36.62 35.24 36.9 47.12
46.64 43.36 43.94 46.64 44.54
42.62 41.81 34.27 32.17 27.43
27.04 26.41 29.37 27.43 31.29
27.05 27.45 26.42 33.37 31.62
29.25 31.81 31.96 39.21 31.89
36.74 40.27 39.77 42.41 40.2
41.86 48.27 48.18 49.32 58.39
68.48 72.96 76.7 71.94 81.15
85.26 88.97 88.21 86.44 90.4
91.72 89.05 88.57 94.25 93.17
91.16 92.35 92.24 90.31 90.83
91.33 88.77 86.15 85.84 80.39
82.12 85.47 90.01 92.04 92.87
91.29 92 94.9 93.33 90.93
93.03 94.16 90.39 87.87 89.62
89.03 83.71 81.48 81.89 74.45
62.74 49.04 43.99 43.56 45.05
54.67 70.06 83.78 85.79 83.16
85.97 87.21 85.3 82.93 81.43
86.19 86.19 84.15 85.73 84.74
85.02 82.5 79.57 73.61 71.26
76.4 82.32 85.64 87.91 84.98
84.38 87.73 86.78 81.88 82.62
84.45 82.22 85 81.57 83.67
86.59 85.64 87.03 90.48 91.28
89.38 90.75 93.2 92.22 90.47
92.23 90.8 87.85 87.27
