45.2 72.84 82.32 83.02 90.35
91.19 93.07 93.88 93.76 94.5
95.07 95.94 95.56 96.55 97.19
96.54 96.54 97.36 96.78 96.71
96.31 96.29 95.75 94.19 94.5
93.33 91.25 88.76 88.82 89.93
90.13 89.71 86.67 88.15 89.5
89.6 85.99 84.53 83.28 84.24
88.94 90.58 88.14 88.3 90.6
92.24 90.68 88.77 90.88 90.74
90.01 87.97 82.7 79.16 86.64
89.38 91.85 90.98 90.45 92.1
93.5 90.77 91.84 95.29 93
92.17 93.89 93.9 94.57 94.8
96.48 96.08 95.65 94.7 94.71
96.76 96 97.19 97.47 97.5
96.79 96.25 96.54 96.92 95.26
94.07 93.55 93.75 92.08 90.26
88.12 87.68 87.65 87.22 84.55
78.48 84.05 89.8 89.82 91.59
89.46 89.7 88.92 88.28 89.65
88.79 86.49 90.37 88.58 88.01
89.45 89.08 90 88.28 86.34
88.37 86.99 86.76 85.77 84.87
82.8 81.03 79.78 77.86 76.98
77.19 70.13 42.74
