36.2 27.09 31.86 29.16 29.42
31.88 28.76 35.21 29.78 30.25
29.52 31 31.72 30.01 32.2
30.65 33.67 31.68 27.2 27.57
30.07 31.8 28.33 37.6 31.56
27.89 28.35 30.24 33.24 30.75
33.52 27.8 29.74 31.34 36.28
29.62 27.63 32.96 29.08 40.55
26.33 26.26 25.7 26.66 28.73
47.44 35.91 32.76 29.06 28.69
27.23 26.03 25.41 26.51 28.83
27.49 26.27 28.63 29.9 29
32.22 33.81 39.59 31.45 33.69
28.99 33.22 27.72 27.62 27.59
39.99 29.7 33.44 29.57 38.28
31.08 41.57 30.81 38.72 30.26
28.92 28.79 30.58 31.92 35.94
29.32 28.36 32.16 27.42 26.99
26.4 28.43 26.89 29.71 33.04
38.37 28.21 31.88 33.36 31.53
36.19 35.14 36.42 37.18 34.51
37.27 35.92 33.64 35.82 36.97
34.84 30.62 34.05 33.42 35.58
29.62 33.19 35.59 39.11 42.59
44.36 51.7 50.48 74.39 74.66
69.99 77.12 82.1 81.72 81.3
85.97 88.5 84.93 85.29 86.79
84.6 81.24 85.38 86.1 81.46
83.36 83.54 78.39 73.41 77.95
73.33 68.9 70.35 72.76 59.78
48.64 56.07 64.5 63.92 67.77
68.43 74.55 76.47 75.95 80.84
81.06 79.23 84.2 86.92 86.96
82.94 85.45 86.02 85.18 84.56
88.81 86.09 82.65 89.31 91.73
88.08 88.82 89.59 87.88 84.33
88.32 88.71 82.74 77.5 78.92
78.96 71.41 74.82 74.52 70.02
65.4 48.83 44.21 43.48 44.82
43.47 47.34 43 41.27 54.56
53.96 58.95 61.44 70.84 64.18
69.25 77.49 74.87 73.92 76.44
81.16 79.3 73.81 82.26 85.62
78.33 79.91 83.63 83.36 82
84 87.42 82.66 82.05 86.8
88.5 81.78 86.04 90.53 85.72
79.77 85.7 87.21 81.19 80.8
84.86 79.68 72.47 77.87 79.59
67.16 66.92 72.59 69.48 58.36
60.72 60.95 49.54 37.15 36.86
36.81 33.53 38.16 36.74 39.38
45.34 51.97 54.26 63.58 64.4
64.65 69.16 77.27 76.34 80.62
81.5 81.08 80.41 81.17 83.97
78.39 83.25 81.93 81.15 79.28
78.3 80.44 78.03 75.04 73.46
73.68 70.34 64.51 59.33 53.36
47.97 38.86 38.1 35.51 38.13
37 37.96 32.49 30.11 41.16
47.17 33.57 41.53 29.82 30.31
29.63 29.94 29.38 30.64 30.07
34.88 38.59 39.09 41.43 30.05
33.48 46.63 32.38 31.13 28.33
41.39 43.86 35.97 35.35 34.11
37.69 39.24 37.64 39.66 45.76
41.14 42.49 41.81 42.55 46.17
56.29 54.88 55.76 63.39 66.51
74.18 79.05 82.17 85.26 87.36
85.3 87.93 91.62 89.32 90.56
94.06 93.01 92.25 94.68 92.58
87.55 93.14 92.33 93.69 91.83
94.72 92.67 93.8 95.24 96.03
93.99 94.76 95.23 93.47 88.44
94.12 95.25 94.49 91.9 94.03
92.87 93.81 92.7 93.24 91.91
92.46 92.3 93.11 90.22 95.22
95.67 91.31 93.87 90.69 91.3
87.05 92.31 92.34 89.71 87.3
90.38 91.15 86.87 90.39 88.16
90.99 90.01 90.52 87.79 87.87
91.19 90.88 85.48 91.09 91.87
89.37 89.06 90.61 91.89 86.63
90.62 91.42 90.32 90.14 94.07
90.67 94.64 92.34 91.78 91.34
91.66 91.39 92.85 89.37 91.53
91.46 93.72 89.19 90.46 93.68
92.89 91.83 92.3 93.53 93.15
95.06 95.24 92.94 94.52 94.6
90.64 93.68 94.36 94.08 94.35
94.55 95.62 93.18 94.73 94.15
94.27 93.09 94.44 92.96 92.54
94.26 94.66 95.03 94.9 94.42
92.39 94.11 94.57 93.84 93.4
93.41 93.98 90.45 92.57 93.83
93.32 92.79 92.67 93.75 93.25
90.76 92.41 89.72 90.88 91.5
91.72 87.83 90.62 90.36 89.68
90.18 93.65 90.93 92.66 93.96
93.61 91.89 92.61 94.52 93.65
91.87 92.59 93.31 92.43 93.32
93.78 91.95 92.18 92.82 91.88
91.83 89.91 87.03 88.81 86.47
80.7 87.09 88.6 78.86 80.92
81.69 81.04 74.21 74.77 79.28
60.07 69.45 64.86 58.19 56.06
53.95 54.27 42.91 46.47 44.1
50.34 38.03 42.15 43.43 36.98
38.08 38.72 39.74 41.18 34.1
40.52 33.68 31.13 33.12 36.64
39.12 40.85 36.14 37.76 46.03
33.37 29.69 27.64 24.34 26.66
27.95 37.03 29.44 35.41 31.38
33.38 33.98 34.13 37.88 44.1
37.74 38.1 39.2 44.1 37.41
46.98 42.5 33.71 32.8 38.8
31.58 31 28.07 26.35 28.76
26.07 28.59 27.72 28.02 33.2
25.34 39.15 32.8 27.44 34.61
30.61 36.47 38.97 39.65 33.51
39.79 34.77 34.45 32.45 32.24
32.71 31.04 32.41 36.89 32.91
34.19 32 35.33 30.36 33.11
28.73 30.08 31.04 37.34 38.64
30.37 34.63 26.95 30.18 28.22
39.8 34.4 39.61 36.09 33.94
33.99 34.11 34.16 42.33 38.73
49.1 40.95 38.84 36.79 29.58
28.6 28.44 27.82 28.33 32.48
26.57 30.93 26.91 24.51 29.1
27.3 30.99 27.96 30.85 30.61
32.92 34.53 43.33 56 72.86
84.28 88.97 91.52 92.03 92.36
87.71 89.46 89.38 87.53 88.01
86.14 83.27 80.24 67.2 69.46
68.84 76.17 79.92 84.78 82.48
86.05 90.14 89.67 90.35 90.93
88.7 88.9 86.66 90.08 92.01
91.57 92.09 90.62 84.67 74.43
77.33 84.42 84.29 79.19 81.5
84.48 88.77 91.54 90.43 90.29
91.21 89.53 81.58 77.17 81.08
84.13 89.42 89.37 91.39 91.8
89.75 89.27 89.2 89.4 90.8
91.05 87.38 82.06 68.74 62.44
49.74 56.92 55.06 50.05 45.19
36.55 33.87 34.98 35.09 41.08
47.6 38.17 39.2 40.44 31.21
31.91 32.34 30.34 36.48 30.81
27.65 34.2 31.11 27.54 31.25
34.16 30.04 29.18 26.92 28.31
27.65 31.53 32.01 31.87 28.83
30.04 30.27 28.46 29.19 31.72
31.43 29.77 30.96 26.54 28.77
28.83 32.41 33.12 27.95 31
29.71 30.23 28.58 31.03 31.77
38.16 31.55 39.38 35.69 33.52
32.9 35.77 32.54 28.6 35.31
31.56 36.32 38.59 51.07 66.72
80.66 86.33 90.18 91.98 90.06
88.88 94 93.3 91.89 91.9
90.38 86.24 87.08 82.84 86.07
89.42 92.51 93.64 95.16 95.51
95.12 92.4 90.13 88.45 80.13
78.29 68.38 72.31 79.52 84.19
87.63 91.05 94.25 94.73 94.79
93.18 92.28 88.65 84.5 89.28
90.89 90.16 91.65 92.1 92.5
87.65 84.82 80.17 85.74 90.03
92.32 94.06 94.02 93.51 92.66
90.81 85.43 85.46 83.72 82.31
80.95 79.52 79.45 83.56 87.54
90.86 93.9 94.36 95.22 94.48
92.4 92.07 88.75 82.82 82
85.71 88.81 91.73 90.56 92.03
92.22 91.74 93.3 93.42 93.41
91.5 89.28 83.59 76.41 69.95
72.92 74.72 82.39 86.3 90.66
88.72 87.52 92.59 92.56 92.07
85.77 83.6 88.89 83.28 81.22
80.44 86.5 90.72 92.98 92.95
93.72 94.1 92.16 91.84 89
91.46 92.2 91.29 89.88 91.48
91.59 92.25 92.62 91.48 91.55
90.12 83.84 83.81 86.3 86.73
84.91 85.56 90.21 90.76 89.67
89.51 90.68 92.72 92.74 91.23
90.56 89.3 84.86 81.5 87.3
82.14 81.47 81.99 88.98 93.27
92.74 93.69 93.07 93.01 93.41
91.91 90.9 86.18 78.79 66.86
59.06 48.21 40.61 37.03 38.18
30.85 32.14 30.16 29.35 31.67
40.89 41.82 44.57 58.26 72.4
86.16 90.53 91.55 93.4 93.39
93.07 92.12 89.28 84.95 77.99
71.44 69.01 78.45 86.48 87.85
91.82 92.95 91.18 88.59 91.69
89.49 88.12 84.28 79.98 80.86
79.47 74.93 70.71 72.81 82.53
84.3 90.06 91.43 93 95.61
92.99 91.37 89.9 82.97 83.52
75.04 70.22 65.63 78.71 79.34
82.99 77.7 71.61 78.39 86.17
90.14 92.07 93.34 96.13 94.08
92.7 90.79 86.54 80.14 80.86
80.97 88.23 84.98 88.83 92.21
92.04 91.98 89.8 89.43 88.25
90.76 91.6 91.63 93 89.53
86.18 81.14 73.14 66.82 65.22
62.11 52.28 50.96 50.61 49.9
59.04 61.75 70.5 83.49 88.84
92.72 94.55 95.07 94.34 93.11
88.89 80.62 76.78 81.19 89.76
92.32 90.32 91.59 93.22 88.14
88.42 85.01 81.62 72.23 57.43
53.06 50.41 52.42 50.45 48.24
43.86 36.63 35.04 34.88 30.52
33.85 35.42 30.46 32.03 33.53
32.1 34.57 34.48 38.41 32.83
48.71 32.55 34.56 33.5 32.6
43.98 34.86 31.01 32.28 33.13
36.8 40.34 34.19 39.53 28.37
37.27 32.6 26.96 35.33 35.04
28.88 26.3 29.12 31.26 40.5
34.62 29.24 34.8 28.4 28.27
26.59 35.75 37.79 28.27 30.78
38.39 38.26 31.97 34.16 40.46
31.18 34.07 32.03 31.64 37.5
27.94 31.98 31.99 31.49 34.06
28.8 40.02 36.75 33.58 35.84
26.07 28.29 30.27 27.04 26.82
26.79 29.81 25.62 27.6 30.77
30.13 31.56 33.86 32.52 35.81
35.06 36.62 33.97 34.06 32.6
31.13 30.27 30.47 31.16 33.5
33.45 30.51 32.55 39.38 31.93
37.81 28.05 30.51 36.24 27.16
29.95 33.02 36.85 34.95 38.4
40.76 39.1 34.43 32.15 29.55
28.2 24.22 22.35 34.81 27.36
23.11 24.18 25.13 27.4 28.55
27.48 27.68 29.4 28.22 32.69
35.95 32.89 34.58 36.23 30.78
30.83 33.58 29.91 33.6 28.65
33.12 30.87 31.28 36.08 26
24.74 25.21 26.86 33.72 31.08
23.95 28.43 29.47 25.71 26.51
28.4 31.34 35.84 29.66 32.16
31.97 33.99 30.9 32.11 34.34
28.69 30 30.48 32.49 33.31
37.25 32.69 39.88 34.63 38.15
42.56 37.68 42.84 51.06 46.97
35.96 42.46 39 37.03 34.62
34.1 32.99 33.09 30.83 32.51
31.89 31.49 32.58 36.96 36.74
34.94 34.72 34.83 31.33 27.61
26.78 32.35 28.48 29.94 28.21
32.8 36.11 37.24 29.54 41.46
36.05 27.82 29.62 30.43 34.21
34.53 29.74 37.03 27.41 36.21
34.08 35.13 34.55 34.42 36.71
34.22 40.29 42.2 46.72 54.83
57.6 57.05 57.11 55.23 52.37
56.09 51.74 41.18 32.77 38.35
29.15 39.52 34.73 38.99 30.67
30.57 28.95 27.38 44.11 34.64
28.68 27.64 33.2 30.58 30.99
29.77 31.27 30.99 31.04 34.83
31.5 32.57 32.65 32.94 33.67
35.9 35.55 34.9 37.92 32.96
33.27 29 27.33 31.62 33.61
29.74 34.51 33.64 34.45 35.03
27.51 33.15 27.82 29.08 33.18
30.03 35.03 34.68 29.66 31.56
30.34 31.63 27.8 35.68 30.24
28.16 36.61 29.73 28.35 27.37
34.69 32.94 32.43 36.53 29.25
26.31 27.86 26.99 27.51 26.95
25.6 25.95 28.83 29.06 27.53
32.04 34.73 33.32 38.26 33.46
34.27 32.72 30.84 31.63 34.46
31.98 30.89 31.56 32.09 32.89
31.76 38.44 32.08 30.33 44.73
41.32 36.49 30.16 42.48 29.83
36.58 39.23 41.65 39.79 31.02
32.47 34.02 33.77 30.31 32.02
37.76 35.77 31.42 36.06 32.2
33.41 41.84 30.24 31.09 30.22
34.7 29.67 31.04 31.97 39.31
24.77 27.22 27.08 28.23 29.37
32.73 29.57 43.12 30.49 37.13
34.49 29.05 37.13 33.35 25.49
27.44 32.78 26 31.5 26.3
29.75 30.53 30.26 31.28 29.83
35.64 40.31 29.36 36.63 27.88
27.85 30.53 28.2 29.98 31.26
28.34 34.73 32.92 37.53 30.09
32.02 26.93 25.98 26.1 31
28.35 28.03 32.22 29.8 31.68
30 30.79 31.33 34.11 33.9
35.67 34.75 33.99 37.73 33.99
34.36 29.67 30.1 29.11 27.82
27.91 26.45 28.19 29.34 26.79
29.85 26.76 26.16 26.69 29.08
28.96 43.44 29.15 30.79 28.35
30.81 35.26 31.64 30.88 31.24
29.5 30.07 29.89 28.2 38.22
38.56 30.67 37.54 36.83 42.88
30.55 33.3 29.16 34.72 29.91
38.06 31.94 36.58 37.36 39.09
31.81 36.91 36.96 35.25 33.45
32.37 31.88 31.8 30.14 37.24
29.88 32.23 25.47 26 27.3
32.43 28.91 32.88 26.67 30.33
26.99 28.19 24.11 28.07 27.98
27.11 27.06 25.72 27.16 30.82
31.96 33.33 26.49 29.63 25.21
27.46 29.7 30.02 34.2 32.48
34.49 39.74 33.05 30.95 35.29
28.61 28.38 27.49 26.16 26.21
26.77 29.01 27.63 39.18 37.14
33.79 31.57 32.97 24.26 25.93
31.32 27.48 25.11 29.38 27.47
29.56 29.15 31.06 30.78 32.36
39.36 42.76 43.28 50.17 56.79
69.37 80.29 89.49 90.27 93.02
93.7 93.58 91.37 90.49 92.09
93.35 91.92 89.04 85.24 85.9
88.39 85.4 80.12 75.9 74.51
82.3 84.04 82.78 84.05 87.83
92.78 91.82 92.3 93.81 90.95
90.98 87.24 90.91 91.14 92.42
92.26 92.48 88.31 83.64 85.7
88.58 87.31 78.61 82.08 89.45
92.03 93.79 91.71 91.08 91.04
85.48 76.17 78.82 83.07 88.11
91.39 93.47 94.78 93.21 92.52
92.73 92.45 93.65 92.35 91.49
87.05 79.62 72.81 70.17 75.65
74.66 76.46 78.18 78.52 74.66
76.37 78.27 77.88 74.83 72.48
74.4 80.99 75.26 58.42 55.66
46.93 52.61 50.96 45.92 29.28
31.58 28.89 26.99 27.32 29.3
31.35 28.99 33.42 28.02 29.56
28.1 26.47 29.61 27.9 29.11
28.91 29.72 35.37 29.91 27.98
35.49 31.45 29.71 31.91 30.1
29.89 27.81 29.8 31.86 30.49
34.05 39.36 34.48 32.92 34.69
28.76 37.88 32.83 37.28 38.56
37.15 34.17 37.76 36.89 36.06
36.23 35.09 41.73 52.6 62.32
78.37 82.25 89.93 90.71 93.71
93.63 89.92 90.44 92.6 93.83
90.64 89.51 84.74 86 84.5
83 79.13 77.47 75.13 77.47
86.97 85.72 88.64 92.9 91.66
92.2 94.37 91.68 91.75 89.98
93.29 92.44 93.25 93.02 93.02
89.45 83.15 82.23 88.57 86.14
82.37 82.43 88.78 92.22 93.93
93.36 92.84 93.49 92.16 86.49
85.58 87.9 91.4 91.56 93.19
93.93 92.51 91.43 91 92.11
91.78 87.48 76.09 65.62 48.07
44.66 38.68 34.69 35.21 35.21
36.12 37.08 38.08 35.87 40.28
37.15 35.24 35.34 29.15 32.12
38.31 35.45 31.74 36.55 32.14
38.32 36.08 40.06 39.01 36.59
37.8 35.3
