40.56 41.69 40.7 47.09 40.02
41.3 44.09 39.35 42.95 34.78
36.49 40.95 44.42 36.86 37.02
32.86 38.26 36.12 40.25 44.16
42.92 46.11 49.39 57 71.96
91.66 96.95 97.78 97.98 98.49
98.19 96.92 97.66 98.82 98.7
98.68 97.47 97.11 96.53 95.62
95.96 95.74 94.65 95.53 96.19
95.73 95.75 97.27 96.88 96.07
95.91 96.99 98.5 98.58 98.79
98.84 98.88 98.79 98.73 98.48
98.05 97.5 97.36 96.69 97.69
95.69 95.48 97.28 96.41 95.56
98.2 98.26 98.56 98.54 98.54
98.63 98.01 97.03 97.78 98.23
98.45 97.94 97.96 98.5 98.42
98.84 98.73 98.59 98.84 98.86
98.79 98.7 98.89 98.88 98.8
98.85 98.85 98.71 98.71 98.73
98.44 98.34 97.99 97.37 98.28
98.69 98.89 98.77 98.91 98.61
98.14 97.31 96.95 97.47 98.02
98.62 98.79 98.78 98.81 98.94
98.95 98.94 98.95 98.94 98.9
98.91 98.85 98.74 98.62 98.34
97.6 98.67 98.72 98.85 98.69
98.7 98.85 98.78 98.44 98.61
98.57 97.7 96.96 97.34 97.04
95.77 95.95 97.93 97.95 98.69
98.4 98.14 98.64 98.8 98.81
98.76 98.87 98.93 98.86 98.81
98.86 98.83 98.73 98.58 98.61
98.51 98.23 97.45 97.9 98.52
98.6 98.03 98.36 97.47 96.78
93.21 92.72 89.05 93.51 96.78
97.27 97.9 97.57 97.18 95.76
92.32 90.94 87.12 80.38 76.14
68.8 69.01 57.76 49.68 44.99
43.1 44.69 45.61
