66.81 77.97 82.29 84.9 82.39
82.05 82.15 81.97 81.58 83.42
86.79 82.97 84.75 89 89.67
85.54 87.53 91.19 90.74 88.83
90.33 92.28 90.84 88.86 87.87
88.3 87.89 83.88 83.74 86.13
85.48 82.61 82.41 85.21 83.09
83.47 82.83 84.92 85.96 86.03
88.03 88.29 86.16 85.05 83.83
85.27 81.99 82.21 79.64 79.59
81.12 78.04 77.19 74.56 76.53
76.35 73.79 72.42 76.94 78.6
79.83 79.59 78.68 85.94 86.58
88.61 89.43 91.63 91.29 92.59
94.51 94.51 95.55 95.36 96.25
96.45 96.66 96.58 96.15 96.52
96.25 95.75 95 94.44 93.22
92.17 92.07 90.09 88.48 88.35
86.72 80.96 71.01 68.44 60.04
55.75 55.6 48.21 40.83 54.67
47.19 58.24 46.7 39.61 45.13
46.91 44.81 52.19 50.44 50.68
55.19 62.69 53.55 56.28 71.15
58.26
