40.73 63.44 74.51 91.17 96.23
97.69 98.51 97.75 98.5 98.75
98.9 98.95 98.94 98.95 98.94
98.94 98.93 98.93 98.6 98.71
98.79 98.83 98.71 98.53 98.6
98.79 98.81 98.69 98.72 98.62
98.41 98.15 97.99 97.44 97.17
97.2 96.87 98.19 97.28 97.82
96.58 98.18 97.56 97.7 97.74
97.05 97.04 96.62 96.5 96.32
96.28 95.66 93.28 95.12 96.55
96.59 97.37 97.14 97.86 97.41
98.26 97.98 97.66 98.14 98.48
97.73 97.95 98.37 98.74 98.4
98.29 98.77 98.7 98.52 98.68
98.77 98.73 98.87 98.95 98.93
98.91 98.92 98.96 98.94 98.94
98.94 98.93 98.89 98.84 98.84
98.76 98.45 98.51 98.5 98.92
98.84 98.92 98.94 98.93 98.93
98.94 98.94 98.89 98.88 98.78
98.81 98.88 98.8 98.53 98.6
97.84 97.5 96.69 97.26 97.38
97.85 97.53 94.63 95.2 95.2
97.64 97.69 98.23 98.74 98.84
98.84 98.81 98.73 98.91 98.91
98.8 98.92 98.94 98.81 98.85
98.91 98.9 98.78 98.83 98.86
98.66 98.61 98.84 98.75 98.07
98.52 98.67 98.75 98.87 98.93
98.95 98.95 98.95 98.93 98.76
98.62 97.91 98.32 98.54 98.25
98.76 98.85 98.66 98.61 98.91
98.86 98.81 98.88 98.87 98.66
98.69 98.62 95.39 89.31 93.8
96.84 98.85 98.77 98.91 98.93
98.97 98.93 98.7 98.1 98.35
98.32 97.96 98.1 96.43 96.93
97.96 97.21 98.53 98.55 98.52
98.65 98.85 98.86 98.79 98.9
98.91 98.86 98.86 98.85 98.79
98.65 98.29 97.87 98.75 98.85
98.91 98.96 98.96 98.88 98.79
98.51 98.49 97.28 96.58 97.84
98.27 98.39 98.65 98.82 98.61
98.72 98.84 98.81 98.73 98.72
98.86 98.85 98.89 98.91 98.95
98.91 98.9 98.82 98.64 98.65
98.43 98.75 98.13 97.92 98.59
98.39 98.69 98.76 98.84 98.75
98.74 98.8 98.36 98.5 98.61
98.63 98.85 98.95 98.94 98.96
98.92 98.9 98.78 98.6 98.75
98.6 98.3 98.26 98.17 96.92
97.97 98.11 94.28 92.8 93.62
95.44 96.54 98.55 98.49 98.72
98.71 98.45 98.75 98.68 98.5
98.61 98.31 98.77 98.92 98.94
98.95 98.95 98.96 98.87 98.81
98.85 98.67 98.55 98.58 98.59
97.9 97.97 98.32 98.76 98.67
98.47 98.8 98.83 98.44 98.05
98.73 98.48 97.19 97.07 98.14
97.49 98.69 98.47 98.36 98.34
98.65 98.86 98.8 98.66 98.79
98.92 98.81 98.85 98.94 98.86
98.71 98.88 98.83 98.78 98.11
96.89 97 96.97 97.19 98.09
97.86 97.75 98.36 98.67 98.07
98.13 98.59 98.38 97.9 98.02
98.31 97.06 95.54 88.09 76.3
68.48 59.43 49.67 44.78 38.86
33.58 28.03 31.08
