60.92 77.72 81.33 85.26 89.14
90.59 89.64 90.96 91.68 88.86
91.66 91.88 91.41 87.79 88.25
90.39 88.89 87.67 90.72 89.7
86.5 87.2 87.9 85.5 84.67
83.82 82.45 80 79.58 76.85
72.1 70.97 67.73 63.92 55.6
53.88 47.45 47.11 40.71 36.25
35.23 40.21 37.68 41.15 33.04
43.09 33.94 38.53 39.13 40.27
37.01 39.4 36.45 32.91 40.63
40.15 50.98 52.98 58.28 59.11
60.3 68.03 71.19 68.53 70.08
73.7 78.05 72.24 79.48 81.81
81.39 77.05 81.26 82.61 79.69
77.23 80.01 77.11 72.98 74.88
72.13 67.22 66.89 65.88 58.51
56.26 51.57 58.42 67.22 66.39
69.43 70.79 72.72 77.78 73.96
75.54 79.08 81.54 79.18 81.72
79.91 80.82 81.69 81.03 81.52
82.43 78.29 76.38 75.87 72.11
69.92 68.9 66.06 63.18 54.49
49.84 52.3 50.12 52.41 59.3
63.79 66.14 68.48 72.5 77.12
76.44 77.82 82.51 80.26 79.67
82.75 82.13 78.39 78.84 77.82
81.83 83.1 79.38 81.25 85.09
82.47 78.11 79.56 79.73 75.04
71.9 67.88 69.24 72.93 72.69
78.62 81.42 83.46 87.8 87.71
85.31 88.34 89.35 86.73 86.85
89.72 87.37 86.04 86.5 88.57
88.29 86.6 88.56 90.02 88.96
88.88 90 90.83 90.23 89.59
90.09 89.93 89.39 87.34 84.1
82.22 77.73 77.07 72.81 75.16
63.91 74.5 64.89 67.19 69.5
70.24 72.85 76.44 81.37 79.98
82.98 82.79 85.38 84.36 85.09
88.36 86.9 85.86 87.61 90
89.62 88.99 89.66 89.71 89.8
88.01 88.9 90.27 90.21 87.02
87.03 87.47 85.9 83.52 79.62
81.8 79.31 73.37 69.35 65.91
64.94 53.18 43.05 43.36 37.67
37.66 41.75 46.79 40.15 43.62
43.78 41.56 40.03 46.36 42.49
44.93 45.41 51.76 47.19 48.2
51.96 58.41 62.01 63.7 75.27
77.88 80.33 78.33 81.86 85.81
86.61 85.67 86.92 87.1 87.27
86.74 88.71 86.84 87.12 86.8
84.73 83.02 80.97 78.33 77.32
72.44 69.65 60.05 59.99 51.98
33.91 30.4 30.04 44.98 25.26
25.98 23.53 24.09 25.41 26.83
23.46 23.45 26.13 26.07 23.05
25.03 23.7 27.27 25.79 29.21
32.66 30.77 33.28 28.47 33.57
42.55 36.74 44.11 49.63 52.44
48.44 51.36 51.15 53.39 57.44
53.75 53.92 52.81 51.1 48.63
47.83 46.47 54.68 61.49 68.72
67.55 68.25 76.34 78.82 72.11
78.41 82.93 84.75 80.12 83.97
86.56 84.72 78.94 81.53 81
76.85 78.09 75.45 66.95 64.89
53.59 48.56 47.81 46.61 38.58
37.16 36.17 34.32 29.58 31.42
25.31 24.51 32.34 26.43 28.73
26.67 28.5 23.12 27.64 23.58
25.36 24.06 20.26 29.06 32.62
30.55 29.14 30.11 32.36 24.75
25.77 25.7 26.89 25.25 22.95
22.11 21.09 19.27 23.28 19.01
20.51 17.18 21.81 17.93 22.34
19.24 18.5 20.44 20.31 23.41
22.28 24.04 23.79 23 23.39
22.67 24.74 25.34 26.91 26.14
26.34 26.64 27.07 24.84 33.39
25.76 23.51 30.99 28.87 32.59
31.79 28.99 30.06 26.95 26.99
29.96 26.08 28.41 28.19 27.57
29.21 30.25 30.21 27.41 26.38
32.22 29.82 35.09 31.15 33.57
35.04 32.07 42.58 46.82 52.36
67.99 71.59 80.18 79.36 77.75
84.78 86.06 92.11 91.01 88.73
89.81 90.38 90.68 89.25 88.91
88.41 87.17 85.75 86.49 77.85
79.31 81.1 83.85 86.09 88
88.63 89.98 91.63 92.44 91.61
93.5 92.83 92.45 92.5 93.4
93.09 92.17 91.82 90.76 90.68
88.84 89.63 88.03 86.73 89.09
91.14 89.06 87.94 88.58 91.1
87.79 90.95 92.13 94.3 94.29
94.08 95.08 95.32 95.27 94.72
95.5 94.62 93.69 94.26 94.2
91.23 92.56 93.79 93.43 92.99
89.21 91.86 92.31 93.43 92.99
92.36 95.51 96.08 95.35 94.53
91.12 91.12 91.28 92.51 90.74
88.4 87.7 83.09 82.03 82.55
85.12 89.11 87.08 90.92 93.46
94.57 94.82 94.07 94.33 93.34
96.1 96.63 97.68 97.68 98.13
97.83 94.55 97.98 98.61 98.48
98.62 98.13 96.87 97.76 98.02
98.6 98.45 98.68 98.57 98.63
98.35 96.24 93.33 90.05 85.49
90.25 95.22 96.61 94.44 95.23
98.25 97.98 97.52 98.29 98.67
98.46 98.43 98.62 98.23 97.92
96.42 96.33 97.97 98.55 98.78
98.65 98.58 98.37 97.99 97.45
97.15 96.7 97.49 97.17 97.57
97.13 98.07 98.27 98.26 98.4
98.24 97.64 97.68 97.49 97.8
97.67 97.69 97.79 97.52 97.79
98.09 97.84 98.28 98.03 96.92
97.81 97.26 97.43 97.31 98.39
98.39 98.31 98.35 98.53 98.35
98.33 98.55 98.27 98.02 97.05
94.62 92.43 92.02 94.42 96.71
98.26 96.92 96.34 97.63 96.1
96.47 96.96 97.42 97.36 97.39
97.47 98.31 98.19 98.32 98.13
97.89 98.34 97.75 97.85 96.18
94.62 94.47 96.81 96.34 95
93.07 92.62 92.51 94.56 96.49
96.45 97.46 97.97 98.05 97.99
98.18 98.27 98.09 97.84 98.22
97.67 96.98 97.42 96.86 97.15
96.77 95.88 97.19 97.25 97.15
96.8 96.9 94.38 93 94.16
93.39 95.41 91.59 90.5 93.01
94.29 93.08 92.82 93.74 96.13
96.07 96.25 96.67 96.13 95.3
95.87 97.05 97.07 98.25 98.51
98.82 98.77 98.75 98.68 98.58
98.47 98.48 98.21 97.81 97.81
98.19 97.91 97.35 96.9 96.53
96.22 95.76 96.61 96.69 97.93
97.52 97.51 98.02 98.53 98.25
97.81 98.5 98.53 98.41 97.43
97.86 97.95 98.29 97.44 97.34
96.79 96.99 95.55 95.51 94.3
92.54 91.8 90.95 97.72 97.95
96.17 96.35 98.37 97.89 97.59
98.62 98.72 98.66 98.66 98.76
98.69 98.32 98.36 98.28 96.3
97.49 95.59 96.27 96.79 97.05
97.44 95.86 95.74 98.2 98.16
98.03 98.63 98.57 98.74 98.68
98.68 98.11 97.96 96.18 91.79
90.29 93.01 93.71 96.32 98.13
98.61 98.68 98.71 98.71 98.75
98.77 98.72 98.04 97.37 98.38
97.86 97.88 97.12 97.61 95.24
91.3 87.49 92.07 94.76 92.73
93.95 94.91 95.42 96.93 96.62
97.69 98.47 98.53 97.81 97.69
98.12 96.95 97.44 97.03 94.68
93.81 92.05 88.12 90.51 91.72
91.99 94.45 97.21 97.89 97.92
98.33 98.33 98.65 98.7 98.81
98.81 98.82 98.85 98.77 98.86
98.86 98.76 98.75 98.33 98.43
98.53 97.79 96.58 97.41 97.28
94.96 94.45 94.23 90.94 83.81
82.92 69.48 72.41 74.84 70.24
74.08 74.95 73.12 70.33 64.58
60.79 55.33 57.72 56.27 48.98
54.68 54.61 50.38 50.59 43.01
42 40.05 33.19 36.85 35.93
35.66 29.99 32.89
