52.2 53.15 58.19 57.5 59.48
66.87 69.12 73.46 70.85 74.03
70.67 76.84 78.17 77.54 78.75
77.13 78.72 79.28 81.02 78.52
79.49 80.7 81.27 82.24 82.19
83.7 84.96 84.57 87.84 86.74
86.88 84.82 87.79 87.04 87.75
88.69 90.13 89.15 89.36 89.45
89.65 90.33 91.11 91.25 91.6
92.48 92.34 93.29 93.25 93.3
93.69 93.87 93.76 94.19 94.47
94.81 95.12 95.12 95.38 94.8
94.92 95.54 95.98 96.27 95.74
95.91 96.05 96.4 96.34 96.43
96.31 96.06 96.22 96.57 96.81
96.5 96.8 96.69 96.58 96.77
96.65 96.26 96.71 97.5 97.82
97.21 97.48 98.11 98.14 97.18
98 98.09 97.82 97.78 98.3
98.11 97.4 98.12 98.19 98.07
97.68 98.18 98.26 97.95 97.88
98.02 98.34 98.14 98.39 98.38
98.4 98.37 98.25 98.2 97.94
98.18 98.22 98.16 97.81 98.05
97.95 97.81 97.8 98.19 98.08
98 98.07 98.19 98.31 97.6
97.86 98.09 98.42 98.28 98.22
98.25 98.34 98.25 98.13 98.27
98.08 98.42 98.36 98.19 98.42
98.36 98.4 98.25 98.44 98.01
98.31 98.48 98.06 98.26 98.38
97.95 98.23 98.31 98.39 98.29
98.28 97.98 98.12 98.29 98.38
98.3 98.22 98.5 98.3 98.65
98.34 98.45 98.26 98.4 98.43
98.43 98.49 98.11 98.55 98.43
98.37 98.08 98.19 98.27 98.33
97.68 98.28 98.09 98.22 97.93
97.72 97.99 98.05 98.11 97.89
97.64 97.93 98.08 98.21 98.23
98.22 98.17 98.09 97.76 97.2
97.08 97.01 96.41 96.37 96.23
95.99 95.13 95.88 95.47 95.85
95.55 95.91 95.65 95.62 95.81
94.81 95.91 95.86 96.33 96.15
95.95 95.84 96.11 96.71 96.06
95.71 95.14 95.6 94.63 94.8
94.48 93.56 94.1 93.54 92.77
93.63 92.78 91.22 89.9 92.49
92 89.89 92.06 90.97 89.75
90.52 89.63 89.54 87.2 87.89
86.83 85.35 85.8 85.26 83.81
83.31 83.06 78.57 79.68 80
78.23 77.59 77.15 76.06 74.87
71.23 70.93 73.62 65.11 66.9
67.09 65.72 57.14 58.85 60.39
56 55.49 53.78 44.64
