42.7 48.89 48.49 64.04 65.91
77 63.54 70.46 70.5 71.25
71.53 70.34 68.75 64.61 67.75
62.63 59.78 60.45 58.77 55.92
53.47 51.88 52.79 53.02 54.69
61.71 70.2 83.9 87.46 93.15
92.94 94.32 95.67 96.66 96.33
96.21 97.08 95.56 89.86 88.23
91.08 93.08 95.13 95.46 95.84
96.47 96.38 96.09 95.85 95.55
95.53 94.84 94.28 96.35 95.25
95.65 92.76 89.49 93.93 90.72
87.11 92.16 94.3 96.71 97.17
94.69 97.18 96.56 95.39 91.97
90.6 91.67 89.99 87.96 86.77
90.75 90.46 90.38 92.56 93.87
93.24 93.27 92.08 94.43 94.41
93.8 94.21 95.13 94.47 94.82
94.2 93.58 94.67 93.76 95.77
95.69 94.66 96.29 95.06 92.06
85.03 82.25 73.01 67.4 58.08
52.98 57.17 53.79 66.11 77.03
83.44 88.11 93.22 96.04 97.79
97.79 97.71 97.1 94.89 95.55
97.59 96.14 96.97 96.03 82.37
74.2 73.05 78.68 84.24 91.36
96.16 98.01 97.03 97.78 95.27
94.77 97.12 96.97 94.09 94.66
95.52 97.78 98.28 98.51 98.48
98.07 98.86 98.91 98.92 98.89
98.85 98.45 98.37 97.3 97.79
98.61 98.73 98.19 98.42 98.71
98.58 98.51 98.86 98.44 97.96
98.74 98.84 98.76 98.56 98.12
98.64 98.79 98.35 98.4 93.92
91.04 93.74 93.34 97.57 97.7
98.07 98.37 98.51 98 96.49
97.05 95.63 94.42 93.6 95.07
91.72 96.14 97.72 97.91 98.15
98.76 98.73 98.72 98.86 98.8
98.89 98.91 98.83 98.82 98.7
98.01 97.19 97.86 97.68 98.3
98.42 98.04 98.63 98.74 98.8
98.76 98.64 98.62 98.83 98.87
98.88 98.73 98.53 98.54 98.17
96.24 92.89 93.08 84.91 85.75
85.78 88.03 88.14 86.18 87.93
90.28 90.7 91.98 95.87 95.44
95.69 97.39 97.27 96.64 97.31
98.24 98.72 98.83 98.93 98.86
98.8 96.59 90.44 92.99 91.86
91.25 90.43 95.47 95.29 96.05
96.21 92.36 95.75 93.21 93.36
89.52 87.14 89.65 85.6 85.33
88.58 89.96 94.07 97.15 94.35
94.41 97.18 96.97 92.71 94.24
95.77 97.87 95.27 95.28 97.83
98.38 98.38 98.89 98.88 98.87
98.71 98.28 97.51 96.08 96.8
96.85 95.85 95.42 96.5 96.77
97.83 97.93 98.14 98.38 98.38
98.08 96.95 97.55 96.76 97.3
98.21 98.58 98.57 98.67 98.79
98.71 98.82 98.69 98.6 98.52
97.88 96.29 95.88 96.63 98.04
98.22 97.54 96.54 96.63 97.16
98.35 98.39 98.39 98.76 98.65
98.77 98.8 98.85 98.86 98.73
98.37 98.32 97.03 95.42 92.81
92.12 93.74 94.63 94.79 97.07
98.43 98.59 98.79 98.69 98.72
97.78 98.25 98.11 98.57 98.62
98.43 97.93 97.01 97.72 96.81
94.4 94.85 94.44 97.62 98.64
98.55 98.77 98.82 98.89 98.9
98.86 98.92 98.92 98.92 98.88
98.93 98.84 98.75 98.56 98.52
98.31 98.24 98.69 98.78 98.81
98.75 98.83 98.89 98.89 98.82
98.83 98.9 98.8 98.58 98.72
98.74 98.39 98.08 95.71 94.49
97.88 97.87 97.7 97.31 97.8
98.53 98.51 98.66 98.4 97.85
98.07 98.08 98.61 98.63 98.76
98.79 98.71 98.51 98.71 98.73
98.83 98.73 98.66 98.73 98.51
98.61 97.66 98.48 98.83 98.55
98.42 98.54 98.66 97.97 96.47
97.99 97.49 97.48 96.86 95.96
94.57 97.11 97.68 97.97 98.29
98.42 98.12 97.59 97.69 96.73
95.9 96.78 97.84 98.22 98.05
98.21 94.07 96.58 97.45 98.33
98.49 98.51 98.4 98.1 98.23
97.53 97.15 96.85 96.46 94.76
91.82 92.68 91.81 93.71 97.32
97.89 97.31 97.56 98.56 98.8
98.82 98.8 98.82 98.76 98.58
98.67 98.63 98.45 98.13 98.12
97.49 97.83 98.04 97.87 98.26
98.53 98.66 98.85 98.84 98.84
98.86 98.74 98.6 98.59 98.27
98.73 98.65 98.83 98.78 98.71
98.78 98.11 98.2 98.39 97.35
97.15 98.03 97.45 96.99 96.96
95.3 96.11 98.32 96.84 95.89
98.35 98.37 98.78 98.81 98.87
98.86 98.8 98.76 98.77 98.57
98.62 98.12 98.32 97.95 98.23
98.66 98.81 98.81 98.82 98.76
98.69 97.87 97.9 97.43 95.79
95.02 94.12 94.47 96.57 97.29
97.38 98.46 98.71 98.34 98.43
98.54 98.66 98.77 98.74 98.79
98.76 98.11 97.42 90.73 78.31
61.5 50.58 40.09 35.92 33.53
37.95 36.23 34.95 41.52 59.45
66.57 74.17 79.89 73.84 73.97
71.78 68.35 68.59 69.41 73.66
76.96 76.73 79.07 82.07 82.54
79.91 80.05 85.81 86.08 85.8
85.85 78.39 78.6 82.27 86.39
84.24 84.82 86.25 85.72 84.74
81.53 85.44 89.98 87.31 85.48
83.71 82.71 74.39 70.76 61.64
64.15 58.46 50.69 52.23 52.51
47.93 50.38 55.23 58.34 60.24
65.71 69.27 73.17 83.67 87.62
89.43 89.26 90.38 90.38 90.14
87.56 87.27 89 87.79 89.26
89.49 89.25 87.25 86.28 87.91
87.38 89.96 90.18 88.95 89.23
89.22 88.18 82.9 78.61 79.13
82.47 84.03 87.47 87.6 81.13
83.03 85.18 88.79 89.6 88.03
81.81 69.47 58.74 46.98 47.5
46.39 40.7 38.27 36.76 36.92
42.94 38.25 37.76 37.69 35.99
40.76 37.61 35 44.38 39.5
35.48 40.53 35.56 36.46 32.46
33.61 35.16 30.44 35.89 33.48
37.6 32.85 39.07 43.16 48.3
54.21 61.82 66.58 66.31 68.6
73.83 77.34 75.64 78.55 81.9
79.58 81.34 83.28 87.3 86.41
86.06 87.3 88.01 86.58 85.52
86.31 85.15 83.28 83.33 83.72
79.12 77.92 77.33 72.39 61.49
46.09 48.4 46.01 41.88 42.65
40.49 38.22 31.28 33.94 33.38
36.9 38.59 36.08 36.87 35.84
32.56 36.01 32.82 36.72 37.98
31.51 34.56 37.38 40.71 38.88
37.44 36.39 32.92 38 36.4
28.34 36 33.09 35.28 35.43
37.31 34.64 35.5 34.14 30.45
32.91 31.64 35.47 36.62 36.52
32.92 37.63 37.57 34.14 40.21
36.33 32.55 40.72 37.93
