42.71 35.02 41.46 42.12 43.37
41.32 38.18 41.74 37.87 43.4
41.41 33.11 43.49 44.02 44.74
40.79 48.54 45.79 43.82 51.46
51.7 50.69 63.92 50.89 53.33
50.42 54.19 45.95 47.06 44.04
47.21 46.15 50.91 54.38 57.63
62.51 59.59 59.37 60.74 59.34
63.53 59.77 64.99 64.1 63.06
55.64 59.34 56.39 52.26 49.11
56.54 49.23 56.69 51.26 54.34
50.68 53.45 52.88 52.67 53.71
54.98 51.6 44.97 48.85 46.01
43.43 43.72 45.49 48.7 55.18
60 62.21 65.18 62.2 63.54
67.24 65.52 59.73 68.02 69.73
70.62 65.96 72.8 74.09 69.21
75.54 78.77 79.49 72.27 75.09
80.67 78.12 76.03 80.17 81.6
81.91 79.52 85.45 87.19 85.39
88.33 90.56 91.8 91.3 93.72
94.34 94.57 94.24 95.59 94.83
95.41 95.6 95.18 95.11 95.23
94 94.16 93.49 92.84 93.45
92.68 89.61 88.33 79.14 59.73
