34.25 39.77 34.4 34.54 38.52
37.41 41.64 48.94 50.32 57.17
72.54 78.85 82.64 86.07 88.99
92.85 91.99 90.03 91.11 92.33
92.26 91.75 90.14 92.67 89.83
89.37 88.6 86.93 87.84 87.49
86.82 84.99 85.69 83.94 82.16
85.2 87.14 89.39 88.71 89.97
90.33 89.92 87.21 88.73 89.98
91.42 92.84 91.39 94.85 95.37
93.9 94.87 95.26 94.16 91.5
92.55 95 92.93 91.65 92.05
93.27 92.51 91.33 92.04 90.15
90.75 87.95 85.63 90.44 89.37
90.24 91.26 89.85 92.75 93.55
91.36 91.21 92.11 95.66 95.87
95.29 96.73 96.68 95.94 96.52
96.77 95.81 94.28 94.48 95.73
93.19 93.83 95.57 96.51 95.49
93.79 95.46 94.68 92.63 92.4
90.89 94.68 94.15 94.98 94.18
93.79 93.72 93.5 90.52 87.46
90.38 94.27 94.98 96.26 95.3
94.21 95.44 96.28 94.46 94.07
94.35 94.78 95.96 93.59 94.16
96.13 94.87 94.03 95.25 95.49
91.7 92 93.24 88.84 92.15
88.13 87.26 83.01 85.07 82.94
86.58 80.16 73.08 74.6 81.93
87.01 88.83 87.19 83.84 88.56
89.68 85.81 86 87.49 84.57
88.4 83.78 86.82 89.19 86.27
83.82 86.03 87.48 80.47 81.24
76.85 66.05 56.88 49.94 51.1
51.83 54.09 62.49 64.41 73.57
80.63 87.47 88.6 88.23 89.34
92.32 91.85 88.67 91.29 89.36
88.88 86.43 83.7 87.58 87.31
82.09 81.81 83.37 81.48 67.74
68.87 73.49 84.34 87.94 88.74
86.09 86.35 82.71 76.26 74.4
82.85 89.91 92.29 92.35 95.89
94.9 94.13 95.85 96.09 95.01
93.55 94.27 95.43 93.89 94.19
94.51 95.92 95.09 93.37 94.68
94.5 92.82 90.63 89.12 92.99
93.85 95.49 93.89 92.24 87.99
76.47 68.37 77.61 86.47 93.43
95.2 95.72 97.17 96.35 95.25
96.75 97.02 95.94 95.56 95.34
96.38 95.91 95.52 96.51 97.12
95.89 95.24 97 95.79 94.18
94.58 92.48 95.75 93.58 94.68
90.42 91.62 93.92 93.32 90.06
90.98 92.78 96.18 97 97.02
97.92 97.92 96.69 97.46 97.69
97.13 96.75 96.32 97.84 96.87
97.01 97.48 97.4 97.09 96.7
97.29 96.18 95.25 94.05 92.39
95.95 94.21 95.75 94.13 95.53
96.17 95.72 93.05 93.35 94.21
97.49 97.42 97.64 97.85 98.24
97.51 97.81 97.65 96.92 93.74
96.18 97.13 96.02 96.68 96.6
97.59 96.93 96.95 97.62 96.03
95.54 96.1 94.3 96.38 96.21
96.46 96.36 96.57 96.78 95.95
92.39 94.01 95.27 97.79 97.93
97.98 98.22 98.32 97.86 97.91
98 97.73 96.54 96.72 97.77
97.24 96.43 97.86 97.57 96.92
96.17 97.57 97.06 95.34 95.18
93.86 97.14 96.48 96.44 96.18
96.3 96.81 95.25 91.2 90.83
93.43 97.84 98.08 98.04 98.03
98.14 97.73 97.74 97.61 97.43
97.53 96.95 97.59 96.06 96.68
97.58 97.47 96.57 96.93 97.56
95.53 95.24 93.58 91.73 96.33
95.22 95.28 91.62 94.57 96.31
94.93 91.58 92.46 94.29 97.43
97.58 97.63 97.85 97.95 97.42
97.66 97.81 97.86 97.57 97.09
97.85 96.99 96.72 97.51 97.75
97.04 95.56 96.93 95.94 94.08
92.45 91.71 95.78 95.34 95.67
95.83 95.15 94.18 94.41 92.51
91.18 93.73 96.24 97.69 97.74
98.18 97.91 96.94 98.09 97.65
96.64 96.45 96.41 97.72 96.97
97.31 98.17 97.71 97.41 97.51
97.97 96.87 95.78 96.19 93.67
97 96.32 96.98 96.19 96.07
95.35 94.63 91.02 91.27 93.69
95.87 97.46 97.68 97.83 97.65
96.67 97.7 97.21 97.21 96.3
95.63 97.06 95.93 96.23 97.15
97.29 96.71 96.98 97.46 96.18
95.33 95.47 93.27 96.14 94.64
95.35 94.89 95.52 95.55 95.82
93.16 90.45 93.29 95.86 97.32
97.18 97.54 97.15 97.09 97.27
96.68 96.35 96.46 95.88 97.21
96.55 96.36 96.63 96.94 95.92
95.46 96.58 94.52 92.98 92.13
87.33 93.77 93.15 92.85 90.01
91.11 91.77 93.76 90.17 83.59
89.63 94.23 95.47 96.07 96.43
95.29 95.8 96.59 95.7 94.54
95.26 95.6 97.37 96.54 96.79
97.4 96.62 95.92 95.77 96.08
94.37 93.44 92.09 87.81 92.29
91.89 92.68 91.63 91.31 88.08
84.95 81.18 81.79 86.83 91.29
94.45 95 96.01 94.46 93.8
95.41 95.37 93.1 92.86 92.62
94.45 93.98 95.84 96.27 96.05
94.7 95.34 95.91 94.45 92.17
90.92 88.91 92.55 93.5 92.8
91.52 90.31 89.17 89.66 85.02
84.67 88.93 92.45 94.81 94.88
95.76 94.87 93.98 95.77 95.33
93.78 94.11 94.83 95.16 93.96
94.7 95.2 95.44 94.75 93.85
95.42 93.76 92.2 93 89.4
91.86 92.32 91.59 92.88 92.24
92 91.62 89.34 87.42 89.89
93.13 94.87 95.08 95.86 94.53
94.37 95.71 94.79 93.25 92.66
93.83 96.03 93.67 94.58 96.28
96.14 94.4 95.03 95.94 93.77
92.58 91.77 88.61 92.32 91.38
89.27 90.08 89.33 87.67 89.71
88.68 85.84 89.04 91.01 94.33
94.05 95.15 93.78 92.44 94.09
92.96 90.04 89.22 90.44 93.69
93.53 94.21 95.25 94.42 94.51
94.63 94.89 93.28 91.1 90.08
87.96 91.97 91.79 92.42 91.29
91.55 91.28 91.9 89.12 86.29
89.94 92.03 94.9 94.64 95.88
94.74 93.64 94.66 94.49 92.64
90.97 90.54 92.45 92.14 92.96
93.18 94.6 94.09 95.09 95.21
93.36 92.63 92.57 90 93.01
93.08 93.52 91.42 92.44 90.52
91.71 88.57 85.93 88.33 90.21
93.58 93.92 94.08 92.59 91.65
92.74 91.22 89.4 90.19 87.84
90.91 89.65 90.57 93.18 91.77
91.12 92.08 93.82 91.12 90.65
90.41 89.12 90.87 89.39 84.13
84.62 83.74 85.76 85.48 85.2
78.32 80.86 84.95 89.4 87.71
87.74 85.14 85.89 85.88 84.02
84.13 82.47 82.92 80.79 81.5
80.54 84.65 85.66 85.7 86.85
86.32 81.93 79.34 79.09 73.47
62.59 50.76 49.04 38.54 42.83
32.83 40.2 32.08 31.86 30.44
28.52 35.81 29.5 38.74 35.05
42.52 44.06 47.55 46.66 50.81
47.97 51.58 49.93 50.91 51.84
52.46 45.29 40.61 36.6 30.68
26.02 24.84 26.96 26.04 26.65
26.72 28.17 24.02 28.23 24.58
25.51 26.39 24.23 28.04 26
24.66 26.58 24.04 27.46 24.92
26.45 24.51 29.58 26.61 25.15
26.81 27.61 37.4 26.85 28.82
26.98 26.37 27.84 29.79 23.11
26.31 27.18 23.58 24.9 27.2
25.64 21.96 25.4 21.49 23.87
22.3 22.75 25.76 24.41 27.08
26.84 25.47 29.34 22.79 25.77
27.9 24.8 22.31 21.22 21.84
22.74 25.71 21.18 23.72 28.64
21.47 24.46 26.2 25.14 25.97
26.68 23.36 23.89 30.65 22.43
26.68 23.6 25.04 28.29 23.66
29.24 33.84 28.34 30.58 27.05
28.56 27.98 34.2 28.35 29.05
32.25 43.84 47.5 54.61 56.87
61.26 65.92 61.16 63.36 57.12
54.76 52.7 45.09 47.49 51.54
53.92 56.96 54.8 53.87 49.32
51.77 52.16 61.1 71.1 76.12
79.93 79.12 78.73 74.26 68.42
68.51 71.12 69.2 69.46 72
70.96 72.02 76.92 76.28 77.88
77.71 78.44 76.98 76.52 74.17
70.32 69.62 71.85 74.45 73.8
80.56 79.69 82.32 78.37 79.57
77.71 74.46 79.86 86.15 85.22
87.61 87.67 83.47 81.85 86.15
85.76 87.52 84.59 80.19 81.81
81.84 77.96 77.01 80.3 79.6
75.79 76.36 81.13 82.04 85.24
85.55 85.82 84.75 82.96 84.88
85.95 85.19 83.21 73.49 69.8
69.54 74.64 83.24 87.36 86.76
88.56 89.34 91.05 90.96 91.7
91.37 88.26 84.51 81.56 81.42
84.44 85.52 88.38 87.33 89.16
80.87 74.84 69.28 73.7 67.6
67.88 70.84 77.06 73.12 72.99
74.44 72.5 69.96 62.44 59.85
57.87 58.98 59.97 65.76 72.63
72.71 76.98 72.8 75.2 79.59
79.15 74.36 76.32 74.93 82.11
84.34 87.1 88.77 88.99 88.52
88.24 85.89 87.39 88.65 88.94
88.69 91.41 91.46 90.57 90.27
90.13 89.56 87.35 86.43 87.82
87.22 90.34 88.13 88.66 88.45
89.07 88.37 88.02 89.32 87.93
90.77 91.23 91.49 91.3 90.58
86.16 85.19 89.49 87.98 89.72
92.97 93.61 93.7 93.56 93.14
91.83 89.17 87.67 87.03 86.26
84.37 87 85.2 87.48 88.23
90.09 89.98 92.08 90.96 91.06
90.26 88.32 88.93 85.76 82.74
82.57 83.16 85.49 83.51 80.04
83 83.86 81.34 80.56 83.48
86.29 88.9 91.48 92.83 91.7
92.82 93.91 91.81 91.58 85.87
84.04 82.66 79.02 81.22 85.79
88.57 87.16 88.5 88.99 92.36
92.48 94.4 93.92 93.84 91.95
88.19 87.21 79.78 73.62 70.96
64.69 61.47 60.11 57.04 52.79
52.1 49.47 48.98 50.35 54.2
55.1 57.94 72.63 80.31 86.64
89.4 91.59 93.41 93.44 92.26
86.4 82.13 71.6 71.4 72.11
74.43 77.13 83.18 87.89 90.49
90.71 89.83 89.56 85.53 79.45
82.49 83.07 84.47 84.82 86.05
83.91 80 81.68 82.95 88.64
89.14 91.43 92.76 91.81 90.66
89.6 88.84 90.25 92.24 93.13
94.36 94.45 92.16 90.74 88.3
85.48 78.97 82.68 79.77 82.49
86.15 86.64 90.46 89.07 90.46
90.02 89.36 86.93 89.56 89.63
85.09 83.72 85.78 85.23 84.45
86.3 88.07 88.14 86.61 85.31
85.79 87.78 87.07 88.75 89.34
90.17 88.84 85.54 79.33 80.41
77.97 81.67 86.04 86.82 89.19
89.03 88.04 87.77 85.79 86.83
78.39 75.55 66.89 54.73 52.94
51.66 47.9 51.05 53.52 58.77
70.01 64.88 64.59 71.91 72.79
82.4 83.35 87.59 88.34 88.79
87.53 88.51 84.6 80.46 85.93
86.75 87.13 85.57 84.27 80.56
83.57 82.84 84.63 84.39 86.27
83.95 85.69 83.37 86.09 87.5
85.62 84.43 79.65 76.81 57.99
52.71 46.08 48.07 54.62 59.47
70.31 79.93 81.65 83.98 85.97
83.03 80.25 75.66 73.12 69.42
81.83 81.83 85.65 86.12 84.51
87.84 88.69 87.83 86.66 84.52
84.29 79.36 75.44 80.15 79.77
81.81 83.52 86.69 86.93 88.19
87.71 86.91 82.83 74.78 69.77
65.44 60.93 55.38 51.63 42.2
48.57 50.62 56.27 64.55 74.04
80.85 85.48 87.97 88.88 89.86
90.33 88.83 86.63 86.11 77.81
65.42 60.01 46.37 36.8 28.89
33.56 30.27 27.25 28.73 27.54
28.13 28.23 26.96 27.68 28.4
26.82 28.97 30.92 28.54 27.56
28.85 27.01 28.17 27.27 31.4
24.59 26 26.68 32.49 29.22
36.94 36.63 47.28 57.23 62.7
54.1 63.19 71.19 71.88 72.9
81.41 83.57 80.44 80.43 86.42
87.05 84.6 85.14 83.44 83.21
79.8 88.9 90.71 88.07 86.99
91.65 90.55 88.97 89.72 88.57
87.97 89.4 87.39 83.84 83.64
84.48 88.49 84.57 87.75 87.45
85.74 81.37 80.07 83.81 67.81
63.12 79.81 81.38 86.25 84.23
89.62 89.78 88.09 88.34 91.66
88.52 86.65 85.44 87.83 84.42
82.74 82.61 77.18 74.43 63
61.89 64.21 75.47 80.01 81.49
82.61 85.14 87.51 85.61 87.67
88.01 85.67 85.71 89.57 81.87
84.25 80.84 82.51 84.75 82.96
76.52 74.98 71.8 72.59 45.44
36.07 31.27 31.71 28.33 28.66
28.65 25.12 28.9 26.42 26.58
27.33 28.17 26.58 27.34 25.1
28.95 27.83 25.17 29.39 24.54
27.9 22.25 37.02 25.77 31.57
29.01 31.75 28.61 28.55 22.35
25.39 25.67 25.59 25.72 25.94
26.8 27.17 23.35 35.63 24.68
27.38 29.21 27.29 22 24.69
23.82 22.63 27.28 28.04 25.66
24.69 26.29 27.35 28.49 27.96
27.72 29.15 29.54 31.09 26.55
26.98 29.84 26.39 29.26 24.16
29.94 25.73 24.79 29.92 31.35
30.82 30.4 29.81 28.83 30.36
30.74 29.05 28.82 24.42 30.31
26.07 23.91 27.66 23.06 23.64
23.03 23.1 26.4 22.09 27.34
23.54 26.07 25.5 23.46 26.41
23.47 24.16 25.91 24.67 25
23.54 24.89 25.85 27.34 31.15
28.83 31.94 31.15 29.28 32.02
30.41 29.14 27.78 24.81 27.06
24.93 23.91 23.86 26.1 28.79
26.54 26.79 26.86 27.99 34.7
23.96 26.02 33.93 26.91 25.06
27.24 24.59 25.5 23.01 24.65
25.99 24.55 27.66 25.22 30.47
27.25 24.73 25.72 26.47 26.13
24.7 26.71 24.65 24.03 24.7
24.39 22.12 23.73 24.37 25.42
23.69 25.88 26.88 23.03 26.48
27.46 22.75 24.61 25.99 25.27
29.09 27.49 29.52 24.26 27.39
24.46 25.16 26.66 29.28 30.63
28.64 28.54 27.24 28.45 28.61
28.26 23.4 27.07 22.86 26
21.89 23.78 27.3 26.6 29.14
27.86 30.38 31.78 31.08 29.46
28.73 27.94 27.72 25.85 23.44
23.18 36.17 26.37 24.23 20.81
24.15 21.67 26.36 25.31 27.38
24.43 25.71 27.32 27.41 27.28
27.37 27.53 27.42 27.22 26.11
22.3 22.98 32.99 21.89 23.63
24.38 24.6 24.2 26.17 27.57
26.36 28.19 28.5 26.07 21.93
24.1 22.99 24.42 25.01 26.77
26.8 27.78 24.64 38.48 27.58
26.32 24.56 22.68 23.13 23.59
21.53 21.71 24.86 24.65 25.34
22.72 26.33 23.41 42.3 24.81
23.5 22.6 22.84 20.79 24.14
21.59 21.89 21.7 23.69 21.36
20.6 25.68 21.27 24.93 23.2
24.01 24.4 23.86 22.68 22.36
25.11 21.81 22.76 24.16 21.99
25.29 24.21 24.5 26.54 25.52
27.22 28.7 27.93 27.21 26.7
28.19 26.45 28.69 33.5 35.24
37.34 35.79 30.07 29.35 32.28
25.34 27.37 29.89 31.18 29.97
24.94 29.34 25.81 30.36 24.19
26.35 22.78 22.89 23.68 25.1
30.44 26.34 27.82 28.29 26.89
29.77 30.77 34.88 36.82 43.8
44.27 53.95 47.57 48.62 45.68
47.59 42.62 37.44 36.99 34.29
32.52 34.3 30.39 28.61 27.16
26.38 25.45 25.99 26.09 24.34
26.78 23.8 28.91 27.96 30.31
30.36 30.04 31.47 30.92 30.51
29.02 30.87 27.47 29.9 27.34
28.72 27.89 23.89 39.3 25.6
30.58 26.93 38.19 28.35 30.5
30.89 32.06 35.83 33.12 32.82
33.5 29.2 30.95 26.93 28.15
30.75 28.18 32.54 33.94 33.8
35.22 35.53 33.58 34.85 29.69
43.06
