42.6 51.49 58.07 74.3 77.54
80.74 83.22 85.55 86.99 87.74
89.11 89.28 89.81 91.17 91.8
91.33 91.79 92.21 91.93 90.93
91.28 90.1 87.9 88.82 89.11
89.32 86.22 88.25 89.07 86.29
86.99 88.97 87.59 86.81 89.77
90.97 89.55 90.94 93.09 92.05
91.01 93.15 95.56 95.09 92.75
90.23 87 90.31 85.87 89.65
91.36 87.2 84.88 88.76 89.43
85 76.47 75.85 88.41 92.55
95.65 97.99 98.31 98.68 98.76
98.72 98.76 98.78 98.68 98.76
98.72 98.33 98.05 97.71 97.85
97.85 96.67 96.35 96.97 96.87
97.88 98.46 98.6 98.71 98.68
98.45 98 98.32 97.95 98.43
98.75 98.73 98.47 97.43 95.9
92.09 92.37 93.34 93.05 94.47
93.62 93.77 95.16 95.6 95.28
94.38 92.21 92.72 93.66 96.36
97.2 96.85 97.11 96.24 95.1
93.42 95 95.07 95.34 97.17
97.61 98.44 98.17 97.72 98.05
97.8 98.59 97.81 97.57 98.16
97.88 98.33 98.56 98.55 98.66
98.78 98.57 98.5 98.48 97.91
97.38 97.61 97.74 97.22 96.26
96.16 95.72 95.19 94.01 92.19
95.32 94.25 95.11 94.98 96.22
96.63 95.7 96.25 97.53 97.53
97.4 97.89 97.36 97.26 97.14
96.74 97.72 97.57 97.58 98.52
98.03 98.51 98.23 98.63 98.58
98.26 98.31 98.42 98.3 97.68
97.18 97.95 97.34 97.79 96.68
93.87 95.83 95.88 95.92 93.22
88.3 87.23 88.39 90.19 91.83
95.93 96.99 96.85 96.91 97.03
96.29 95.61 95.17 95.17 93.72
91.12 94.81 93.16 86.8 92.06
96.44 97.49 97.53 97.77 97.94
96.53 96.01 93.19 93.69 95.36
95.68 95.72 96.27 97.11 96.74
97.99 97.96 97.14 97.25 97.18
95.86 95.53 96.52 96.09 96.53
94.25 93.5 91.98 94.53 92.2
93.21 93.62 94.75 95.65 96.26
96.62 95.74 97.4 96.91 94.67
95.65 92.87 94.31 97.05 97.21
95.57 95.56 97.37 97.45 98.06
97.77 96 97.71 97.91 97.56
97.86 97.46 95.88 94.69 94.07
95.81 95.6 96.64 97.42 96.53
97.53 98.18 98.23 98.48 97.6
97.88 98.33 97.77 96.36 95.59
93.93 92.3 94.1 95.11 97.52
98.58 98.52 98.6 97.95 96.57
96.01 95.48 96.31 95.19 94.7
96.19 95.78 94.84 93.03 93.73
96.08 95.96 94.07 95.41 94.21
93.97 94.78 93.43 89.39 89.34
91.3 91.84 92.7 92.85 93.14
94.03 93.94 94.84 94.62 95.8
96.51 96.53 96.23 96.26 96.63
95.73 94.03 94.41 95.04 92.7
94.36 96.55 96.86 97.94 97.91
97.9 97.99 97.99 98.5 98.34
98.19 97.77 95.98 96.99 95.96
95.97 94.59 96.27 96.44 96.76
97.49 98.41 98.45 97.93 98.17
97.34 97.54 97.54 95.54 94.16
96.57 98.18 96.16 97.71 97.82
98.15 98.09 97.83 95.75 95.96
93.51 92.95 94.94 94.31 95.59
94.87 96.77 97.39 97.91 97.65
97.91 98.18 98.63 98.72 98.74
98.38 97.98 97.68 96.24 96.45
96.56 95.26 96.82 97.4 97.18
97.35 97.73 97.06 97.01 97.53
96.51 95.14 95.77 97.49 97.94
98.62 98.68 98.73 98.78 98.71
98.55 98.45 97.76 97.28 95.1
95.51 92.75 91.85 92.36 89.63
87.7 91.76 91.18 86.98 88.11
89.58 86.34 81.25 82.99 80.62
83.3 83.65 84.97 84.45 86.2
86.24 86.24 88.66 88.91 88.05
89.71 91.76 90.79 91.62 91.95
93.2 92.33 93.5 93.71 92.57
92.84 92.82 92.51 92.31 89.75
90.24 88.45 87.52 86.02 85.46
82.5 78.44 75.8 70.43 62.5
58.89 46.35
