44.19 44.37 46.04 50.95 49.93
49.04 43.17 47.06 46.08 47.64
47.75 39.84 45.93 37.28 43.35
43.35 46.99 36.87 39 37.3
33.6 43.06 39.7 34.53 47.17
33.7 35.52 42.26 42.13 39.01
39.19 41.14 56.93 41.92 44.14
47.77 39.05 42.76 33.83 40.88
37.63 36.88 44 37.77 41.14
38.61 41.25 38.35 43.97 37.18
40.29 40.45 37.42 40.22 35
35.62 31.45 38.31 37.49 39.97
36.08 32.83 40.78 34.21 31.5
43.13 31.15 40.71 35.76 32.94
41.66 35.83 42.55 39.4 33.78
43.42 29.89 40.74 36.95 52.69
37.14 33.69 46.09 37.72 40.35
35.47 39.96 44.74 47.68 51.62
54.17 65.09 63.81 66.03 70.24
75.44 76.58 78.34 79.07 81.11
80.73 81.64 82.77 85.12 84.74
86.81 86.72 88.44 88.38 90.03
90.76 88.78 90.67 91.16 91.29
91.41 91.54 93.23 93.74 93.75
94.81 95.8 94.42 94.86 95.26
96.83 95.03 96.39 96.38 96.01
96.38 96.18 95.25 96.37 96.33
94.54 93.27 89.73 89.72 85.81
85.08 83.16 78.99 77.22 70.56
66.81 64.48 65.42 74.08 80.34
83.2 85.33 87.81 90.5 90.68
93.25 94.76 95.89 95.78 95.92
97.28 97.4 97.72 97.51 98.24
97.97 97.52 97.97 97.61 97.7
97.84 97.99 96.95 97.05 97.67
96.28 97.49 97.17 96.33 95.53
96.6 92.92 94.57 94.4 94.91
93.14 90.96 93.65 90.18 89.99
92.27 92.45 92.72 90.06 92.43
90.29 92.62 92.79 90.09 90.21
89.68 92.45 90.98 90.12 92.38
92.3 92.75 91.53 94.23 93.59
94.81 96.48 96.16 95.09 97.09
96.37 95.95 95.68 96.43 96.85
96.73 96.57 97.75 97.11 97.03
97.57 96.84 97.34 97.41 97.33
96.85 97.33 97.36 97.07 96.65
95.54 96.58 96.24 96.95 95.94
96.72 96.73 93.69 95.26 95.2
93.44 92.44 92.94 92.67 89.37
86.7 87.52 85.83 77.96 76.46
73.94 61.87 45.62 44.31 31.91
40.39 29.88 43.04 31.76 38.16
39.02 40.8 58.19 58.93 67.79
79.55 80.17 83.69 83.15 86.55
87.79 89.87 90.47 91.28 91.95
90.55 93.96 94.08 92.92 92.85
94.65 95.37 92.14 95.24 95.43
95.12 94.51 95.4 96.31 95.1
94.28 97.08 95.66 97.03 96.56
96.47 95.72 96 96.34 96.03
95.37 95.05 96.17 95.98 93.63
95.87 95.27 94.36 95.3 96.48
95.57 93.98 95.42 96.16 94.87
93.89 95.25 96.18 93.52 95
92.54 97.02 93.96 94.67 92.04
93.77 93.48 92.93 94.16 90.45
94.13 90.74 88.83 93.05 89.69
92.75 85.75 93.23 91.54 90.57
93.19 93.2 94.09 91 96.3
95.34 94.01 96.36 96.21 96.95
94.86 95.24 96.78 97.64 96.6
97.44 97.43 97.26 97.68 98.16
98.29 97.68 97.75 98.09 97.99
98.1 98.11 98.26 98 97.72
97.39 98.03 97.29 97.95 98.01
97.24 96.74 97.72 96.86 97.76
97.36 97.85 97.53 97.08 97
97.42 96.74 96.59 97.24 97.15
95.73 96.61 96.15 96.49 94.35
95.7 93.21 94.74 93.34 93.34
92.06 91.16 89.59 87.9 82.68
79.99 75.43 69.33 66.17 69.21
64.48 60.76 52.06 49.14 44.42
45.47 40.02 37.49 36.1 38.11
34.58 38.24 31.79 38.09 32.01
32.91 31.02 38.56 34.08 37.5
40.38 38.6 46.42 43.5 48.69
47.66 50.94 53.21 56.19 63.57
71.65 72.84 79.37 77.37 81.67
80.04 78.27 82.18 71.66 76.03
74.18 72.78 76.85 78.72 74.96
80.61 79.71 76.9 74.33 67.21
64.28 59.84 51.27 50.13 48.57
