48.55 61.79 82.41 89.35 93.19
93.48 94.26 95.42 96.83 96.54
96.56 97.22 95.94 96.72 96.56
95.51 97.03 98.04 97.86 98.03
98.06 98.37 98.05 98.16 98.36
97.46 97.5 98.01 97.57 94.11
95.45 98.1 98.31 97.94 98.22
98.54 98.58 98.15 98.31 98.05
97.76 98.53 97.93 98.06 98.6
98.74 98.41 98.07 97.41 97.29
98.43 98.65 98.81 98.8 98.74
98.58 98.69 98.79 98.8 98.69
98.56 96.81 89.57 90.67 92.22
96.93 98.3 98.76 98.84 98.89
98.94 98.93 98.78 98.56 97.01
95.83 93.33 93.11 94.1 94.6
95.83 97.82 98.58 98.9 98.92
98.95 98.86 98.78 98.77 98.6
97.89 97.58 98.44 98.55 97.66
98.47 98.8 98.61 98.29 98.74
98.77 98.51 98.26 98.3 97.99
98.48 98.12 98.36 98.86 98.87
98.78 98.73 98.05 97.25 97.24
95.96 93.87 90.5 90.25 93.14
96.47 97.83 98.26 98.15 97.51
98.21 98.06 96.26 88.22 79.13
71.01 81.02 92.77 97.23 96.91
96.78 94.09 93.7 95.73 96.65
97.8 97.94 98.42 97.42 97.58
95.98 95.77 95.47 95.27 95.21
94.9 94.14 95.17 96.92 96.83
97.77 97.22 97.5 98.15 98.06
98.58 98.47 98.16 97.09 94.79
96.53 97.38 98.4 98.34 98.29
97.82 98.44 98.41 98.59 98.75
98.42 97.97 96.25 94.89 95.57
90.05 83.06 80.04 91.93 94.35
93.8 88.95 91.07 94.36 93.45
94.53 97.62 96.91 95.7 97.49
97.63 95.08 95.72 97.92 95.95
94.57 95.64 95.55 94.65 95.9
91.99 90.37 92.16 93.23 97.22
98.33 98.5 98.9 98.84 98.87
98.1 98.25 98.21 98.55 98.63
98.43 98.68 98.8 98.73 98.78
98.78 98.65 98.76 98.51 98.24
97.98 97.7 96.12 95.59 95.51
94.67 92.95 91.75 87.19 81.75
86.75 92.96 95.23 97.39 97.58
97.04 97.71 98.49 98.14 97.53
98.58 98.5 98.39 98.69 98.7
98.47 97.97 98.68 98.48 97.94
97.74 97.89 97.76 98.36 98.49
98.15 98.48 98.58 98.03 97.2
97.62 97.1 94.98 94.4 94.54
92.19 90.38 85.08 82.72 79.79
74.62 76.77 72.95 84.61 85.82
84.58 87.86 89.95 91.01 89.55
90.65 89.53 89.38 89.61 88.32
87.77 84.49 76.14 74.63 62.56
52.12 45.95 31.12 31.22 31.07
31.62 27.65 30.17 27.06 30.72
31.92 28.83 34.52 31.4 27.37
30.57 29.9 30.67 28.66 34.96
31.07 35.63 31.07 34.67 32.49
33.18 34.34 35.59 34.82 32.45
38.77 33.36 33.53 32.91 38.21
42.55 41.05 39.56 38.58 41.48
43.74 44.62 45.77 50.46 56.12
60.25 66.73 70.78 68.89 72.06
76.32 74.61 73.14 73.59 78.41
75.44 75.91 79.44 77.77 77.57
76.61 80.15 78.29 74.65 78.52
77.7 79.24 77.75 80.42 77.36
79.44 76.84 81.52 80.79 76.71
78.2 80.61 80.07 80.4 81.2
81.56 77.69 81.79 83.17 81.07
81.93 79.98 82.48 81.22 79.25
79.95 82.3 79.91 78.74 78.2
80.65 84.08 84.82 85.48 87.11
85.71 86.28 86.69 86.48 84.35
84.41 82.45 82.51 81.8 76.62
75.02 69.5 66.66 59.38 47.66
