43.58 35.01 38.99 37.26 39.31
47.45 37.83 38.02 39.9 40.69
39.59 38.73 40.29 38.67 48.27
39.07 37.47 35.66 36.77 34.31
31.91 34.64 28.77 36.01 28.65
31.31 29.37 27.78 29.99 29.33
28.47 28.48 29.36 28.35 28.09
26.47 27.28 26.13 27.47 35.6
44.54 60.98 50.67 44.72 44.88
51.84 60.17 77.16 85.62 85.81
85.82 86.93 87.47 83.74 88.08
93.09 92.67 92.07 93.18 92.15
93.49 92.89 94.34 91.39 89.71
91 90.31 86.72 85.96 82.34
76.21 78.07 82.1 88.88 93.68
95.89 95.93 95.23 93.33 93.13
92.03 87.73 87.17 83.97 89.74
91.65 93.95 94.99 94.63 93.77
90.59 90.87 87.2 87.76 87.51
84.79 83.14 76.95 72.54 80.29
82.6 78.47 85.16 89.48 91.13
93.73 92.89 92.61 92.53 92.4
92.04 93.14 91.77 92.46 89.82
88.33 88.46 94.12 94.89 91.99
87.95 79.16 80.87 80.27 87.49
89.3 87.48 86.21 78.14 84.37
85.67 86.9 88.82 88.42 86.42
86.31 79.68 72.79 71.9 67.94
68.74 68.9 69.73 81.51 88.53
90.91 90.02 92.7 94.84 94.62
94.34 93.67 92.92 89.8 88
81.85 81.96 83.6 90.12 92.96
95.12 96.03 96.47 96.13 94.84
91.88 88.75 84.71 72.17 72.55
79.74 77.67 76.22 79.87 71.32
76.41 76.67 80.53 86.01 88.35
90.72 91.32 92.07 91.91 92.19
93.53 93.73 94.18 94.44 92.79
92.99 93.06 94.69 95.32 96.65
95.71 95.09 92.59 92.09 94.94
93.47 96.28 92.22 91.54 88.19
87.68 89.76 94.3 94.77 94.82
93.71 91.68 93.78 93.66 95.03
95.94 96.72 96.25 97.64 97.81
97.4 97.34 96.09 96.27 92.72
93.24 95.47 96.02 97.18 96.81
96.57 93.57 92.67 93.93 92.74
93.51 90.69 90.14 85.47 84.93
92.38 93.45 94.42 96.75 97.51
97.72 97.74 98.19 98 97.74
97.12 93.58 90.97 96.2 97.29
97.1 96.96 96.61 94.01 95.31
92.86 93.87 91.13 85.6 85.97
81.91 82.79 84.43 87.35 89.09
89.65 89.23 80.53 81.59 83.11
93.95 95.81 97.48 96.11 95.67
93.03 97.46 97.03 98.09 98.1
98.11 98.18 97.84 97.66 96.63
95.13 92.68 92.18 88.06 87.52
87.89 89.56 91.68 89.41 91.82
89.06 70.85 61.25 64.86 68.14
73.55 83.04 88.98 89.31 95.5
93.71 96.08 94.12 95.19 93.78
95.52 95.98 97.15 95.4 92.02
90.84 92.15 90.8 89.38 87.54
87.49 91.62 90.62 93.8 91.8
90.35 94.35 93.81 92.27 93.09
92.77 94.52 96.7 94.87 95.51
96.9 96.59 94.27 93.46 95.6
93.95 90.9 87.77 87.13 80.14
71.18 66.59 55.35 53.52 50.62
52.48 50.35 38.29 41.62 28.43
32.16 27.44 24.99 23.66 26.61
25.25 30.28 28.61 28.92 32.82
30.03 31.75 26.57 30.98 28.78
26.71 30.94 26.13 31.11 32.03
26.53 28.89 25.59 29.03 27.8
29.62 29.03 30.08 36.71 36
37.83 44.28 40.71 41.83 39.89
42 38.47 36.99 29.2 32.01
29.22 29.01 26.48 27.5 26.46
26.66 26.23 27.36 27.68 30.6
29.34 37.32 33.74 33.66 33.02
35.01 35.19 33.62 37.38 41.25
38.52 35.58 43.33 41.07 39.71
42.29 36.66 38.27 38.61 39.44
37.49 32.79 33.41 30.66 31.03
31.7 30.47 34.85 32.76 32.35
34.21 30.03 31.75 31.2 33.29
34.09 35.33 32.24 35.22 35.67
33.75 31.94 30.3 30.71 29.9
28.23 32.19 28.27 29.73 28.65
28.23 31.99 30.46 33.32 28.31
33.02 28.62 33.03 30.43 41.51
35.04 30.67 27.12 28.82 26.52
30.06 23.86 32.42 31.01 25.17
33.08 34.36 32.2 31.6 28.05
31.71 27.37 32.06 28.13 34.99
28.36 38.28 32.01 40.87 57.23
66.79 86.87 90.36 90.14 91.17
89.49 83.71 79.67 82.36 66.37
62.33 62.23 60.04 55.9 68.27
64.46 84.83 92.19 93.61 95.1
96.6 97.08 97.82 96.62 95.2
93.53 93.41 93.63 94.74 95.3
96.38 95.81 96.66 95.61 94.77
92.34 90.3 92.3 90.46 91.55
84.05 79.35 80.65 88.03 91.12
86.61 87.4 89.29 91.83 90.79
93.11 91.72 87.89 86.63 86.16
87.29 91.41 94.84 94.11 92.17
91.42 93.07 94.37 95.07 94.21
94.67 93.49 92.01 90.62 88.22
87.5 87.32 88.74 90.27 92.12
91.86 91.95 93.37 92.08 91.94
93.39 93.83 96.37 96.78 96.19
97.29 97.65 97.22 98.02 97.82
97.53 96.08 94.1 94.04 95.4
96.39 97.31 98.27 98.24 98.5
98.24 97.32 96.36 97.59 97.79
98.32 98.5 97.88 97.59 96.24
93.34 87.57 85.77 80.53 74.12
78.15 85.32 93.15 94.81 96.24
97.49 97.99 96.92 96.51 96.1
94.1 95.29 96.16 95.33 94.84
94.99 93.66 93.91 97.49 98.08
97 97.06 98.23 98.1 98.41
98.54 98.09 97.78 96.64 95.1
92.85 94.87 95.66 97.24 98.23
98.4 98.54 98.33 97.67 90.59
93.11 92.6 95.23 96.6 97.32
98.13 97.68 97.89 98.18 97.24
96.17 96.44 96.36 97.35 97.58
97.13 96.69 96.46 96.25 94.59
92.2 91.54 89.21 78.95 72.59
77.33 84.46 87.99 92.39 93.06
93.56 96.06 96.31 94.61 95.03
97.62 97.74 98.2 98.39 97.84
96.66 96.16 92.17 90.65 93.43
95.38 97.12 97.97 98.2 98.4
97.91 96.66 94.63 91.84 92.32
93.31 95.44 97.79 97.61 97.91
98.01 97.07 95.42 91.59 94.02
94.63 95.53 96.75 96.05 95.27
95.45 95.92 93.39 92.41 89.31
90.44 91.1 86.56 86.07 90.96
94.97 94.81 97.78 98.18 97.79
96.68 94.7 93.44 92.04 94.96
96.58 97.24 97.59 96.79 94.14
83.86 73.8 61.89 61.92 53.55
53.57 64.68 66.02 79.26 87.34
91.57 93.67 95.9 96.36 96.22
95.07 94.1 94.09 91.78 92.43
91.37 93.71 93.62 92.69 93.81
93.19 93.83 92.16 89.9 86.18
77.9 82.2 84.62 89.62 86.88
89.59 93.68 94.69 97.12 97.76
97.68 96.71 94.85 90.21 88.82
86.92 93.77 95.76 95.6 95.3
94.25 92.34 90.99 86.23 85.88
89.51 89.85 92.56 92.43 93.48
94.07 92.03 86.47 74.72 58.92
43.32 32.36 29.1 31.96 28.99
32.68 34.78 31.57 36.19 35.61
28.69 36.87 28.45 32.85 31.53
34.48 37.31 29.51 33.49 33.86
32.56 34.77 32.13 35.85 30.61
36.04 32.37 34.68 31.34 34.01
33.53 36.52 34.88 34.6 34.52
37.56 33.3 33.04 34.91 36.29
36.42 33.97 36.75 37.51 34.62
33.29 38.43 35.07 35.32 37.06
35.97 41.31 45.19 54.61 56.11
59.98 61.28 63.66 68.18 69.93
70.58 75.66 77.07 83.49 83.35
83.85 88.52 88.29 90.31 89
90.5 88.02 89.49 87.28 88.07
84.97 84.12 80.93 77.35 77.2
66.31 63.46 58.43 53.06 42.96
35.18 35.93 35.49 38.16 34.09
35.28 33.67 34.03 35.16 35.67
37.64 37.03 37.5 39.2 35.1
35.82 37.09 33.54 35.74 33.31
34.19 32.95 30.75 29.29 28.02
27.33 29.95 28.21 29.02 29.65
26.75 29.37 26.91 31.15 29.69
27.82 27.35 27.1 29.05 27.99
28.06 26.14 32.1 34.86 29.77
31.56 28.4 28.19 26.56 27.76
29.02 29.96 29.71 29.68 30.57
33.6 36.65 36 31.37 35
33.18 36.67 32.45 35.96 34.44
37.27 37.26 40.36 40.45 39.84
47.49 39.73 40.67 43.1 45.15
43.14 46.24 46.33
