43.51 42.54 45.1 40.64 51.63
55.17 45.24 53.88 43.01 51.5
51.26 50.73 60.55 54.02 43.76
47.23 38.14 46.97 39.89 41.69
38.84 37.85 43.28 42.97 40.38
47.86 49.32 44.68 44.83 54.9
64.37 70.77 82.26 91.36 95.12
97.13 97.83 97.81 97.77 98.53
98.5 98.29 98.61 98.51 98.52
98.1 98.08 98.08 98.34 97.8
97.88 97.67 98.06 98.48 97.96
97.67 98.38 98.37 97.11 97.95
97.75 96.22 96.16 96.15 96.95
97.59 97.78 96.39 98.1 98.51
98.53 98.2 98.73 98.81 98.71
98.74 98.77 98.81 98.41 98.56
98.48 97.9 98.36 96.31 94.92
96.11 98.22 98.23 97.6 98.2
98.68 98.37 98.05 98.26 97.92
96.22 96.71 95.61 92.43 92.55
93.07 95.2 95.79 97.73 97.25
96.83 97.79 98.19 97.1 96.93
98.2 98.69 98.77 98.72 98.41
97.7 95.87 93.14 88.69 92.34
95.6 96.69 97.4 98.21 98.59
98.7 98.82 98.9 98.82 98.89
98.91 98.89 98.9 98.88 98.79
98.71 98.32 98.79 98.83 98.86
98.51 98.52 96.16 93.1 86.75
90.55 83.79 76.62 76.36 80.77
77.27 81.96 91.91 96.1 95.26
95.13 98.05 98.53 97.6 98.07
98.74 98.44 98.03 98.6 97.23
96.12 94.3 95.29 93.86 93.28
94.98 96.64 97.87 97.1 98.14
98.56 98.57 98.11 98.01 98.67
98.77 98.87 98.75 98.62 97.04
91.87 88.34 86.06 87.55 87.47
89.3 92.16 93.81 96.51 95.58
90.56 93.83 95.65 91.16 87.85
92.33 91.84 84.8 84.4 90.71
91.68 95.13 90.89 92.23 95.7
96.34 97.94 97.79 96.18 98.01
98.03 95.68 96.54 97.92 96.85
96.03 97.65 96.51 95.6 97.39
96.28 98.04 97.19 98.16 98.56
98.51 98.45 97.95 97.56 95.8
96.01 93.65 90.71 90.3 91.21
88.76 90.48 90.1 92.47 93.63
95.32 93.89 95.81 96.19 96.06
96.88 97.34 96.49 96.56 97.59
96.8 94.78 95.72 95.97 93.93
93.19 93.93 93.04 95.44 96.52
97.39 97.57 97.9 97.67 97.61
97.04 94.76 90.47 92.08 94.74
96.33 96.57 96.97 97.99 98.43
98.22 97.32 97.96 98.4 98.59
98.74 98.78 98.61 98.73 98.82
98.81 98.52 98.64 98.76 98.32
97.63 97.02 94.75 95.85 95.15
96.11 97.69 97.73 96.85 97.65
98.49 98.41 98.06 98.51 98.65
98.25 97.77 98.27 98.62 97.7
96.64 96.94 97.03 97.8 98.13
97.67 97.59 96.58 97.79 98.52
98.59 98.49 98.74 98.72 98.83
98.77 98.76 98.81 98.73 98.68
98.46 98.04 98.73 98.83 98.77
98.78 98.85 98.89 98.87 98.78
98.89 98.83 98.72 98.46 98.67
98.44 98.75 98.63 98.35 98.54
98.67 98.71 98.64 98.59 98.62
98.61 98.02 97.27 98.02 97.3
97.36 98.19 98.48 97.2 97.56
98.23 98.44 97.91 97.96 97.74
97.46 98.09 98.23 98.37 98.6
98.49 98.51 98.42 97.47 97.82
98.35 98.29 98.55 98.12 97.38
96.69 97.52 97.43 96.17 94.81
96.27 96.6 94.82 94.69 96.78
96.41 93.15 93.44 94.86 92.62
91.44 86.47 82.14 80.96 79.33
71.86 77.42 84.24 88.29 91.93
95.64 97.11 97.78 97.69 98.17
98.52 98.55 98.41 98.12 97.18
94.68 94.9 95.53 96.8 97.82
96.68 97.83 98.19 98.29 98.33
98.61 98.64 98.76 98.7 98.66
98.59 97.61 96.27 93.03 95.27
97.09 97.31 97.31 97.57 97.74
97.84 97.92 98.03 97.8 98.3
97.94 96.66 97.93 98.46 98.08
98.27 97.79 97.54 96.38 96.37
95.57 95.58 91.14 88.78 89.69
90.61 91.57 92.55 91.36 94.7
93.91 95.02 91.12 82.71 75.35
63.66 45.14
