57.44 65.86 65.08 74.95 76.31
79.84 83.38 86.41 89.86 89.77
90.9 91.79 92.11 92.99 94.23
94.05 93.89 95.69 95.68 95.87
95.54 97.44 97.29 97.22 97.76
98.02 97.38 96.57 97.38 96.8
93.28 94.09 94.8 93.27 88.44
88.31 90.1 88.4 84.6 81.4
80.48 80.79 79.14 77.24 76.73
72.57 63.64 61.74 56.84 55.12
56.37 55.76 58.7 72.45 79.43
81.19 83.59 86.16 88.89 90.99
92.07 93.69 93.72 96.15 96.95
96.51 97.94 98.01 97.23 96.94
97.24 97.13 97.1 96.96 96.53
96.32 95.64 94.26 94.24 93.12
92.82 91.7 91.72 89.37 92.12
91.6 94.41 94.76 94.41 94.86
96.14 96.59 96.61 96.56 97.1
96.7 97.15 97.5 96.86 97.04
97.4 97.3 95.93 96.25 96.97
95.75 95.09 95.55 96.43 94.71
91.7 94.69 94.85 92.2 93.46
94.74 93.74 94.2 95.2 92.35
93.56 94.72 93.1 91.27 93.45
93.17 89.78 89.14 91.06 88.65
85.15 86.18 86.19 84.75 84.57
85.4 86.73 86.82 85.15 86.45
87.89 87.06 90.26 90.17 90.1
91.06 91.92 88.96 89.59 89.24
87.35 91.67 91.63 90.56 91.47
87.63 85.09 74.65 80.51 81.34
73.35 73.07 78.77 75.06 81.51
82.8 83.34 75.72 69.79 66.52
64.42 62.67 62.65 65.49 62.09
64.01 74.79 81.48 88.94 92.19
93.88 95.07 93.75 93.15 93.83
94.46 92.8 91.69 91.59 90.18
90.42 88.91 88.47 90.75 92.13
90.69 92.61 95.25 94.44 95.2
95.69 96.59 95.42 96.31 96.53
95.28 96.07 96.44 95.31 95.17
96.35 95.69 93.82 93.74 93.59
92.67 91.24 90.72 90.85 89.6
87.31 89.11 87.72 83.45 80.1
78.85 74.02 62.25
