51.21 43.09 55.56 47.88 46.03
52.23 42.62 53.36 41.48 47.16
43.72 39.02 38.1 38.56 37.83
36.73 41.55 37.13 35.53 35.69
36.88 34.33 42.55 36.28 40.82
35.2 42.6 56.05 46.2 45.43
48.4 45.84 44.72 45.01 44.48
46.93 45.12 39.88 38.73 36.04
33.2 37.08 40.88 42.32 46.04
44.25 50.52 50.66 49.93 49.92
57.15 54.76 58.68 56.53 53.63
56.59 56.44 59.86 59.76 54.62
50.5 65.95 55.02 70.06 47.75
58.6 56.06 50.95 49.21 46.86
49.25 36.52 41.01 33.09 40.83
36.38 31.88 32.43 30.75 36.19
33.18 38.2 34.82 39.99 41.99
31.28 31.78 41.44 32.43 34.17
36.72 28.31 38.2 34.24 46.72
33.84 39.27 41.31 40.99 42.92
46.55 39.78 48.86 37.23 50.39
39.05 42.47 37.64 36.19 35.74
41.09 35.56 43.47 41.99 44.97
42.01 43.71 45.84 47.34 38.16
39.76 36.88 37.9 43.42 37.06
39.52 36.47 39.2 37.88 36
36.14 36.68 40.54 34.51 39.96
35.06 35.29 39.41 35.33 46.43
32.24 39.45 38.89 32.43 39.81
34.34 35.45 37.68 39.77 32.84
32.93 38.35 42.66 45.04 44.62
43.13 43.64 37.62 55.2 42.42
52.63 61.08 43.99 60.11 48.68
52.93 44.11 45.26 48.62 47.4
44.35 40.35 41.83 43.56 44.89
47.18 45.17 55.69 52.96 46.88
55.4 52.14 55.15 48.23 46.81
44.25 48.71 36.23 52.48 49.06
55.31 58.5 58.77 67.08 76.27
83.24 87.91 91.52 91.91 92.46
92.91 94.1 95.24 96.09 96.99
97.44 98.02 97.68 97.93 97.93
98.32 97.98 97.2 97.51 96.57
95.73 96.7 96.48 93.73 90.88
93.14 94.2 92.24 91.51 93.11
90.66 86.43 75.41 73.33 68.29
62.04 61.75 62.07 66.34 64.11
64.74 65.19 81.07 89.27 90.67
92.33 91.6 93.73 94.38 92.98
92.78 95.85 94.8 95.04 96.72
96.73 96.98 96.73 97.38 97.52
97.69 97.52 97.04 97.46 97.91
97.85 97.71 97.64 97.71 97.71
97.4 97.51 97.95 97.79 97.87
97.86 98.02 97.84 97.93 97.7
98.17 98.14 97.75 98.03 97.9
97.55 97.73 97.8 97.75 97.15
96.81 96.9 95.92 92.85 94.29
94.9 92.35 90.22 90.88 91.33
90.53 87.1 87.17 89.35 80.16
73.71 67.68 63.9 64.56 65.13
62.46 56.21 49.88 52.63 38.11
