42.69 32.33 33.16 36.03 34.18
33.34 31.42 32.41 27.58 29.59
27.87 26.89 28.49 30.29 30.94
35.7 42.35 55.39 66.37 81.75
87.7 91.39 93.68 95.36 97.4
97.81 97.61 96.71 97.56 97.31
96.78 97.37 96.08 96.8 98.26
98.61 98.29 98.51 98.66 98.47
98.34 98.53 97.93 97.64 98.34
98.07 96.83 96.85 97.53 98.3
98.28 98.14 98.19 98.29 98.44
98.25 98.44 98.59 98.55 98.5
98.39 98.43 98.55 98.65 98.23
98.24 98.56 98.16 96.79 97.77
98.25 97.46 96.24 97.64 97.86
96.8 96.72 95.38 96.41 98
98.15 97.35 97.43 98.04 97.79
97.1 97.6 97.9 97.53 96.56
98.03 98.29 98.4 98.49 98.6
98.41 98.37 97.92 97.39 96.79
94.82 92.24 92.92 93.14 91.55
92.38 95.28 91.62 90.25 93.95
92.96 88.18 82.59 87.83 92.8
92.12 90.24 92.18 94.87 94.93
93.71 94.82 96.37 94.62 95.74
95.9 95.27 93.62 93.28 91.65
91.28 97.18 98.33 98.77 98.85
98.81 98.72 98.57 98.62 98.15
98.52 98.7 98.8 98.61 98.61
98.7 98.73 98.58 98.57 98.3
96.69 97.05 97.1 97.54 98.64
98.7 98.85 98.94 98.89 98.89
98.75 98.63 97.94 98.11 94.06
91.72 81.7 79.23 86.93 92.2
97.55 98.01 98.34 98.57 98.21
97.41 98.25 95.95 95.8 98.11
97.22 95.21 96.68 98.24 97.44
97.38 98.49 98.35 97.71 97.45
97.74 97.86 98.56 98.35 98.13
97.33 98.24 98.71 98.79 98.74
98.89 98.83 98.91 98.86 98.8
98.73 98.8 98.65 98.22 98.41
98.17 98.33 98.39 98.08 98.07
98.02 98.01 98.31 97.87 98.27
98.59 98.56 98.7 98.69 98.72
98.64 98.11 98.29 98.4 98.55
98.72 98.69 98.71 98.85 98.86
98.83 98.87 98.89 98.88 98.82
98.83 98.83 98.67 98.65 98.59
98.67 98.29 97.66 97.33 98.81
98.89 98.94 98.88 98.73 98.06
95.69 97.25 92.34 87.87 90.98
96.13 95.56 94.18 95.82 98.37
97.97 96.92 98.32 98.68 98.01
98.2 98.25 98.74 98.79 98.87
98.77 98.4 97.48 93.86 95.36
98.13 97.21 95.65 97.84 98.58
97.83 97.96 98.11 98.23 97.4
97.07 96.64 96.69 95.33 94.27
92.96 91.79 90.8 90.89 89.68
87.95 86.68 86.43 89.44 92.12
97.19 98.45 98.68 98.78 98.48
96.05 95.63 91.42 87.88 92.07
96.76 96.32 96.27 97.93 98.21
97.38 97.77 98 98.26 97.55
97 97.37 97.17 94.26 93.28
95.1 96.38 97.42 97.28 96.75
96.92 97.7 97.77 97.3 97.65
98.51 98.63 98.6 98.37 97.01
95.37 96.71 97.28 98.13 97.87
97.76 96.11 93.25 95.79 95.04
95.17 93.92 92.86 89.5 91.71
91.73 95.19 95.79 96.93 97.88
97.83 96.92 96.47 93.78 93.19
91.07 93.78 94.98 95.96 95.39
97.32 98.34 98.31 98.04 98.31
98.52 98.21 97.75 97.7 97.97
98.12 97.75 98.52 98.73 98.64
98.17 95.52 93.54 90.05 92.29
92.97 96.65 97.9 98.56 98.49
98.63 98.6 98.75 98.8 98.71
98.66 98.66 98.47 98.33 97.89
97.13 96.08 96.33 97.72 98.09
98.5 98.4 97.6 95.59 90.73
84.92 83.49 85.53 87.15 90.95
94.03 98.17 98.27 97.75 97.29
97.75 98.15 98.46 98.12 98.22
98.38 98.34 97.54 96.22 96.63
97.89 97.3 97.86 97.65 94.73
89.48 86.27 88.03 91.04 91.28
94.97 96.81 97.12 96.72 96.53
95.56 95.24 94.12 95.84 94.62
94.17 93.06 88.74 89.71 91.26
88.76 92.29 94.22 97.61 98.56
98.28 98.56 98.69 98.86 98.87
98.79 98.83 98.78 98.7 98.53
98.54 98.38 98.59 98.51 98.6
98.65 97.96 97.6 98.23 98.73
98.78 98.39 98.63 98.8 98.6
98.39 98.63 98.6 97.65 97.68
98 96.63 95.88 94.36 93.79
93.97 92.03 88.35 88.77 87.94
93.75 96.84 97.21 96.2 93.69
91.58 92.98 95.46 96.07 95.59
97.21 98.33 98.54 98.55 98.67
98.82 98.84 98.8 98.72 98.81
98.81 98.67 98.62 98.73 98.48
98.28 98.35 98.24 98.37 98.41
98.17 96.98 95.69 96.74 97.8
97.27 97.1 97.98 98 98.14
98.09 98.36 98.16 97.82 97.04
96.24 96.3 97.53 96.5 97.4
97.43 97.28 94.38 94.47 95.14
95.07 92.12 92.56 91.9 93
93.2 93.11 92.69 85.14 85.01
87.38 88.53 85.43 83.93 81.08
83.95 83.33 82.07 75.69
