50.51 51.11 48 48.83 44.1
45.43 42.36 37.93 39.06 39.18
34.76 37.42 44.01 36.77 35.49
33.42 37.22 33.68 31.96 30.84
32.84 28.03 25.92 26.43 31.78
29.15 28.91 29.01 32.22 30.06
30.19 29.94 27.36 29.56 32.71
32.52 31.16 28.98 29.7 28.06
35.74 34.13 37.32 36.14 34.86
41.99 45.22 43.86 45.02 52.89
54.66 52.71 56.38 61.62 60.89
61.45 65.76 69.85 80.76 90.02
94.98 96.76 97.72 98.36 98.17
97.72 96.84 95.16 95.8 96.61
98.11 98.29 98.27 97.99 97.21
96.71 95.71 94.5 91.78 88.85
84.75 83.72 85.63 89.79 91.52
91.04 92.73 93.28 93.9 93.53
92.57 95.1 96.55 95.26 96.08
96.23 95.03 94.88 95.47 97.36
98.14 97.26 96.53 94.07 92.21
89.29 88.35 87.12 90.24 91.92
93.04 93.42 95.64 96.08 96.1
96.46 96.8 97.46 97.31 97.67
97.07 96.69 96.95 97.7 97.31
95.53 97.45 97.59 96.55 95.43
94.51 92.98 95.79 96.32 97.11
96.69 96.78 97.68 97.29 97.48
97.24 97.41 96.99 97.02 95.7
95.24 95.75 94.37 93.36 91.23
89.08 91.66 87.97 89.67 90.47
90.64 92.82 95.38 97.85 98.1
98.06 97.41 96.76 93.41 91.79
92.04 94.19 96.62 96.78 98.16
98.27 97.91 97.2 94.12 92.36
92.29 93.4 95.51 96.62 97.64
96.76 95.27 96.06 97.3 97.79
96.89 94.68 92.52 92.08 93.43
94.08 94.79 95.64 96.65 97.35
96.48 96.59 97.02 96.43 95.97
93.75 97.09 96.39 96.08 96.09
95.73 97.3 97.06 97 97.11
97.63 97.71 96.49 97.43 97.79
96.92 95.95 96.98 97.05 95.82
94.92 95.74 94.81 93.37 93.25
94.12 89.93 91.51 93.88 94.61
94.62 96 97.02 97.37 97.96
98.28 98.21 97.86 96.56 94.35
93.26 94.99 97.22 97.45 96.78
96.56 95.08 96.02 95.55 95.33
93.8 91.3 92.92 92.55 91.13
87.66 88.83 88.42 79.68 65.76
52.93 47.13 45.37
