38.06 40.23 42.32 52.81 52.01
48.29 50.36 48.99 48.31 50.81
50.58 51.28 51.88 52.2 52.8
54.5 53.08 52.38 53.32 55.31
53.59 51.71 53.55 53.41 49.38
53.35 49.86 54.76 53.29 54.81
57.56 57.78 59.87 61.26 60.13
60.77 63.38 59.93 61.41 56.39
58.64 64.05 61.66 58 61.94
60.77 65.57 69.75 67.13 66.67
72.56 72.73 69.02 69.58 75.65
73.17 69.64 72.66 73.2 70.24
68.06 73.18 70.04 68.51 69.24
71.04 68.16 67.7 70.74 69.78
66.8 63.84 57.44 53.83 54.09
55.68 55.09 58.17 59.92 63.26
62.36 63.72 64.23 65.32 66.23
64.34 65.69 68.63 66.7 66.85
65.45 70.27 64.11 66.34 66.43
62.65 65.23 65.06 62.91 58.99
59.7 60.65 63.54 65.82 66.78
69.14 69.91 70.12 73.32 79.66
77.51 77.72 82.12 81.01 79.51
82.3 82.94 78.72 78.68 82.56
81.1 74.63 77.09 80.83 74.08
73.18 76.76 70.97 69.46 68.07
73.99 75.89 70.73 73.33 78.52
74.25 75.62 80.52 79.85 78.97
80.52 84.41 82.23 79.78 81.95
81.22 76.58 78.82 79.11 76.19
75.51 75.95 74.86 70.25 70.71
72.49 69.11 66.12 58.44 50.29
47.6 41.87 38.05 36.96 40.41
38.63 41 41.79 36.82
