38.53 30.86 38.8 32.55 39.83
36.93 35.78 40.66 54.65 65.55
81.42 84.74 88.6 88.59 89.17
86.9 82.96 83.26 81.09 78.28
80.06 79.25 82.06 84.47 84.36
84.59 84.33 85.13 83.8 82.18
81.71 80.46 79.34 78.83 80.86
79.88 74.76 71.21 76.07 72.58
72.57 78.37 83.76 81.4 83.68
81.98 72.94 65.36 58.28 56.83
64.66 69.95 74.08 74.36 80.67
86.51 87.36 88.32 87.9 86.87
86.77 85.27 84.13 84.85 84.74
85.36 84.97 86.33 85.1 84.89
86.44 85.92 77.94 82.16 78.8
79.41 77.19 72.38 71.53 77.46
82.92 83.53 87.12 86.75 89.45
87.33 87.65 82.74 82.1 77.49
78.01 78.53 75.38 75.69 74.52
72.11 69.53 64.55 60.13 58.46
50.31 50.8 42.57 43.57 46.95
45.25 48.82 47.64 53.79 61.07
70.53 78.55 84.89 84.8 86.76
85.12 82.79 82.83 80.28 76.4
75.9 77.22 79.74 82.23 83.46
85.27 84.4 84.98 84.19 83.03
82.52 77.53 75.46 81.38 75.85
79.22 77.17 63.37 65.35 71.59
81.19 78.29 80.68 72.57 72.32
65.75 59.67 65.31 67.32 68.69
70.92 76.34 78.85 84.73 84.98
85.73 86.01 84 84.54 80.73
78.2 80.55 81.88 83.46 83.13
83.42 83.74 84.18 84.5 83.9
79.1 82.72 81.4 82.57 81.48
81.42 79.32 80.26 85.23 85.5
87.1 85.49 87.67 82.8 80.4
68.13 68.23 61.61 56.7 58.4
58.68 55.15 55.01 54.85 52.21
43.43 41.85 40.22 40.68 37.78
39.04 37.47 41.11 41.25 37.51
45.19 46.64 47.88 59.3 52.32
52.48 55.18 49.56 41.94 41.76
42.32 41.02 36.36 37.34 36.54
40.85 35.19 38.71 37.53 35.41
37.99 34.72 34.68 37.32 35.67
33.38 35.68 38.97 36.76 38.68
35.7 39.16 36.64 35.32 37.56
39.55 38.3 32.24 35.75 37.43
35.1 36.14 38.38 36.55 33.4
38.33 33.7 34.84 34.9 31.83
35.4 30.85 36.22 34 33.21
33.14 35.38 36.06 35.92 34.12
33.6 35.45 32.93 34.05 33.16
35.55 34.72 36.63 31.43 34.55
35.58 36.08 37.8 36.62 33.72
43.08 46.51 51.46 57.32 56.18
60.38 65.18 70.81 77.42 83.04
87.15 87.79 87.78 85.71 81.57
81.91 78.89 78.57 79.65 76.29
82.81 84.54 84.52 85.41 84.15
85.16 84.11 81.66 79.9 78.82
79.1 81.44 78.33 81.52 81.93
81.46 85.33 83.57 85.64 79.11
80.74 75.51 69.45 72.64 73.35
72.57 78.81 79.51 80.41 86.04
87.17 87.98 87.52 87.58 85.99
82.9 81.53 84.46 84.71 85.41
85.67 85.18 85.57 84.75 83.23
82.81 77.44 80.24 78.83 79.71
76.47 69.22 71.43 77.52 79.1
81.58 83.05 85.22 86.57 84.03
81.42 76.41 64.96 59.84 50.79
47.51 42.93 34.91 31.27 29.49
30.72 35.39 33.41 32.9 35.24
31.52 33.87 34.21 34.6 36.61
31.21 34.06 32.21 34.26 33.35
31.97 31.3 35.05 32.25 32.92
33.02 34.88 34 39.52 36.67
33.95 35.16 32.87 35.84 32.22
33.08 34.83 36.03 35.77 40.91
39.43 38.27 34.72 39.44 38.95
52.27 40.04 42.72 46.14 39.92
36.61 40.12 38.23 36.72 34.89
36.29 35.79 36.37 35.81 39.49
40.23 42.15 37.23 40.45 37.24
37.82 38.19 38.99 39.42 37.63
37.55 36.85 38.4 41.92 36.74
40.94 42.01 45.63 47.12 49.34
55.02 44.29 58.29 45.21
