50.43 67.09 82.73 87.6 87.56
87.84 91.74 93.03 91.22 90.67
91.51 87.86 82.64 84.42 92.09
93.37 93.93 92.39 93.29 93.12
92.07 91.65 90.41 91.26 92.42
87.68 80.64 74.75 67.22 75
83.74 87.86 89.89 92.47 92.8
94.61 94.8 95.36 94.77 93.59
90.39 82.26 78.64 74.28 72.75
69.91 74.63 84.8 89.25 93
93.78 94.36 95.62 94.17 94.21
92.11 84.82 69.1 73.74 73.45
76.57 76.96 83.76 80.15 84.79
84.61 89.21 91.67 93.25 90.53
91.39 93.66 92.6 91.37 90.16
86.58 82.14 86.09 91.24 89.54
90.56 87.13 87.05 85.52 69.66
58.09 46.37 48.65 43.81 40.91
43.34 43.3 42.04 50.09 62.64
77.66 84.37 89 91.03 92.65
93.24 91.35 90.8 83.72 86.1
89.84 91.66 92.79 92.34 92.62
90.24 89.76 83.92 79.18 77.53
78.72 83.34 86.36 85.95 85.73
91.56 90.1 88.27 90.18 90.62
87.06 85.77 85.61 81.25 65.46
56.54 52.04 54.37 53.74 53.71
58.73 62.01 64.56 69.96 76.37
85.46 82.01 85.8 87.27 81.24
82.81 82.87 63.36 38.51 32.69
25.94 28.19 24.56 25.63 24.46
22.64 26.26 27.83 26.28 25.65
28.25 23.04 28.83 27.46 30.57
25.89 28.66 26.89 24.22 35.95
25.96 26.71 25.59 24.34 24.71
26.08 23.86 26.04 28.35 23.71
28.96 26.37 27.6 28.91 27.41
26.84 25.74 27.8 26.26 29.63
26.88 27.78 26.99 40.89 30.8
29.62 30.35 28.34 26.71 28.63
27.61 25.15 27.83 21.96 25.29
26 25.64 28.98 27.45 31.5
29.31 27.8 29.48 25.76 28.19
24.83 28.98 25.67 30.52 27.08
26.94 27.48 26.12 30.17 26.2
28.74 30.23 25.44 30.44 28.4
29.99 29.71 30.7 29.53 29.5
27.95 25.28 26.04 23.98 27.53
24.07 28.58 28.92 26.81 26.58
28.4 26.72 26.97 25.19 26.77
27.59 28.67 31.57 29.95 31.48
29.79 30.74 29.24 27.76 29.94
27.69 31.1 27.4 28.91 29.43
33.19 40.58 31.37 26.59 30.6
28.89 27.26 35.03 29.2 24.58
28.66 24.65 27.83 28.5 23.55
29.84 31.36 30.45 32.39 28.46
25.01 31.61 25.42 36.46 31.02
28.93 27.97 29.42 26.85 30.2
24.7 28.74 27.3 23.22 24.79
23.77 26.39 25.14 22.33 23.38
22.49 27.03 23.39 24.66 25
25.73 27.56 25.78 23.33 23.51
23.47 24.3 26.4 25.07 30.47
33.36 45.8 63.46 70.39 69.04
73.68 79.42 85.45 81.23 86.81
87.06 89.92 88.16 90.77 92.27
91.43 91.88 92.84 94.3 95.76
96.33 96.73 97.37 97.82 98.34
98.03 98.59 98.69 98.69 98.55
98.85 98.6 98.46 97.87 96.1
93.99 95 94.76 94.26 91
88.12 89.96 96.16 94.38 92.87
96.6 97.06 93.68 86.5 84.21
90.59 93.3 96.83 97.97 98.44
98.62 98.81 98.75 98.74 98.7
98.58 98.25 95.75 94.41 87.86
83.99 82.54 75.06 74.84 71.06
69.34 68.37 66.42 67.05 73.73
83.55 88.21 91.96 94.1 94.2
96.08 96.95 96.51 96.71 97.25
97.8 96.63 95.83 96.26 97.33
97.47 95.1 94.77 95.25 96.86
98.06 97.07 98 97.73 97.93
97.58 96.63 94.96 92.6 91.05
93.24 96.04 97.51 98.72 98.64
98.71 98.69 98.46 98.29 97.29
95.94 97.07 96.18 94.56 96.42
97.23 95.23 93.71 96.72 97.15
97.47 97.44 96.48 97.04 94.87
93.77 86.83 80.58 77.7 76.75
77.68 83.06 82.92 87.66 93.39
96.51 97.72 98.31 98.76 98.75
98.22 98.09 96.75 97.85 95.96
93.79 97.23 97.62 98.62 98.7
98.86 98.87 98.84 98.58 98.42
97.89 95.89 91.86 89.65 90.45
92.87 93.87 94.81 95.75 95.41
97.11 97.51 96.33 97.21 97.88
97.07 96.67 97.91 97.04 94.6
96.47 96.95 96.9 96.53 91.01
87.49 78.46 80.82 78.33 82.03
83.96 90.74 93.41 95.87 96.82
97.77 95.99 95.95 98.02 97.32
98.55 98.73 98.78 98.82 98.8
98.69 98.68 98.6 97.88 98.04
96.73 95.43 87.81 85.24 90.38
90.65 92.33 92.73 95.15 95.96
94.97 95.92 96.19 96.17 95.53
96.65 95.4 95.6 95.51 94.05
94.64 95.83 95.67 94.96 96.41
97.32 97.69 97.9 96.25 96.4
97.18 96.72 95.37 95.84 95
94.73 97.44 97.33 95.15 94.96
97.93 97.91 97.8 96.58 95.48
95.39 94.92 96.61 97.09 97.77
98.21 97.99 96.18 97.34 96.25
93.76 94.01 94.39 95.15 95.47
94.88 93.05 91.72 91.52 84.42
85.58 87.07 88.27 92.86 96.51
97.16 98.22 98.4 98.75 98.72
98.81 98.64 98.67 98.23 96.96
93.65 95.92 98.11 98.05 97.84
96.58 96.4 97.55 96.64 97.02
96.74 95.28 93.62 95.24 96.12
94.86 96.34 96.66 98.28 97.71
98.04 98.49 98.31 98.29 98.27
98.52 98.23 98.61 98.08 98.01
96.77 96.39 93.78 94.19 91.02
92.6 93.05 90.86 87.35 91.61
90.1 87.83 86.4 89.7 87.14
84.9 83.07 84.12 78.53 76.51
76.4 76.3 73.59 73.16 74.67
76.15 79.55 83.9 88.69 93.22
94.43 96.45 96.74 95.36 95.25
96.44 96.82 96.38 96.67 94.39
94.83 96.79 96.56 96.68 95
94.9 95.41 96.9 97.46 97.05
96.73 97.76 97.31 97.14 96.37
94.25 88.25 86.07 87.07 89.74
91.59 94.56 96.17 97.17 96.93
94.97 94.84 90.73 83.69 84.58
88.39 89.09 92.84 94.67 95.53
94.94 94.49 96.18 97.14 96.91
97.37 96.54 97.49 96.44 97.22
95.71 95.12 93.72 93.32 91.98
92.04 94.82 95.69 96.8 97.7
97.74 97.84 97.76 97.76 97.73
97.11 96.86 93.77 91.77 89.7
94.41 95.49 93.25 93.67 95.27
94.46 90.92 90.09 91.15 93.51
94.39 96.2 96.03 95.14 95.3
96.4 95.91 96.39 94.65 92.88
85.81 80.57 83.01 83.09 91.8
94.33 94.99 96.34 96.26 96.86
96.51 95.14 94.62 95.86 95.45
94.98 95.96 95.62 96.7 94.88
95.29 94.71 95.36 91.4 91.93
94.37 93.37 90.46 89.74 84.92
89.56 91.88 94.39 92.76 92.34
89.95 91.16 87.59 87.99 89.17
88.6 88.32 87.98 88.34 86.65
83.26 81.76 72.51 67.06 63.33
49.72 44.71 41.08 40.69 44.13
43.4 46.62 54.24 60.26 74.4
84.91 90.05 90.36 93.89 95.27
93.13 94.99 95.45 94.58 92.25
94.79 95.55 92.69 92.85 94.63
94.24 91.82 92.05 93.92 94.22
94.12 95.6 93.86 91.15 93.59
94.34 92.3 92.82 92.97 92
92.28 88.32 87.9 93.19 94.25
92.3 90.93 94.05 94.39 92.18
92.47 93.66 94.37 91.38 83.78
72.97 66.83 62.09 61.39 71.78
77.19 86.76 93.36 94.63 96.27
95.64 95.59 96.52 96.41 96.12
96.9 96.7 95.6 97.07 97.04
94.64 95.48 94.97 92.01 92.26
94.91 96.34 95.57 94.39 93.07
91.16 92.34 92.7 91.75 92.73
94 92.21 92.72 93.1 90.41
87.03 92.15 91.8 91.67 93.54
93.97 93.24 92.72 93.6 94.13
92.2 92.93 93.48 93.16 92.1
93.5 95.83 95.43 95.71 97.15
97.1 96.07 97.06 97.39 96.58
95.46 96.36 96.37 95.24 94.64
95.75 94.82 94.36 94.19 93.37
91.79 93.21 93.54 92.94 93.62
93.55 94 93.39 93.17 95.73
94.95 93.04 93.91 95.78 93.07
87.78 92.26 95.5 92.75 90.34
87.09 83.25 73.33 60.51 54.23
56.26 56.38 61.77 74.83 80.99
84.74 87.65 86.62 89.63 92.23
91.94 93.8 93.78 95.06 95.2
94.96 93.4 94.93 94.12 90.62
85.4 73.09 68.32
