56.2 74.55 84.82 84.65 86.6
87.33 91.8 90.75 91.02 91.63
91.56 91.66 90.63 89.37 88.22
85.61 78.59 64 57.64 54.96
52.9 53.38 60.72 69.09 86.13
91.3 92.95 92.46 93.48 94.51
92.17 93.65 94.75 95.49 95.11
95.53 95.63 95.11 93.67 93.16
94.38 95.73 93.34 94.03 94.52
95.05 92.97 94.46 94.55 95.05
94.08 96.71 97.67 95.68 95.46
96.98 97.55 93.17 94.29 97.19
97.65 98.33 97.97 98 97.63
97.9 98.28 97.73 97.07 97.88
97.57 96.49 96.5 95.37 92.8
91.74 94.97 95.23 93.85 94.96
95.99 95.8 96.43 96.45 96.08
96.61 96.15 92.85 93.02 94.97
92.06 91.1 91.7 88 85.28
88.91 90.95 89.99 92.67 93.52
94.84 95.8 94.63 94.57 95.4
94.04 92.33 93.2 94.13 92.16
85.9 74.16 73.39 66.89 64.89
68.74 75.29 88.01 85.25 91.41
93.27 93.13 92.26 94.69 95.42
94.39 94.11 94.93 95.08 95.17
94.16 93.46 94.15 92.06 91.04
84.12 85.38 88.98 90.48 86.17
90.71 94.17 96.42 95.25 96.42
96.39 96.23 96.59 96.79 95.88
96.88 96.82 96.62 97.27 97.23
96.86 96.79 97.64 98.23 97.76
98.11 98.21 97.19 96.31 96.91
96.31 97.1 97.3 96.76 96.38
97.5 97.75 97.75 97.95 97.36
97.05 96.54 97.03 95.23 95.09
94.65 97.64 96.45 96.09 96.62
97.77 97.64 96.23 95.46 94.58
91.93 92.47 91.13 88.01 85.65
82.61 82.16 88.74 90.89 93.27
94.74 95.33 96 96.9 96.27
96.87 95.91 95.2 94.63 93.61
94.22 94.93 97.09 97.11 97.84
96.69 96.86 96.15 96.08 96.72
96.05 95.22 95.99 96.03 95.03
94.3 95 94.67 95.05 92.81
92.39 95.07 94.75 94.19 94.7
95.98 95.82 96.16 96.15 94.22
91.76 93.39 90.66 95.14 95.38
98.26 98.15 97.08 95.99 97.97
97.8 98.5 98.28 98.32 97.47
96.79 95.07 95.02 96.66 97.87
98.38 97.99 98.37 97.66 95.4
95.38 95.61 92.46 94.72 93.76
95.1 96.51 94.44 91.69 94.73
95.23 92.81 88.06 84.19 83.58
91.02 94.22 95.54 95.9 95.23
96.94 97.27 97.71 98.3 98.57
98.68 98.78 98.78 98.82 98.79
98.73 98.66 98.55 98.47 98.49
97.91 97.85 97.96 96.43 95.49
96.18 96.78 98.05 98.19 98.35
97.96 97.24 98.03 96.76 97
94.84 97.07 98.47 97.85 97.79
95.12 92.5 94.21 96.72 98.27
98.63 98.63 98.69 96.47 93.47
95.01 91.81 94.34 97.23 96.48
96.59 96.76 95.52 93.4 93.72
96.53 96.98 96.97 96.68 94.37
96.39 95.28 94.78 94.15 92.67
93.11 96.87 97.64 98.06 98.24
98.11 98.26 97.41 96.78 96.93
97.94 97.93 97.81 96.84 97.48
98.13 98.58 98.66 98.69 98.67
98.47 98.79 98.68 98.57 98.51
98.68 98.55 97.93 98.28 98.04
96.72 95.84 94.67 94.89 96.19
95.46 90.4 80.52 77.97 79.41
87.49 87.64 91.42 93.07 91.14
94.45 95.6 95.21 95.38 96.44
96.59 96.57 95.78 95.95 96.4
95.64 96.23 96.12 97.37 96.35
96.9 96.97 98.42 98.39 98.44
98.52 98.66 98.6 98.6 98.67
98.68 98.47 98.44 98.59 98.61
98.3 97.92 97.28 97.35 95.92
97.16 98.28 98.22 97.13 96.31
86.78 84.49 89.06 92.55 96.32
95.2 96.22 98.32 97.57 96.22
98.29 98.3 98.45 98.23 95.37
93.87 95.55 92.84 94.3 90.33
94.13 96.16 94.92 92.14 92.99
94.49 95.36 95.82 96.98 96.19
95.68 94.91 94.06 92.75 88.3
89.79 89.85 89.49 88.66 83.22
84.01 85.08 83.95 83.33 85.02
81.47 80.79 78.99 76.47 83.9
85 87.69 89.56 92.4 93.74
93.87 94.48 93.66 91.68 90.67
94.9 94.29 92.62 94.5 96.02
93.58 94.2 96.53 96.48 96.04
96.84 96.9 96.59 95.44 96.05
96.15 97.22 97.89 95.9 95.78
96.6 95.48 92.7 92.09 92.9
94.14 95.29 93.63 92.6 92.17
85.81 79.69 62.57 59.4 55.76
46.21 47.42 41.51 29.55 32.8
28.94 29.82 29.23 30.1 30.27
28.55 34 29.28 30.75 32.82
31.02 32.05 32.91 35.86 33.09
30.71 27.57 31.6 29.45 31.17
27.86 29.53 30.48 29.25 32.95
31.36 30.47 27.12 33.58 27.3
32.11 33.94 34.62 37.9 34.88
30.84 35.31 35.98 35.9 44.46
42.38 36.96 45.55
