70.12 85.16 90.1 97.26 98.35
98.62 98.51 97.57 96.53 96.88
96.72 96.69 98.44 98.48 98.48
98.1 96.43 91.98 85.2 83.23
82.82 89.63 94.31 94.92 97.28
97.19 97.39 96.39 94.15 94.69
96.8 96.79 96.99 96.75 98.29
98.25 98.24 97.85 98.42 98.47
98.42 96.27 95.32 94.09 96.35
97.84 97.84 98.27 98.05 97.28
96.61 97.98 96.89 96.02 96.22
96.03 95.17 95.19 96.36 95.82
95.96 97.85 97.99 97.64 95.98
94.45 95.35 95.24 93.03 95.04
94.97 91.17 91.69 92.13 93.64
92.86 91.56 92.08 91.38 93.31
92.93 92.38 92.55 91.05 87.06
86.51 92.52 93.93 95.34 95.6
95.98 96.27 96.61 94.22 91.52
88.5 91.8 91.23 93.02 95.72
97.74 97.67 98 98.02 97.36
94.99 93.75 96.47 97.37 96.55
97.08 97.4 97.1 97.04 98.05
98.19 98.33 98.46 98.61 98.59
98.52 98.57 97.68 97.54 98.12
97.41 96.06 96.59 96.9 96.25
94.32 93.06 93.05 93.76 92.26
93.91 94.89 92.67 95.02 97.52
98.49 98.71 98.51 98.03 97.34
96.03 95.24 95.79 95.22 95.12
94.19 95.49 96.95 96.21 96.78
98.05 97.71 97.75 98.47 98.39
97.87 98.47 97.97 96.51 97.38
96.13 97.19 96.79 97.51 98.03
97.59 98.17 97.92 97.25 98.16
98.25 98.14 98.15 97.43 95.99
96.5 95.29 92.76 92.01 92.82
91.59 94.84 95.94 97.03 95.95
93.36 93.21 95.75 95.95 97.6
97.96 98.31 98.52 98.63 98.59
98.57 98.32 98.24 96.9 97.53
95.67 97.06 98.2 98.16 98.51
98.38 98.56 98.55 98.34 98.31
97.49 94.92 94.04 96.55 97.71
97.99 98.4 98.18 98.12 97.77
97.52 97.27 96.68 94.74 93.33
97.09 97.12 97.61 96.3 96.61
98.09 97.68 96.25 97.75 98.18
97.27 96.67 97.6 97.76 96.74
97 96.87 97.12 95.69 96.38
96.7 95.74 94.71 93.88 92.9
93.28 90.6 90.98 91.72 92.37
93.04 94.22 94.4 94.69 95.55
97.07 95.7 95.76 97.27 97.96
97.11 97.1 97.64 97.76 97.25
97.47 97.47 96.38 95.99 96.11
95.51 96.3 96.44 97.45 96.73
97.12 96.11 96.08 95.17 91.65
92.96 91.18 90.68 91.19 94.37
96.16 96.97 96.91 96.59 97.39
97.9 97.63 97.63 97.17 97.39
98.12 96.73 97.41 97.84 97.9
96.95 97.19 98.08 97.82 97.67
98.17 98.35 97.82 97.83 97.79
98.26 98.07 96.96 97.24 97.74
97.17 96.55 96.85 96.58 96.87
96.47 96.52 95.87 96.68 98.04
97.48 97.36 98.36 98.23 98.38
98.25 97.13 96.2 97.32 97.69
97.07 97.31 96.8 97.43 97.91
97.31 97.22 97.65 98.23 97.95
97.73 97.8 97.46 96.91 95.11
96.5 97.8 97.17 96.04 95.09
95.72 96.38 96.18 96.67 97.19
97.37 98.26 98.24 97.37 97.57
98.33 97.17 95.85 96.42 96.27
94.18 93.74 92.96 88.72 86.97
85.05 83.48 84.04 87.14 85.59
88.67 93.16 94.67 97 97.2
97.45 97.15 95.89 93.15 95.1
96.34 97.17 97.13 96.28 94.7
93.2 86.25 75.39 68.3 65.91
64.36 62.42 71.46 80.73 87.87
90.94 93.11 95.82 95.9 96.88
96.35 94.74 95.53 96.87 96.97
95.21 96.05 96.77 96.99 95.77
96.21 94.77 94.34 92.48 91.89
89.96 89.92 91.91 93.72 94.24
94.91 95.78 96.15 96.92 96.17
96.15 93.58 91.65 88.94 89.51
87.91 90.35 83.41 79.44 76.38
86.23 92.67 93.2 95.02 94.87
95.79 96.31 95.92 95.89 94.62
92.02 91.69 89.42 89.52 86.38
82.8 83.94 83.07 86.25 88.99
90.6 93.5 94.56 96.33 96.78
97.26 97.21 97.33 97.44 95.83
95.23 96.62 95.79 96.6 97.03
95.84 95.79 92.41 95.79 96.42
96.07 92.67 91.29 81.95 80.46
68.86 62.21 56.81 44.19 40.47
38.25 34.89 39.54 37.55 40.26
41.86 35.62 40.07 37.99 38.81
37.25 35.97 31.99 32.26 32.16
31.15 33.8 35.58 35.11 37.99
37 36.27 35.27 38.19 34
37.73 31.57 33.35 31.99 33.89
36.09 29.18 31.01 30.44 31.93
28.2 30.91 28.73 30.72 33.18
38.52 40.94 40.14 45.24 38.05
41.52 38.18 33.22 29.92 34.03
36.56 34.56 39.45 40.48 38.01
38.74 40.92 39.85 40.07 42
41.78 40.2 47.44 44.08 47.58
53.81 63.92 76.19 80.04 86.07
88.65 91.38 95.17 95.19 95.99
95.18 93.71 91.86 91.78 90.43
84.89 86.85 90.86 92.64 91.54
92.21 94.61 94.41 95.93 97.28
97.4 97.79 98.09 98.01 97.43
98.21 97.57 97.51 97.99 97.1
96.91 97.08 97.12 96.07 96.27
96.11 94.98 96.74 97.23 95.95
96.7 97.6 97.51 96.66 97.72
97.79 96.7 97.42 97.7 96.86
95.15 96.13 96.09 94.29 94.89
95.92 94.22 89.94 93.02 93.39
95.2 93.66 93.44 95.08 94.8
93.75 92.64 93.39 93.5 94.5
94.17 95.11 96.45 95.42 95.59
96.03 96.98 95.99 96.4 96.74
96 96.12 96.93 95.67 92.99
93.76 92.67 91.41 91.44 91.92
95.79 95.39 96.18 97.17 97.4
97.99 97.71 97.58 96.54 97.5
97.73 96.6 97.34 96.86 96.08
94.63 95.3 94.36 95.01 95.61
95.16 95.14 95.67 95.16 95
95.62 93.25 93.46 94.97 94.85
93.2 95.4 95.44 95.81 94.44
95.12 95.86 95.13 95.15 93.53
94.89 93.64 93.85 93.83 92.55
91.75 90.27 90.28 89.57 88.54
89.01 87.21 88.2 79.97 80.46
76.49 77.65 83.29 79.86 82.68
84.28 84.92 86.5 87.34 89.68
90.18 90.98 91.53 92.94 92.95
93.67 94.27 95.24 94.68 95.04
95.48 95.56 95.51 96.16 95.19
94.52 95.49 95.02 92.85 92.97
93.78 92.3 90.49 91.47 91.15
91.4 92.1 92.51 92.32 92.05
92.52 93.14 93.27 94.63 94.47
94.77 95.2 95.13 95.5 96.27
95.02 94.7 95.47 94.68 94.65
93.39 92.87 91.52 91.22 89.92
89.37 88.08 86.44 86.88 83.86
77.94 71.14 68 60.74 50.75
45.24 37.35 46.98 40.1 31.72
43.21 27.83 33.16 40.8 32.65
29.85 30.19 30.36 38.38 33.35
34.69 41.85 40.23 42.36 41.65
43.2 44.36 47.29 40.32 40.19
33.45 34.3 32.56 32.03 33.83
29.6 28.43 28.99 27.85 26.99
33.78 29.75 27.85 28.47 32.08
28.93 35.16 31.26 30.21 37.26
29.3 31.69 27.38 34.02 36.98
