41.51 37.73 46.91 43.91 50.1
49.08 43.89 41.86 44.37 44.76
42.28 47.09 46.93 43.58 40.43
45.31 46.53 48.26 42.66 46.91
44.98 42.92 39.3 37.25 37.23
36.09 37.32 33.27 33.39 30.97
28.79 27.85 29.98 27.4 28.6
28.23 29.5 30.37 27.44 27.8
28.49 27.76 28.59 32.43 30.66
31.61 32.74 28.4 29.72 30.88
30.61 40.29 31.17 29.47 34.05
28.38 35 32.67 27.57 28.37
30.61 34.62 27.61 27.17 30.59
28.5 27.07 28.83 30.08 32.07
31.23 41.88 40.74 50.89 61.66
62.84 65.09 59.72 62.51 66.43
65.36 60.22 63.07 63.09 61.54
63.04 63.53 64.71 73.4 77.26
80.4 81.85 79.85 83.69 84.64
83.03 81.52 82.94 85.06 81.77
80.07 83.95 80.98 79.51 72.22
68.89 73.75 66.35 71.92 69.01
71.01 71.15 73.36 72.07 76.86
76.62 80.81 82.74 82.86 84.67
83.92 83.4 82.63 84.77 87
86.49 86.1 89.8 88.73 86.46
87.97 89.63 86.63 85.5 85.63
87.05 85.78 81.19 84.07 85.04
86.86 88.39 85.64 88.2 89.33
86.92 88.57 90.76 90.69 90.18
93.32 94.23 95.8 95.92 96.96
97.73 97.76 97.43 97.95 97.63
96.34 96.99 94.37 95.8 93.85
95.25 97.12 97.63 97.29 97.65
97.91 98.32 98.19 97.42 97.95
98.04 96.31 95.59 96.95 95.38
91.74 90.61 91.64 94.61 96.04
94.67 94.99 96.78 95.99 95
96.36 96.18 97.14 97.72 98.3
98.26 98.17 98.54 98.38 97.34
97.74 97.22 91.91 93.59 93.56
91.63 94.51 94.13 96.31 97.29
97.27 97.72 98.32 98.42 98.29
98.48 98.72 98.72 98.68 98.5
98.58 98.5 98.07 97.55 97.54
97.09 98.36 98.65 98.43 98.32
98.71 98.52 97.97 97.66 96.98
98.39 98.66 98.31 97.83 98.59
98.48 97.02 97.42 97.87 95.69
95.65 94.89 95.9 96.38 96.39
97.44 97.73 98.27 98.5 98.62
98.71 98.66 98.86 98.92 98.87
98.82 98.88 98.8 98.49 98.23
98.46 97.58 97.96 98.72 98.74
98.46 98.62 98.88 98.63 98.35
98.37 98.44 98.69 98.83 98.7
98.59 98.83 98.84 98.58 98.62
98.7 96.6 97.71 98.13 98.4
98.68 98.42 98.65 98.84 98.82
98.81 98.91 98.9 98.89 98.93
98.94 98.84 98.83 98.86 98.75
98.34 95.91 98.45 98.46 98.53
98.81 98.84 98.78 98.81 98.91
98.78 98.65 98.7 98.71 98.84
98.86 98.86 98.87 98.94 98.87
98.81 98.9 98.83 98.34 98.6
98.67 98.52 98.75 98.61 98.57
98.86 98.92 98.83 98.8 98.95
98.9 98.9 98.93 98.94 98.85
98.77 98.84 98.67 98.27 97.82
97.74 98.31 98.74 98.45 98.23
98.59 98.88 98.67 98.04 98.4
98.45 98.69 98.71 98.38 98.59
98.84 98.52 98.41 98.73 98.74
98.03 98.44 98.33 98.57 98.24
98.14 98.77 98.8 98.69 98.7
98.9 98.91 98.73 98.89 98.91
98.77 98.55 98.74 98.53 96.77
96.19 96.54 91.25 92.14 94.8
93.89 94.67 96.68 96.04 96.62
98.53 98.74 98.63 98.82 98.9
98.86 98.7 98.75 98.79 98.25
98.14 97.29 97.82 97.52 97.77
98.64 98.69 98.61 98.75 98.87
98.85 98.73 98.88 98.87 98.78
98.5 98.59 98.35 97.82 96.58
97.25 97.08 97.54 98.16 98.47
98.17 97.66 98.75 98.62 98.04
98.14 98.43 98.81 98.9 98.82
98.88 98.93 98.86 98.72 98.82
98.77 98.15 98.09 97.78 94.53
95.72 97.97 98.35 97.5 98.66
98.74 98.72 98.65 98.87 98.88
98.83 98.87 98.93 98.89 98.75
98.84 98.85 98.24 96.48 98.17
98.08 97.42 98.45 98.43 98.6
98.79 98.83 98.75 98.78 98.89
98.71 98.62 98.67 98.46 98.67
98.77 98.76 98.51 98.77 98.77
98.6 98.66 98.7 98.45 97.12
97.33 98.31 97.81 97.51 97.69
98.48 98.63 98.48 98.59 98.87
98.87 98.69 98.88 98.92 98.83
98.78 98.86 98.7 98.53 98.49
98.56 98.65 98.83 98.79 98.68
98.71 98.83 98.66 98.49 98.46
98.4 98.77 98.87 98.73 98.71
98.88 98.84 98.65 98.56 98.61
98.2 96.17 95.78 95.47 93.74
90.56 89.41 88.11 84.19 73.07
75.28 74.92 71.04 62.19 59.89
56.51 58.49 62.46 62.75 78.69
84.75 85.72 88.73 93.58 92.76
94.55 94.95 96.16 97.82 98.1
98.13 98.29 98.85 98.84 98.58
98.78 98.87 98.67 98.68 98.69
98.66 98.42 98.62 98.06 98.57
98.73 98.69 98.33 98.62 98.74
97.93 97.98 98.42 98 98.57
98.56 98.55 98.51 98.69 98.49
97.82 98.19 98.3 96.87 95.49
93.68 94.75 95.85 96.09 97.98
98.26 98.14 98.43 98.71 98.5
98.33 98.63 98.76 98.31 98.34
98.55 97.89 96.13 96.38 94.54
94.83 97.17 96.79 95.92 97.37
98.24 96.31 96.7 97.54 96.95
97.74 95.96 96.04 97.79 97.64
94.98 95.42 96.71 94.58 93.95
93.78 93.55 93.23 92.42 92.4
96.66 95.38 94.83 97.86 97.18
94.62 94.78 97.27 95.93 93.23
94.48 94.45 90.78 85.8 84.76
86.4 87.49 86.72 87.81 87.15
86.69 86.47 87.79 85.28 86.33
85.95 85.02 83.54 83.52 82.17
80.45 75.9 70.66 61.31 52
44.09 45.14 47.24 42.83 43.92
42.92 36.07 31.9 30.16 32.17
28.8 28.42 26.44 27.48 31.5
27.69 31.2 29.26 30.22 28.38
27.95 32.55 30.06 24.83 29.22
25.6 33.54 30.68 37.32 33.66
27.87 28.72 29.87 29.83 29.8
31.45 25.36 29.95 33.28 31.4
32.87 33.52 32.84 33.99 29.16
30.17 31.48 36.08 32.02 28.77
26.96 29.05 32.98 32.21 31.03
31.94 34.61 32.18 39.06 28.57
32.87 31.81 31.69 32.39 29.91
27.64 27.09 26.45 31.74 26.99
27.32 25.66 28.3 26.79 29.12
29.8 33.18 35.05 29 28.21
26.53 26.25 28.8 26.69 27.88
27.57 31.08 28.65 26.92 28.44
38.31 29.68 31.55 32.53 32.12
29
