60.26 73.54 81.69 81.46 81.39
84.74 85.18 84.1 84.57 84.09
83.06 81.59 78.3 76.76 72.18
67.1 67.09 63.44 58.23 55.77
53.26 50.36 52.43 48.73 55.87
50.3 48.25 55.44 51.67 50.37
61.49 64.5 78.09 86.87 90.15
91.57 94.16 93.26 94.52 94.92
95.57 95.45 95.53 96.2 97.13
97.53 98.43 98.31 98.46 98.13
98.09 97.98 97.76 94.99 93.62
90.89 83.11 74.2 75.45 69.61
67.56 65.3 65.92 70.3 75.96
83.91 87.65 91.56 93.36 95.8
92.98 94.89 96.03 97.49 97.73
98.42 98.42 98.41 97.77 97.39
97.29 97.7 95.29 94.09 92.78
94.1 96.54 97.58 98.13 98.22
98.15 98.02 98.15 98.14 98.15
97.06 95.61 94.05 93.79 93.67
92.92 92.77 90.44 89.78 86.37
85.2 88.97 87.39 91.19 90.79
92.02 88.09 89.44 87.18 91.9
93.4 95.97 97.93 98.57 98.26
98.45 98.33 98.22 98.03 97.25
96.55 94.04 87.38 76.58 62.17
46.84 44.25 50.22 47.14 49
47.87 48.55 46.12 43.25 51.17
50.3 52.76 51.23 51.33 54.89
47.51 56.06 56.18 56.45 58.81
61.54 62.98 60.32 68.69 62.18
63.91 61.74 63.26 62.13 61.65
58.45 63.39 61.81 61.94 66.6
67.62 67.09 67.17 59.59 56.76
47.58 45.78 46.24 47.47 47.06
49.75 46.14 41.12 48.41 46.38
44.61 51.48 48.81 51.95 50.44
50.05 55.97 55.57 52.54 57.91
47.47 54.27 52.29 45.54 57.57
53.39 43.32 53.98 47.12 56.47
53.73 62.67 62.82 48.95 57.67
62.9 48.76
