43.89 49.72 55.27 53.65 53.99
57.34 56.86 57.34 61.35 67.66
63.61 66.45 67.79 62.37 58.07
58.27 56.84 57.36 58.69 58.4
58.71 61.47 61.05 61.03 69.45
74.19 78.06 83.65 87.91 93.82
96.4 95.09 97.33 97.73 95.86
96.1 93.9 93.21 91.65 87.48
88.08 90.92 90.44 87.6 90.5
92.14 94.99 96.9 96.29 97.05
97.84 95.71 95.46 96.98 95.12
93.8 93.53 91.61 83.25 77.59
67.94 65.48 68.5 80.63 90.18
89.87 94.45 93.26 92.12 91.52
90.29 92.8 95.74 95.21 96.91
96.38 95.42 95.44 95.09 95.25
95.81 95.64 96.15 95.82 95
96.35 97.49 95.25 93.71 96.57
96.26 93.2 93.25 92.24 89.6
92.42 88.35 84.74 79.83 76.47
68.52 58.7 56.38 53.59 61.72
66.75 71.37 76.34 80.12 74.83
77.83 82.26 84.49 81.95 83.15
87.64 86.31 85.85 86.86 88.97
86.11 86.23 87.95 86.94 84.46
82.08 79.95 76.01 67.39 60.21
47.62 47.21 48.46 46.76 45.28
41.28 50.08 42.85 44.38 41.79
43.98 45.67 38.46 43.5 41.54
40.06 43.62 38.04 38.88 39.83
37.48 35.07 31.66 38.2 31.39
32.37 27.8 29.63 35.76 28.15
30.46 34.26 27 36.01 29.84
29.72 31.98 25.64 30.7 28.9
30.76 25.05 33.07 38.4 31
30.08 33.74 33.62 31.86 30.35
32.26 35.21 30.82 34.41 31.08
32.17 29.08 33.49 29.89 29.88
31.17 30.69 32.77 29.04 33.24
32.08 28.87 31.49 26.99 26.59
25.48 29.44 23.2 27.17 25.51
33.98 28.99 25.67 30.54 26.98
29.58 27.18 29.16 29.61 26.89
30.17 27.74 28.97 29.05 31.85
30.61 30.44 32.31 31.23 30.24
31.72 27.44 32.93 28.39 30.38
31.75 29.19 34.68 30.17 31.92
29.76 31.67 35.81 34.12 35.97
38.14 32.92 37.72 35.1 36.09
37.98 36.99 41.68 36.18 36.56
34.11 34.48 31.94 36.21 32.3
35.05 33.16 33.51 34.63 38.69
36.75 45.62 55.14 61.29 72.77
85.86 87.91 89.45 92.53 93.34
93.11 94.7 96.56 97.47 96.38
96.88 98.25 97.5 96.71 97.56
97.17 94.59 93.93 95.41 90.57
83.97 87.79 89.1 89.25 90.36
91.93 93.3 91.39 93.52 93.24
93.19 93.74 95.78 96.6 97.59
97.33 96.53 97.04 97.52 97.44
97.16 97.3 97.02 96.29 96.64
96.15 95.42 94.8 93.77 95.34
95.99 95.85 95.36 96.07 96.45
96.19 96.38 95.57 95.94 96.34
95.38 96.45 96.55 96.66 96.83
97.65 97.39 97.49 98.24 98.38
97.55 97.18 96.87 93.84 94.04
97.68 96.8 95.86 96.55 96.93
96.84 97.2 98.02 97.95 96.24
96.78 97.89 97.37 94.69 93.83
96.18 96.77 95.45 97.03 97.27
96.7 96.3 96.44 95.08 91.69
91.99 93.75 94.13 96.01 95.35
94.28 93.62 94.38 95.91 97.36
96.71 96.44 95.83 94.23 93.64
96.82 97.59 97.24 97.21 96.59
96.08 96.98 97.22 96.34 96.19
96.35 95.02 95.7 95.72 97.15
97.31 97.58 97.34 97.1 97.15
97.32 95.97 96.55 96.17 95.35
94.6 94.99 92.89 94.03 94.47
93.28 94.43 94.57 94.54 96.67
97.15 96.38 97.65 98.15 97.37
97.51 98.38 97.27 96.97 97.94
98.11 95.96 97.12 95.09 94.26
93.47 94.8 97.42 97.23 96.05
96.83 97.12 96.72 98.02 97.94
96.78 96.75 97.82 97.42 96.68
97.66 97.17 96.7 97.51 97.67
96.8 95.4 96.82 96.97 94.84
93.69 94.53 94.47 95.16 93.69
93.19 93.59 93.78 93.46 94.13
93.58 91.55 90.98 82.63 90.69
94.68 95.47 94.06 96.23 97.06
95.32 94.62 96.32 95.82 94.59
95.39 95.54 94.53 93.8 93.82
93.94 92.96 92.6 92.32 91.71
90.66 90.14 89.36 87.55 88.47
90.04 91.38 93.7 95.08 93.34
93.42 94.8 92.26 91.03 91.24
90.94 76.94 60.03 45.16 31.74
25.71 23.8 28.38 28.39 28.36
31.9 31.79 35.52
