37.64 34.34 32.91 36.51 34.2
34.49 33.41 35.08 35.88 37.35
33.99 37.34 36.44 35.43 35.87
35.72 35.33 38.08 35.21 59.35
64.69 64.27 75.5 88.28 97.12
97.55 98.21 98.73 98.73 98.73
98.8 98.92 98.85 98.79 98.83
98.8 98.73 98.63 98.47 98.43
98.19 97.86 98.3 98.27 98.55
98.3 98.65 98.87 98.79 98.87
98.73 98.76 97.66 97.42 96.97
98.05 97.86 97.12 95.67 91.71
87.93 98.31 98.74 98.89 98.87
98.86 98.92 98.6 98.35 97.52
96.83 96.56 98.13 98.61 98.89
98.88 98.91 98.86 98.82 98.58
98.72 98.75 98.77 98.91 98.91
98.95 98.93 98.85 98.92 98.87
98.79 98.88 98.86 98.72 98.27
98.58 98.6 98.18 98.75 98.82
98.79 98.5 98.65 97.64 94.89
96.47 98.3 98.34 98.13 98.47
97.83 97.08 97.04 98.72 98.6
98.56 98.58 97.19 96.05 97
98.49 98.55 98.56 98.65 98.68
98.33 98.79 98.7 98.91 98.91
98.96 98.96 98.76 98.82 98.68
98.76 98.88 98.87 98.89 98.84
98.89 98.9 98.85 98.9 98.87
98.77 98.84 98.71 98.83 98.88
98.87 98.82 98.93 98.93 98.9
98.9 98.95 98.93 98.92 98.91
98.85 98.95 98.89 98.93 98.95
98.88 98.89 98.65 98.82 98.52
98.8 98.91 98.9 98.92 98.9
98.89 98.87 98.89 98.88 98.86
98.73 98.74 98.74 98.84 98.79
98.74 98.73 98.75 98.84 98.61
98.44 98.81 98.82 98.92 98.8
98.9 98.85 98.93 98.92 98.81
98.86 98.78 98.83 98.68 98.66
98.82 98.89 98.89 98.85 98.85
98.55 98.57 98.77 98.83 98.54
98.51 98.79 98.89 98.81 98.83
98.8 98.9 98.9 98.85 98.89
98.89 98.93 98.9 98.9 98.88
98.81 98.86 98.88 98.7 98.67
98.79 98.1 98.83 98.84 98.93
98.93 98.93 98.89 98.82 98.79
98.46 98.66 98.84 98.83 98.69
98.6 98.65 98.77 98.62 98.55
98.64 98.66 98.34 98.48 98.42
98.51 98.5 98.63 98.64 98.51
97.92 98.52 98.76 98.11 98.4
98.72 98.5 98.53 98.43 98.77
98.71 98.7 98.49 98.79 98.87
98.7 98.68 98.46 98.02 98.67
98.6 98.72 98.83 98.6 98.74
98.84 98.77 98.84 98.88 98.92
98.85 98.89 98.93 98.91 98.88
98.77 98.86 98.85 98.72 98.77
98.61 98.81 98.92 98.95 98.83
98.68 98.61 98.63 98.66 98.03
98.24 98.58 98.59 98.55 97.92
98.48 98.48 98.74 98.8 98.68
98.78 98.85 98.84 98.8 98.78
98.86 98.87 98.88 98.86 98.88
98.78 98.82 98.86 98.82 98.74
98.87 98.83 98.71 98.81 98.88
98.93 98.92 98.93 98.88 98.86
98.5 98.52 97.61 98.55 97.81
97.29 98.09 97.68 98.26 98.54
98.53 98.14 98.53 98.68 98.79
98.7 98.72 98.8 98.65 98.57
98.49 98.73 98.63 98.76 98.6
98.16 98.81 98.87 98.93 98.93
98.96 98.92 98.54 98.75 98.78
98.65 98.16 98.34 98.68 98.8
98.85 98.28 97.99 98.59 98.48
98.71 98.83 98.38 98.54 98.87
98.93 98.96 98.98 98.94 98.96
98.91 98.81 98.87 98.83 98.79
98.51 98.77 98.92 98.83 98.6
98.92 98.9 98.83 98.69 98.86
98.71 98.67 98.84 98.87 98.68
98.75 98.88 98.77 98.7 98.85
98.69 98.64 98.74 98.69 98.35
98.82 98.87 98.86 98.88 98.9
98.97 98.93 98.96 98.9 98.91
98.91 98.85 98.87 98.61 98.79
98.87 98.91 98.91 98.95 98.9
98.87 98.91 98.9 98.79 98.78
98.83 98.76 98.82 98.39 95.86
98.17 98.72 98.56 98.42 98.7
98.83 98.84 98.79 98.86 98.87
98.86 98.83 98.86 98.84 98.84
98.78 98.78 98.76 98.4 98.22
98.36 98.77 98.66 98.85 98.87
98.81 98.9 98.93 98.95 98.93
98.95 98.95 98.92 98.72 98.89
98.85 98.94 98.77 98.67 97.26
94.46 91.03 93.58 96.7 96.1
98 98.53 98.72 98.57 98.76
98.88 98.89 98.88 98.85 98.83
98.9 98.74 98.52 98.37 98.64
98.14 98.42 97.72 98.42 98.47
98.66 98.71 98.7 98.72 98.87
98.92 98.87 98.88 98.93 98.91
98.89 98.93 98.83 98.84 98.78
98.77 98.76 98.58 98.39 98.68
98.22 98.08 98.56 98.54 98.56
98.85 98.87 98.9 98.92 98.94
98.95 98.91 98.94 98.96 98.91
98.95 98.93 98.92 98.92 98.87
98.89 98.9 98.83 98.78 98.79
98.81 98.76 98.67 98.75 98.74
98.62 98.67 98.71 98.24 98.39
98.05 98.35 98.08 98.28 98.33
98.64 98.45 98.33 98.6 98.49
98.57 98.61 98.75 98.63 98.73
98.73 98.7 98.92 98.9 98.9
98.94 98.94 98.92 98.9 98.94
98.91 98.9 98.8 98.63 98.72
98.91 98.94 98.92 98.83 98.78
98.82 98.88 98.83 98.87 98.86
98.82 98.72 98.77 98.79 98.62
98.69 98.65 98.63 98.75 98.86
98.83 98.84 98.91 98.9 98.88
98.9 98.93 98.93 98.91 98.91
98.88 98.93 98.87 98.85 98.72
98.46 98.32 98.35 98.75 98.64
98.83 98.85 98.84 98.88 98.92
98.91 98.95 98.96 98.94 98.84
98.92 98.9 98.91 98.93 98.94
98.94 98.95 98.92 98.94 98.92
98.9 98.87 98.87 98.78 98.69
98.73 98.77 98.45 98.33 98.53
98.21 97.32 97.37 96.17 97.15
97.17 98.45 98.26 98.33 98.23
98.45 98.7 98.61 98.62 98.73
98.81 98.83 98.77 98.86 98.85
98.8 98.84 98.9 98.84 98.74
98.53 98.23 98.66 98.65 98.8
98.73 98.57 98.76 98.7 98.69
98.39 98.78 98.85 98.83 98.82
98.89 98.86 98.84 98.84 98.87
98.84 98.7 98.65 98.72 98.37
98.5 98.16 97.43 96.67 96.65
94.62 94.25 92.58
