54.96 66.83 73.65 75.95 76.26
79.19 73.69 70.17 72.29 68.35
82.31 82.83 85.88 84.71 90.1
87.72 87.15 87.43 85.92 87.94
90.49 91.32 93.23 94.15 95.15
96.96 97.83 98.28 98.15 97.93
98.41 98.75 98.62 98.43 97.35
94.11 95.05 95.11 91.77 86.97
79.01 74.88 76.31 61.73 66.12
75.12 85.33 88.75 92.07 94.61
93.62 94.03 96.18 95.99 95.74
97.44 97.52 96.38 96.24 96.39
97.07 96.48 96.06 97.94 98.47
98.6 98.58 98.74 98.34 98.56
96.62 94.8 92.5 89.17 92.29
92.95 93.51 94.97 94.84 93.02
94.81 91.17 88.68 94.57 97.66
98.28 98.21 98.62 98.13 98.11
96.66 93.68 94.47 97.47 98.21
98.39 98.29 97.84 97.77 98.53
98.8 98.62 98.71 98.87 98.86
98.73 98.81 98.78 98.72 98.64
98.61 98.53 98.01 98.18 98.13
97.51 97.92 98.51 98.6 98.8
98.64 98.76 97.84 94.17 91.11
90.16 91.94 93.17 96.92 98.38
98.57 98.61 98.77 98.89 98.86
98.86 98.87 98.9 98.79 98.67
98.59 98.06 97.84 98.09 98.11
95.25 96.76 97.91 97.73 98.1
98.53 98.36 98.15 98.44 98.42
97.3 96.96 97.11 96.92 93.57
91.89 92.18 93.25 92.01 94.86
97.59 96.54 97.99 98.25 98.48
98.53 98.58 98.34 98.56 98.6
98.24 98.01 98.26 97.83 96.42
96.6 96.85 95.4 94.6 95.22
95.53 95.07 96.35 94.93 94.89
95.7 96.96 96.72 97.71 97.86
97.52 97.75 98.36 97.97 98.33
96.14 97.15 97.58 97.82 96.63
95.37 92.72 90.52 92.09 93.81
95.35 95.59 97.26 97.15 98.39
98.4 98.66 98.52 97.48 92.03
90.52 96.96 97.93 98.16 98.51
97.88 97.34 94.66 93.47 94.28
96.82 96.67 95.53 94.87 93.66
92.15 94.68 97.12 98.07 98.21
98.45 97.93 97.82 96.87 96.38
97.1 98.27 97.98 98.22 97.48
97.52 98.28 98.14 98.61 98.61
98.58 98.58 97.73 96.7 92.72
85.01 74.83 71.41 73.7 77.49
85.37 89.42 93.69 96.44 98.04
98.57 98.68 98.63 98.54 98.1
97.92 97.22 96.1 95.99 93.58
84.37 65.87 52.73 48.62 44.13
42.26 33.04 34.01 27.7 31.59
26.75 29.39 26.3 28.63 28.46
29.56 42.37 43.83 50.56 53.51
42.79 47.82 60.32 61.84 71.7
69.68 69.24 55.31 60.12 55.72
58.12 61.36 69.61 84.47 92.36
94.29 94.81 95.43 96.38 97.06
97.95 98 97.35 97.74 98.21
97.73 97.7 97.78 96.71 96.25
97.17 96.05 97.27 96.58 97.03
97.79 98.16 97.23 97.18 95.9
97.97 97.86 97.72 97.15 97.43
96.67 96.59 95.27 92.6 86.75
71.24 53.69 42.57 34.01 33.15
34.31 33.09 34.22 35.06 40.08
31.56 43.71 34.5 35.59 40.71
38.02 42.2 33.76 41.4 41.39
34.74 40.88 37.61 36.21 35.41
31.52 34.71 28.61 32.77 28.96
27.64 30.79 32.78 32.12 33.02
37.87 36.25 39.87 37.68 32.22
33.18 33.82 36.8 34.54 35.84
37.07 39.39 37.84 38.01 43.33
43.92 40.73 45.42
