37.48 45.13 48.98 50.44 47.54
52.68 60.7 65.98 88.29 92.73
95.72 97.31 98.28 98.41 98.22
95.95 95.95 96.15 96.15 96.88
97.79 98.03 98.26 97.85 97.1
95.73 93.24 94.76 92.5 93.8
96.26 95.26 95.11 96.16 96.68
96.98 97.59 97.82 97.93 96.71
94.79 92.2 88.79 81.96 71.09
64.52 57.79 55.74 55.76 61.31
63.62 68.26 75.41 82.93 88.47
93.44 95.09 96.28 94.69 92.5
91.33 93.8 92.65 90.67 90.42
91.05 89.06 90.57 93.42 94.91
96.77 97.46 97.86 98.21 97.6
94.94 95.38 95.11 97.2 98.22
97.75 98.27 98.15 98.08 98.27
98.37 98.08 97.52 98.12 98.21
97.25 97.27 97.83 97.25 94.78
90.67 88.61 92.86 94.62 94.38
94.41 95.01 95.67 95.39 94.37
95.1 95.86 97.07 97.36 97.89
97.42 96.41 95.13 93.89 92.53
94.68 95.43 94.62 96.15 96.93
96.72 97.35 97.81 97.7 97.56
97.49 98.16 98.14 97.59 97.26
97.4 97.59 96.68 97.01 95.88
95.84 96.07 95.54 96.42 94.82
95.56 96.82 96.81 95.99 96.36
97.1 96.62 92.76 94.95 94.18
92.6 94.58 93.66 97.16 98.12
98.62 98.57 98.7 98.21 98.36
97.51 97.62 96.51 97.02 98.11
97.82 98.58 98.44 98.53 98.05
96.52 93.8 90.72 92.41 95.41
95.45 93.73 94.97 97.49 97.97
97.86 95.87 96.64 95.61 96.89
97.77 98.11 97.75 98.13 98.49
98.21 97.75 97.78 97.99 97.67
96.46 95.7 96.07 95.55 92.93
90.47 92.01 93.58 93.31 95.09
91.99 94.51 94.77 93.55 95.27
97.12 96.44 95.67 97.57 97.28
96.25 97.21 97.57 96.8 95.64
94.91 97.08 96.7 96.97 94.25
93.93 90.7 87.87 87.29 86.93
85.13 84.36 80.69 78.16 69.31
69.31 75.25 84.89 88.45 92.31
94.32 94.13 93.03 87.75 88.23
90.38 92.95 93.69 94.08 93.08
92.2 89.29 91.87 93.96 94.69
94.83 95.57 97.22 97.99 97.35
97.65 98.3 98.11 97.19 97.27
96.59 95.62 95.38 94.34 93.32
93.08 92.77 96.05 97.76 98.22
98.15 98.22 98.18 98.65 98.35
98.12 98.47 98.42 97.27 97.73
97.17 95.93 95.07 95.78 96.34
97.58 96.74 97.11 98.11 98.22
97.25 97.53 98.62 98.46 98.56
97.89 96.93 96.53 98.1 98.36
97.79 97.78 96.91 96.79 98.23
97.15 96.95 97.4 98.35 97.59
96.88 97.44 97.78 96.49 96.02
96.64 95.02 93.1 90.28 90.08
94.68 95.6 97.87 97.53 98.01
97.09 96.57 94.55 92.66 93.1
95.64 95.29 96.28 97.02 97.52
98.18 97.24 96.27 96.58 96.85
94.34 93.02 93.55 91.26 88.95
83.06 81.59 82.57 80.61 83.9
88.99 92.5 94.53 94.5 94.74
94.25 94.29 95.63 95.47 94.98
93.81 92.75 91.44 92.21 91.97
92.11 89.96 84.19 78 66.25
52.45
