51.36 68.13 65.25 71.7 67.23
68.51 71.83 64.1 65.4 52.88
52.97 51.56 60.18 59.52 63.71
67.18 74.59 82.17 78.25 88.48
91.75 94.26 94.18 93.06 94.1
95.22 95.01 96 97.85 97.44
97.4 98.37 98.5 98.47 98.63
98.62 98.61 98.63 98.49 97.91
98.13 98.13 98.02 96.55 97.1
97.78 97.23 96.63 96.76 97.92
97.13 95.81 96.38 91.85 88.71
88.07 93.67 95.58 97.18 97.83
98.29 97.89 98.28 98.52 98.4
98.26 98.61 98.65 98.48 98.69
98.7 98.71 98.61 98.68 98.71
98.69 98.68 98.73 98.72 98.69
98.78 98.76 98.73 98.69 98.81
98.76 98.73 98.69 98.66 98.54
98.59 98.38 98.44 98.26 98.19
98.18 97.72 97.43 97.61 96.86
95.9 95.81 95.11 94 92.76
91.89 87.41 85.11 79.87 74.87
64.01 61.95 59.94 56.08 52.8
53.4 48.31 52.67 51.58 55.58
57.19 59.94 63.05 67.62 66.33
74.73 72.28 65.92 71.6 66.45
63.94 67.03 64.93 63.56 58.65
64.08 57.43 61.12 62.64 60.07
62.97 52.29 61.8 55.33 60.81
55.74 62.82 58.2 63.39 60.08
46.96 64.19 61.51 55.86 51.28
60.12 63.18 50.85 59.86 59.93
