24.59 40.59 35.13 35.37 33.41
39.71 31.96 27.84 29.59 29.92
28 29.68 29.95 27 28.4
28.35 26.97 25.33 25.95 26.8
26.92 25.48 26.97 26.42 28.53
33.2 39.45 44.01 51.49 55.57
62.25 64.22 68.74 70.65 64.59
70.94 79.15 76.88 75.2 68.46
60.28 53.02 55.32 52.29 55.35
65.83 75.51 81.63 86.29 85.55
85.85 86.68 85.67 84.42 82.36
82.75 83.5 78.2 74.79 68.49
65.58 67.3 70.89 71.65 77.96
77.49 76.8 77.35 81.03 83.5
86.62 88.64 89.34 88.54 90.91
91.38 90.41 89.58 87.36 86.74
82.56 82.92 80.55 76.03 72.6
78.45 80.72 76.78 78.12 82.3
81.22 81.71 86.5 85.97 88.61
90.82 91.85 91.1 92.65 92.69
92.91 91.92 89.29 83.34 82.03
85 79.83 77.97 75.06 82.07
84.82 79.65 81.15 84.24 81.57
82.96 86.94 85.84 89.47 91.93
91.26 90.46 90.13 87.61 89.77
89.12 88.23 80.25 75.99 66.03
67.98 68.42 81 73.33 82.76
84.77 78.42 78.14 84.27 82.23
80.95 80.06 81.4 82.03 84.08
84.97 84.67 81.92 81.83 78.12
80.18 84.09 84.57 85.15 83.23
81.34 66.93 60.99 59.48 65.94
68.88 75.69 77.78 79.73 81.23
80.5 76.16 68.88 67.04 57.29
55.04 46.25 43.59 43.96 42.09
46.66 41.41 46.03 50.41 64.5
65.81 69.99 68.04 68.13 64.38
56.68 59.51 57.54 53.73 51.58
55.19 58.76 63.18 64.17 69.56
68.76 73.72 71.45 70.13 70.04
68.96 65.75 66.38 73.17 73.69
81.4 80.44 80.82 82.74 83.55
85.49 82.87 83.79 85.29 84.5
81.97 81.29 76.99 83.47 80.65
84.59 85.54 82.72 79.84 73.84
69.97 69.88 71.19 78 82.49
82.81 84.22 78.26 73.4 61.22
54.49 50.58 44.1 41.61 41.13
38.99 40.36 43.41 47.53 47.63
50.21 53.4 57.2 55.19 49
45.54 43.2 41.48 38.48 37.05
32.34 36.67 34.29 36.7 43.51
47.31 52.85 56.87 64.16 67.06
66.5 71.75 79.01 84.29 82.68
82.6 84.44 81.63 79.15 84.63
85.94 88.14 84.55 84.57 83.16
78.92 79.45 83.17 85.62 84.75
80.23 74.27 81.24 82.11 85.24
87.12 89.25 87.33 86.72 84.35
82.36 80.29 79.13 77.34 75.93
74.16 81.59 86.27 87.5 87.23
87.66 86.38 83.8 76.67 71.71
72.5 69.4 79.14 79.83 80.75
79.03 74.78 77.42 82.43 84.97
84.49 82.91 84.9 81.65 82.91
77.17 83.86 86.06 85.25 86.89
88.31 88.26 89.95 89.76 88.7
86.94 84.75 78.45 75.31 74.39
74.36 72.9 80.35 83.08 88.79
87.24 88.59 88.5 88.09 87.14
87.31 87.53 87.92 86.67 87.4
88.35 84.11 87.53 90.12 91.14
92.12 91.04 89.47 84.16 80.8
78.1 77.9 77.58 74.77 76.01
80.59 80.79 83.19 86.72 89.08
91.25 93.02 91.78 92.89 90.16
87.13 89.55 88.69 84.85 90.77
88.6 90.14 87.29 89.16 86.9
87.82 85.97 82.7 78.61 67.44
59.26 53.76 58.15 60.73 73.53
77.2 79.99 84.7 78.77 79.98
83.25 71.15 70.72 78.14 84.99
86.47 86.13 84.68 74 74.49
77.18 78.56 87.51 88.65 89.72
89.26 90.35 90.58 88.54 90.75
91.99 91.71 91.03 87.33 86.45
89.29 89.14 87.9 87.85 89.44
88.82 85.24 83.88 79.41 73.37
75.37 84.35 87.01 87.99 86.58
80.91 76.66 70.69 76.67 78.36
82.56 82.45 81.27 83.16 86.2
85.56 84.76 83.39 81.73 82
81.66 81.27 81.28 86.16 86.29
89.94 88.75 82.34 68.33 60.77
50.01 38.85 41.26 34.52 34.15
29.43 26.67 26.51 27.3 30.96
31.66 34.55 34.94 32.85 38.42
39.86 41.95 50.54 53.31 53.38
58.38 67.46 67.64 74.9 77.64
78.36 75.56 70.19 74.54 64.54
65.29 56.42 52.51 51.76 52.94
66.77 74.6 79.79 82.51 86.43
86.31 84.22 81.9 80.9 79.21
84.41 82.39 82.98 80.07 82.75
83.05 83.64 84.39 88.19 91.08
90.31 93.32 91.25 90.41 90.54
88.74 86.69 83.74 82.1 81.1
83.4 87.35 88.16 87.26 87.27
87.34 85.67 85.47 84.46 82.37
79.69 75.22 69.42 63.59 56.09
51.55 52.5 54.05 55.44 61.48
68.45 72.39 82.17 83.93 86.6
84.26 85.65 84.62 80.91 81.33
82.01 85.32 84.44 84.04 81.1
82.93 83.79 87.8 88.25 87.45
86.66 86.28 83.58 74.46 71.96
79.8 78.39 79.95 75.37 82.94
87.96 88.64 90.53 88.1 85.31
86.84 88.13 88.01 87.69 85.94
87.83 86.71 87.66 87.29 85.8
87.8 88.56 90.9 92.64 91.45
91.63 90.69 90.26 89.4 87.13
87.1 77.37 72.71 59 41.02
38.33 33.8 28.95 33.29 29.06
30.77 26.95 26.61 30.22 32.47
24.18 31.07 24.89 26.67 34.32
28.47 28.18 29.29 28.25 28.79
30.3 40.96 41.28 43.16 48.84
49.13 45.15 44.22 50.9 52.61
52.63 52.14 43.91 43.4 47.06
43.41 54.33 52.51 53.16 50.5
47.07 43.99 39.03 44.25 39.06
40.73 35.85 26.77 25.19 27.65
33.47 27.73 28.68 29.89 28.13
31.71 34.12 38.18 40.03 49.92
48.64 49.14 56.63 71.93 77.21
84.06 87.39 85.51 88.21 89.81
89.52 91.79 90.83 88.94 89.33
89.65 88.54 87.7 88.38 85.21
84.61 85.55 87.99 86.76 85.82
82.43 76.16 64.6 63.56 72.18
74.33 82.8 88.66 86.17 86.51
81.84 76.58 85.8 85.11 87.55
87.94 90.34 90.92 92.31 91.35
87.44 82.48 81.76 78.66 85.15
88.51 86 82.29 77.54 67.56
55.21 44.4 41.85 41.6 39.75
41.82 41.99 45 51.05 52.83
65.11 74.08 77.41 78.59 81.41
83.26 83.28 84.33 86.25 86.8
83.21 77.62 76 72.79 67.46
62.67 56.47 55.83 47.25 49.77
45.49 45.55 50.38 49.61 58.63
63.32 78.33 81.21 85.4 84.59
87.79 87.18 89.19 90.26 89.9
89.68 89.88 90.92 86.78 87.6
82.42 78.81 67.46 66 58.56
63.2 70.44 72.04 79.81 80.88
74.06 75.47 74.74 77.13 85.26
86.74 89.51 89.96 89.6 90.13
89.57 92.07 88.81 86.2 79.45
82.6 86.39 89.5 89.82 92.45
92.15 91.76 92.98 89.83 88.43
82.88 78.11 75.36 75.35 75.83
77.38 76.94 79.4 85.96 85.16
84.36 79.01 79.23 78.03 78.03
78.48 74.26 71.85 75.22 82.59
85.5 83.42 84.32 84.26 80.85
78.04 74.84 80.69 81.36 83.56
83.44 85.92 86.27 86.27 80.45
73.4 72.4 69.86 71.63 80.06
84.07 86.64 86.03 86.22 86.29
82.83 72.94 71.33 79.53 85.6
85.05 86.45 84.48 86.35 84.1
80.65 74.59 74.07 72.01 69.58
69.68 65.31 62.84 63.45 65.16
59.52 62.97 62.75 60.48 65.11
63.88 65.5 62.45 63.73 67.37
67.46 74.4 82.24 83.9 85.8
83.89 85.42 83.22 77.36 74.14
76.12 77.87 80.47 77.4 83.2
85.13 83.22 85.34 84.7 88.53
86.08 86.15 83.34 83.99 77.41
68.15 62.23 72.15 80.43 82.75
87.04 86.15 87.42 85.99 87.21
85.53 83.62 83.83 85.34 82.97
84.72 84.45 80.96 82.38 87.17
82.86 81.56 73.12 77.38 69.5
66.99 62.19 62.76 73.91 75.82
79.65 81.6 79.49 78.44 82.93
81.57 83.45 85.32 83.85 85.95
83.05 85.26 82.07 77.66 80.31
78.21 77.93 83.92 85.56 87.12
86.57 87.55 85.94 82.26 82.24
75.76 80.21 76.67 78.12 78.59
80.23 82.69 82.46 80.02 80.62
83.4 85.41 85.03 84.37 82.87
83.89 81 81.33 79.21 82.93
82.12 82.51 85.53 87.6 87.12
88.23 85.9 88.44 85.91 85.13
81.8 77.43 80.85 84.74 86.57
86.41 84.11 85.84 82.16 82.71
79.61 80.61 77.38 76.82 80.93
80.38 79.72 82.79 85.99 83.2
84.25 89.19 84.99 84.6 76.91
68.36 71.47 72.82 67.5 73.75
76.42 77.58 78.59 78.84 77.14
82.48 82.24 86.09 87.43 88.02
89.42 89.09 89.66 87.64 83.24
80.61 75.56 74.84 79.48 82.18
88.34 89.26 91.71 92.64 91.31
91.11 88.41 83.66 83.76 82.16
87.42 89.73 87.79 89.57 86.91
87 82.1 74.54 71.02 64.86
71.04 59.94 50.14 48.52 46.49
43.95 42.46 49.89 49 51.98
56.46 62.65 68.29 77.26 80.03
84.97 83.18 87.08 87.22 87.78
86.74 87.19 86.21 83.63 82.6
76.93 74.74 75.31 78.45 82.13
83.83 86.11 87.69 88 90.43
91.83 90.06 89.65 85.65 76.03
79.21 84.51 89.48 89.84 90.06
86.71 87.55 84.11 84.15 81.37
76.97 76.13 71.97 71.32 75.79
75.46 73.6 76.98 84.92 86.95
88.56 88 88.93 84.67 79.41
74.33 80.97 85.02 84.14 82.46
82.74 83.96 88.42 87.09 90.87
91.47 90.3 87.71 80.67 81.91
81.2 73.55 70.26 60.15 63.62
68.05 79.33 85.31 87.54 90.12
91.68 93.27 91.73 87.04 86.97
83.73 88 88.95 89.32 89.71
87.07 88.4 81.69 84.59 84.63
88.43 89.19 90.08 91.64 88.7
87.74 82.35 82.41 84.1 83.71
85.64 89.26 89.88 90.7 90.75
91.25 87.38 86.11 82.47 76.27
69.71 70.65 73.73 79.37 83.51
87.26 87.67 89.34 87.57 87.05
86.16 84.87 84.76 80.92 81.61
80.7 82.08 80.58 82.57 89.97
88.11 90.21 89.52 87.46 83.44
84.08 83.94 84.9 83.86 86
82.57 83.74 87.19 86.99 90.16
91.55 91.37 90.4 88.18 87.68
80 77.38 73.61 73.35 76.4
81.61 87.28 90.91 91.97 92.45
93.68 90.97 86.57 85.33 83.91
89.05 90.99 89.85 87.33 87.79
86.18 87.95 87.31 90.63 90.28
89.31 89.61 88 87.52 82.91
82.57 80.69 84.45 86.17 88.06
90.03 90.63 90.79 91.79 90.32
89.09 85.67 82.66 78.03 73.94
80.78 85.38 87.49 89.74 90.21
89.77 87.9 87.95 86.68 85.48
86.21 84.34 85.72 85.91 83.28
85.7 86.02 85.19 87.74 84.93
82.63 78.15 79.9 82.23 79.59
74.95 72.41 68.61 70.23 75.82
79.93 87.9 88.41 89.95 89.52
88.32 87.92 82.67 81.6 82.55
80.81 81.61 80.73 88.73 89.09
90.81 89.67 90.22 89.09 88.52
83.93 79.85 80.92 85.98 86.02
86.68 89.05 88.78 88.51 88.63
85.22 87.12 86.91 88.37 87.15
86.23 85.87 83.75 82.18 74.63
77.87 80.14 85.57 85.77 87.84
88.71 89.04 89.53 91.14 90.97
90.02 89.18 86.74 79.62 80.88
85.11 87.17 86.18 89.63 89.09
88.3 87.71 85.29 87.16 82.65
83.45 79.85 75.84 68.78 63.09
62.63 66.45 59.05 63.12 59.56
60.79 67.37 60.71 59.2 65.67
67.13 62.14 64.13 67.19 58.4
58.49 58.26 57 52.31 55.6
