31.37 32.69 47.57 52.97 53.5
57.97 71.56 78.85 77.57 78.76
79.71 91.18 95.9 96.72 96.91
97.36 97.79 96.96 96.59 96.71
98.08 98.06 98.27 97.99 97.84
97.56 94.22 88.98 90.54 93.04
92.25 93.73 96.14 96.95 97.75
98.11 98.01 98.31 98.33 98.09
96.12 95.74 94.54 95.78 96.65
97.86 98.17 97.7 97.47 95.59
94.93 92.11 89.63 86.3 88.35
92.1 94.85 96 97.89 96.89
97.47 96.6 97.36 98.49 98.4
98.59 98.55 98.4 98 95.93
94.23 95.74 96.22 95.19 93.59
94.24 92.37 92.61 92.25 93.45
94.42 93.13 91.86 92.61 93.37
90.46 88.63 85.59 85.24 79.87
79.7 86.35 90.71 92.94 93.71
95.58 97.11 97.54 98.36 98.56
98.63 98.65 98.37 96.51 96.45
95.92 94.43 96.84 96.51 97.63
97.76 97.63 98.16 98.31 98.33
97.94 97.53 95.35 95.53 95.18
93.74 96.33 95.42 96.62 96.79
98.2 97.84 96.35 97.32 97.96
97.45 95.63 96.01 96.77 95.98
95.36 94.67 94.05 94.87 93.93
96 94.96 95.96 97.92 96.71
96.37 97.71 97.97 97.56 97.45
97.47 97.38 96.65 95.55 95.85
95.26 92.39 88.88 90.94 89.52
85.97 88.13 90.32 94.87 95.86
96.2 96.95 95.93 95.34 97.16
96.72 95.15 95.52 97.06 96.11
95.17 95.56 95.51 96.16 96.21
97.51 97.62 97.92 98 97.89
97.36 97.39 96.4 96.48 96.89
96.29 94.85 93.61 90.59 93.28
95.8 96.23 97.04 95.93 94.57
94.8 96.26 96.18 96.03 94.95
94.57 96.63 97.66 96.62 96.01
97.96 97.76 96.42 97.14 97.47
97.12 95.6 95.63 92.73 92.64
92.14 87.56 86.85 85.34 78.13
75.04 77.24 67.27 66.05 59.89
66.15 66.66 74.72 82.03 86.29
89.16 90.83 92.19 91.23 90.98
91.89 92.9 91.65 91.97 92.31
91.71 89.99 91.31 91.43 86.19
83.57 82.79 82.44 83.35 85.91
84.83 85.17 84.66 82.6 86.41
88.32 88.63 90.51 90.27 90.92
90.49 93.65 93.97 93.13 93.67
95.22 94.56 94.32 94.84 95.2
92.06 92.61 91.34 92.9 92.52
92.09 91.97 93.61 92.61 93.5
93.59 93.09 91.21 93.32 93.9
93.99 95.72 95.91 94.9 95.97
96.81 94.9 93.58 91.58 93.42
94.1 95.5 94.32 91.87 91.31
90.71 93.79 95.63 95.5 96.66
95.98 98.06 98.36 98.61 98.63
98.6 98.66 98.62 98.62 98.82
98.89 98.86 98.91 98.86 98.9
98.8 98.59 98.16 98.71 98.41
97.91 97.06 95.16 91.67 91.41
89.65 89.49 89.41 96.07 97.87
98.05 98.21 98.42 98.53 98.79
98.75 98.64 98.62 98.74 98.5
97.66 97.86 98.79 98.88 98.84
98.84 98.75 98.6 98.01 98
96.85 95.61 92.81 88.99 89.14
88.14 80.16 89.16 95.18 97
97.75 98.26 97.09 93.34 89.27
88.36 91.59 93.56 93.86 96.08
95.99 97.64 97.88 98.38 98.15
97.48 98.48 98.56 98.28 98.46
98.77 98.37 97.77 98.35 98.01
98.25 97.56 97.27 98.25 98.21
98.81 98.72 98.76 98.88 98.77
98.43 97.89 95.96 95.77 95.32
95.45 92.44 93.19 93.76 95.03
95.62 96.75 96.49 96.98 98.07
97.78 97.98 98.32 98.38 98.28
97.96 98.22 98.42 98.1 97.6
98.37 98.65 98.28 96.93 96.32
97.7 97.96 96.81 97.14 98.31
97.95 97.24 97.28 97.42 96.52
98.26 98.12 98.66 98.64 98.74
98.75 98.55 98.5 98.64 98.61
98.27 98.76 98.81 98.77 98.56
98.28 96.47 93.29 91.03 83.06
63.47 42.78 29.69 28.67 32.61
31.06 33.32 32.78 36.94 36.86
40.28 38.88 33.67 35.16 36.83
39.89 40.31 36.26 37.68 34.9
47.57 46.92 38.42 38.73 44.15
36.5 45.76 37.4 39.45 36.88
33 37.68 31.69 33.74 37.17
32.14 30.73 33.2 29.06 35.99
32.11 32.14 30.71 31.06 36.08
33.42 34.95 33.81 36.69 36.03
34.04 37.67 43.43 42.56 46.78
60.53 77.9 77.57 79.52 79.18
79.38 79.05 79.55 79.99 76.84
77.57 86.93 83.49 88.17 88.56
88.89 83.48 88.31 90.02 91.63
89.66 90.82 92.57 93.3 94.06
95.21 94.92 95.94 97.1 97.74
97.38 98.26 98.11 97.7 96.34
93.96 92.7 96.6 96.38 97.19
97.97 97.49 97.92 97.73 97.09
97.7 97.31 97.79 98.15 98.24
98.16 98.34 98.35 97.81 97.65
97.67 97.35 96.9 96.51 96.46
97.83 97.01 97.23 97.47 95.2
94.1 95.27 96.17 94.89 95.73
97.66 98.24 97.58 97.79 98.43
98.56 98.46 98.09 98.55 98.74
98.7 98.72 98.69 98.32 97.96
95.71 90.33 91.28 95.25 93.97
94.22 96.94 97.83 98.63 98.4
97.99 98.5 97.95 96.83 98.5
98.57 96.99 97.6 98.02 98.74
98.85 98.81 98.82 98.8 98.84
98.6 98.52 97.59 98.23 97.98
97.91 97.98 98.72 98.7 98.73
98.69 98.78 98.72 98.67 98.5
98.73 98.48 98.31 98.19 96.98
98.33 98.42 98.63 98.85 98.77
98.71 98.48 95.75 94.19 92.46
95.97 97.58 94.77 93.04 91.6
89.52 89.34 90.01 91.84 90.09
90.57 83.91 75.32 67.79 67.42
70.65 63.53 71.17 72.81 80.93
89.46 91.95 94.18 96.02 96.88
97.86 97.93 97.89 97.18 97.91
97.98 98.34 98.23 98.25 96.93
94.29 95.02 96.08 97.11 98.01
98.27 98.17 98.52 97.97 98.38
97.33 97.67 97 95.38 94.47
92.74 90.35 93.08 88.9 88.28
89.05 93.65 96.89 96.82 97.64
96.21 96.87 96.61 91.73 94.57
96.23 92.84 96.64 97.72 97.08
97.25 97.5 94.49 80.89 88.36
93.56 96.53 97.63 96.79 96.24
91.53 90.88 93.5 92.06 91.08
92.53 93.06 95.03 96.71 98.06
98.42 98.52 98.69 98.68 98.61
98.1 97.07 94.98 93.02 91.83
96.1 97.87 97.99 98.48 98.71
98.72 98.71 98.46 97.79 96.12
92.51 94.81 95.15 93.9 94.5
94.94 96.67 97.58 98.33 98.43
98.59 98.7 98.72 98.36 98.18
97.8 98.51 97.87 97.97 98.12
97.68 97.88 98.4 98.67 98.61
98.36 98.01 96.91 97.05 95.25
92.56 90.2 88.24 86.86 83.55
83.75 82.45 85 85.43 83.73
86.05 88.87 83.43 84.66 88.29
90.39 85.36 86.69 89.44 86.99
86.67 83.91 83.53 83.35 78.51
75.53 77.73 75.27 72.25 70.27
68.44 66.54 59.56 59.95 58.83
55.78 55.71 40.87 41.04 40.06
40.02 35.5 37.38 36.8 36.51
37.83 33.45 35.5 33.9 36.77
35.87 31.72 35.18 32.58 38.47
32.44 35.03 35.57 35.05 33.45
37.16 30.63 34.52 31.57 33.26
32.36 37.86 34.08 31.05 31.02
29.54 30.31 28.58 30.63 29.3
27.29 29.66 26.44 30.39 29.9
36.66 52.25 56.22 62.44 68.4
77.15 75.07 78.55 78.71 80.49
80.91 80.67 80.77 82.62 83.18
79.72 80.04 86.05 87.04 87.17
89.06 87.8 90.17 90.44 92.62
90.37 91.35 91.58 90.61 91.39
89.75 89.06 88.9 90.83 88.89
88.61 89.95 90.65 90.14 91.95
90.67 89.84 89.33 88.95 87.65
87.18 85.18 85.83 83.94 83.43
81.17 78.5 75.73 70.7 58.83
54.41 39.73 39.89 35.65 33.5
31.98 31.08 28.99 31.4 30.13
28.17 30.94 30.65 38.57 33.04
35.28 34.09 37.75 38.08 35
33.67 33.52 32.08 33.51 37.72
30.77 32.67 34.68 34.41 35.51
33.47 35.55 38.6 39.18 32.53
36.93 39.43 52.3 49.48 54.11
60.51 67.87 75.86 76.42 80.19
80.14 81.64 84.21 87.06 87.92
87.51 89.89 90.31 91.03 90.73
92.75 93.01 90.54 90.89 91.94
92.36 90.67 91.62 92.76 91.85
91.31 92.05 93.63 92.4 92.17
92.95 91.55 91.58 93.31 91.1
90.78 91.02 90.24 91.65 90.53
90.32 90.32 90.95 89.64 89.75
90.22 90.17 88.8 88.56 91.24
89.46 89.32 89.98 89.77 89.68
89.56 90.07 88.54 88.4 87.39
87.28 86.78 89.05 88.43 88.65
88.59 90.08 90.14 88.03 91.41
91.23 90.11 89.65 91.01 90.57
91.19 88.4 90.63 88.4 87.09
86.71 85.41 84.4 80.23 82.87
79.48 74.04 78.45 82.67 83.6
82.57 83.44 85.02 85.21 86.93
87.64 88.09 88.09 88.82 90.46
89.2 89.83 90.42 91.45 89.66
90.33 90.04 90.73 89.8 90.93
90.39 88.62 90.03 89.6 88.99
88.28 89.35 87.8 88.68 88.72
89.08 88.03 90.37 90.17 89.35
90.81 90.75 90.13 88.9 91.17
90.87 90.79 89.81 90.69 90.28
90.18 90.12 89.27 90.22 88.58
90.26 89.57 90.64 90.48 87.91
90.92 91.19 89.43 91.09 92.58
90.92 92.47 91.56 92.55 91.58
90.83 91.58 90.8 92 89.42
91.19 91.8 91.97 88.57 89.86
88.67 87.81 85.66 85.61 84.47
79.55 78.7 75.73 73.12 70.86
60.28 49.74 43.13 35.11 33.04
36.02 30.74 31.56 33.68 32.23
29.4 31.43 33.49 27.21 36.99
41.65 33.8 36.26 35.35 37.71
36.39 38.83 48.24 38.69 39.21
39.18 38.91 39.65 37.58 39.73
37.89 37.17 37.99 36.46 39.55
