52.26 40.75 49.14 49.29 53.41
45.76 46.24 47.57 54.25 45.67
42.11 47.06 46.93 45.42 48.04
54.25 72.05 84.89 93.18 95.42
97.43 97.74 98.38 97.9 98.34
98.51 98.18 96.98 96.94 95.17
92.01 93.05 94.81 96.2 96.2
95.56 92.89 93.01 91.55 82.97
82.94 87.62 85.81 89.49 93.9
97.33 97.41 97.92 97.09 96.75
96.31 95 91.49 94.79 95.69
95.43 97.29 97.55 98.09 98.39
98.2 97.53 96.76 95.3 92.35
92.59 90.28 91.61 93.8 95.38
97.1 97.38 97.56 98.18 97.75
98.24 98 97.75 96.24 94.23
92.99 92.99 96.11 96.18 97.04
97.69 96.85 97.37 96.77 97.25
96.31 93.82 93.42 95.18 95.69
94.41 93.81 94.37 96.91 97.76
96.57 96.11 96.12 94.5 92.45
92.35 92.84 93.1 93.77 96.74
96.81 96.61 96.26 94.21 92.71
95.48 96.3 97.53 96.7 96.56
95.63 94.64 93.4 94.42 95.2
94.07 93.83 95.05 95.48 94.55
93.72 94.33 94.66 92.64 94.02
92.69 92.62 92.55 94.17 94.46
94.88 93.65 93.41 93.18 90.35
88.93 88.67 86.72 81.98 84.65
90.44 94.65 95.03 95.92 95.92
96.95 97.96 98.52 98.5 98.44
98.35 97.71 97.7 97 95.69
93.55 89.24 87.75 91.08 89.57
92.74 94.29 94.89 95.2 95.99
95.7 96.85 98.09 98.49 98.52
98.23 97.72 98.08 97.07 96.54
94.74 92.9 92.38 90.98 93.5
93.79 94.51 95.45 97.1 96.97
98.26 97.54 97.81 98.23 97.8
96.02 96.06 96.78 95.83 95.35
96.08 96.21 96.44 97.11 97.16
98.43 98.49 98.56 98.51 98.61
98.11 96.8 97.01 97.35 96.84
96.95 96.93 97.22 98.32 98.18
98.48 98.34 98.43 97.89 95.66
93.14 94.4 97.27 97.56 98.2
98.15 98.23 98.31 98.43 97.89
97.6 98 98.37 98.38 98.39
97.32 96.95 98.14 98.56 98.7
98.62 98.67 98.6 98.46 98.15
97.64 97.2 95.2 93.61 92.06
91.21 91.47 90.73 93.15 95.68
96.99 97.7 97.75 98.04 98.24
98.15 98.57 98.2 97.47 96.81
95.08 92.32 94.98 95.23 97.05
97.4 96.4 97.51 97 97.61
98.13 97.92 97.95 96.31 93.82
86.09 75.54 73.57 69.21 72.21
69.91 74.21 80.8 83.11 83.87
86.72 86.73 87.69 87.12 87.18
87.22 86.07 89.01 88.37 87.63
85.36 87.03 82.79 78.43 75.57
63.28 57.74 58.56 50.13 52.3
53.54 52.42 54.82 53.62 53.73
56.24 56.43 64.13 54.7 54.07
57.96 53.05 57.52 59.32 50.93
51.65 46.92 47.93 50.01 51.21
54.01 61.68 43.66 55.37 58.23
51.03 53.58 51.73 48.56 50.14
43.42 46.32 36.44 40.72 39.49
37.9 40.44 47.02 39.21 43.74
42.34 37.87 41.94 38.99 35.73
46.37 37.6 47.46 42.67 35.52
45.13 40.52 44.79 39.28 41.21
40.52 42.02 41.53 43.2 44.74
44.22 46.99 48.82 54.3 42.62
45.51 42.75 46.36 44.77 43.19
48.98 47.05 41.95 49.61 45.24
37.4 51.71 41.86 41.47 42.83
39.86 42.15 40.56 43.63 41.6
40.05 45.5 47.43 44.93 53.49
46.62 42.9 45.35 48.68 46.6
47.33 60.13 46.99 45.65 43.22
50.46 45.32 52.7 56.58 45.57
40.72 43.74 35.56 37.83 40.21
37.85 36.71 39 36.65 39.85
36.25 35.99 33.7 35.01 36.99
36.69 31.37 33.53 35.75 35.26
35.82 39.09 41.27 37.68 39.65
42.75 42.7 40.28 40.27 36.91
34.43 37.89 35.64 37.67 32.97
38.41 38.25 39.99 44.54 36.32
46.06 46.2 46.14 50.17 57.03
68.12 71.99 64.47 52 60.37
58.78 55.73 53.38 53.5 41.03
33.62 40.2 31.81 38.31 34.07
32.54 36.66 30.82 30.65 36
38.74 37.01 47.31 42.05 56.07
67.34 75.01 69.41 69.98 65.51
67.68 68.23 68.93 64.78 64.77
48.5 50.6 45.32 45.54 51.07
53.58 45.26 48.9 49.1 36.8
44.96 40.98 39.52 37.22 45.87
43.9 42.22 39.29 45.91 38.47
39.5 40.58 42.04 40.59 39.68
42.14 41.23 46.39 40.56 36.94
35.74 40.48 39.8 38.45 44.77
44.12 46.46 42.92 45.77 47.24
45.91 45.72 45.75 46.2 36.93
30.96
