41.23 44.06 42.9 43.56 40.91
33.99 38.08 42.7 47.98 50.31
62.1 80.36 83.71 91.82 95.05
95.88 95.04 93.56 96.49 96.82
94.42 95.08 96.36 94.95 93.96
95.2 95 91.97 90.17 90.66
89.93 87.57 88.34 87.66 84.47
82.9 81.29 74.72 59.35 57.24
49.96 51.92 54.13 54.56 60.89
60.54 65.78 69.02 70.07 78.5
78.24 84.12 88.57 89.89 89.55
92.7 93.01 94.7 95.9 94.85
94.29 94.86 95.29 94.31 94.02
94.67 95.06 94.23 94.44 95.95
94.48 93.9 95.01 94.33 94.79
95.58 95.1 94.81 93.79 93.02
90.25 89.56 87.78 77.69 70.92
76.94 83.8 86.25 90.35 90.5
92.36 94.81 94.32 93.22 94.95
95.49 93.74 94.69 95.28 95.53
93.41 92.48 90.62 91.97 95.03
95.23 96.09 96.01 96.48 97.16
96.68 96.92 97.54 97.19 96.84
96.15 95.65 94.28 93.16 92.49
91.19 88.75 87.22 85.56 83.36
82.13 80.09 77.52 76.81 74.03
80.31 84.72 86.36 87.18 92.22
93.46 93.51 95.35 96.26 97.45
97.4 97.24 97.07 97.58 97.62
96.4 95.77 97.12 97.37 96.87
97.52 97.7 96.98 96.49 96
95.12 95.79 96.76 94.43 93.91
94.94 94.57 92.77 92.05 92.38
87.48 88.05 84.92 88.74 90.04
89.17 90.34 90.55 92.33 92.25
92.16 94.15 95.12 95.24 94.77
95.69 95.84 95.07 94.26 93.42
92.29 91.13 89.52 86.91 85.47
77.94 67.28
