38.12 36.48 40.01 35.49 42.17
37.77 42.08 31.98 40.23 33.31
35.93 34.96 33.19 42.88 43.14
41.66 36.83 41.8 41.91 40.66
38.76 47.73 43.17 37.71 47.33
43.72 37.46 42.77 31.49 31.02
29.98 28.97 31.09 28.48 35.63
46.74 55.57 63.68 68.45 74.98
73.76 80.35 84.94 84.3 85.53
89.53 88.58 88.81 90.99 93.04
92.23 92.49 93.36 94.71 93.21
93.7 92.53 90.36 89.41 88.03
84.59 89.65 92.32 91.2 88.15
88.15 91.58 90.66 88.51 85.67
85.31 89.08 89.85 89.36 89.18
87.69 88.71 90.68 90.38 89.79
90.87 87.4 86.54 88.99 85.46
85.35 84.38 85.05 84.98 89.05
89.85 91.07 90.7 92.92 94.3
93.71 91.89 92.82 93.77 91.42
90.13 88.81 89.86 86.71 83
84.57 83.39 80.17 83.81 87.74
85.95 84.35 88.81 91.12 91.66
89.85 85.34 84.65 91.01 89.91
86.09 85.27 91.52 88.81 91.07
92.58 88.72 88.02 89.79 90.18
87.24 84.87 84.42 78.13 75.84
74.64 69.64 63.84 57.34 55.27
43.12 41.12 38.2 35.59 30.36
29.14 29.22 33.18 31.43 30.82
34.7 32.14 36.16 31.89 32.5
32.96 34.37 30.16 36.8 27.36
31.28 29.5 31.09 31.9 31.25
38.82 34.43 37.23 37.56 37.68
38.07 39.93 38.9 38.94 38.54
38.92 36.78 39.03 37.58 32.01
36.37 32.01 34.35 36.48 36.03
42.9 35.91 34.87 33.27 41.97
36.28 37.32 34.52 36.69 31.82
35.1 30.49 35.16 35.46 36.91
36.35 38.3 40.55 36.96 39.37
36.98 35.93 36.31 36.58 42.26
42.38 40.23 42.93 41.07 39.04
34.72 36.96 38.89 36.49 35.38
35.04 31.33 34.88 31.43 32.48
33.48 29.87 35.7 33.71 36.64
32.98 31.9 32.51 33.56 36.66
39.35 37 41.86 35.96 32.75
33.77 31.35 35.25 31.14 33.44
32.21 36.18 30.75 36.3 29.7
38.01 32.06 35.62 35.91 31.59
32.95 32.35 32.3 36.23 41.03
31.87 40.18 34.06 38.68 38.03
37.34 36.37 40.37 38.79 37.93
37.94 39.28 37.27 38.23 40.09
38.88 35.52 44.46 36.18 40.26
38.12 39.45 42.09 42.11 40.55
40.83 36.6 38.49 32.43 37.18
35.92 44.84 32.65 36.83 34.04
38.27 36.91 39.51 33.73 39.55
36.61 40.3 42.81 34.94 38.02
32.08 38.83 37.55 36.42 37.41
38.41 33.14 45.25 38.66 33.94
32.87 30.41 28 28.81 39.6
36.89 33.19 33.23 35.24 37.69
36.85 38.7 39.09 41.3 41.48
38.25 37.6 40.68 38.6 40.36
34.41 38.51 38.99 34.7 37.66
30.77 30.5 32.92 33.44 31.75
34.56 33.3 33.45 29.92 26.47
33.79 28.67 34.77 27.51 31.36
27.16 35.17 28.62 35.83 28.9
37.69 35.6 36.56 37.83 30.61
40.49 31.68 40.04 34.71 42.8
37.99 42.45 37.14 41.49 44.61
39.08 38.57 36.86 34.99 33.44
37.57 40.48 37.53 39.06 38.33
39.85 38.46 38.97 39.81 40.78
42.96 39.37 42.45 39.99 38.72
40.32 35.97 39.79 38.6 36.05
35.08 34.23 34.5 36.36 35.25
33.09 36.28 35 32.85 36.07
34.94 34.77 33.44 34.87 35.39
34.02 37.7 38.27 36.25 34.75
37.36 38.36 38.57 37.47 43.37
36.58 45.62 33.89 39.85 38.5
38.31 37.81 32.84 37.58 36.39
35.45 35.21 33.32 41.51 35.71
39.78 41.46 34.18 36.4 30.37
33.2 31.55 35.18 30.57 36.2
34.86 40.92 36.81 30.18 33.1
33.29 36.68 37.61 38.67 36.52
44.48 38.62 34.99 43.5 40.64
38.58 28.1 39.3 35.9 36.49
38.73 38.81 35.22 37.75 37.32
39.23 36.24 41.74 36.48 45.49
37.82 40.46 33.67 48.72 37.89
41.61 36.65 37.65 34.91 38.02
39.48 39.69 35.42 36.96 37.38
33.29 35.62 35.03 31.18 36.1
36.56 32.3 35.24 30.6 30.26
29.03 26.8 29.6 31.02 31.14
32.98 29.66 29.26 30.11 32.89
34.25 26.75 34.71 32.22 38.73
31.29 39.53 36.94 41.78 39.91
39.23 39.5 39.25 37.08 33.7
37.44 37.85 38.62 39.26 39.16
35.75 37.59 32.02 40.27 33.86
35 35.09 34.33 32.8 33.31
33.42 35.85 30.07 34.7 30.98
33.1 35.87 34.55 44.76 39.23
35.69 39.5 33.03 36.2 38.14
40.87 41.49 36.33 38.4 37.66
32.25 39.15 37.3 34.53 35.8
33.65 32.6 32.47 33.3 44.22
42.95 48.19 47.01 55.26 54.96
56.4 69.53 70.86 81.56 82.42
78.17 82.33 83.12 88.22 88.68
91.35 91.16 91.31 89.24 85.6
85.07 89.96 91.63 91.27 93.55
91.88 90.36 89.15 85.65 86.66
86.53 81.78 79.34 77.89 79.34
79.08 84.89 90.46 90.63 92.19
92.81 91.69 87.6 85.52 86.81
89.44 91.76 89.87 89.26 89.59
88.73 90.07 91.75 90.64 87.55
87.72 84.95 83.41 80.78 73.88
72.54 71.47 79.29 84.41 87.52
88.96 87.36 88.1 89.17 91.18
89.91 81.62 83 87.26 91.04
89 87.5 88.53 87.95 88.36
86.62 84.19 79.61 83.09 83.01
74.96 73.4 69.92 62.88 57.2
51.34 37.93 38.75 36.93 35.74
40.12 37.66 38.82 35.31 44.53
38.44 38.36 40.58 42.89 35.74
36.36 39.8 35.31 40.49 37.57
40.93 46.11 48.07 54.08 64.96
78.23 89.41 92.72 91.75 91.96
90.37 86.61 85.69 85.87 86.73
88.08 90.45 90.44 90.01 91.91
89.19 89.22 91.34 89.94 92.78
93.41 94.66 93.79 91.95 92.09
93.51 95.02 94.6 93.18 93.11
90.78 85.99 77.85 77.86 77.44
79.21 85.7 90.92 92.11 93.39
93.89 93.67 93.33 91.8 89.63
87.59 79.43 70.51 60.45 55.63
53.15 58.25 65.61 67.19 79.91
88.97 91.78 90.47 91.9 92.32
93.73 93.37 93.85 94.93 93.63
92.3 92.9 92.31 93.72 95.04
93.89 95.19 96.53 96.51 96.05
96.04 96.87 95.87 94.38 95.2
94.55 91.52 87.9 84.71 85.82
90.42 84.92 82.53 89.91 90.04
86.87 83.78 77.41 68.11 70.9
70.24 66.95 64.22 56.12 55.55
52.46 52.24 53.29 57.33 61.42
72.2 81.54 84.32 91.67 93.76
95.61 93.79 94.12 96.66 96.92
95.29 96.04 96.15 93.51 93.97
92.28 93.15 96.12 94.5 96.07
96.22 96.45 96.03 97.41 97.05
95.88 96.76 95.93 95.1 92.78
91.64 90.22 87.98 85.98 81.59
82.27 78.57 70.57 67.25 59.28
53.1 57.52 56.14 59.73 64.59
72.31 74.27 82.86 83.91 86.77
90.25 93.49 92.16 92.19 95.54
95.04 93.33 93.59 94.65 93.11
91.3 92 91.46 90.06 89.36
77.14 69.59 61.91 51.73 44.88
34.49 31.07
