50.9 56.08 55.13 58.7 62.15
62.2 61.26 66.49 64.75 63.04
65.43 61.83 62.32 57.58 53.99
52.82 48.49 51.1 46.66 39.07
40.19 43.01 42.65 43.98 44.9
46.79 44.69 57.22 56.26 60.37
49.23 58.29 56.9 54.96 56.65
56.08 53.63 57.81 61.03 68.1
80.56 84.09 87.33 89.02 90.61
90.04 86.27 88.79 90.17 89.6
86.38 82.34 77.06 73.67 70.34
68.46 76.7 78.98 85.57 88.21
89.44 89.96 90.54 89.31 87.82
84.72 84.32 85.06 86.71 90.81
91.9 91.87 92.69 90.76 88.17
84.09 77.8 73.46 72.49 70.61
61.84 59.93 56.39 52.21 48.29
53.62 50.46 46.23 47.58 44.49
48.37 62.21 71.58 73.01 80.91
86.16 86.46 89.46 88.6 90.69
91.67 93.13 91.59 91.27 91.17
91.21 89.93 90.29 92.79 95.7
95.77 95.44 95.39 93.94 92.66
90.87 91.43 94.4 95.8 97.38
96.71 97.64 96.46 95.74 93.47
95.25 97.01 97.94 96.98 95.63
95.79 93.91 89.17 88.91 85.25
83.75 88.51 89.45 85.57 87.91
87.84 94.03 95 96.99 95.78
96.58 97.7 96.9 95.71 93.61
91.38 89.29 85.36 80.54 75.52
78.18 66.9 63.16 56.96 56.87
52.85 59.03 60.96 61.22 56.29
58.47 65.18 73.37 84.04 90.86
92.72 93.34 95.34 96.3 97.82
96.12 95.37 94.75 94.66 94.75
92.81 90.41 90.43 89.84 91.76
93.93 95.84 96.39 96.58 97.64
96.98 97.49 95.48 95.33 93.27
92.12 90.87 84.87 77.88 73.44
70.36 73 76.47 86.92 92.79
94.6 96.43 94.64 94.95 96.58
96.54 95.02 94.11 93.99 92.77
94.14 96.74 97.19 97.32 97.63
96.08 95.81 94.68 93.36 92.34
91.46 91.83 89.52 86.79 87.87
81.52 80.52 86.53 83.55 74.83
68.54 63.44 61.75 59.88 68.55
73.67 80.17 84.94 90.26 91.65
93.42 92.81 92.32 91.09 89.97
87.68 87.62 87.31 86.75 88.16
89.03 87.81 86.2 89.2 88.4
85.31 84.73 86.42 87.97 85.29
85.29 83.68 81.04 78.35 82.76
81.84 77.61 77.58 80.29 79.51
77.55 74.27 75.57 65.07 55.19
55.1 44.25 41.47 36.93 39.08
33.51 32.53 30.33 28.11 26.41
26.38 23.89 29.95 23.41 21.78
23 21.24 20.6 24.49 21.69
28.64 25.84 28.14 27.39 33.63
36.15 34.81 34.3 40.76 39.65
37.67 36.98 33.25 32.84 30.7
26.45 27.97 26.31 27.5 24.39
23.32 19.51 23.57 17.69 20.9
22.57 17.35 25.29 25.13 19.51
23.31 18.72 26.09 17.45 26.33
21.55 31.27 20.35 24.99 20.87
23.28 30.06 23.35 28.49 25.5
29.16 33.49 29.85 36.25 30.73
36.8 37.49 36.86 40.5 37.39
52.54 55.08 57.67 58.88 59.92
54.79 62.25 54.91 69.24 67.13
69.55 70.84 72.96 71.68 70.56
73.06 67.71 62.16 47.41 40.24
36.41 31.93 24.85 24.46 23.77
29.71 22 18.82 21.86 21.74
21.34 24.87 32.62 21.17 22.33
20.72 25.11 25.61 20.78 22.26
32.83 20.81 20.77 23.93 27.7
20.1 20.84 21.78 23.44 19.05
23.93 42.22 25.58 25.89 23.68
29.68 21.09 27.84 22.37 29.08
25.29 25.97 30.11 27.61 29.63
31.72 33.41 37.84 36.65 45.75
48.83 51.91 48.78 56.58 56.39
62.29 59.48 53.86 65.79 66.25
61.02 59.92 64.57 62.39 49.53
51.71 52.3 51.72 38.25 40.97
52.65 54.84 52.9 58.31 61.42
74.35 67.36 68.73 71.43 77.62
77.48 78.8 80.39 80.03 73.28
77.9 85.03 83.08 82.39 82.12
82.84 79.33 74.72 76.47 77.71
75.91 70.84 73.47 71.87 54.44
51.75 55.68 50.67 48.9 44.15
53.58 56.15 56.47 65.95 68.34
64.7 74.48 76.36 72.51 73.54
76.8 82.13 76.31 76.76 81.18
81.49 77.68 72.11 79.02 72.93
76.3 75.17 67.47 50.97 58.82
53.61 44.25 40.4 31.43 30.72
24.81 26.67 25.11 28.25 22.43
27.47 20.76 23.89 22.66 22.37
26.69 27.92 32.53 22.99 27.74
29.71 30.57 30.37 27.95 35.26
29.51 39.12 35.59 36.65 41.32
50.31 54.67 53.51 57.34 68.55
77.04 78.48 81.78 80 81.93
79.26 78.66 73.64 67.73 59.17
56.13 58.29 57.93 54.39 60.98
56.83 64.78 70.81 76.21 74.66
77.51 77.06 78.43 73.13 74.91
81.56 81.88 77.85 80.96 82.31
82.32 81.02 82.88 82.62 81.52
79.86 80.12 80.89 75.24 76.09
79.79 76.81 72.47 69.18 66.38
62.5 59.14 62.66 60.55 74
72.35 78.45 79.89 79.9 79.5
79.42 72.39 74.77 63.31 59.01
54.12 57.92 48.68 54.5 49.51
49.9 55.62 68.35 70.82 75.79
79 77.8 79.98 79.45 77.56
78.31 80.78 81.44 76.28 75.13
78.76 76.7 71.34 72.86 75.86
69.34 69.29 64.83 68.25 71.67
74.49 78.45 76.52 77.76 81.86
85.14 83.02 87.31 85.71 87.54
89.49 88.9 87.29 88.04 88.34
88.41 86.31 84.96 82.72 81.93
72.92 64.27 55.79 51.24 48.05
54.42 52.55 56.35 55.95 54.69
51.14 48.72 47.3 42.94 43.43
38.34 47.27
