40.23 44.44 46.06 42.14 41.73
44.67 39.7 37.58 50.34 44.89
45.69 49.36 49.83 49.05 50.07
51.68 50.73 45.81 50.92 46.83
48.19 49.44 52.34 46.81 46.23
48.96 50.4 51.74 52.73 51.34
60.13 67.06 74.47 75.24 79.5
81.55 83.19 86.6 88.01 88.5
90.25 93.17 92.45 92.72 94
95.28 94.67 94.08 94.66 93.26
92.57 92.32 92.48 89.69 88.67
85.76 81.54 81.91 74.02 76.61
79.99 75.6 77 80.76 78.9
75.55 78.31 74.77 68 65.6
67.2 66.08 56.51 50.41 40.06
38.13 31.98 36.22 34.44 37.14
40.25 38.48 43.77 40.55 43.98
41.92 42.93 45.13 54.74 56.28
58.1 68.95 77.52 82.13 84.31
84.01 88.46 91.1 91.13 92.44
94.39 95.3 95.78 97 97.29
97.58 96.77 97.8 97.42 97.2
96.94 94.8 93.9 95.55 93.84
92.12 90.93 86.3 86.99 84.53
82.59 81.61 80.14 84.7 86.55
88.94 86.81 86.03 88.62 89.13
86.57 84.62 87.29 87.38 88.02
90.42 92 92.34 93.03 94.41
95.74 94.94 96.06 96.11 94.53
92.5 92.11 92.62 89.52 88.03
85.77 80.68 72.15 75.75 81.47
86.15 81.89 82.95 88.57 91.66
88.8 90.06 92.95 92.99 90.48
92.24 93.95 93.65 91.64 92.71
93.95 91.84 90.72 88.56 91.28
91.73 89.31 88.49 90.77 91.15
86.44 89.49 91.87 89.45 87.07
88.88 92.01 89.82 89.02 92.22
91 90.02 91.3 90.58 88.98
90.51 87.43 90.71 91.18 93.34
94.44 93.6 93.45 95.34 95.03
94.71 95.22 96.26 96.53 96.75
97.19 97.84 97.93 98.04 97.95
96.63 97.17 97.06 96.61 94.82
96.24 94.58 93.08 93.32 94.11
91.43 89.22 90.35 91.78 88.87
85.77 84.96 87.31 90.11 91.56
91.13 93.22 94.66 95.34 96.11
96.49 96.72 97.39 97.8 97.28
97.69 97.75 97.95 97.06 96.82
95.87 95.75 95.52 93.65 92.29
91.93 92.49 89.46 89.07 88.3
86.58 84.75 83.3 82.93 78.45
81.1 84.03 87.69 93.81 94.3
93.8 95.8 97.37 96.3 96.16
97.58 96.75 95.92 96.82 96.4
94.19 93.98 94.9 92.49 90.06
90.52 88.57 84.37 82.19 84.1
77.12 80.22 72.05 79.88 84.04
81.66 74.75 67.83 58.05 56.37
62.08 61.2 59.36 57.17 57.37
54.11 54.3 49.03 42.14 40.21
33.14 32.13 37.11 33.73 35.97
39.46 37.96 36.68 36.58 31.23
32.01 29.38 31.98 26.44 25.91
29.54 30.91 27.69 33.9 37.01
43.17 37.94 48.31 63.55 72.79
79.24 84.74 87.13 88.16 88.13
91.44 92.09 90.88 92.23 92.88
91.26 89.8 90.35 89.38 87.05
85.03 84.81 81.46 69.82 55.8
46.29 41.44 42.43 41.92 40.6
43.29 41.15 42.4 37.36 34.18
37.65 31.12 26.27 27.58 29.88
33.53 30.52 31.12 32.96 32.98
33.21 26.03 27.23 30.06 33.11
27 38.57 31.87 38.88 38.08
39.1 35.18 37.11 39.2 42.02
47.42 54.87 58.81 66.36 69.57
74.13 77.5 72.32 72.65 74.09
78.66 74.05 80.52 85.46 87.97
90.14 89.94 91.16 93.18 94.07
92.89 95.17 96.49 96.06 95.64
96.73 96.41 94.81 93.91 92.93
90.45 89.99 89.07 84.46 83.33
85.13 77.91 73.93 65.96 63.02
54.84 49.51 46.81 43.69 42.16
44.89 44.23 52.26 69.78 82.62
84.33 83.86 89.11 91.38 90.08
91.25 94.55 93.96 93.21 95.16
96.81 95.37 95.11 95.76 95.24
92.65 93.27 92.99 91.99 88.19
88.49 88.36 87.27 82.31 80.71
82.73 80.92 68.34 67.19 60.38
56.23 58.07 45.29
