36.05 37.97 36.87 36.78 35.97
35.37 30.73 34.2 30.67 37.78
37.49 39.32 40.33 36.11 41.66
34.08 40.93 44.5 40.76 39.99
45.78 48.63 54.33 63.05 71.36
80.95 83.56 86.36 88.13 89.37
91.73 92.53 93.43 95.03 94.33
94.51 95.72 96.11 94.78 95.52
96.06 95.66 95.77 95.64 94.2
93.05 92.67 92.05 87.29 87.37
87.48 91.19 93.5 92.27 92.85
93.69 95.2 95.92 94.01 93.88
93.81 93.82 92.61 92.68 92.03
91.38 90.12 90.62 92.42 92.05
94.04 93.33 94.68 96.9 95.89
96.14 96.8 97.67 97.63 97.3
97.83 98.15 97.46 97.37 97.84
97.45 95.82 95.56 97.07 97.01
96 95.26 96.93 95.91 95.25
95.62 93.16 88.74 90.31 91.15
96.51 96.09 95.82 96.76 97.55
97.08 96.8 96.91 97.61 97.35
96.68 97.74 97.25 96.39 96.93
97.36 96.72 95.95 96.44 96.1
94.88 95.62 95.99 94.57 94.62
95 93.39 93.15 93.55 93.88
93.56 90.52 92.97 93.92 91.82
94.37 94.4 95.42 96.11 96.52
95.88 96.73 97.19 97.57 97
97.88 98.27 97.37 96.89 97.2
97.62 97.13 96.03 96.29 89
93.24 97.16 96.22 95.79 96.72
97.37 96.81 96.64 96.26 97.15
97.39 96.22 96.5 96.68 95.77
95.41 95.07 94.17 91.67 91.01
94.57 92.18 93.72 93.42 94.38
95.32 95.48 96.75 97.23 97.11
97.2 97.06 96.38 97.35 97.45
96.16 96.17 96.89 93.33 90.08
83.69 89.83 93.92 93.23 96.06
97.52 96.59 96.04 95.42 97.48
97.93 97.91 97.82 98.06 98.56
98.13 97.49 98.03 98.4 97.58
96.97 98.01 97.38 96.06 95.47
96.21 94.74 94.99 94.99 94.4
92.55 93.02 94.26 94.23 94.37
92.68 94.91 96.34 95.24 94.81
95.28 96.79 95.47 95.94 96.45
96.95 96.71 96.3 96.99 97.35
96.48 95.7 97.43 95.96 94.44
93.94 96.49 95.57 96.09 95.97
97.84 98.02 97.63 98.12 98.21
98.13 97.9 98.42 98 97.81
98.01 97.85 97.56 97.21 96.97
96.76 96.13 95.37 95.19 95.48
96.03 96.57 95.4 94.41 90.3
91.42 94.62 95.63 97.4 97.16
96.84 97.27 97.2 96.09 96.22
95.46 95.49 95.69 95.56 94.78
96.78 97.04 96.03 97.03 97.87
96.49 96.11 97.16 97.03 95.99
96.3 94.76 94.88 96.58 97.35
96.98 97.27 97.66 97.34 97.56
97.47 98.09 98.2 97.76 97.59
98.39 97.82 96.45 96.17 95.82
94.62 92.61 91.94 91.44 85.08
66.88 51.53 48.42 46.73 59.7
69.3 84.41 88.24 88.51 89.41
92.51 94.85 93.87 94.78 96.41
96.56 96.31 97.48 97.47 96.8
97.25 98.15 96.77 97.52 98.27
97.95 97.51 97.35 97.72 97.72
96.21 96.68 97.84 97.29 97.62
98.27 97.91 97.79 98.15 98.31
97.31 97.58 98.27 98.07 96.45
96.66 95.56 94.86 94.1 93.3
90.68 89.06 89.57 93.79 94.32
92.7 93.92 96 95.19 92.99
93.87 94.57 91.87 90.05 89.76
91.22 86.97 72.94 65.16 62.55
63.6 68.84 77.41 83.81 81.24
87.08 88.28 87.04 90.13 92.29
91.12 93.2 94.88 94.55 95.63
95.69 94.44 96.1 96.38 94.5
94.63 94.17 92 92.58 94.59
92.88 94.46 95.52 93.86 92.16
93.14 94.87 93.04 90.08 91.05
92.76 90.35 86.03 89.22 89.26
85.37 81.59 82.25 81.99 83.06
82.26 85.46 85.91 89.32 90.24
91.31 92.26 92.57 94.49 94.32
94.79 94.68 94.79 94.17 91.9
87.02 88.59 88.27 89.67 86.79
88.03 93.24 93.29 93.28 94.77
95 95.36 95.15 92.15 94.46
95.25 92.68 92.88 95.58 94.97
93.32 95.96 96.1 95.92 96.22
96.28 96.49 95.17 95.03 94.51
94.15 92.53 93.83 93.17 89.72
90.11 89.28 92.07 84.5 85.51
93.15 93.46 94.6 94.05 94.34
93.16 94.53 94.11 94.66 90.06
88.62 91.3 91.42 83.28 73.14
68.37 65.21 69.71 70.4 73.62
81.49 90.46 93.14 92.38 93.21
92.01 92.02 93.68 93.62 94.75
95.32 94.64 94.44 95.65 96.07
94.97 94.57 95.7 96.25 95.71
93.99 93.02 93.11 90.27 91.23
93.52 91.11 91.58 89.61 89.29
88.84 88.26 82.14 84.06 88.19
91.17 94.21 95.46 95.71 94.88
94.08 91.66 89.28 82.51 70.34
62.37 57.09 52.45 51.25 54.52
63.02 57.42 54.6 53.24 47.84
56.6 53.96 55.7 56.77 55.49
53.68 52.68 46.56 53.55 57.13
66.41 76.17 84.43 90.57 93.96
95.64 96.14 94.29 94.61 92.37
92.82 94.1 95.27 96.06 96.13
96.74 96.79 95.12 95.98 95.51
92.72 91.54 92.54 88.7 94.59
97.6 97.22 97.27 97.1 96.99
96.98 96.22 95.49 95.46 95.35
94.59 93.69 90.71 90.94 86.65
87.69 92.95 92.42 88.85 92.17
94.83 92 90.67 94.49 93.63
88.73 81.38 84.3 83.87 86.26
89.1 91.16 93.99 95.5 94.31
95.04 94.09 92.82 88.53 89.29
84.83 87.48 90.93 92.19 91.59
93.29 97.14 97.3 97.55 95.4
94.12 92.36 88.06 84.59 88.12
83.7 86.59 88.22 88.59 90.22
93.2 92.9 90.62 90.89 82.96
73.11 65.6 53.91 46.25 44.9
53.44 61.74 70.82 70.06 75.17
78.13 78.44 84.31 85.51 86.43
85.78 88.96 90.38 89.4 91.88
91.97 91.86 91.17 94.59 94.57
93.95 93.65 96.9 96.46 95.05
95.93 97.51 96.95 95.74 96.93
97.32 96.34 95.74 95.69 95.24
96.37 96.3 97.33 96.9 96.6
96.9 97.14 97.22 96.89 96.6
97.16 96 94.03 92.11 92.45
89.58 86.71 89.87 92.78 90.7
92.26 92.05 94.53 95.55 94.77
96.57 95.97 96.74 96.89 96.94
96.33 96.33 97.12 96.37 95.98
96.03 94.37 95.17 96.19 95.52
95.84 93.87 89.83 91.85 92.58
90.79 94.11 96.33 97.1 96.6
96.43 92.14 85.41
