49.59 35.79 39.06 34.57 54.25
38.48 39.27 40.98 43.07 51.03
40 36.86 41.47 40.23 34.22
39.1 39.07 41.93 32.2 38.12
34.73 36.37 35.78 30.9 34.39
30.16 36.91 35.05 37.42 32.21
35.4 36.11 39.19 37.02 36.07
38.44 42.31 40.75 36.53 43.54
41.2 40.21 39.77 35.48 43.81
40.18 41.3 44.23 42.4 36.45
38.13 42.32 33.99 35.79 44.93
41.77 46.58 43.08 40.04 44.91
44.55 49.06 39.94 40.51 42.51
34.52 44.88 40.36 45.97 40.44
53.77 59.11 67.1 69.42 90.39
96.7 98.28 98.04 98.24 98.48
98.5 98.63 98.06 97.38 97.5
98.46 98.46 98.38 98.85 98.82
98.87 98.76 98.69 98.67 98.18
97.27 96.81 95.67 96.07 98.09
98.47 98.25 98.19 97.13 96.27
96.37 97.8 97.91 97.68 97.64
98.19 98.37 98.18 98.37 98.54
98.33 98.35 98.4 97.93 96.44
97.69 95.76 97.11 98.49 98.73
98.84 98.92 98.94 98.91 98.88
98.79 98.35 98.29 97.74 98.31
98.72 98.91 98.8 98.39 97.56
95.84 96.5 93.45 94.28 94.75
94.23 95.26 96.79 96.01 96.6
96.31 97.1 97.29 96.71 96.77
97.94 97.59 97.88 98.27 98.14
98.24 98.74 98.66 98.71 98.83
98.81 98.79 98.84 98.78 98.75
98.79 98.61 98.83 98.88 98.95
98.95 98.95 98.93 98.94 98.86
98.79 98.83 98.91 98.82 98.59
98.27 98.78 98.9 98.91 98.86
98.92 98.9 98.89 98.92 98.92
98.92 98.94 98.9 98.92 98.86
98.65 98.65 98.79 98.9 98.91
98.83 98.85 98.61 98.7 98.52
98.13 97.62 98.01 98.13 98.74
98.68 98.44 98.4 98.61 98.75
98.81 98.9 98.89 98.88 98.83
98.83 98.8 98.77 98.71 98.75
98.85 98.82 98.87 98.85 98.87
98.83 98.86 98.86 98.77 98.67
98.66 98.86 98.88 98.83 98.82
98.77 98.81 98.89 98.84 98.79
98.73 98.67 98.85 98.91 98.83
98.83 98.82 98.77 98.63 98.5
98.14 97.65 97.61 98.01 98.67
98.71 98.85 98.87 98.71 98.82
98.86 98.78 98.79 98.8 98.83
98.75 98.72 98.75 98.72 98.38
98.67 98.33 98.61 98.62 98.81
98.82 98.71 98.75 98.88 98.84
98.71 98.83 98.85 98.78 98.76
98.7 98.61 98.67 98.65 98.68
98.68 98.71 98.71 98.79 98.8
98.76 98.79 98.89 98.81 98.79
98.78 98.77 98.76 98.65 98.71
98.76 98.61 98.73 98.68 98.74
98.7 98.52 98.74 98.55 98.43
98.55 98.58 98.22 98.23 98.46
98.1 98.51 97.9 98.27 98.22
98.56 97.95 97.76 96.54
