56.82 67.29 70.69 71.03 79.2
79.99 85.5 88.58 87.31 89.89
91.32 94.09 93.52 95.18 96.78
96.26 94.31 94.51 96.17 95.08
92.51 91.91 92.15 93.81 95.2
94 93.3 89.88 87.46 83.47
78.58 81.35 74.98 79.93 85.27
89.99 92.39 86.65 87.41 92.51
85.26 87.75 92.71 91.97 91.53
89.96 92.21 94.83 93.03 92.42
94.53 95.92 91.89 93.05 95.82
94.55 90.81 93.42 91.64 96.71
96.73 94.13 96.54 92.45 90.32
80.16 82.5 83.63 94.9 94.57
95.91 96.9 95.5 94.28 93.5
88.68 91.56 93.74 91.88 89.76
93.77 94.13 91.69 90.66 92.22
94.09 90.07 89.68 84.33 79.3
78.42 80.94 81.7 85.44 77.36
69.86 68.65 66.84 50.17 40.99
32.62 31.4 33.19 30.09 32.1
27.1 30.77 29.53 26.99 24.31
26.43 22.98 29.33 29.41 31.37
28.58 25.19 29.85 24.35 31.47
29.03 28.43 33.46 28.92 23.41
36.65 38.04 31.94 25.82 31.61
32.91 28.52 33.08 27.63 25.57
29.86 27.04 29.84 26.15 25.66
25.9 25.57 27.85 27.11 28.8
27.69 26.02 27.93 27.33 39.66
26.65 25.26 31.58 24.63 27.63
37.3 23.28 29.14 23.78 27.18
24.81 29.24 27.31 30.53 28.69
34.22 33.7 36.91 31.62 40.65
35.74 44.5 51.59 57.58 66.38
76.65 81.68 82.44 88.6 90.65
93.55 94.74 94.41 96.22 97.94
97.2 96.52 97.27 98.02 97.38
94.12 95.96 96.8 94 92.07
91.65 93.49 94.14 94.92 96.74
93.73 94.12 94.43 94.74 93.87
96.41 96.7 94.58 93.06 94.37
95.1 96.46 97.13 97.37 97.13
97.92 97.68 96.05 96.29 94.94
91.92 88.27 93.5 92.1 94.28
90.86 89.69 85.97 76.69 75.44
80.34 85.38 86.19 86.26 89.23
93.21 93.77 93.45 95.68 97.15
96.18 96.25 96.88 97.38 95.59
96.42 95.81 93.22 89.19 86.48
86.87 89.36 84.41 87.61 80.03
86.84 90.78 93.13 95.03 93.68
94.39 95.45 91.76 91.62 90.32
91.77 91.67 88.86 93.62 95.08
94.27 93.87 96.6 97.28 95.38
94.4 96.19 95.32 92.3 91.91
92.95 91.48 90.18 87.04 84.59
85.8 84.12 79.6 72.82 70.56
73.17 72.92 72.47 75.91 84.12
87.4 84.5 89.21 89.88 89.25
93.12 92.64 87.8 91.09 93.04
90.92 85.38 86.81 87.7 82.59
79.31 81.4 76.29 80.7 88.33
86.33 91.11 89.82 93.54 96.65
94.1 91.44 94.32 97.2 95.22
94.14 96.98 96.97 97.46 98.08
97.59 94.07 94.86 93.83 91.64
88.88 85.11 85.2 84.55 87.22
90.97 93.54 91.33 92.62 85.7
92.34 94.9 90.71 91.25 95.22
95.01 97.02 97.19 97.35 98.08
98.35 97.78 97.68 97.63 98.18
96.89 96.91 95.82 96.25 95.63
93.41 91.36 89.51 94.27 92.74
94.13 95.46 96.64 94.13 96.73
93.89 93.31 95.66 94.6 90.45
84.88 83.71 92.12 93.31 95.05
95.04 96.2 97.67 96.79 95.77
97.22 96.78 94.16 94.39 94.13
91.79 88.62 88.2 85.18 65.3
59.86 43.12 35.59 34.46 32.62
33.08 31.65 33.22 36.05 40.5
45.31 51.9 60.49 70.42 74.14
73.66 78.32 85.59 84.13 86.11
92.76 88.56 90.91 93.69 95.8
93.37 94.55 96.52 95.01 94.79
97.67 97.71 95.18 96.27 96.76
97.01 94.04 91.82 94.56 92.58
88.37 84.7 84.28 86.2 85.4
79.5 78.16 79.65 82.06 87.69
87.95 84.31 90.06 89.93 89.52
89.17 91.41 93.75 90.83 90.89
94.88 91.57 88.09 88.6 91.16
92.84 91.06 86.31 92.82 93.94
89.54 91.77 94.02 90.87 88.92
92.01 90.89 87.56 88.29 90.33
88.85 82.75 84.65 84.5 80.64
79.72 82.62 78.42 78.26 76.66
73.16 76.82 82.47 86.89 86.41
85.06 86.73 91.69 91.63 91.71
90.21 93.6 94.92 94.73 93.51
94.58 97.3 94.42 96.12 97.43
94.82 94.13 94.96 96.08 93.56
91.68 94.15 93.73 92.07 90.89
91.33 89.24 88.39 87.52 83.66
85.74 89.63 87.1 83.82 89.33
90.66 86.35 89.48 91.01 88.91
89.37 93.23 93.5 93.18 91.75
95.02 93.65 91.88 93.29 96.61
94.15 92.51 96.14 96.4 94.65
93.35 94.43 94.99 92.29 93.61
92.47 91.7 90.1 90.2 86.07
87.94 86.02 82.42 79.86 84.12
77.98 80.45 79.45 81.72 85.03
84.66 84.04 83.19 88.92 89.66
88.74 89.18 92.38 92.74 91.53
92.32 93.87 92.72 91.68 95.5
93.26 92.81 92.85 95.69 96.02
92.25 95.62 94.64 90.37 90.99
90.5 87.9 87.64 87.76 85.05
85.98 84.42 88.77 88.18 87.18
90.81 93.82 93.57 93.91 96.25
96.9 92.76 95.63 97.03 95.04
95.41 96.89 97.55 93.58 91.63
94.41 93.25 88.4 87.48 88.7
84.62 81.39 79.8 74.98 67.12
52.26 46.57 41.65 27.25 23.75
27.22 24.18 20.85 23.46 22.82
23.33 23.37 22.92 23 23.23
23.74 24.57 24.36 23.8 22.8
26.84 30.64 31.66 40.51 48.07
49.23 60.66 65.71 65.36 72.64
80.75 81.11 81.53 86.96 92.15
87.95 89.22 93.63 95.79 92.42
93.56 96.23 96.68 93.43 93.16
94.89 91.68 90.56 93.36 94.52
93.95 93.11 93.27 93.91 93.6
91.92 95.18 96.95 95.44 92.28
96.58 95.83 90.74 94.11 97.72
96.21 91.03 94.38 97.12 95.12
94.64 97.09 95.96 94.72 94.77
93.28 90.9 91.63 90.38 89.71
86.99 85.2 86.78 84.06 76.55
73.65 71.61 70.42 66.61 63.71
66.05 64.12 65.58 71.4 74.03
71.62 78.97 83.8 80.95 83.03
85.6 86.98 88.23 90.59 91.55
91.46 93.48 96.03 94.37 95.51
97.1 96.86 96.53 97.09 97.37
97.64 95.92 96.75 97.39 96.26
96.97 97.86 97.59 97.27 97.86
97.31 97.1 98.13 97.63 94.98
96.89 97.35 94.86 95.99 96.24
96.56 93.21 97.11 97.42 93.92
96.13 95.58 95.56 92.53 93.49
94.82 95.56 91.84 94.29 91.6
94.71 93.18 90.65 89.24 88.22
86.97 90.33 93.41 92.56 92.79
95.64 95.88 95.08 94 97.1
95.52 93.39 96.15 96.7 95.35
96.1 96.41 93.6 92.04 93.75
96.09 93.6 93.57 95.44 94.84
95.99 96.19 97.43 96.19 95.6
96.2 96.05 96.32 95.97 95.83
95.19 92.91 92.31 94.96 93.07
94.73 95.98 95.46 96.36 97.87
97.54 94.96 97.64 97.63 94.39
94.48 97.2 95.63 92.28 94.53
96.54 93.54 95.34 96.78 95.19
96.94 97.49 97.73 96.22 97.81
98.07 97.91 97.52 97.65 97.89
97.04 97.25 96.98 96.8 96.45
97.48 96.98 95.75 97.79 97.33
96.41 97.43 97.79 96.34 95.64
95.76 94.33 93.48 91.97 93.35
91.96 91.78 91.7 93.74 91.44
90.41 92.59 91.4 90.89 90
92.86 89.16 89.27 86.79 85.52
87.78 89.2 90.4 89.96 89
91.15 93.4 92.66 91.55 94.14
93.37 91.49 90.21 92.46 91.23
87.91 89.61 91.93 89.54 88.4
91.94 89.58 88.54 90 93.02
91.3 91.92 94.35 93.34 95.03
96.33 94.74 94.86 96.35 96.61
94.34 94.45 96.96 96.1 94.53
94.11 90.19 88.65 90.34 82.25
75.39 77.99 77.91 69.59 65.68
69.41 76.79 84.29 88 92.86
94.9 96.4 95.99 96.28 95.43
93.87 92.32 88.1 83.41 80.32
81.32 88.05 89.51 90.36 92.21
93.07 92.72 94.31 93.85 94.04
93.33 91.65 88.44 84.11 85.13
86.31 85.3 81.83 88.96 92.64
92.54 92.54 93.27 92.3 86.86
82.62 82.47 83.04 87.29 90.23
92.02 93.45 94.74 95.66 94.44
95.88 96.26 96.4 96.79 94.67
94.52 92.73 90.42 93.6 91.03
92.28 96.16 95.02 95.81 96.42
97.19 96.15 96.47 97.24 96.8
95.71 95.46 96.86 95.55 95.75
95.91 96.27 94.23 94.23 95.44
93 92.01 92.89 93.24 91.87
90.51 93.3 93.4 91.65 92.43
94.15 92.93 92.57 93 94.11
93.71 92.62 92.46 94.43 94.66
92.6 92.68 91.75 91.95 91.2
91.39 86.88 80.97 79.31 83.15
85.61 82.18 82.35 85.09 85.24
81.96 80.94 86.65 87.55 86.6
89.76 89.61 88.86 91.02 93.19
94.89 93.95 94.62 94.76 94.43
93.43 90.59 92.98 90.07 88.79
86.54 86.97 82.91 72.2 79.01
70.35 77.56 85.45 83.95 83.38
86.71 87.48 88.35 89.12 90.03
89.46 91.46 93.5 93.35 92.98
90.82 93.16 93.3 88.41 89.59
90.98 89.04 87.5 87.94 86.89
83.16 79.98 78.64 75.07 73.31
70.09 66.87 66.76 65.69 67.76
67.82 70.62 73.6 77.21 79.06
83.45 84.7 85.78 85.7 90.98
92.48 91.72 92.11 93.66 94.72
92.5 94.4 95.71 94.01 92.06
92.71 93.27 91.33 92.78 92.33
90.9 89.53 90.44 89.18 89.05
88.15 85.92 86.96 82.96 80.52
87.1 87.25 86.95 89.38 90.08
91.98 90.05 91.21 93.4 93.43
91.76 91.97 94.99 93.94 92.19
90.79 92.15 91.06 92.71 94.34
92.39 91.99 93.33 93.56 92.2
91.31 93.79 90.71 92.1 90.2
89.94 87.37 84.7 86.36 84
81.6 78.01 79.3 76.04 67.66
61.93 59.96 59.2 67.53 70
75.98 77.79 81.24 83.95 87.77
86.09 87.85 91.51 91.84 91.74
93.79 95.36 93.04 91.94 94.11
96.25 94.06 93.69 95.56 94.7
94.39 95.06 94.71 94.19 93.81
93.74 93.64 93.99 92.61 93.24
93.79 93.47 92.74 93.17 92.69
94.1 91.84 91.13 91.23 92.43
90.95 89.16 91.04 92.68 90.17
89.75 91.05 90.18 88.53 89.24
89.12 87.36 86.1 84.43 83.51
81.69 78.9 75.4 78.61 78.33
82.56 78.09 81.25 81.08 86.19
84.53 87.05 86.63 86.7 86.47
87.55 87.27 87.82 88.25 88.71
88.88 87.87 89.59 88.55 89.19
87.89 87.55 89.4 91.48 90.47
90.45 90.14 92.83 90.35 91.51
93.83 93.04 91.96 94.11 94.17
92.98 93.1 93.03 92.85 93.91
93.82 90.13 91.46 93.85 93.14
90.51 90.91 91.12 91.94 86.96
88.53 84.99 82.57 79.84 83.86
86.46 84.23 87.49 89.15 90.48
89.97 91.64 93.43 92.46 93.76
93.51 92.36 93.23 93.5 93.08
90.44 89.43 89.03 88.96 88.08
89.42 87.63 87.46 87.83 88.03
86.9 86.99 87.57 87.26 86.52
87.44 85.56 85.29 84.92 84.65
82.93 82.7 81.33 79.58 77.75
78.84 75.83 75.18 77.54 74.08
74.31 75.4 77.77 79.53 75.57
78.79 79.62 77.49 78.63 80.19
80.47 81.23 79.87 80.62 77.38
76.19 75.56 70.83 70.9 70.8
71.75 74.67 74.78 78.04 73.45
78.05 81.18 80.52 81.81 82.23
85.26 82.54 83.2 84.16 83.15
80.21 81.93 82.22 79.58 78.94
79.73 75.55 70.47 63.64 53.57
