38.07 47.06 46.82 56 51.93
51.56 64.69 74.81 84.84 91.47
91.62 89.82 92.61 91.65 88.61
89.39 87.93 89.42 89.52 92.5
90.96 88.91 86.82 86.18 88.67
88.68 90.07 91.5 93.47 92.38
91.92 89.3 91.49 92.76 90.95
89.59 90.14 89.21 88.2 85.18
81.03 85.95 77.9 67.3 58.3
48.39 42.65 46.95 41.31 34.23
37.11 33.08 38.3 34.61 37.31
32.15 38.23 40.69 31.02 36.45
31.87 43.37 36.66 39.53 46.56
39.18 46.8 45.28 42.2 46.88
53.23 57.21 55.18 55.58 56.22
56.84 53.59 53.16 53.44 54.63
55.7 61.81 65.48 67.58 78.2
80.83 82.41 85.5 84.92 82.43
84.09 85.94 87.01 87.3 85.93
84.46 85.49 87.04 86.91 87.18
87.17 87.11 87.39 87.91 87.9
87.75 88.97 89.93 88.58 89.58
89.97 90.3 89.57 89.93 91.2
90.28 89.14 88.51 90.12 86.45
83.31 89.59 88.38 87.63 89.61
89.83 88.82 90.2 90.39 89.91
88.92 89.12 90.43 90 88.53
91.47 91.01 91.21 91.37 90.96
90.2 89.18 90.18 88.68 87.02
86.33 85.5 79.83 72.59 60.46
53.88 49.28 53.2 44.32 43.9
