57.29 71.58 71.72 72.29 88.79
95.49 95.35 95.98 97.35 97.56
95.94 97.68 98.21 96.65 96.69
98.03 97.14 94.43 94.71 95.82
93.1 92.39 88.24 82.42 76.69
74.65 79.61 81.44 85.36 90.97
93.8 94.27 95.93 96.14 94.66
94.34 95.53 95.82 92.65 92.24
94.45 93.38 91.22 90.49 93.38
91.74 89.3 87.81 91.18 90.4
86.44 85.17 87.98 86.34 84.06
87.14 87.08 86.54 86.31 88.32
91.19 90.6 92.67 94.01 94.38
93.41 94.77 97.19 95.32 93.7
96.01 95.86 93.03 91.69 94.25
92.46 90.58 89.57 92.06 93.95
93.27 93.34 93.43 93.69 93.61
94.67 91.67 94.2 95.73 95.18
93.41 96.83 97.63 95.55 95.39
97.7 97.29 95.04 95.45 95.55
94.18 92.43 91.74 89.07 86.9
79.73 73.29 63.86 66.79 69.75
78.58 76.22 87.75 92.18 94.23
95.84 96.13 97.31 98.02 98.2
98.21 98.6 98.47 98.01 98.04
98.07 96.94 96.73 96.66 96.26
96.28 96 97.03 97.3 95.83
96.44 95.84 95.42 96.49 96.75
94.05 94.23 94.59 94.44 93.98
91.82 89.93 88.67 84.85 70.8
63.16 56.57 53.04 53.86 52.36
58.48 57.01 57.73 60.48 61.17
60.11 61.43 63.36 61.47 59.81
62.95 64.51 62.31 68.97 66.82
63.86 67.91 72.16 65.62 62.08
