54.23 60.97 59.79 64.82 70.11
70.29 72.51 75.67 80.66 81.65
83.21 85.08 85.81 87.75 86.38
87.08 88.97 89.26 87.9 86.4
87.35 85.12 85.1 74.88 63.9
62.5 59.53 61.94 58.3 52.63
64.29 70.8 78.01 77.77 79.38
83.75 85.11 84.66 88.04 89.26
88.59 89.89 90.75 90.87 90.05
91.34 90.42 87.87 89.13 89.6
86.57 83.62 84.03 79.3 72.87
63.55 61.35 54.12 53.33 49.67
49.44 39.22 48.21 56.22 62.97
72.82 83.78 85.2 82.38 77.61
74.73 77.7 69.82 80.59 83.7
84.6 84.98 84.82 88.42 87.03
84.39 87.14 88.38 86.73 84.33
88.28 88.95 85.36 85.88 87.22
85.59 85.71 84.83 82.69 80.06
79.38 77.96 72.53 65.77 56.04
68.54 63.34 69.1 74.58 75.01
76.43 76.29 79.56 73.63 81
85.88 87.74 87.74 88.04 90.38
91.04 91.27 92.5 92.64 92.69
92.64 93.59 92.34 91.71 90.41
88.24 90.49 85.87 82.11 80.35
77.5 72.88 65.8 61.03 60.67
44.96 46.8 42.4 40.91 37.83
36.18 31 30.77 30.88 29.67
38.74 38.4 48.97 49.23 54.06
62.9 75.59 75.85 81.03 82.95
84.66 86.33 85.22 88.53 89.72
91.45 90.6 90.4 91.45 90.95
90.64 89.74 86 84.84 84.48
82.28 84.79 85.8 89.81 86.85
90.43 91.67 90.58 91.04 92.68
92.57 92.47 91.99 93.7 93.99
91.36 91.53 93.32 91.08 87.78
88.57 89.89 86.39 87.15 82.37
80.87 79.55 83.06 86.97 88.33
88.63 87.12 85.28 85.62 87.15
89.4 93.11 92.93 95.3 92.72
94.11 94.59 94.37 93.08 93.07
95.51 95.26 93.18 94.01 95.93
95.23 94.02 94.87 96.17 95.38
96.04 96.26 96.66 96.21 96.5
96.41 95.75 95.4 95.54 95.51
93.08 91.8 92.93 89.38 86.94
86.56 86.68 82.52 79.89 80.24
82.97 81.84 80.62 78.35 80
83.75 84.68 84.54 85.86 89.35
87.44 87.39 90.38 90.07 88.69
89.82 93.37 91.82 92.46 91.37
92.23 92.9 93.04 94.14 92.23
87.88 87.46 89.68 88.65 91.54
89.11 89.47 87.92 88.92 88.56
89.98 89.25 87.22 83.03 80.3
75.8 75.97 76.31 76.42 80.43
75.72 79.62 81.8 82.62 81.27
78.44 80.01 80.97 75.95 77.27
71.11 76.61 79.92 73.87 73.15
73.64 73.44 72.84 71.16 78.06
76.05 67.62 69.13 73 67.18
66.34 72.2 73.81 65.45 76.09
71 63.17 69.37 66 69.58
76.82 73.39 71.79 67.96 68.94
58.43 60.35 55.34 55.55 48.23
39.11 40.39 44.53 43.45 41.52
39.6 43.94 41.62 46.7 46.92
45.49 45.22 45.19 51.12
