43.51 42.62 41.66 41.39 45.68
39.55 40.72 35.34 38.23 36.99
39.87 40.31 41.07 39.23 36.91
37.48 42.28 43.43 49.72 50.77
48.82 59.33 59.34 61.05 69.36
72.93 82.61 86.34 90.05 91.18
92.28 92.17 92.71 94.4 95.24
96.05 95.65 96.63 96.99 97.13
95.88 97.7 97.44 96.79 96.62
96.87 97.01 95.72 96.93 95.54
96.38 95.7 93.87 93.18 92.96
89.88 87.28 85.99 77.57 75.56
81.52 87.26 85.51 85.63 90.53
90.31 89.42 90.97 92.85 92.02
91.39 91.23 92.76 91.85 87.94
93.18 92.07 96.1 97.05 96.97
96.13 97.16 97.67 97.83 97.93
97.86 97.64 97.67 97.29 96.4
97.06 96.53 96.86 98.05 97.31
96.41 97.21 97.52 96.38 95.14
96.29 97.25 96.87 97.23 98.02
98.11 98.31 98.12 98.27 96.8
97.58 97.97 97.88 98.26 98.35
98.23 98.29 98.19 98.34 97.62
97.73 98.01 97.08 96.43 96.6
96.84 96.76 93.04 92.12 98.03
97.62 97.91 97.26 97.4 96.51
96.54 96.92 95.87 94.04 90.2
82.69 72.76 81.55 89.27 91.78
90.49 95.47 94.15 94.58 95.49
95.86 95.2 93.18 91.94 95.65
95.33 92.95 94.35 95.23 94.05
93.12 92.9 91.44 90.33 89.59
92.91 92.27 93.6 95.28 94.1
92.86 94.4 95.2 92.21 91.71
94.19 92.89 88.92 90.16 93.29
90.06 89.35 80.06 81.06 86.95
89.93 93.11 91.65 91.04 90.1
88.04 85.12 83.21 86.03 83.8
80.33 84.87 87.92 87.21 80.93
85.05 86.46 85.56 73.64 60.73
54.02 55.49 39.27 32.48 36.96
27.89 33.38 38.37 34.65 32.03
35.33 36.09 37.61 35.66 33.03
31.97 26.41 28.29 31.15 25.91
31.32 31.76 29.69 27.17 30.92
31.84 33.83 33.41 32.26 30.38
27.61 33.88 30.05 31.43 32.54
35.78 41.9 43.11 43.62 50.33
55.18 56.24 51.13 48.9 46.91
35.39 28.67 26.38 27.25 27.64
28.72 30.31 26.9 34.04 33.7
33.31 33.83 36.45 38.76 37.99
39.99 41.27 40.71 35.8 36.59
40.35 38.3 37.88 35.55 37.1
40.83 45.03 31.27 38.12 36.37
32.11 36.36 39.83 36.57 40.68
37.16 39.27 47.84 35.3 49.26
49.53
