72.21 86.93 94.35 95.45 95.25
96.14 94.02 94.79 96.65 94.97
94.22 96.06 97.21 95.51 96.13
93.02 84.42 82.78 82.34 78.89
75.86 82.23 82.63 86.7 87.56
90.16 91.25 92.4 96.52 97.8
98.42 98.11 97.6 97.21 96.53
95.54 90.96 89.37 86.13 90.59
92.1 94.4 95.21 96.15 96.48
96.84 96.21 93.63 90.91 87.92
80.63 81.92 89.22 96.15 96.35
97.95 97.45 96.66 97.46 97.7
96.55 96.06 96.91 96.24 96.31
94.65 91.69 93.72 92.53 92.14
91.66 93.37 96.15 97.45 97.21
97.68 98.02 98.62 98.68 98.48
97.84 97.42 97.41 97.41 96.11
96.21 96.94 97.66 98 97.78
98.18 98.4 98.03 97.78 97.5
96.4 95.91 95.59 96.01 93.38
95.48 96.96 96.95 97.98 98.01
98.59 98.73 98.56 98.44 97.62
97.04 95.69 93.74 93.01 92.93
95.55 94.65 95.54 95.28 95.97
95.58 96.54 96.7 95.6 96.24
96.91 93.07 92.36 94.38 90.97
96.06 95.13 97.45 98.06 98.62
98.71 98.39 98.43 98.39 98.64
98.62 98.39 98.09 98.21 98.05
97.04 96.55 97.53 96.96 95.14
93.73 91.2 87.74 89.26 92.73
90.9 93.67 95.54 95.99 96.43
97.21 96.58 98.32 97.83 96.52
98.17 98.18 97.72 96.52 98.18
97.68 96.81 97.91 98.23 97.5
96.71 96.9 96.2 95.7 94.22
90.64 84.44 70.15 62.06 45.41
38.38 39.8 38.08 34.99 34.76
32.67 28.72 32.9 35.35 31.55
33.67 27.68 31.38 27.38 31.75
