43.59 46.04 52.71 63.04 58.1
58.72 63.9 55.87 47.64 38.83
39.53 36.72 31.2 41.82 34.61
49.9 47.37 42.01 44.19 33.35
39.81 40.26 40.86 33.07 32.48
28.39 25.18 25.68 28.64 23.89
24.81 29.12 24.07 23.92 27.71
24.6 30.46 25.47 28.94 25.36
27.48 26.81 27.23 31.31 29.46
37.13 42.91 35.49 36.45 35.35
36.67 34.65 37.49 44.56 41.39
44.82 42.39 33.31 32.15 34.81
33.94 30.54 30.12 26.48 28.21
26.6 25.43 25.92 27.7 26.11
20.88 20.86 21.63 20.18 23.78
20.58 20.91 25.29 20.73 23.59
27.93 23.15 27.5 29.92 29.71
27.33 28.63 26.03 27.66 29.91
26.58 29.1 38.29 31.77 54.49
58.55 66.55 66.28 74.22 76.28
79.59 77.07 80.83 78.17 81.46
80.79 78.09 77.73 61.65 66.43
64.47 71 55.85 58.99 40.01
34.97 29.04 27.59 28.16 27.17
24.14 27.86 24.28 22.87 22.92
22.28 23.47 22.97 24.07 26.98
23.95 26.32 27.47 27.5 25.63
34.79 41.29 36.86 39.18 41.03
47.59 48.15 46.43 49.55 53.83
53.02 58.28 59.05 62.06 66.97
47.46 42.09 30.68 29.12 26.49
28.52 26.72 25.55 23.8 26.76
25.97 25.43 23.56 24.97 24.76
22.94 24.04 26.81 26.47 26.95
28.11 24.2 27.76 22.88 27.87
27.95 26.34 30.26 30.88 33.7
45.84 40.58 46.78 50.09 52.12
56.68 63.13 62.17 57.82 39.8
53.63 44.66 40.4 35.33 34.29
30.67 27.17 25.53 29.99 30.78
31.59 30.38 32.49 30.16 33.98
39.11 49.59 57.53 52.63 61.09
64.92 61.47 59.98 71.42 66.96
61.32 59.42 56.33 52.75 56.49
56.39 56.96 47.68 54.59 54.44
50.48 51.91 49.99 48.24 47.16
43.52 40.26 41.36 44.11 35.83
35.19 36.28 32 31.04 31.08
28.82 28.81 32.3 29.4 33.43
29.55 36.96 28.73 33.05 28.65
31.87 29.85 30.97 30.31 34.47
31.83 34.94 34.33 36.77 38.98
33.82 41.55 39.13 41.67 46.26
54.67 71.02 74.05 74.13 76.21
77.35 81.2 84.94 77.48 81.05
80.73 78.85 79.84 77.34 78.03
85.47 82.76 84.82 83.52 87.41
89.77 88.78 91.3 92.08 91.12
89.09 93.42 93.64 93.94 96.15
94.83 94.61 95.33 93.97 91.31
90.79 86.07 90.69 89.73 91.73
89.58 90.91 91.91 94.23 92.92
94.21 94.18 95.23 96.34 95.03
96.17 97 96.19 95.99 95.95
94.8 91.75 91.91 89.88 89.44
87.07 85.99 84.76 89.43 91.86
93.03 91.31 88.63 76.7 64.83
53.27 52.52 56.21 48.07 44.47
38.51 35.09 34.81 33.5 38.57
33.83 38.15 36.91 52.64 63.8
77.69 82.72 87.29 88.31 91.77
95.07 95.09 95.22 96.39 97.3
95.99 96.53 97.22 96.74 96.53
95.91 94.88 95.31 94.46 95.89
97.25 96.8 96.96 96.65 96.78
96.06 94.26 93.44 93.33 92.25
90.26 90.17 91.91 91.9 88.61
85.74 87.06 91.09 89.93 92.79
91.24 92.68 95.88 95.34 92.91
96.18 95.26 93.64 95.1 96.13
94.39 93.96 94.95 94.16 92.75
93.79 92.53 91.41 90.92 92.94
91.81 90.44 89.97 91.79 91.13
88.7 91.33 90.49 89.26 87.75
88.27 87.43 86.52 84.54 85.04
85.13 81 80.26 79.34 79.97
76.64 70.44 76.39 71.6 63.58
65.78 65.71 60.87 62.66 69.68
78.44 78.73 82.72 77.56 81.19
84.33 86.34 86.8 89.09 88.93
91.19 90.78 91.31 93.43 91.78
91.93 91.02 92.04 93.99 93.65
92.21 94.31 93.14 91.98 91.37
92.17 90.78 89.12 88.21 86.63
86.08 82.77 80.17 83.28 83.77
82.05 83.44 83.45 83.1 82.99
81.8 79.7 82.23 80.16 78.12
78.69 78.47 75.76 73.43 74.62
71.24 65.24 60.6 61.79 58.39
51.13 40.31 38.26 32.23 32.58
31.91 32.28 31.7 34.78 37.78
35.48 38.28 37.12 34.14 37.08
30.49 33.45 35.37 28.81 39.33
31.39 34.94 42.45 44.89 50
60.57 75.73 82.8 85.8 83.56
86.28 88.39 84.05 84.28 87.24
86.49 90.08 87.01 86.62 89.98
90.71 89.69 91.97 92.75 90.02
92.23 91.39 92.21 91.43 94.12
94.79 93.48 94.53 94.85 93.41
92.73 91.69 89.07 88.9 87.86
88.78 90.69 89.03 90.4 88.29
88.03 89.21 88.95 90.87 91.92
92.11 92.86 92.87 90.93 92.24
91.85 90.09 91.33 91.06 89.06
86.73 86.66 91.05 91.21 93.06
91.56 93.38 92.76 94.31 93.52
93.25 93.09 94.23 94.5 94.58
93.12 94.58 95.32 94.08 94.72
94.9 95.03 93.84 95.02 94.3
93.74 95.98 95.69 94.36 94.81
94.92 94.61 92.46 92.78 94.94
93.65 91.37 92.11 94.71 94.1
96.08 95.26 96.41 94.73 95.84
94.59 91.2 92.4 92.74 91.62
88.74 90.22 89.98 85.59 83.17
82.09 88.68 87.34 91.88 90
90.29 94 94.44 94.57 94.99
93.38 93.2 95.27 95.16 95.12
92.35 93.72 95.12 92.69 93.85
94.47 94.93 97.32 97.09 96.23
96.93 96.39 96.31 95.88 96.1
95.22 95.28 95.16 95.97 96.18
95.42 94.71 94.01 94.57 90.47
89.83 84.57 81.92 75.12 70.49
65.24 54.47 54.7 48.65 50.67
50.11 54.52 68.44 83.48 87.78
89.86 88.1 87.76 89.73 89.29
89.11 91.41 91.79 87.73 86.06
85.87 87.65 86.27 89.69 89.47
89.24 89.55 91.72 92.95 94.42
93.22 93.42 94.46 94.7 93.49
94.7 94.42 94.54 94.13 94.64
95.41 94.35 92.26 92.86 93.69
95.05 94.5 92.92 93.53 95.34
95.2 94.7 94.61 96.17 96.08
95.11 94.84 97.17 96.56 94.75
95.19 96.51 96.47 94.11 95.16
96.31 96.04 94.01 94.02 95.78
94.71 93.22 93.99 96 94.46
93.8 94.83 95.37 94.49 94.54
93.68 92.58 91.97 86.39 82
70.4 55.97 46.83 42.41 38.34
38.26 37.04 40.04 36.91 34.97
36.15 38.07 36.29 36.77 45.14
50.28 62.96 78.29 90.12 93.5
96.61 98.06 97.93 98.25 97.67
96.34 91.58 87.4 87.27 84.83
86.61 91.25 94.18 96.85 97.94
98.08 97.9 98.03 95.76 92.94
87.84 88.34 90.62 92.96 95.17
93.84 96.39 96.53 96.88 96.92
96.79 93.62 93.67 94.29 92.35
90.79 86.34 83.4 85.18 82.74
83.14 87.19 88.78 90.37 89.18
89.11 92.55 93.26 94.34 93.72
94.97 96.17 95.83 96.09 96.9
96.48 95.07 94.55 95.92 94.06
91.9 92.09 92.07 91.22 93.23
92.1 94.92 96.99 97.14 97.86
97.55 95.44 92.98 92.26 90.14
90.53 94.25 92.4 92.18 94.18
95.02 94.82 94.89 95.69 95.11
93.91 93.87 92.75 91.93 90.96
89.43 86.56 86.14 82.37 75.31
72.2 74.35 76.32 82.43 89.47
91.53 95.38 95.64 96.35 95.74
94.56 95.66 94.19 96.09 97
95.86 95.51 95.77 94.77 93.04
92.33 90.31 89.44 92.7 91.49
90.57 91.3 94.12 91.56 93.44
96.16 95.1 95.45 96 97.31
97.41 97.33 98.08 97.75 97.38
97.39 97.5 96.11 95.91 95.11
94.26 94.52 95.63 96.35 95.37
96.13 96.61 95.51 93.53 92.9
90.93 82.33 81.54 84.95 89.93
92.92 95.13 95.14 94.87 94.64
92.54 94.97 94.35 92.44 95.57
95.6 95 95.41 96.22 94.85
94.55 92.18 93.76 96.62 95.19
93.2 94.56 96.51 95.6 95.36
96.1 97.21 96.97 95.87 95.19
96.72 96.31 93.97 93.61 94.12
95.1 92.79 92.22 91.78 89.86
91.74 90.54 88.76 89.83 88.04
88.17 89.64 92.53 91.44 95.46
95.79 94.64 97.02 97.59 96.83
95.02 94.38 93.44 92.8 92.69
94.53 93.58 91.54 91.95 93.01
92.39 90.82 91.09 90.15 88.28
85.81 83.42 78.82 79.48 84.19
88.92 87.31 89.34 91.21 88.52
90.05 91.47 90.82 88.56 86.86
88.69 85.89 89.15 90.17 92.37
93.01 95.09 95.75 94.55 96.02
95.91 94.18 92.55 96.2 95.38
93.53 90.78 83.56 80.24 74.51
71.73 74.63 64.15 62.95 62.33
61.81 65.99 67.33 72.96 76.15
85.62 86.1 90.64 91.46 89.21
91.44 93.15 93.17 93.67 91.71
88.94 90.34 91.65 87.91 87.42
89.91 89.82 87.42 88.11 88.3
87.73 86.16 86.52 86.63 82.41
78.49 68.57 62.14 63.82 58.28
60.75 56.58 60.49 78.1 80.29
80.1 82.37 84.9 86.61 84.92
87.35 86.99 85.02 85.7 86.94
84.88 86.41 85.79 85.54 84.22
82.83 86.42 88.75 86.59 89.26
88.95 87.3 87.05 90.18 86.91
85.74 86.14 89.09 87.1 82.3
80.21 79.17 82.23 83.82 87.37
89.19 87.87 90.12 91.23 90.12
91.05 91.06 89.55 90.7 88.99
87.62 85.26 86.58 89.11 87.74
89.11 88.03 93 92.89 91.33
92.8 92.16 91.89 93.28 93.95
92.69 92.68 93.47 95.07 95.18
93.62 93.52 94.95 93.89 92.42
90.46 87.85 84.58 80.88 86.66
91.02 89.8 90.88 88.68 89.37
89.7 91.6 93.5 94.02 95.66
95.07 92.97 90.95 89.35 88.04
84.98 82.37 74.9 71.95 71
63.75 61.55 61.19 56.71 63.04
72.36 74.47 79.84 81.29 78.16
80.52 81.02 82.34 82.98 87.52
85.86 82.97 82.84 78.58 77.29
78.47 77.98 76.9 79.11 80.93
86.24 84.9 84.8 81.91 81.83
84.94 81.24 78.23 82.55 82.29
75.3 76.04 79.5 72.48 79.27
81.03 76.21 82.95 84.22 83.02
88.8 90.78 93.43 94.98 95.6
94.17 93.32 88.58 89.79 87.02
93.11 94.49 94.86 95.9 94.46
92.99 88.52 89.22 91.44 88.21
86.88 84.25 84.44 78.68 77.24
71.33 76.44 80.49 81.81 81.8
82.24 88.19 89.37 90.13 89.89
92.54 93.22 91.96 92.88 93.44
92.52 93.6 92.94 94.01 93.97
94.57 92.24 90.97 91.46 93.96
94.34 95.12 96.12 95.7 93.42
92.7 90.46 88.15 87.99 88.64
87.99 81.62 81.57 72.71 73.65
72.29 73.87 76.61 76.81 76.25
81.38 87.31 90.96 90.22 92.25
92.98 92.05 90.86 90.06 88.98
91.31 89.29 90.13 88.55 86.32
89.25 86.56 83.96 85.22 86.53
80.71 80.15 77.84 77.24 69.93
65.05 63.89 58.41 68.23 76.33
80.01 82.84 84.83 86.17 86.05
84.96 87.7 87.42 90.8 93.15
90.88 89.67 90.23 86.49 84.53
85.27 87.6 88.7 89.33 88.46
88.1 89.97 86.91 87.38 90.61
91.47 91.26 89.83 93.16 94.11
94.03 93.84 93.1 90.99 87.26
83.19 85.61 82.37 84.41 88.43
90.51 92.14 92.99 94.2 93.7
94.36 94.29 91.87 89.16 86.95
86.97 90.92 92.77 93.22 92.64
92.06 92.65 92.94 92.05 89.94
88.1 84.74 79.41 79.25 81.89
77.88 85.09 84.48 87.22 85.57
85.27 87.97 92.47 90.8 90.25
86.07 84.77 87.21 90.25 91.3
86.58 88.87 89.69 90.45 92.17
91.54 90.44 90.55 92.25 92.05
92.63 93.04 92.14 92.81 92.98
93.83 94.35 92.65 93.1 92.47
91.68 91.27 90.89 90.93 89.41
90.75 92.02 89.22 83.13 83.74
81.38 75.22 77.99 83.68 85.77
86.81 87.93 89.69 90.66 90.57
90.17 91.84 91.4 91.25 90.01
90.86 89.22 90.51 88.76 86.13
86.86 87.71 90.15 91.41 92.72
93.97 93.31 92.25 91.1 90.47
87.11 85.2 87.33 86.58 86.74
91.75 93.89 92.21 93.49 92.68
93.47 90.99 85.89 78.98 75.93
84.34 88.67 88.18 90.59 91.01
91.64 92.69 92.85 93.75 91.02
89.59 88.24 92.08 94.22 93.15
92.55 88.44 84.31 88.4 92.03
93.79 89.97 91.72 90.33 89.79
90.44 92.64 92.21 90.43 91.22
91.34 89.3 87.92 87.49 86.05
83.09 83.15 73.96 70 61.6
59.98 43.17 38.97 39.11 35.38
31.99 31.79 26.84 29.41 24.94
25.89 26.08 33.13 25.01 28.34
26.19 24.39 24.36 27.73 27.11
26.15 27.8 32.66 32.81 33.84
36.56 41.91 37.83 37.91 44.34
44.95 38.48 38.39 41.18 35.34
34.72 38.84 34.66 32.14 40.7
44.77 41.49 34.25 38.23 39.83
36.85 34.42 36.93 36.2 33.74
32.27 25.32 24.36 23.41 24.7
23.51 23.11 23.08 24.84 23.23
31.63 23.53 20.39 21.42 24.12
19.66 26.42 22.35 26.11 21.63
23.15 22.39 23.41 24.53 21.96
21.55 21.06 21.27 21.76 21.84
22.42 22.38 19.54 24.68 34.29
22.86 26.04 27.18 30.24 22.84
35.83 24.47 26.27 24.35 25.67
22.8 21.37 23.15 40.44 22.1
24.2 24.23 26.32 23.34 31.37
36.49 23.94 26.53 25.17 25.14
21.67 23.58 32.89 19.88 23.87
22.61 21.05 23.22 21.58 22.04
20.72 24.18 25.89 27.67 22.19
20.73 25.06 21.65 24.94 21.89
29.66 22.98 26.9 23.26 22.64
26.43 22.02 24.27 21.44 24.29
23.75 20.97 24.03 26.67 25.7
26.92 24.75 29.42 30.9 32.96
36.85 42.51 48.97 51.45 64.91
65.57 68.92 68.65 75.72 72.07
77.16 75.33 76.87 77.41 77.8
74.82 67.03 65 60.52 54.04
53.21 38.99 33.94 28.38 27.35
24.53 29 24.6 23.67 32.83
22.41 26.93 25.64 33.18 20.98
26.4 21.92 27.23 27.71 30.39
22.74 30.36 25.42 28.8 28.5
27.27 33.19 29.03 32.71 30.57
28.16 30.97 38.54 28.52 30.68
36.11
