39.24 52.08 62.1 70.14 72.11
77.5 72.39 67.39 53.39 47.98
50.8 55.5 71.56 74.14 80.4
78.86 82.39 84.78 83.46 81.64
82.52 82.06 78.35 63.87 59.3
53.72 62.99 68.1 70.17 75.37
73.88 79.04 81.68 83.32 82.71
84.9 86.83 86.44 85.17 85.53
82.52 82.58 87.06 87.63 85.4
84.18 89.4 88.95 85.49 85.09
87.21 82.19 82.71 82.22 77.17
80.03 81.54 83.45 78.5 82.73
86 86.28 84.23 86.53 89.45
88.18 89.08 91.28 90.56 89.88
87.74 89.27 88.89 87.78 85.39
84.3 79.05 70.94 59.39 51.69
50.5 39.38 36.1 35.34 33.69
32.91 34.22 40.98 34.59 37.85
35.38 35.92 32.74 37.54 32.83
29.65 35.85 33.4 38.01 34.15
46.09 51.65 58.02 60.28 66.44
76.21 75.64 79.28 82.57 87.03
86.89 88.57 89.4 90.25 89.82
91.71 90.82 89.59 88.13 89.34
84.85 86.09 88.24 86.96 83.54
86.51 85.73 88.49 90.46 89.98
89.16 90.44 90.29 89.07 88.27
87.63 86.83 86.28 82.83 82.64
75.5 76.55 72.06 66.21 65.88
67.27 80.64 78.01 82.4 81.32
80.59 85.26 87.2 86.14 86.08
89.17 88.96 87.27 90.41 86.17
86.37 89.01 84.86 86.31 81.35
82.74 87.03 86.65 79.92 88.94
86.22 81.08 80.21 83.85 83.2
77.9 80.16 81.83 80.02 82.38
82.45 82.81 78.9 78.25 79.91
81.36 79.48 76.93 80.83 80.61
76.46 80.96 80.64 77.95 77.11
81.88 78.12 75.04 75.94 75.35
70.29 69.63 66.95 66.47 65.89
60.23 60.34 57.32 54.2 56.16
51.44 44.87 50.73 46.84 48.1
52.74 57.67 61.08 63.37 69.55
70.23 69.66 72.1 76.72 75.94
76.49 83.64 83.32 82.74 78.02
73.65 72.09 76.85 76.23 80.75
81.07 85.53 84.13 80.92 82.2
85.02 82.24 82.05 83.53 83.09
81.44 83.97 82.54 83.71 80.06
80.69 81.73 79.72 78.73 79.13
75.8 73.47 70.62 66.58 58.36
56.09 54.53 47.62 53.77 64.56
75.91 76.05 75.34 77.11 81.25
79.71 81.34 79.96 80.33 80.03
73.36 66.26 67.92 63.38 67.08
64.36 63.95 71.25 76.19 79.85
84.63 83.92 79.61 83.23 84.1
79.32 83.41 84.93 82.53 81.8
83.93 81.64 78.97 81.09 79.88
81.95 79.86 77.52 75.64 78.74
61.87 59.03 61.28 71.19 77.87
79.35 79.28 81.03 82.49 83.33
83.13 83.59 82.95 82.48 83.23
83.36 78.01 80.57 81.38 80.45
76.25 74.81 73.62 74.36 71.22
66.48 71.28 68.16 62.2 52.3
50.32 43.43 43.32 31.14 28.22
30.04 37.02 27.77 28.33 34.05
27.6 31.25 33.94 32.42 37.19
41.12 37.09 41.81 49.05 47.53
47.17 46.59 45.26 40.17 37.99
36.74 31.79 29.33 31.54 27.51
29.06 29.43 25.63 27.25 25.36
24.64 24.24 22.85 26.23 24.4
25.02 23.83 25.71 27.31 32.19
33.19 34.57 37.29 38.13 38.4
40.05 40.82 46.2 44.4 43.28
44.26 44.23 40.88 45.62 51.73
43.64 44.9 42.74 49.57 42.33
40.56 47.28 42.67 43.03 47.99
57.23 62.94 66.04 66.16 76.47
73.48 70.88 71.87 81.2 73.06
72.5 81.56 77.61 69.96 72.68
68.98 67.87 61.54 60.8 64.87
66.57 69.68 73.73 75.01 74.43
76.01 77.59 79.41 80.67 80.02
77.4 79.5 80.85 75.23 76.91
78.7 72.05 70.8 69.28 70.5
65.34 53.76 53.81 55.93 63.8
68.32 73.89 68.72 70.81 75.95
73.15 69.59 77.7 75.52 71.93
71.06 79.61 78.64 68.54 74.25
79.26 76.49 71.39 73.98 77.47
73.69 69.04 72.2 70.94 77.06
74.25 69.11 74.71 77.83 74.49
75.4 80.04 81.42 80.49 83.98
86.16 84.65 81.63 83.9 85.18
82.28 76.42 78.51 79.54 74.97
68.32 65.12 62.4 64.49 63.58
52.52 48.28 32.78 35.07 30.37
32.27 27.01 29.88 26.32 29.85
27.04 29.11 27.26 27.06 27.14
27.31 25.18 31.22 23.45 24.1
24.19 24.87 24.06 26.44 27.43
31.41 43.71 42.87 51.81 59.28
64.02 69.96 70.94 68.77 77.89
80.08 79.88 82.33 85.32 85.33
84.15 84.29 84.52 82.29 79.22
73.54 74.93 73.09 65.71 60.65
61.19 60.67 68.35 75.94 78.18
79.25 83.34 84.6 80.99 81.44
81.87 81.85 80.86 77.31 76.8
71.57 68.92 63.97 59.17 60.8
57.97 60.86 62.23 77.92 72.64
78.61 82.72 79.29 81.6 82.82
83.46 85.18 85.05 85.54 87.48
84.24 85.46 84.13 84.01 79.21
80.87 79.41 76.66 71.1 68.32
54.38 43.95 38.07 27.36 25.96
25.09 22.95 25.33 24.04 25.99
26.31 26.22 27.36 26.18 26.59
24.54 23.71 23.11 23.91 21.73
31.67 26.74 24.58 24.2 23.34
23.97 23.75 23.91 23.34 32.64
27.63 23.89 25.8 28.07 30.19
25 25.25 29.74 31.92 32.68
25.41 23.29 23.27 29.73 28.54
22.92 28.36 26.47 22.66 24.29
22.75 27.22 22.47 26.43 23.01
24.27 23.46 22.97 34.93 25.14
30.6 24.95 28.09 24.96 26.77
23.21 24.34 24.91 29.79 27.24
28.83 25.65 25.37 23.79 24.95
24.07 26.83 24.12 29.18 29.68
23.93 33.18 23.69 26.89 24.96
25.37 28.63 27.45 22.08 22.68
26.6 27.49 23.53 26.78 26.15
27.92 28.31 30.47 27.73 20.98
25.6 22.09 25.33 22.92 22.68
25.34 25.39 26.66 26.27 28.72
26.56 28.67 25.76 26.86 25.34
24.85 25.59 27.36 25.19 27.15
27.93 26.26 26.13 26.6 22.89
30.44 23.62 29.76 26.6 25.18
22.97 24.9 28.09 22.2 25.97
24.28 29.08 22.4 23.67 25.05
23.37 23.25 24.33 24.66 24.54
24.34 27.16 24.87 27.47 25.86
25.4 24.24 23.98 29.61 29.23
28.75 31.09 29.06 30.24 24.47
30.67 30.89 30.6 23.28 23.5
24.35 28.36 22.61 23.09 22.72
26.63 23.87 25.63 25.29 24.19
27.51 28.4 29.32 29.96 29.18
26.29 25.14 29.16 25.49 26.7
25.61 27.19 24.28 24.11 26.04
26.6 28.55 27.62 28.88 27.69
28.36 26.15 27.62 27.57 29.35
24.92 24.96 26.12 24.19 23.47
25.48 24.23 25.44 24.14 28.35
24.09 28.29 27.21 32.2 30.72
27.91 27.41 26.44 29.97 28.28
28.07 33.16 31.02 39 31.26
30 30.41 27.77 31.19 27.25
27.16 21.4 21.34 23.85 28.18
31.42 31.3 28.79 27.6 27.29
26.77 27.01 26.14 25.59 26.92
24.79 29.89 26.4 36.41 33.71
26.72 25.57 24.83 25.39 23.6
29.48 30.64 30.3 28.2 25.5
33.84 33.26 34.8 27.92 28.58
28.34 33.96 38.15 30.73 23
24.23 23.35 24.88 26.28 25.34
30.37 35.96 27.22 27.75 35.53
34.38 30.57 26.55 28.04 25.31
31.46 26.51 25.64 23.83 23.87
24.32 27.31 28.13 28.99 25.88
30.25 31.1 34.72 29.57 26.77
27.38 27.9 28.45 30.07 33.87
25.77 26.35 30.03 25.87 29.54
25.27 35.88 41.63 34.24 22.98
24.6 20.73 23.25 26.3 26.79
36.89 41.09 37.12 40.09 33.88
34.82 32.54 25.68 23.56 33.73
24.12 23.43 24.08 23.76 22.64
22.85 22.45 25.71 24.51 24.61
24.5 27.9 26.81 27.44 30.89
30.97 29.87 33.43 32.98 25.83
30.74 27.79 38.71 29.5 33.53
23.99 24.66 26.07 33.57 25.97
34.22 29.07 27.61 30.29 27.15
26.27 28.67 29.57 28.98 25.68
24.76 25.19 25.58 25.91 23.32
24.18 23.82 23.87 24.35 21.87
24.33 23.16 24.11 27.68 24.7
29.03 26.48 25.1 26.08 29.67
27.1 25.14 26.99 24.78 26.91
27.47 23.46 24.25 23.83 25.41
24.12 21.23 21.45 22.07 21.37
22.09 23.83 23.97 22.98 23.65
26.33 25.73 24.42 26.48 24.32
24.76 24.29 23.7 22.9 23.81
23.51 23.46 25.35 27.03 27.94
26.72 26.61 27.02 24.64 24.45
23.9 25.96 23.25 23.45 26.86
28.02 28.81 25.92 26.94 26.33
26.05 24.24 27.76 29.38 26.38
27.68 22.03 21.61 23.56 21.67
31.45 24.32 24.96 22.94 24.66
25.48 24.85 26.88 24.16 26.22
24.61 23.94 22.88 22.96 21.39
41.21 21.81 21.68 23.08 23.09
23.05 22.37 23.84 22.05 21.75
22.41 21.52 22.21 22.47 22.7
23.51 24.56 24.87 24.73 26.39
24.09 25.38 25.89 26.29 26.68
22.46 22.32 22.93 25.81 24.23
24.27 25.26 23.04 24.38 23.48
37.24 32.89 26.29 25.09 27.58
26.19 27.18 28.65 28.93 30.05
28.68 30.28 29.57 25.05 23.87
23.14 27.43 32.85 28.2 26.62
27.86 26.27 28.1 26.59 31.16
28.17 26.09 26.48 23.83 25.41
28.39 26.38 25.93 24.98 25.55
26.65 28.93 28.18 29.26 29.12
26.96 27.51 29.09 25.34 25.32
26.25 25.7 26.89 35.94 25.44
24.82 23.13 23.98 24.82 23.62
24.16 25.98 25 28.19 25.43
25.26 26.52 28.12 24.63 26.02
26.82 22.5 25.71 28.39 25.42
31.23 28.02 30.07 25.24 30.97
29.54 32.05 39.63 33.94 28.71
35.15 26.17 30.1 26.51 30.77
28.71 34.13 34.02 32.15 31.38
26.23 32.87 32.5 30.6 25.91
23.93 23.97 25.66 25.27 27.63
25.3 31.25 33.12 24.45 23.25
25.86 27.61 37.76 49.64 27.77
24.51 25.08 29.48 26.51 24.31
24.78 29.74 23.87 25.99 24.47
24.3 24.63 27.34 27.39 27.72
27.25 36.07 35.12 28.67 26.73
25.28 23.47 23.46 22.88 25.23
25.62 29.61 23.09 25.36 30.45
28.62 33.46 30.27 26.65 28.7
29.97 38.09 28.82 29.01 29.32
30.75 31.42 30.59 34.64 33.67
30.72 31.64 31.76 29.11 29.24
28.23 28.65 28.12 27.98 26.47
25.45 24.2 24.34 26.76 29.61
28.56 24.52 27.23 23.96 41.64
30.01 26.12 27.37 28.8 28.13
23.62 25.32 27.31 28.24 30.74
29.43 32.88 35.36 35.39 39.44
37.36 32.34 28.36 30.43 27.13
33.83 35.8 29.03 29.37 29.4
31.75 31.2 34.08 32.61 31.37
33.2 33.79 39.31 36.55 35.93
36.89 40.41 41.93 41.25 36.36
47.79 49.66 43.84 38.24 48.74
44.35 36.26 31.77 32.41 31.91
26.7 31.58 31 30.25 31.47
30.83 27.4 29.46 28.65 24.18
35.81 29.14 29.49 28.73 29.71
28.47 26.8 27.42 27.4 31.65
31.68 28.8 28.87 31.22 26.37
28.14 27.81 27.07 26.74 24.88
30.13 24.55 24.72 26.14 22.52
22.77 24.73 23.66 23.79 27.75
25.63 29.72 32.21 25.82 26.75
28.6 26.9 25.21 29.71 27.97
30.27 30.16 29.76 28.54 28.16
29.09 27.05 28.06 29.1 28.53
27.4 28.03 28.18 25.27 28.25
27.82 25.75 26.74 34.63 25.61
25.12 24.21 29.28 24.66 24.54
25.1 28.35 22.27 23.96 27.76
27.37 27.7 22.34 29.17 27.9
28.08 28.06 28.72 31.68 35.38
37.16 35.86 31.06 31.92 30.4
26.82 25.26 51.01 30.72 21.25
33.69 24.27 25.82 31.08 26.95
25.77 26.35 27.4 25.45 25.81
36.03 23.9 32.06 26.74 27.06
30.05 24.83 31.94 29.66 27.21
27.6 31.56 27.3 24.92 35.83
30.35 27.21 24.15 25.74 23.42
26.24 29.52 24.24 23.84 24.73
27.34 21.97 24.19 23.23 25.39
36.05 26.89 25.84 30.65 31.77
27.7 29.01 27.78 23.6 41.23
23.22 23.17 21.92 22.11 26.19
20.81 22.18 25.93 27.7 25.56
27.72 27.3 27.67 25.41 31.14
26.13 27.57 25.46 22.46 23.59
25.38 25.31 24.73 24.55 25.63
28.99 26.54 26.78 27.29 26.41
27.77 24.55 26.71 24.61 26.74
27.6 27.11 24.99 25 24.98
28.34 26.34 22.79 25.77 27.77
24.91 27.26 25.39 24.36 25.59
25.34 25.08 26.79 27.67 27.08
28.72 25.78 24.37 26.5 24.69
27.25 22.55 21.62 23.94 22.15
23.66 23.85 23.92 34.9 25.87
27.07 26.67 32.57 28.38 29.72
28.62 28.11 26.01 34.77 31.18
35.15 26.55 33.75 36.95 31.9
25.48 27.32 29.02 31.29 29.42
28.24 26.16 28.32 26.69 30.58
44.15 25.04 30.44 26.82 24.05
24.84 22.21 25.06 26.61 25.35
23.41 24.63 26.67 24.44 28
26.62 25.41 24.15 28.69 32.94
37.78 30.66 30.64 29.33 29.88
32.21 28.8 22.59 36.6 22.62
25.32 26.96 25.44 26.05 30.18
29.06 28.35 26.49 26.92 31.64
26.82 32.6 30.32 27.39 25.85
26.21 31.2 29.02 31.76 35.47
32.35 35.31 32.07 33.57 28.7
26.37 26.79 30.59 30.51 29.52
35.46 36.98 37.12 37.78 37.74
38.19 38.9 34.89 34.48 33.59
30.48 28.68 37.23 38.02 33.27
26.28 44.93 26.52 30.35 26.33
36.95 23.88 37.71 25.8 30.28
27.14 23.56 25.63 26.93 26.76
25.79 26.62 27.56 25.69 26.66
41.74 27.07 24.66 36.88 27.47
26.81 26.68 25.32 28.73 27.24
27.13 22.96 25.11 28.45 33.06
25.9 27.53 25.52 26.95 25.15
26.03 24.43 37.93 22.75 25.44
29.2 29.48 27.97 26.41 34.61
29.81 39.27 44.79 50.11 52.55
66.67 76.33 81.26 82.32 85.47
90.93 89.72 88.15 89.52 91.37
90.14 88.8 91.1 87.7 87.17
84.85 88.83 88.05 83.54 83.42
85 78.41 77.46 75.47 82.31
85 83.64 82.64 82.73 84.18
82.32 82.53 82.54 85.98 80.02
87.56 91.2 93.31 91.62 88.64
90.88 92.8 87.17 88.53 90.75
89.95 91.91 93.42 92.68 91.98
94.32 94.73 94.66 94.04 95.11
94.65 94.43 94.4 94.22 94.35
94.78 92.84 91.74 92.75 91.3
87.24 86.96 86.36 84.03 81.69
79.14 68.75 64.85 65.65 65.31
75.51 82.81 86.39 87.04 89.06
86.61 84.74 81.43 74.11 66.84
63.3 53.2 53.8 53.6 58.28
70.52 82.24 84.28 88.01 90.37
88.82 89.6 87.72 85.94 82.08
72.62 69.76 74.84 73.2 68.5
71.8 72.67 73.87 83.44 86.2
87.38 87.71 89.88 92.6 94.1
92.89 91.7 90.16 88.1 81.16
72.82 57.59 47.41 35.22 29.57
30.4 32.1 29.67 27.97 32.02
36.5 29.92 26.5 27.28 32.9
36.07 39.82 45.93 55.87 71.65
84.31 86.39 89.76 90.77 92.89
92.54 88.07 87.03 89.45 83.51
81.15 75.35 61.17 61.01 61.62
59.1 62.27 69.84 77.27 80.95
87.07 88.41 89.9 90.86 90.44
91.36 90.1 88.04 78.47 70.78
66.64 70.09 66.98 66.16 67.24
66.97 68.83 79.47 83.79 88.74
90.45 90.48 90.07 89.73 89.83
90.87 90.68 92.98 90.85 90.48
92.9 90.82 91.36 92.4 91.21
89.21 89.32 91.16 86.27 82.94
84.29 70.47 65.75 65.31 72.22
78.13 88.33 88.31 87.76 88.43
91.23 92.01 88.88 88.23 85.42
82.82 83.07 86.94 88.71 77.77
62.2 60.85 51.66 49.66 49.05
56.13 55.96 64.29 67.39 73.82
75.66 80.93 81.45 81.46 85.62
86.19 86.43 86.89 92.42 92.91
90.75 92.08 94.11 92.07 90.01
92.55 93.12 90.28 90.06 91.5
90.58 87.76 89.17 88.41 85.1
81.18 77.31 74.36 74.96 82.42
87.93 91.1 93.83 94.34 95.23
95.35 94.46 92.98 92.43 89.29
88.97 92.63 91.19 93.71 92.67
92.9 95.38 96.14 95.22 93.37
93.82 93.79 91.71 89.7 89.58
87.1 80.73 69.42 58.47 52.32
40.03 33.71 33.37 29.29 28.71
30.17 31.64 32.03 34.72 30.27
39.53 40.93 47.07 54.63 59.43
74.98 90.24 94.34 95.74 97.13
96.68 93.97 90.46 87.7 89
85.02 87.79 92.07 91.68 87.37
91.72 93.87 92.6 92.43 93.82
92.24 90.21 89.82 89.7 85.77
83.96 82.01 78.78 75.31 74.61
73.58 68.69 67.36 74.82 74.04
80.97 86.99 87.81 84.78 83.75
90.03 91.81 94.5 95.59 95.98
93.94 87.86 83.17 81.43 80
82.18 86.81 87.39 84.76 85.39
90.07 90.68 89.67 93.63 93.49
92.08 87.78 88.75 90.41 86.89
82.24 82.96 80.81 74.11 72.81
68.52 55.66 54.41 57.26 64.06
67.01 70.19 69.91 78.34 79.68
76.17 82.03 87.79 85.37 83.81
91.46 89.38 85.22 87.63 87.15
86.12 81.92 82.87 86.3 82.2
79.88 80.3 78.85 74.68 68.07
68.15 43.9 43.02 50.76 56.07
64.55 74.08 70.53 72.79 75.53
81.65 84.08 83.55 85.34 87
88.37 84.23 89.84 89.48 85.02
88.9 89.2 89.85 80.83 84.38
83.75 75.05 72.98 75.42 75.48
67.52 67.86 64.56 56.64 58.22
64.66 70.42 73.02 77.55 83.48
87.36 87.5 86.65 90.48 91.24
88.31 87.92 92.01 92.41 94.93
95.81 96.91 96.04 95.14 95.08
92.08 92.05 93.17 87.78 85.9
83.17 85.81 88.89 84.56 83.11
83.91 83.09 68.4 59.23 60.84
57.06 67.08 78.69 85.22 90.75
89.49 92.82 95.43 97.17 97.25
95.21 92.57 93.94 91.11 89.62
91.53 92.1 94.41 93.31 93.63
94.43 92.89 93.34 91.85 88.76
85.98 86.14 82.84 86.75 88.23
91.7 94.99 96.03 97.11 95.98
94.23 93 91.05 90.01 88.18
83.96 87.15 85.97 82.4 86.81
86.92 89.15 85.85 88.13 92.34
89.64 88 92.89 91.57 94.12
91.89 92.39 95.37 95.08 94.97
93.37 94.4 94.36 91.02 88.25
88.95 88.04 84.54 83.72 81.4
78.41 75.56 76.4 68.34 62.51
65.91 61.13 67.34 78.28 82.8
88.24 91.52 91.67 94.6 93.61
94.64 93.59 93.41 91.84 93.9
94.75 93.85 93.39 95.41 94.7
94.24 95.09 94.35 94.21 93.48
93.66 91.95 92 88.25 88.62
87.46 92.03 92.42 92.02 93.1
89.54 88.92 87.48 89.38 88.12
88.16 87.78 85.69 81.72 77.38
80.43 85.29 86.01 90.42 91.53
93.16 95.93 96.29 96.53 96.11
94.94 92.47 85.11 88.5 84.08
84.22 87.33 85.61 82.68 78.5
79.23 72.81 83.24 87.76 91.8
92.45 92.6 94.18 94.75 94.01
93.95 94.81 94.17 92.24 93.06
92.69 90.38 88.26 89.57 88.5
83.32 83.96 84.38 79.39 71.02
69.45 67.32 65.49 65.86 70.63
84.38 89.59 90.74 93.05 92.56
92.42 85.53 85.93 85.15 87.87
91.93 92.23 90.08 91.16 91.54
89.82 89.53 89.55 87.29 85.54
86.12 81.24 77.67 71.15 63.78
59.22 58.43 64.46 73.49 84.39
88.24 87.01 84.01 80.47 70.36
69.9 74.35 65.79 63.3 75.3
83.36 89.14 89.59 92.04 94.12
95.26 95.31 94.74 92.36 90.53
88.29 83.73 77.49 63.42 60.93
59.25 56.4 66.77 77.04 74.27
72.17 78.13 79.22 83.84 89.29
88.15 86.87 91.45 92.11 88.86
90.67 92.89 92.06 90.85 92.94
92.87 92.59 93.96 96 96.6
96.47 95.82 93.07 92.02 91.37
88.58 88.77 89.21 90.3 87.13
89.13 90.57 92.16 92.61 93.36
94.91 94.63 94.46 94.57 94.85
94.78 94.05 93.48 93.62 91.91
93.87 94.63 94.06 92.16 91.91
89.91 83.61 84.94 88.58 90.12
86.59 89.21 89.76 90.39 90.53
88.86 91.73 88.28 80.67 64.77
40.32 34.1 26.19 26.55 25.02
28.52 26.54 28.25 26.69 27.24
29.31 27.43 25.74 27.66 26.02
28.51 27.54 28.77 28.03 27.78
38.13 28.86 28.03 28.22 30.76
38.08 31.14 32.68 31.9 27.13
29.55 29.78 29.97 26.98 31.04
30.52 26.6 27.36 26.98 37.42
27.83 27 32.07 28.08 27.56
33.16 27.34 29.85 32.31 32.51
38.28 25.45 28.08 29.68 29.41
27.9 29.48 29.56 28.03 29.71
25.43 32.01 26.83 24.93 32.23
37.96 23.32 22.55 23.64 24.3
24.21 23.36 27.99 41.27 25.03
28.15 26.87 27.55 27.7 27.91
26.75 32.15 26.57 29.42 29.86
26.8 24.66 26.71 28.5 24.72
27.51 24.23 32.72 26.86 30.13
26.38 22.88 32.42 24 25
33.29 24.69 27.89 24.21 35.38
35.22 25.46 24.87 27.53 31.62
22.38 25.53 33.31 24.03 26.73
28.93 35.11 26.65 32.33 27.89
29.42 26.63 23.31 26.16 37.81
25.38 28.09 30.45 28.93 26.03
23.98 26.36 35.84 24.81 24.48
24.89 32.77 38.26 25.32 22.98
26.45 23.23 44.41 29.78 26.06
27.86 24.24 32.17 27.44 25.42
29.95 26.38 30.47 23.54 30.82
36.3 23.49 26.06 33.71 38.89
36.26 30.43 31.9 30.28 25.04
29.18 27.06 29.33 25.46 25
26.45 25.76 27.56 26.2 30.16
30.63 31.96 30.42 29.32 28.96
25.48 26.72 29.91 24.87 23.81
26.27 23.41 29.32 22.18 28.16
22.64 27.96 23.52 24.2 27.5
25.84 27.09 25.6 27.98 26.62
28.8 28.7 25.32 24.67 29.98
26.69 32.26 31.09 31.68 31.35
30.25 30.86
