43.96 40.7 42.31 49.95 48.06
39.16 36.52 41.21 43.06 39.84
42.3 45.75 50.32 51.9 66.29
83.08 91.73 94.42 93.87 92.01
94.89 95.65 93.76 93.25 92.61
93.6 91.39 86.82 88.13 88.88
91 93.6 96.05 95.73 94.73
96.41 97.65 96.58 96.5 97.68
97.85 97.31 97.74 97.82 97.65
97.19 97.03 94.75 97.06 97.32
97.75 97.42 98.43 98.54 98.18
97.99 97.27 97.26 97.94 97.36
97.31 97.32 97.29 96.03 95.35
95.71 95.02 93.81 94.28 93.67
91.46 88.75 75.85 74.7 84.63
87.99 91.75 93.2 91.96 93.27
94.2 94.77 95.49 96.27 96.22
97.05 97.62 98.18 97.97 98.13
98 98.21 98.01 98.12 98.18
97.31 97.67 98.16 96.36 95.97
96.08 94.52 94.92 96.64 98.03
97.59 95.97 94.89 94.8 95.53
94.94 93.77 96.1 96.72 94.34
94.93 95.67 94.36 91.63 93.55
89.67 92.28 91.84 93.45 94.56
96.27 96.26 96.23 96.44 97.49
96.5 96.55 97.5 97.36 95.82
97.02 97.05 96.46 95.86 96.39
97.65 97.57 96.81 98.11 98.15
97.94 98.24 98.52 98.35 97.99
98.16 98.44 97.8 97.82 98.07
97.7 97.49 97.77 97.12 97.51
97.39 97.23 97.73 97.88 97.16
97.46 97.04 97.89 98.49 98.37
97.2 97.76 98.42 97.71 94.35
96.97 97.83 94.97 91.08 85.18
80.63 70.49 67.28 70.56 65.4
58.12 55.75 58.7 62.19 70.13
77.81 77.8 81.08 85.02 86.06
85.46 88.8 92.21 93.66 94.61
96.25 96.49 97.48 98.06 97.74
97.34 97.83 97.34 96.17 96.35
96.83 95.12 94.44 95.46 94.68
79.71 59.85 37.58 34.22 42.35
32.23 29.96 29.38 31.9 36.98
31.77 33.49 29.32 32.83 34.25
34.75 33.84 36.69 35.23 36.23
33.76 36.37 37.59 38.55 34.64
36.45 39.75 40.6 39.17 36.66
46.15 34.98 41.17 35.82 36.13
33.52 34.9 37.95 34.87 36.38
41.51 37.35 41.84 44.33 36.55
42.05 43.87 51.78 50.67 42.7
40.38 35.55 40.25 37.58 41.89
42.14 43.35 49.6 40.6 42.92
42.66 37.65 46.3 38.82 42.86
36.61 33.16 32.71 46.26 34.79
39.6 44.33 35.89 40.36 44.08
44.13 52.52 44.23 36.64 41.06
33.97 38.49 38.51 38.72 40.01
37.19 42 40.42 38.54 38.85
39.52 41.98 37.37 38.86 42.22
39.66 39.66 39.15 37.31 43.82
41.53 42.13 40.45 39.22 41.02
37.3 43.47 46.41 38.46 42.53
43.57 46.85 63.76 43.5 48.7
50.03 40.96 40.36 40.81 38.75
38.71 38.33 34.4 37.56 34.63
42.72 33.73 35.06 36.92 37.12
35.07 43.86 35.71 39.1 39.58
32.21 38.24 34.1 35.41 36.25
30.59 39.9 30.09 32.55 36.52
33.89 36.99 37.28 30.81 45.34
34.51 37.86 40.63 38.47 37.51
34.78 31.5 31.6 37.57 27.75
29.72 30.41 32.26 35.81 33.07
36.71 42.71 38.48 39.16 35.4
40.39 35.18 38.49 38.49 32.9
33.87 34.11 37.87 37.33 33.71
36.18 33.41 35.55 32.99 34.06
36.51 38.84 37.44 36.31 39.65
35.56 36.47 38.51 34.83 39.68
35.21 35.99 36.44 38.26 44.08
44.91 45.54 40.34 41.94 48.4
41.67 44.14 53.54 49.34 47.6
42.99 49.82 47.23 39.61 43.9
35.16 38.44 44.62 49.74 40.84
35.99 34.62 45.1 42.47 42.08
41.14 43.54 41.78 39.71 40.34
35.42 37.67 37.67 33.03 37.39
32.99 33.27 33.77 36.7 33.95
40.62 34.17 41.95 39.59 41.54
39.07 46 34.2 51.87 43.92
49.3 38.08 40.12 40.45 46.56
34.43 50.76 48.72 36.92 43.38
38.36 39.49 34.41 35.83 32.64
44.17 34.2 34.28 33.94 41.73
36.15 39.94 36.43 40.49 39.81
41.86 39.81 37.76 42.71 34.3
41.85 44.47 45.02 48.58 48.2
43.04 45.53 46.86 48.34 49.93
48.21 50.52 42.15 49.64 46.48
44.32 43.02 42.2 44.77 39.52
33.02 31.92 30.18 34.89 33.49
35.59 30.26 32.78 29.67 32.56
35.53 39.11 38.56 40.33 34.93
40.6 39.07 36.86 34.87 31.71
36.32 35.71 33.65 33.92 30.02
31.74 37.76 41.67 34.94 35.78
41.57 43.29 45.49 38.27 43.01
40.62 40.34 39.38 37.55 35.28
41.25 37.48 31.83 40.01 34.62
43.57 33.91 34.67 38.2 35.24
35.5 35.54 37.98 34.68 53.63
40.94 35.28 38.14 36.49 39
36.61 39.52 38.6 36.96 39.22
35.28 37.54 38.08 35.81 37.44
37.01 35.54 39.11 35.89 37.39
38.36 36.4 35.18 37.85 33.15
38.81 31.39 40.69 32.37 34.57
35.17 34.93 42.85 40 40.61
43.52 44.51 51.56 39.97 41.69
35.95 38.83 40.68 44.37 42
44.13 39.72 42.36 39.04 39.6
41.91 44.55 33.3 48.77 41.39
33.29 33.75 31 33.01 33.43
31.42 29.35 33.05 32.84 32.26
29.22 33 35.96 33.96 30.42
29.89 29.5 30.91 29.77 32.7
32.65 32.61 29.57 30.69 27.26
25.83 31.02 27.55 29.31 30.23
34.21 31.24 33.72 31.13 34.59
31.68 28.68 27.59 34.63 28.86
29.04 26.38 26.68 26.89 26.44
27.93 27.09 29.42 30.94 28.54
33.85 35.56 28.36 43.5 30.63
37.88 35.67 38.4 31.89 31.69
35.65 36.28 34.19 38.76 41.38
40.2 41.24 37.03 40.27 38.75
38.75 36.92 35.48 37.49 34.31
30.96 30.11 36.63 29.74 32.83
34.01 30.79 35.77 30.51 39.89
31.58 41.06 34.72 38.73 37.1
41.87 36.19 38.47 38.17 40.18
37.91 33.5 36.95 35.24 35.21
33.91 37.75 34.36 38.05 31.01
34.78 36.09 32.9 34.79 35.81
37.67 44.59 35.53 33.73 34.19
35.71 32.49 33.78 37.41 46.1
40.47 41.73 43.94 44.63 46.59
46.57 47.1 46.51 45.69 43.13
48.83 45.15 45.09 43.73 46.74
43.01 43.27 45.12 43.71 41.68
41.74 41.83 41.2 45.89 39.79
38.35 37.89 39.69 38.12 43.44
45.7 43.65 48.66 42.66 44.31
47.24 48.93 40.37 45.95 49.13
50.17 46.05 46.72 42.17 42.97
40.26 38.34 34.47 36.83 32.12
32.79 37.73 33.65 34.2 39.58
33.46 36.6 32.48 34.3 37.6
32.43 31.63 36.78 33.23 38.06
37.11 37.45 42.41 40.66 37.9
40.65 40.88 41.56 40.32 41.87
36.47 34.68 45.12 33.66 34.23
37.69 35.35 38.99 38.88 45.41
39.51 42.92 39.71 39.2 40.67
40.2 38.99 36.67 39.31 33.49
43.03 35.7 38.96 34.01 37.2
34.84 33.58 40.86 36.86 34.77
35.56 38.66 37.74 38.56 36.62
39.84 37.46 38.73 36.15 34.16
35.4 34.41 34.83 35.17 33.31
34.69 37.16 34.85 38.69 38.2
34.68 41.37 38.96 39.73 39.83
42.96 39.92 39.64 38.04 46.8
38.49 39.85 40.31 37.78 43
35.57 35.25 35.41 31.25 37.87
36.41 39.2 38.86 31.99 39.63
35.93 31.26 35.05 30.63 42.21
32.92 34.48 33.28 39.01 33.57
47.91 40.56 38.13 38.5 36.23
37.58 44.93 38.11 36.47 37.55
37.2 39.79 38.74 39.69 46.25
40.8 48.94 47.07 40.48 43.61
44 50.12 43.66 48.58 48.44
45.54 47.14 48.86 45.59 46.35
54.34 56.15 53.29 59.91 69.01
63.39 70.63 62.4 63.95 58.63
55.05 54.64 56.78 58.43 62.22
57.86 66.74 55.16 49.98 50.37
46.94 50.05 43.19 44.05 41.5
45.1 43.29 42.6 49.87 40.66
46.85 42.82 40.3 38.73 38.39
37.84 39.92 41.43 44.02 40.47
40.65 40.43 34 38.58 31.19
35.02 33.85 31.99 37.21 37.09
35.02 36.05 36.07 39.09 42.96
43.63 39.01 51.47 65.5 81.26
81.48 76.64 86.67 88.02 80.06
88.04 87.02 84.98 81.15 83.94
84.51 79.5 77.22 75.61 70.39
66.68 64.7 57.54 53.26 52.92
48.99 43.18 42.67 40.24 40.9
34.71 39.3 34.93 39.05 36.27
43.49 38.75 38.64 40.81 38.62
38.55 34.11 39.35 33.36 44.3
35.87 33.85 37.91 36.02 32.62
35.04 36.56 33.78 41.26 30.97
36.99 35.81 34.86 31.99 35.55
32.63 35.58 37.16 35.16 33.05
35.67 35.24 36.89 38.66 42.31
39.76 42.79 41.61 38.37 41.05
39.91 38.72 43.02 38.95 40.64
37.15 38.41 46.38 34.42 36.72
46.06 35.48 38.7 37.7 38.24
30.36 32.09 36.88 31.37 38.4
34.7 37.28 41.62 41.93 46.49
38.05 42.07 39.71 44.42 46.71
42.7 42.4 44.66 43.51 49.68
46.39
