83.24 86.5 92.25 94.56 94.56
93.32 94.33 94.34 91.62 85.92
80.16 76.75 60.15 54.89 60.74
73.04 85.24 89.35 92.67 95.74
96.53 96.5 95.9 94.62 94.36
94.25 93.39 93.9 95.89 95.66
94.08 92.78 87.85 87.1 80.33
79.79 77.16 75.81 68.82 70
71.3 74.09 70.31 69.84 73.27
74.21 70.25 71.03 74.39 72.17
69.7 77.82 78.53 75.33 79.76
82.18 82.67 87.15 88.71 93.12
93.28 95.64 93.54 92.63 90.9
89.36 90.73 90.37 87.84 89.3
85.54 86.43 83.09 83.06 84.83
84.99 88.54 88.44 91.72 92.29
93.19 93.58 93.25 92.48 93.49
93.63 94.21 95.77 93.92 94.69
95.61 94.12 93.06 93.91 90.93
85.44 86.34 93.94 95.33 94.93
95.94 96.69 94.29 94.69 96.87
96.84 95.03 97.15 97.8 96.69
97.43 97.6 96.65 96.07 94.98
95.31 94.94 92.96 90.37 89.93
89.95 86.49 81.34 81.15 81.75
85.77 81.98 83.61 90.67 91.59
94.43 91.2 90.51 95.4 95.99
96.37 93.23 90.88 91.19 90.88
89.35 93.49 96.17 94.84 93.53
87.22 78.88 73.13 62.94 58.05
49.7 53.76 49.28 45.7 44.74
42.25 39.98 39.34 45.43 39.79
37.37 41.59 41.94 36.95 48.79
64.23 74.68 84.15 90.11 86.91
89 88.75 85.73 83.16 82.62
78.72 72.84 77.18 70.35 74.01
82.53 89.35 93.19 91.01 92.7
96.61 96.32 95.04 97.5 97.9
97.35 97.48 98.32 98.11 96.99
97.64 97.47 96.09 94.98 92.91
93.6 93.5 92.79 88.11 85.25
81.58 77.89 79.46 75.75 82.53
86.9 85.26 82.82 86.72 89.15
85.14 85.53 86.23 86.57 91.8
93.41 94.73 95.45 94.49 94.71
95.99 96.88 96.86 96.87 96.3
97.4 97.45 96.59 97.45 97.82
96.83 97.02 97.89 97 95.53
92.27 90.8 92.4 93.03 95.53
97.07 96.71 95.22 96.03 93.93
95.68 97.28 94.61 94.03 93.85
91.6 92.2 93.37 90.5 86.36
89.91 91 87.38 84.97 84.75
77.64 75.18 62.47 52.04 43.75
41.96 37.05 31.54 32.65 32.96
33.3 36.96 32.26 33.04 30.74
31.06 34.78 35.76 30.57 27.07
28.42 27.93 26.58 28.71 26.45
29.92 28.67 30.12 26.4 24.97
27.02 28.73 30.54 37.08 34.49
34.4 41.76 36.22 35.28 40.72
42.84 46.73 50.02 55.77 62.79
74.05 85.26 91.09 94.18 95.44
95.7 95.27 93.28 87.12 88.26
90.12 90.25 92.89 95.75 94.01
92.22 91.84 85.64 83.2 73.97
78.89 83.14 89.28 91.95 93.09
95.94 97.15 97.19 94.96 91.29
88.1 83 87.19 93.46 94.99
94.69 94.2 92.06 89.83 87.23
89.5 90.32 90.63 91.03 90.94
91.25 81.66 71.58 60.5 52.91
45.36 42.08 39.59 35.84 33.03
35.28 36.81 37.02 36.38 34.66
40.15 37.17 38.28 37.58 42.4
48.76 52.23 58.01 65.55 77.99
72.18 78.24 79.28 79.18 76.29
68.94 63.51 67.73 63.71 68.62
81.14 88.45 92.5 93.4 96.5
97.08 97.65 96.38 95.03 92.33
92.53 95.07 95.24 97.01 95.47
96.13 92.77 89.54 85.13 91.43
91.44 95.28 93.99 95.85 93.82
93.84 94.94 93.59 94.29 94.95
95.47 96.24 96.87 95.44 92.07
91.86 91.69 94.17 93.81 94.05
90.9 87.74 86.49 89.47 89.25
90.39 92.02 85.85 87.33 90
84.15 77.17 86.86 90.52 95.89
96.37 97.56 98.36 98.18 97.72
95.98 94.51 96.04 98.16 98.66
98.7 98.55 98 95.64 93.03
91.16 92.63 94.16 97.4 98.42
98.51 98.54 98.34 98.14 97.3
97.15 96.14 97.7 97.93 98.33
98.01 97.67 97.38 97.14 97.73
97.5 97.58 97.57 96.59 94.51
97.66 96.99 96.73 97.16 93.15
91.97 90.7 88.68 88 91.17
93.04 95.65 95.59 96.63 98.14
97.61 97.6 95.67 95.26 96.66
98.06 98.55 98.31 97.81 97.17
95.76 90.35 88.96 91.94 95.76
97.24 97.86 98.22 98.29 98.28
97.79 97.09 94 92.54 95.39
96.49 97.58 96.12 96.24 94.25
90.27 86.22 78.49 68.87 68.05
74 76.5 72.51 79.79 81.11
83.81 86.86 91.67 94.22 94.36
96.24 97.43 97.9 97.57 97.95
97.04 96.06 96.01 93.14 93.85
91.87 91.64 94.08 93.62 90.85
91.11 96.01 97.18 95.93 96.88
97.6 98.06 97.69 96 95.64
94.33 96.82 98.13 98.22 98.17
97.79 96.55 94.85 94.75 96.12
96.97 97.69 96.85 97.13 95.75
95.71 94.75 95.01 92.45 92.85
94.27 95.52 95.63 94.57 88.75
80.36 77.6 72.8 72.8 73.49
84.1 89.63 89.8 93.62 92.45
94.36 96.19 94.01 93.67 96.14
93.2 93.23 96.35 97.26 97.97
97.32 97.11 98.05 98.25 98.19
96.8 95.41 96.07 97.43 98.35
98.42 98.46 98.37 97.55 94.83
93.95 94.41 95.38 97.8 97.92
98.01 97.67 96.39 95.38 93.2
92.91 92.21 93.98 95.8 96.65
95.58 94.93 90.02 83.86 83.96
84.88 90.77 92.84 94.64 96.48
96.62 96.03 96.49 94.09 93.45
89.62 87.25 81.5 83.57 87.14
91.6 93.62 95.85 93.88 97.13
97.82 97.88 97.39 94.92 93.34
93.75 94.75 97.26 96.99 97.69
95.82 94.78 91.02 84.27 80.21
64.9 49.15 45.3 40.36 42.17
33.27 39.54
