34.11 32.13 30.53 34.5 36.38
38.82 39.08 39.28 37.4 44.26
48.29 48.54 48.13 51.58 54.84
50.3 53.34 54.23 46.75 39.09
45.01 41.68 40.89 40.97 38.24
39.08 33.12 31.44 32.02 31.36
31.57 34.53 33.27 31.59 35.83
30.3 37.06 34.8 34.78 33.11
39.56 29.26 32.72 30.07 28.96
32.28 41.54 32.17 31.86 32.89
34.68 34.92 34.14 34.7 33.38
34.68 34.72 36.05 35.87 35.82
35.91 32.1 31.86 28.4 32.33
29.46 31.46 37.99 39.82 40.77
42.66 45 42.4 45.24 39.02
43.44 43.62 43.58 37.13 35.49
38.23 34.66 35.93 28.79 30.82
31.04 28.72 31.02 28.33 31.57
29.44 29.17 31.75 29.61 28.66
30.58 32.12 30.87 28.29 31.03
30.86 36.85 32.34 33.09 33.49
30.1 36.62 30.89 36.19 29.34
31.8 26.62 32.05 31.55 39.52
34.93 30.76 33.41 30.59 35.3
30.67 38.36 33.37 30.8 38.33
30.9 29.32 30.83 28.49 31.84
26.33 36.42 30.52 25.82 30.24
32.4 29.54 31.77 29.02 32.22
26.64 25.7 30.98 33.19 30.19
34.17 35 36.09 38.57 37.57
40.19 46.2 44.99 43.92 47.84
51.28 47.84 52.99 52.09 45.23
41.67 47.93 44.52 40.03 38
36.69 35.13 35.33 28.16 26.81
29.03 25.46 26.81 24.43 27.67
27.45 25.98 25.09 26.74 27.75
31 28.27 30.25 28.56 28.43
26.33 31.24 32.1 34.05 30.17
30.65 31.68 28.53 29.62 31.44
30.98 31.96 28.58 30.1 27.99
28.11 29.53 27.71 28.57 29.93
29.58 30.58 30.71 29.45 31.87
31.11 34.19 28.18 35.14 29.46
33.32 34.45 33.18 32.23 35.19
38.17 41.97 38.3 40.34 40.56
58.71 55.28 58.27 64.41 66.09
64.54 67.69 73.2 75.17 72.43
72.72 71.99 64.74 61.96 64.43
64.73 53.78 56.07 53.77 49.86
41.81 34.94 34.38 33.67 36.25
36.1 29.4 31.03 34.64 33.25
28.75 32.14 32.65 25.35 28.48
24.29 29.59 32.72 40.06 48.33
56.64 63.1 67.56 78.27 83.24
89.34 76.69 85.33 86.39 92.19
83.43 89.52 83.49 87.96 83.19
83.93 85.23 82.72 86.59 86.25
88.36 90.19 91.72 90.11 87.13
87.22 86.42 79.25 74.07 64.19
60.73 73.57 75.01 81.02 89.11
87.53 91.36 90.81 88.53 84.71
76.72 77.96 87.71 86.98 78.95
78.28 77.6 74.36 81.02 84.42
81.69 87.89 79.09 81.23 72.65
74.63 83.81 82.76 87.42 88.95
91.98 90.65 89.99 84.72 86.69
84.8 87.8 83.28 84.04 88.63
88.87 88.69 91.7 93.07 91.54
90.16 90.81 86.71 78.73 66.59
64.24 63.29 66.63 76.32 79.45
89.18 88.88 92.09 91 91.26
91.3 88.69 86.52 76.87 64.05
52.79 39.54 48.77 38.61 39.22
42.72 36.71 31.93 36.94 33.67
36.32 40.77 36.37 32.78 34.43
38.04 38.39 38.41 34.66 34.33
35.1 34.87 33.76 37.76 36.21
34.22 50.09 43.29 32.55 35.1
34.74 36.57 38.51 39.28 39.45
46.77 34.72 37.15 35.7 26.66
32.25 27.06 33.22 27.66 25.3
30.32 25.09 31.84 28.8 24.91
25.95 25.53 27.08 26.43 27.71
27.52 26.74 26.21 25.91 25.84
22.83 25.2 28.84 27.35 27.26
32.87 30.82 29.45 31.92 32.47
42.31 61.82 65.4 67.88 80.65
74.11 81.6 78.87 79.72 77.25
86.49 73.14 83.49 82.71 81.97
81.87 81.5 81.57 79.94 81.2
81.3 87.19 88.01 89.97 90.19
85.79 88.9 87.39 84.6 79.56
74.05 80.92 79.07 82.59 87.14
90.93 89.64 90.85 87.84 86.15
81.54 75.73 73.23 86.37 87.5
85.26 87.26 82.89 77.53 79.99
85.69 82.05 88.22 82.43 84.32
76.83 71.27 65.47 56.03 50.95
47.84 44.84 56.39 61.5 79.07
81.16 87.53 88.57 88.04 91.59
89.48 90.14 76.84 84.84 86.91
85.36 78.53 83.54 87.48 86.38
83.51 78.61 87.04 84.64 86.5
84.37 87.11 80.97 78.81 73.3
73.03 60.79 67.81 74.97 76.99
76.77 81.6 80.51 84.78 88.86
84.75 86.41 76.84 60.49 53.92
43.21 34.36 32.62 31.49 33.22
30.78 30.94 31.52 31.2 35.21
30.64 34.48 30.78 32.25 31.02
28.22 33.76 28.37 30.86 31.47
33.32 31.92 34.76 37.74 36.85
28.44 46.28 39.55 35.01 36.03
34.59 40.61 40.99 29.94 32.87
34.54 32.8 37.39 39.92 34.16
35.38 34.32 35.37 32.18 31.28
28.81 28.9 27.22 26.08 28.89
25.7 25.91 26.73 23.97 26.09
26.94 26.27 28.09 27.51 26.2
28.97 27.13 30.73 27.73 32.08
31.36 32.78 35.59 30.79 32.97
35.51 29.7 31 29.29 28.48
32.7 28.49 32.26 31.15 29.4
31.94 28.18 32.93 29.09 29.53
29.73 28.68 31.5 32.79 36.68
27.46 28.52 27.89 28.67 30.1
27.99 28.46 29.29 30.94 27.95
30.1 28.16 32.11 30.1 34.66
32.91 35.96 29.02 31.74 35.2
27.18 25.93 34.32 28.49 28.37
25.87 28.11 27.28 28.76 29.34
29.46 34.1 44.27 40.74 39.16
57.07 59.33 59.18 56.3 60.77
64.88 61.14 64.55 63.78 58.07
53.09 50.68 48.32 43.53 43.02
39.42 36.1 31.98 35.01 32.18
29.71 32.13 30.89 30.6 37.96
32.01 28.85 30.63 33.5 33.42
27.47 31.51 29.07 29.05 31
27.9 31.81 32.77 31.66 42.37
36.15 27.04 27.38 28.7 28.56
30.88 34.81 34.19 33.99 33.75
33.56 36.25 36.48 33.63 33.01
33.27 28.69 29.99 27.99 28.75
31.9 32 34.61 34.02 35.6
32.97 32.06 36.12 30.71 33.09
29.67 28.89 30.12 27.25 27.87
26.68 28.56 32.64 28.98 32.06
28.41 26.92 31.01 24.49 25.31
27.98 26.77 26.12 31.7 29.97
33.71 27.78 28.23 29.58 26.96
25.94 26.52 26.83 27.68 27.32
27.75 27.76 26.41 26.53 26.15
30 34.1 40.61 27.43 27.37
25.58 28.95 27.82 34.3 36.88
28.6 32.27 31.34 27.02 29.6
29.08 31.82 31.82 36.08 33.44
49.13 38.54 32.43 38.64 30.55
30.57 38.82 33.25 38.17 47.59
33.83 28.7 33.29 27.61 33.05
33.86 38.34 32.05 33.84 33.33
30.39 32.91 32.78 32.7 26.35
28.01 28.43 35.59 33.83 35.87
32.23 30.02 37.91 37.28 31.07
32.87 28.14 30.81 31.38 34.88
37.47 28.3 29.39 29.69 30.45
30.62 31.33 34.27 33.98 36.45
35.03 32.15 33.57 28.43 34.67
33.33 37.79 31.67 30.48 31.75
33.85 33.51 32.84 36.31 33.94
32.63 33.92 34.95 30.2 33.46
34.25 31.51 30.95 28.71 27.57
29.08 29.66 30.16 31.21 29.2
33.67 27.75 36.18 31.21 37.51
31.66 32.2 33.53 35.64 32.14
31.37 31.11 28.53 29.57 28.66
26.97 26.93 26.01 30.13 26.45
29.33 30.28 27.5 27.26 25.1
26.67 21.87 26.29 23.05 23.4
24.51 23.85 24.63 26.03 25.7
27.05 25.41 30.81 30.21 40.8
40.96 40.41 43.03 50.26 48.67
55.34 56.09 51.1 51.49 55.04
48.59 48.6 48.97 49.95 46.21
44.59 45.87 38.29 33.55 35.7
35.35 29.42 34.1 28.91 35.19
28.78 35.84 29.17 30.97 34.88
34.08 29.17 34.32 38.16 48.35
50.8 61.5 68.6 66.82 77.09
72.18 79.25 72.69 73.34 83.47
80.29 69.97 77.37 74.14 80.44
82.05 80.64 83.76 83.28 82.62
88.72 88.64 90.93 88.83 87.25
83.02 87.03 88.33 83.11 80.28
73 82.8 82.73 83.22 81.92
88.07 84.52 87.84 81.54 85.32
78.08 66.86 70.78 81.81 84.19
75.61 66.41 70.14 77.02 74.49
84.38 82.31 83.74 87.81 84.28
81.86 81.31 73.02 79.52 80.17
88.25 88.5 91.73 91.54 91.12
91.65 87.26 87.71 89 88.63
83.1 86.06 88.9 86.69 79.08
76.34 83.58 78.07 86.49 81.68
83.68 79.25 72.81 78.88 76.09
59.4 71.36 76.11 76.48 75.95
77.2 73.91 83 84.06 81.87
85.53 76.88 61.45 53.02 41.35
41.23 39.42 29.28 37.22 32.19
30.48 30.32 30.21 30.57 33.5
29.27 37.6 30.32 33.66 31.3
34.62 31.2 31.53 30.02 35.47
31.88 35.21 37.52 31.1 33.84
40.81 32.95 44.36 55.37 71.75
74.52 75.2 81.13 77.9 85.42
78.75 79.69 87.04 88.18 85.35
91.74 87.04 90.17 89.13 85.23
84.75 80.88 86.48 88.3 92.48
92.36 92.88 90.77 87.72 85.63
83.71 78.99 72.06 68.19 77.15
74.91 75.12 81.13 88.36 87.2
91.66 93.03 94.49 91.67 86.89
87.07 87.68 87.82 84.43 79.58
82.56 78.94 84.99 86.3 83.14
84.56 79.08 77.68 73.09 55.93
72.2 68.89 79.28 84.66 90.13
92.31 91.43 93.81 91.71 89.91
90.83 91.08 86.39 90.64 93.11
92.72 93.62 95.58 95.8 94.87
92.61 92.4 89.5 87.03 78.03
81.93 83.26 83 88.06 84.24
92.75 91.47 94.23 94.69 94.87
95.24 91.25 91.48 83.29 70.66
66.32 64.1 61.56 74.48 76.21
83.77 90.63 86.91 89.8 83.83
87.41 90.83 92.88 90.33 92.39
89.34 91.55 90.76 90.43 91.87
89.17 90.72 91.93 92.71 92.46
93.34 93.11 90.03 90.27 89.26
84.71 80.79 79.61 83.66 83.91
87.47 86.77 89.36 88.43 91.11
90.72 92.14 89.39 80.36 84.96
81.61 82.41 66.68 55.94 60.66
60.32 73.28 86.44 86.87 86.13
86.75 84.21 82.19 73.7 68.92
73.32 78.21 87.71 89.8 92.27
92.26 91.65 91.93 89.93 91.48
91.31 91.21 90.77 90.94 91.76
93.62 93.65 95.09 94.69 93.64
93.28 91.67 92.29 90.06 86.32
86.29 80.21 86.15 90.61 90.91
92.43 90.72 93.02 93.99 94.17
95.11 93.99 92.02 88.59 76.23
62.31 50.37 52.64 46.52 41.71
41.35 51.81 51.81 53.64 50.72
46.03 46.53 48.36 39.67 43.73
41.41 37.42 38.97 34.2 31.27
37.35 35.42 31.08 38.03 40.2
36.58 35.03 42.45 36.54 37.85
38.12 37.45 34.92 35.16 35.95
34.18 32.19 32.98 34.7 30.04
32.15 30.84 31.57 26.92 28.33
30.73 30.67 27.63 31.92 30.88
32.62 33.19 33.53 37.43 30.45
