47.22 59.52 59.85 56.12 59.81
59.8 58.75 62.15 64.36 61.75
64.17 59.13 61.05 56.62 58.19
53.19 50.01 50.03 53.99 44.19
52.49 38.53 45.47 38.28 40.88
44.25 40.75 40.93 38.31 42.2
41.11 37.77 44.2 35.72 46.18
36.13 39.2 32.66 37.13 37.36
38.7 37.3 42.37 42.75 44.49
43.35 45.12 44.43 44.64 45.76
41.71 44.35 41.58 42.66 41.16
42.15 43.37 45.16 41.43 41.13
38.45 38.79 35.95 33.32 37.05
32.83 37.32 38.73 38.36 35.73
36.66 40.06 35.39 38.23 33.66
32.47 35.68 34.67 36.94 39.98
40.05 42.08 40.43 40.23 41.29
39.52 38.41 34 35.25 35.74
36.35 37.56 39.68 40.69 39.18
41.66 42.07 35.86 33.68 37.67
35.98 36.98 37.71 34.45 36.18
41 41.97 39.83 41.99 37.62
39.62 37.03 35.34 38.52 36.4
41.07 38.77 42.89 41.35 41.36
42.68 41.13 41 41.71 40.76
43.18 38.28 42.8 55.92 47.75
44.46 49.19 52.01 37.11 40.67
39.93 38.61 37.97 37.27 41.09
42.7 43.67 45.59 39.74 38.59
39.9 42.85 42.55 45.99 49.36
47.8 50.01 49.71 53.76 54
59.85 58.65 66.03 74.06 74.87
74.26 80.31 78.79 81.68 86.1
88.31 90.16 92.42 93.13 90.87
91.54 89.94 89.3 86.97 84.48
85.59 87.67 88.52 90.12 90.24
91 90.22 91.84 90.93 89.94
90.38 89.81 88.83 88.71 89.16
91.65 91.37 86.8 88 89.68
89.31 88.54 87.1 83.99 80.72
79.63 75.8 77.22 72.61 78.59
80.76 84.26 86.75 91.02 91.31
92.61 91.69 90.97 92.09 89.9
88.21 89.62 90.9 90.71 90.4
91.44 91.57 91.49 92.01 91.49
88.7 91.9 88.28 88.44 87.38
84.43 85 85.24 88.06 90.83
91.48 92 92.7 91.92 88.53
84.9 80.41 71.92 73.25 74.47
77.68 77.52 73.31 74.78 71.36
67.57 66.34 61.33 59.57 55.79
50.4 51.57 51.67 55.33 56.34
64.37 71.4 80.46 89.35 91.44
92.32 91.91 90.76 88.52 88.66
86.27 86.04 85.43 86.67 88.39
89.46 90.23 89.05 89.88 91.16
90.54 88.74 89.57 90.31 89.9
87.39 87.63 90.08 91.53 90.7
90.69 91.54 90.69 90.82 89.88
89.13 86.8 81.84 84.12 84.64
81.93 81.72 85.37 87.12 86.36
91.5 91.69 92.69 92.54 91.11
91.36 88.45 87.03 87.24 87.16
87.69 88.55 87.39 88.16 89.5
89.17 87.42 87.09 87.39 87.85
84.8 87.28 86.53 83.64 82.26
81.4 84.37 87.52 89.15 89.49
91.27 89.55 87.09 84.57 78.82
73.87 70.47 67.82 68.15 67.45
73.63 75.79 79.88 82.25 81.13
77.26 69.83 58.03 47.99 40.28
43.61 33.85 40.96 37.4 43.34
37.18 48.02 53.73 54.12 67.04
60.29 60.9 70.97 67.98 69.37
72.65 72.39 72.32 65.59 66.92
62.81 61.3 51.94 56.22 47.83
50.26 52.36 58.4 58.65 53.63
54.43 55.84 56.8 55.9 57.59
56.5 57.43 56.79 53.74 53.83
53.84 49.46 48.26 44.82 48.67
43.21 37.81 40.32 44.63 39.95
37.61 39.59 46.03 42.97 47.68
47.23 45.57 46.35 38.97 45.44
40.32 37.84 40.25 44.16 41.08
40.51 36.69 35.9 38.65 43.57
40.21 40.06 42.87 42.52 47.31
44.6 48.47 49.07 49.54 53.66
64.93 49.5 47.78 38.3
