28.63 31.79 47.53 34.6 30.14
31.01 36.5 32.25 30.53 30.28
28.91 26.91 27.02 26.69 29.19
27.25 30.06 26.89 26.79 28.31
26.14 28.4 27.1 25.23 26.38
23.66 25.08 26.06 24.65 25.87
24.87 28.63 28.05 29.19 27.58
28.22 26.97 32.32 31.07 29.34
35.18 46.12 39.99 55.79 33.54
34.48 33.7 33.75 34.43 30.13
28.44 30.4 33.96 29.72 34.82
30.57 32.03 30.39 30.88 33.99
28.87 28.04 30.92 39.02 25.26
30.93 30.27 30.9 29.1 25.07
29.26 36.9 26.2 28.37 27.02
27.77 24.87 25.18 27.36 24.4
25.53 23.52 21.89 23.21 26.25
24.41 22.33 23.48 25.37 28.39
29.49 34.58 34.26 34.38 35.26
37.29 38.02 33.71 35.41 37.01
39.12 32.67 36.2 42.07 39.11
33.37 29.64 31.54 28.46 22.99
27.66 25.46 24.98 26.92 25.3
25.06 30.47 29.06 26.7 24.74
26.26 25.58 27.65 25.23 24.34
24.13 22.3 22.39 29.2 22.99
25.08 25.17 22.91 26.76 22.77
24.95 24.02 24.15 29.96 28.08
26.41 25.78 28.34 26.74 26.86
25.64 22.73 28.6 26.43 23.47
29.07 26 32.91 35.73 34.5
32.39 36.2 35.22 29.67 34.23
33.98 32.13 28.17 27.91 29.64
26.61 25.78 25.9 26.91 28.96
26.2 26.23 26.29 27.19 26.14
28 29.67 27.58 34.15 36.18
38.19 49.28 55.75 53.11 58.82
63.41 60.26 60.58 69.7 68.69
67.61 67.74 72.45 68.92 67.96
70.92 68.42 64.2 60.19 57.53
51.77 48.61 51.51 50.39 50.43
48.64 46.35 48.18 40.7 38.93
32.57 33.84 31.47 33.98 31.83
29.19 29.78 28.54 25.92 32.34
34.57 26.09 31.38 26.37 28.5
28.3 38.93 32.09 28.34 27.7
29.72 32.24 33.95 30.8 31.85
36.71 39.34 47.14 41.09 53.34
55.12 56.77 59.82 71.51 79.82
83.45 88.35 90.49 88.9 90.76
93.37 92.61 95.59 97 98.08
98.2 98.13 96.87 95.12 92.1
89.65 90.82 93.16 95.59 95.71
97.4 96.99 95.97 94.06 91.47
90.43 91.91 89.84 89.93 92.29
93.75 93.75 93.32 94.98 94.17
95.37 96.18 94.35 95.32 95.22
94.75 93.2 94.16 93.25 91.11
91.71 92.45 91.51 93.54 93.02
95.31 95.35 96.44 96.17 94.84
91.08 84.49 85.5 92.47 96.12
97.59 98.21 98.34 97.97 95.38
95.28 92.45 94.85 96.96 97.44
98.6 98.5 98.28 97.1 96.18
92.47 89.35 85.7 92.35 92.77
94.63 93.38 94.68 96.69 97.53
95.55 97.13 98.51 98.19 98.42
98.32 98.45 98.38 97.81 96.53
96.12 95.94 93.32 91.43 93.08
92.61 90.69 89.65 93.13 92.33
90.64 90.64 93.15 90.96 90.25
89.5 87.26 88.22 91.48 91.07
93.51 91.85 88.79 87.86 89.93
86.31 86.54 89.57 90.63 92.17
95.16 96.2 96.25 96.86 97.71
96.95 95.42 95.67 95.58 93.69
92.78 94.58 95.9 96.2 96.11
95.36 95.77 95.36 96.41 95.48
95.96 94.83 96.61 96.5 96.21
95.06 94.16 95.14 96.61 96.69
95.8 96.79 97.49 96.96 97.05
97.47 96.94 96.6 95.93 94.61
93.36 93.57 93.25 94.18 95.21
95.95 97.52 98.02 97.96 97.98
96.9 95.36 91.02 92.47 95.9
97.06 97.04 96.87 96.55 97.4
95.22 94.29 90.44 88.86 92.12
91.62 93.13 94.6 95.24 96.95
97.8 96.89 97.78 97.57 96.83
95.99 96.53 95.37 93.83 92.23
91.46 86.98 85.53 85.97 88.86
88.5 86.3 88.91 93.72 94.03
94.64 92.64 94.1 94.11 95.86
97.4 96.71 96.07 95.44 94.32
92.71 91 87.83 92.38 95.53
95.52 96.88 97.36 96.94 95.79
95.45 93.54 86.99 84.02 86.07
90.6 92.6 95.66 96.79 97.8
97.74 98.16 97.68 96.59 94.93
93.68 90.74 93.39 93.9 95.73
96.52 96.69 96.91 97.09 97.54
97.65 97.31 97.22 97.69 97.87
96.37 96.87 97.08 95.86 95.76
96.34 95.31 94.64 95.52 94.25
94.99 95.28 96.24 94.87 94.65
95.2 94.77 93.97 92.47 93.25
94.58 95.86 95.6 94.88 94.25
94.14 95.26 93.62 94.17 90.35
91.41 94.96 95.16 97.35 97.71
98.15 97.91 97.36 95.11 92.51
89.8 88.89 90.83 96 97.13
97.18 97.09 96.74 95.33 95.02
94.84 92.22 93.17 95.42 92.93
95.69 92.12 92.12 94.82 95.14
92.81 92.92 95.99 95.66 94.65
95.39 96.78 95.27 93.72 95.12
95.31 93.35 94.13 94.02 91.86
89.49 82.38 86.79 88.44 86.66
87.93 90.21 94.44 94.6 94.58
94.08 93.29 91.76 91.44 92.48
94.67 95.43 95.97 96.04 96.64
96.33 96.18 94.98 91.86 93.55
95.76 97.35 97.88 97.87 97.16
96.39 94.07 93.81 92.49 90.38
86.23 89.21 90.11 90.29 89.86
89.12 88.67 91.82 92.75 93.13
92.31 95.55 96.32 94.98 95.68
97.04 96.44 94.54 95.81 95.55
93.89 93.43 95.25 95.44 95.54
93.6 88.24 84.91 86.23 93.14
94.05 89.01
