38.43 28.27 35.39 33.7 35.69
31.64 32.44 35.71 32.66 33.67
32.54 31.45 32.43 33.46 36.92
34.93 34.59 34.33 29 29.22
28.37 27.72 29.53 26.8 30.01
28.01 28.47 31.34 28.01 35.56
34.27 35.53 35.51 32.64 31.48
40.42 38.26 38.99 53.43 75.32
85.51 88.32 91.77 89.69 93.82
93.63 95.95 95.75 96.39 95.83
94.02 94.8 96.84 96.08 95.17
89.33 94.3 95.58 92.59 89.92
91.7 90.69 89.33 85.93 86.22
80.48 82.31 83.24 84.9 85.13
87.12 85.63 85.98 82.45 78.96
68.45 54.45 40.34 32.94 31.53
29.22 29.46 33.42 27.86 33.06
29.3 28.51 25.03 31.31 27.91
29.41 33.09 39.29 35.69 33.35
42.53 36.74 36.09 35.76 40.36
38.61 34.68 35.56 28.04 30.78
33.91 28.77 30.69 35.46 34.02
45.44 47.24 49.33 52.86 56.67
58.54 63.83 65.96 66.27 69.99
72.63 71.26 72.95 78.12 77.59
72.34 72.74 76.26 80.74 84.3
86.74 89.62 88.58 90.56 89.46
90.71 88.64 87.61 88.89 89.25
86.1 88.25 90.27 88.04 84.43
83.24 85.44 81.33 75.78 76.86
73.31 64.04 59.03 56.71 50.05
51.33 56.88 67.66 80.69 83.68
86.56 89.23 92.55 94.18 96.15
98.09 98.32 98.63 98.62 98.42
98.31 97.61 97.73 97.07 95.85
96.05 95.29 94.72 92.45 91.61
87.91 84.96 81.12 76.66 74.48
83.17 87.78 91.73 93.23 95.25
94.94 94.12 95.84 96.87 95.08
95.56 96.46 94.8 96.67 98.39
98.64 98.71 98.61 98.29 98.07
98 97.59 97.83 97.58 97.4
97.29 97.57 97.94 97.08 96.24
96.63 96.64 94.22 93.97 95.32
93.54 91.48 92.69 93.64 90.84
89.13 92.02 93.96 96.66 98.05
98.3 98.4 98.04 96.42 95.43
96.46 96.3 95.32 93.91 91.93
92.99 94.46 92.72 91.23 91.52
89.51 88.79 84.78 83.31 73.65
76.54 77.17 72.25 76.08 78.89
81.08 79.44 79.82 80.72 76.69
70.94 61.74 60.66 54.03 51.8
50 46.9 47.33 49.48 44.71
54.51 62.55 79 88.3 89.51
91.81 92.3 92.09 93.05 92.82
93.48 91.51 90.63 91.56 92.27
92.32 93.27 93.4 94.44 94.72
93.59 92.04 93.84 93.61 91.18
89.19 91.48 90.75 87.59 83.14
79.17 82.12 89.55 91.46 91.51
91.54 89.83 89.47 89.08 90.12
92.35 91.74 93.09 92.76 94.72
94.39 94.1 93.82 93.31 94.61
94.3 93.09 89.39 87.65 90.78
89.81 91.42 92.3 93.47 93.18
94.09 92.67 91.5 90.67 88.7
89.25 88.61 91.65 90.35 91.12
89.65 90.93 89.08 85.87 85.66
87.18 86.59 80.56 78.58 74.56
72.81 78.98 88.92 91.54 93.79
93.78 94.49 93.97 94.86 93.96
93.01 91.37 90.64 92.17 92.94
93.53 94.08 94.18 94.74 95.28
94.34 92.46 94.83 93.75 90.96
89.42 87.55 80.06 66.21 54.77
40.08 35.39 28.26 33.22 34.63
39.82 39.25 36.86 37.95 37.04
38.96 44.88 41.15 49.35 39.1
