77.66 81.66 82.94 90.49 94.07
96.7 97.28 97.87 95.98 92.3
91.87 88.59 91.01 92.52 92.45
92.68 93.63 91.86 92.47 95.49
97.16 97.8 98.58 98.44 97.93
98.16 97.07 97.36 95.13 96.2
97.65 96.51 95.42 95.14 93.55
95.27 92.57 91.27 93.69 94.81
93.39 95.27 95.79 92.64 92.02
95.18 95.79 95.74 96.56 96.49
95.57 96.03 96.65 96.82 96.78
97.36 96.71 96.31 97.44 96.29
95.77 93.1 93.66 97.21 97.99
97.84 97.62 97.11 96.74 96.48
94.6 92.69 96.88 97.8 98.28
98.41 98.55 98.6 98.39 96.83
88.23 90.46 92.91 94.85 95.66
96.84 97.65 97.39 95.88 96.52
96.93 97.85 97.03 98.09 98.65
98.12 96.98 98.31 98.16 96.02
95.86 97.5 97.54 95.6 91.72
90.55 89.6 94.21 96.23 97.71
98.53 98.23 98.25 98.05 96.91
95.25 94.5 93.49 95.89 97.79
98.59 98.6 98.69 98.78 98.76
98.69 98.52 98.37 97.76 97.25
96.6 95.79 95.54 94.98 92.63
89.17 88.88 85.32 79.01 70.71
64.58 61.29 65.37 66.03 75.42
83.15 91.21 95.43 97.67 97.89
98.39 97.31 97.66 96.7 97.12
94.93 90.66 82.61 82.68 85.1
87.85 88.61 93.6 94.32 95.16
95.86 97.1 97.76 97.83 98.56
98.68 98.61 98.72 98.85 98.79
98.69 98.86 98.91 98.65 98.81
98.92 98.76 98.53 98.86 98.79
98.34 98.56 97.68 94.55 96.12
98.29 98.6 98.71 98.85 98.81
98.81 98.9 98.92 98.84 98.89
98.93 98.9 98.85 98.88 98.85
98.79 98.64 98.66 98.46 98.7
98.69 98.77 98.87 98.88 98.84
98.77 98.18 98.08 98.74 98.88
98.27 98.35 98.44 98.21 98.84
98.84 98.89 98.93 98.9 98.77
98.85 98.74 98.3 98.09 97.95
97.05 98.52 98.42 98.88 98.95
98.94 98.95 98.96 98.94 98.91
98.8 98.28 97.52 95.57 94.27
96.75 94.53 96.13 98.73 98.86
98.95 98.96 98.98 98.95 98.91
98.87 98.9 98.79 98.67 98.58
98.39 98.2 98.08 98.11 97.31
97.72 97.27 96.19 94.48 92.09
91.87 97.28 95.88 96.39 97.99
98.24 98.19 98.56 98.8 98.85
98.91 98.96 98.96 98.96 98.97
98.97 98.93 98.96 98.95 98.88
98.88 98.84 98.81 98.51 98.06
97.3 98.38 97.59 98.06 98.79
98.9 98.94 98.97 98.97 98.95
98.95 98.95 98.89 98.77 98.72
98.37 98 96.24 96.54 96.89
98.27 98.51 98.59 98.4 98.6
98.76 98.8 98.71 98.73 98.86
98.83 98.64 98.59 98.8 98.88
98.92 98.87 98.81 98.35 98.62
98.57 98.02 98.43 98.69 98.79
98.79 98.95 98.95 98.96 98.97
98.95 98.95 98.95 98.93 98.92
98.91 98.78 98.62 98.71 98.59
97.96 98.78 98.33 98.82 98.93
98.9 98.95 98.93 98.83 98.43
98.03 96.36 94.22 97.27 98.08
97.08 97.16 97.15 98.24 98.06
97.63 98.25 98.72 98.86 98.85
98.9 98.83 98.77 98.14 98.15
97.48 97.76 98.43 98.48 98.47
98.61 98.77 98.64 98.54 98.63
98.68 98.12 98.11 98.61 98.34
98.75 98.81 98.85 98.69 98.68
98.59 97.94 98.24 97.53 97.97
96.46 96.31 97.47 97.69 97.15
97.89 98.5 98.26 98.67 98.32
98.52 98.78 98.77 98.79 98.84
98.58 98.44 97.78 95.67 95.53
91.52 93.74 94.03 94.71 97.35
97.64 98.68 98.7 98.66 98.8
98.83 98.89 98.92 98.8 98.73
98.86 98.62 98.16 97.83 96.36
98.14 97.1 98.24 98.65 98.83
98.93 98.92 98.93 98.85 98.82
98.58 98.45 98.61 98.61 97.94
96.28 93.5 93.12 96.39 98.31
98.52 98.66 98.77 98.83 98.94
98.89 98.91 98.92 98.85 98.67
98.63 98.41 97.42 94.96 95.47
95.16 95.05 96.54 95.22 96.35
97.55 96.05 93.87 95.37 96.66
93.6 87.62 69.88 54.55 41.84
36.39 37.76 32.94 32.62 34.77
30.8 30.17 33.27 28.14 30.76
35.71 36.17 36.96 36.45 40.8
45.27 51.6 49.77
