72.2 80.43 83.64 85.78 84.56
88.33 90 83.57 86.86 87.05
87.19 79.34 77.65 78.87 76.01
70.33 67.38 63.32 60.53 58.58
55.54 59.97 62.66 62.2 58.19
57.79 59.79 55.8 55.08 53.43
59.15 67.6 74.02 82.53 86.91
88.46 88.67 88.2 90.2 90.59
87.83 88.15 88.72 88.3 85.28
85.89 84.83 78.63 77.64 74.74
58.73 60.32 57.79 61.14 60.24
63.77 63.68 70.14 75.96 79.46
83.6 85.5 91.05 91.36 90.12
89.69 90.63 89.2 86.15 86.61
84.52 83.68 84.27 86.79 90.37
92.58 92.54 94.08 93.95 93.58
91.38 86.78 81.42 81.71 84.38
89.01 93 93.03 92.79 90.23
87.19 78.88 70.18 67.46 61.09
67.67 68.93 77.51 80.65 85.56
85.21 86.47 89.79 88.87 88.61
87.75 83.66 84.73 86.75 90.22
91.52 90.91 90.38 93.17 92.83
90.55 90.18 92.81 94.21 93.97
93.06 91.81 89.26 90.31 90.28
86.55 85.68 89.14 86.94 85.06
81.66 75.22 78.75 83.5 89.22
90.44 89.13 85.92 87.7 92.18
93.65 93.93 94.5 94.02 94.29
93.46 92.04 89.59 84.85 75.81
67.44 61.97 58.86 55.97 54.52
63.48 59.06 78.12 86.3 88.32
89.7 91.41 93.15 94.01 93.77
94.88 93.29 93.42 92.44 92.74
93.06 93.43 93.38 92.36 90.89
91.01 91.99 90.18 88.45 88.83
90.15 85.62 81.69 67.89 69.83
82.64 86.58 90.06 90.89 93.31
92.04 92.67 93.15 94.4 94.03
94.26 94.61 94.03 92.39 91.89
89.72 87.44 87.46 86.32 83.92
83.1 85.35 85.67 90.36 89.04
90.88 88.5 89.47 86.88 88.97
88.3 89.66 88.94 90.02 91.09
91.73 89.35 89.47 90.24 87.74
86.39 85.55 88.04 84.38 85.28
87.07 87.45 89.22 89.55 87.8
88.34 87.9 85.82 85.75 85.57
83.13 84.1 81.12 77.02 81.44
83.02 80.95 80.03 80.42 80.07
77.32 69.25 68.83 68 60.52
68.82 64.12 68.22 70.39 71.4
70.49 75.87 79.11 77.37 76.06
79.62 82.91 80.08 80.46 80.74
80.53 76.41 72.98 63.05 60.55
59.74 56.88 52.6 48.66 48.28
57.73 50.93 51.81 49.22 52.76
49.75 47.56 48.27 52.63 49.84
58.1 51.52 54.72 58.65 51
52.48 59.77 57.27 65.3 66.39
73.73 73.67 69.25 73.54 74.07
72.89 77.89 74.51 75.16 80.61
77.15 70.02 69.71 67.73 56.25
55.45 51.92 49.25 44.72 43.85
42.79 40.89 40.84 28.17 35.74
30.56 31.37 34.14 35.24 47.56
51.73 65.1 74.9 83.11 87.59
90.17 89.19 88.17 87.03 85.53
77.83 75.69 64.13 66 57.5
64.85 73.52 77.51 84.63 84.81
90.57 90.06 89.6 89.56 88.12
86.5 80.17 74.17 73.18 76.09
77.74 83.64 87.88 87.99 89.3
88.7 87.59 84.66 79.24 65.66
57.52 47.94 45.57 43 39.5
35.48 31.89 36.57 30.87 28.48
26.32 31.59 29.85 30.48 29.78
34.75 34.98 38.88 44.25 53.8
56.82 70 83.8 87.92 87.38
85.62 87.18 85.9 86.75 87.63
88.78 87.73 87.86 90.4 89.43
90.17 89.29 88.95 88.54 88.09
87.69 85.77 82.8 83.91 82.16
79.44 74.52 75.65 72.58 75.05
78.8 83.5 85.29 85.27 86.34
80.71 78.09 64.35 51.4 37.33
31.97 27.68 32.26 26.47 32.42
31.73 26.92 40.14 35.71 35.38
33.78 30.94 31.22 27.82 31.44
30.84 26.3 32.73 28.28 33.37
29.16 35.39 33.34 41.46 37.4
36.39 41.99 30.93 37.63 36.08
37.99 36.62 39.16 48.56 37.81
33.02 35.77 35.15 45.99 30.76
37.01 37.05 37.57 33.98 31.56
35.05 35.99 36.23 33.81 35.69
32.33 33.47 31.82 33.5 35.06
32.09 32.71 31.33 38.23 38.1
31.93 30.82 35.79 35.76 43.49
42.38 36.17 43.61 37.54 35.09
38.04 36.47 32.5 39.97 37.43
33.05 35.78 38.09 33.92 42.77
30.7 38.68 30.19 34.48 29.15
31.96 32.77 36.26 30.33 39.93
34.2 34.91 41.86 34.03 46.81
35.83 36.88 38.59 39.3 39.56
36.36 33.67 34.74 30.01 33.22
28.35 30.93 31.32 27.89 30.77
30.45 35.42 31.2 35.4 31.94
33.77 34.4 33.09 35.48 34.41
33.55 33.41 34.94 31.16 29
31.17 27.11 29.38 31.06 32.63
27.79 31.23 33.33 26.26 34.12
29.37 35.69 28.51 32.82 30.85
31.12 33.79 26.99 35.43 27.63
34.92 32.41 26.93 34.15 27.78
34.32 28.39 31.55 31.6 29.31
36.32 29.7 32.99 27.79 31.06
32.74 33.91 26.74 28.15 31.8
32.6 25.24 29.25 27.46 29.89
24.24 28.69 24.52 32.55 26.7
24.77 30.15 28.69 30.27 23.81
33.43 27.82 28.88 29.02 31.6
26.97 32.69 30.86 25.04 30.27
31.48 23.82 28.76 24.45 33.67
30.15 29.09 29.41 25.24 28.39
25.83 27.66 28.07 26.39 26.19
29.37 29.65 31.25 26.88 29.71
32.55 24.6 27.99 30.12 30.88
29.83 29.37 34.72 31.22 32.33
35.74 32.62 36.34 33.63 30.2
29.28 28.55 38.81 33.42 32.86
39.55 32.34 32.62 33.59 32.1
32.12 31.81 33.33 26.94 34.45
27.2 27.71 26.71 25.79 23.65
23.51 25.8 26.71 26.01 26.17
25.59 26.16 28.74 32.18 44.05
40.55 44.32 38.1 32.91 38.47
29.56 27.17 29.9 28.33 28.23
26.6 23.93 25.99 25.05 27.19
25.73 31.95 30.41 29.27 31.07
32.9 30.21 33.58 33.62 33.11
31.36 30.21 31.67 30.25 29.66
30.67 31.02 29.85 29.95 29.72
33.89 32.39 37.58 40.95 43.71
42.16 52.11 61.75 64.97 65.01
66.97 67.89 71.49 68.28 69.79
70.85 72.43 72.19 74.28 73.46
74.83 72.75 70.1 70.47 73.27
68 66.73 67.71 67.1 64.14
62.76 59.32 55.59 52.85 51.16
49.24 49.91 48.37 44 44.37
37.01 31.64 38.65 38.42 39.81
43.94 43.81 42.55 40.96 48.3
40.79 44.64 48.21 52.74 50.63
58.21 49.67 47.61 49.56
