42.2 48.43 39.8 54.63 39.32
53.8 38.77 54.6 37.29 48.71
39.1 47.18 35.45 50.76 39.02
41.15 41.13 39.53 38.98 39.2
43.11 36.93 40.64 39.87 41.26
37.41 35.28 49.56 35.71 59.16
45.28 33.66 54.2 44.31 35.12
41.59 40.33 42.57 36.4 38.67
39.92 37.73 41.67 34.13 32
35.18 31.14 35.52 28.57 42.57
30.81 34.82 34 27.5 37.09
35.21 38.71 38.1 39.23 35.41
32.72 41.07 34.74 45.38 37.17
43.52 40.89 30.57 43.39 34.65
35.98 34.37 37.43 33.01 36.27
40.93 33.05 32.2 32.99 30.49
35.01 32.51 30.04 36.07 30.79
34.46 33.44 27.86 31.93 30.79
25.98 31.99 32.82 37.19 36.78
33.62 33.76 41.76 42.4 41.16
42.05 47.32 45.2 43.99 54.12
56.6 56.82 58.24 62.43 56.84
56.74 55.18 51.85 51.42 44.7
48.21 49.22 47.52 42.73 34.27
30.18 36.4 37.87 38.08 31.95
36.51 35.51 43.61 42.18 35.01
39.61 33.92 38.72 36.28 35.86
36.96 28.54 35.95 35.16 36.71
35.5 36.21 37.05 36.69 36.15
35.88 34.51 31.13 37.22 34.07
32.74 34.08 31.71 33.57 35.75
38.31 42.16 40.03 40.77 38.38
44.52 37.23 42.15 45.03 46.88
45.02 43.5 39.23 48.49 43.01
44.75 40.36 44.61 38.52 39.17
37.35 38.32 36.07 34.8 35.27
31.67 35.75 36.32 33.6 38.68
39.84 41 41.75 46.05 39.67
42.71 47.62 40.78 42.68 41.02
38.98 50.5 37.68 32.6 35.29
33.08 34.75 35.73 33.85 34.4
30.96 37.03 28.72 33.93 33.23
27.21 38.02 31.09 35.05 32.66
36.19 35.56 40.47 37.2 34.51
28.97 34.48 31.41 35.82 30.88
32.27 30.49 38.4 35.28 37.31
38.37 36.26 34.15 29.26 33.55
39.93 38.49 35.04 39.13 37.06
32.14 35.28 39.28 47.97 42.47
38.53 36.01 39.55 30.16 29.34
33.95 31.73 34.78 44.26 38.53
51.39 49.07 57.8 65.14 78.8
82.24 86.24 90.07 87.36 87.82
90.81 88.61 89.55 86.12 84.36
80.24 81.58 79.67 80.02 84.02
80.96 83.13 84.18 82.44 84.44
86.49 88.23 88.85 88.26 89.34
90.51 90.48 91 91.57 91.45
91.22 91.25 89.29 88.79 88.98
85.11 83.84 80.98 82.27 81.88
84.3 85.77 88.53 88.98 87.3
85.56 82.12 81.69 84.34 81.99
84.93 85.66 86.82 85.11 84.44
84.71 84.37 86.19 87.27 85.81
84.81 88.38 88.32 85.52 87.1
88.05 87.88 86.45 86.6 87.33
86.3 85.13 84.56 85.23 82.77
81.15 76.04 78.42 76.45 68.39
70.96 73.79 81.47 80.67 85.15
84.16 83.68 81.09 80.9 79.97
77.68 80.04 78.36 73.37 68.98
60.22 55.37 46.98 37.39 32.51
44.98 43.22 40.4 44.08 40.81
48.84 55.15 56.67 61.66 73.32
80.96 86.5 85.91 88.08 87.03
86.71 86.87 87.6 86.85 87.58
88.52 88.83 87.83 86.36 84.39
81.26 83.38 82.35 85.68 87.31
83.93 82.45 79.88 80.48 83.97
83.69 81.27 79.06 79.03 76.06
71.29 61.6 68.99 67.78 71.85
73.52 75.29 77.53 82.55 81.68
76.89 80.14 76.09 71.37 65.93
68.29 70.93 77.21 82.45 85.62
86.92 88.01 88.71 88.3 86.94
85.05 83.21 82.15 85.08 84.95
86.16 83.74 77.23 78.23 73.83
84.03 85.41 87.17 86.43 87.09
86.25 83.43 79.99 84.23 83.13
86 88.56 88.97 88.66 87.38
84.14 82.8 85.32 85.21 86.48
84.25 77.19 67.92 68.9 67.91
64.12 62.85 64.38 77.73 81.94
79.03 78.32 77.47 74.22 77.84
74.12 75.05 77.74 82.11 80
77.07 77.67 74.54 73.81 75.76
80.68 83.46 84.92 86.73 87.02
85.25 85.27 87.58 86.75 85.76
85.36 87.2 85.11 84.65 85.28
84.33 83.77 84.78 87.01 85.75
83.43 87.74 91.36 90.92 90.66
94.79 95.72 94.43 95.95 95.86
96.28 95.38 95.65 95.11 94.65
95.32 94.61 93.82 93.22 93.31
92.48 91.97 90.08 89.95 91.57
90.76 90.07 89.59 89.48 88.45
85.22 80.6 80.46 76.89 71.43
69.21 64.98 62.13 54.99 51.98
51.54 46.83
