41.74 49.46 53.62 49.53 48.57
43.5 42.42 35.52 36.27 34.47
34.59 28.96 29.86 26.68 27.34
26.89 26.34 25.56 27.73 29.23
36.91 40.75 33.45 30.35 42.44
34.41 35.5 34.34 47 50.44
54.2 51.1 51.52 53.8 51.57
42.19 38.65 39.81 42.99 39.25
36.32 38.62 39.6 37.71 37.63
43.08 37.21 42.69 37.46 43.84
40.91 38.06 34.35 28.06 46.84
38.35 33.05 37.9 35.57 33.53
29.23 39.4 34.46 45.96 46.29
53.51 61.04 83.9 87.15 90.1
88.09 87.77 91.11 91.78 90.37
91.45 93.2 93.82 92.33 89.14
85.12 91.67 89.85 88.68 86.95
91.43 90.18 87.83 88.45 92.3
92.44 89.45 90.86 93.29 92.01
89.44 90.86 91.69 88.71 90.59
93.2 91.99 91.47 88.95 89.54
90.03 89.75 88.15 82.22 85.79
85.77 92.01 94.2 95.2 95.71
95.32 95.14 96.13 96.76 96.03
92.26 91.56 93.12 92.44 92.66
94.74 95.14 95.91 96.22 95.9
96.13 95.46 93 93.62 95.33
95.11 94.41 94.65 93.29 92.59
89.6 83.56 84.86 79.94 82.1
83.24 88.04 90.52 92.44 93.6
92.96 91.44 91.72 91.06 88.97
89.16 92.2 95.23 96.5 95.9
95.06 96.29 96.73 96.44 95.2
91.68 91.63 93.51 93.84 93.95
95.73 96.5 96.74 96.79 96.04
95.13 94.2 91.86 92.26 94.38
95.77 95.31 96.42 94.96 94.64
92.85 91.78 89.86 93.56 93.34
93.93 93.19 94.03 92.84 92.1
92.08 88.07 80.58 87.09 81.57
90.32 92.86 94.51 95.88 95.33
95.4 96.45 96.29 95.14 92.9
88.6 89.59 87.18 91.88 93.33
95.54 95.89 96.76 96.25 96.25
95.94 95.23 94.3 95.14 95.38
95.2 95.05 94.69 93.37 91.99
89.56 88.67 92.4 93.03 92.15
93.32 93.24 93.99 93.61 92.29
94.27 94.16 95.86 96.38 97.32
97.03 96.93 96.44 95.07 94.99
94.88 91.85 92.87 93.19 90.96
91.4 93.56 94.96 96.34 96.92
97.2 97.61 97.05 95.96 97.05
96.86 96.85 95.98 95.82 94.61
93.68 91.3 88.85 88.08 86.24
82.25 80.03 79.24 82.36 89.41
92.1 92.76 94.23 95.38 95.81
96.09 95.99 95.04 96.09 97.15
97.56 96.53 96.08 95.97 94.36
96.08 94.56 92.35 91.25 92.05
93.73 94.75 96.54 96.94 97.38
97.08 96.47 95.51 92.49 93.19
94.61 96.22 95.91 96.42 95.56
93.97 92.42 91.48 92.58 93.07
90.41 90.88 91.71 91.53 90.12
93.51 93.85 93.36 93.93 93.59
94.21 93.03 93.02 94.08 92.24
91.74 93.35 94.9 96.19 97.11
96.77 97.04 97.12 97.14 96.87
94.43 92.88 92.99 93.39 95.78
97.22 97.18 96.91 95.71 94.32
94.05 90.75 87.31 85.07 84.55
84.85 79.13 73.84 68.44 76.03
73.47 77.51 85.53 89.14 92.19
93.77 96.14 95.51 96.44 95.74
93.67 89.82 88.17 87.85 90.01
91.73 91.88 92.45 92.47 92.9
93.2 92.77 91.56 88.81 88.14
85.81 86.33 90.26 92.65 93.32
94.13 95.47 97.06 96.99 96.89
95.7 94.2 93.73 93.49 93.29
94.91 96.53 96.43 96.62 94.87
93.4 90.93 91.43 93.17 94.09
94.93 95.12 94.48 92.11 88.78
73.82 62.19 38.8 37.65 29.8
28.99 29.59
