42.79 35.91 41.84 43.61 43.13
43.64 46.91 46.55 43.47 45.65
42.3 44.16 39.84 38.51 35.27
36.1 37.92 39.86 40.98 56.11
57.54 68.12 87.73 91.4 92.16
90.06 92.61 94.68 95.37 95.98
95.61 96.05 96.44 95.87 95.03
93.11 90.74 89.4 92.48 90.97
93.06 92.01 91.87 93.5 92.74
89.66 93.48 90.29 91.19 93.81
93.1 91.63 93.36 94 93.14
94.44 95.91 95.96 95.94 97.46
97.26 97.15 97.89 98.15 97.51
97.12 97.83 97.54 96.63 96.61
97.17 96.35 95.59 94.8 95.15
94.16 91.98 90.1 87.64 89
89.66 85.72 87.24 87.86 90.44
93.67 94.36 93.8 96.09 98.07
97.66 97.89 98.48 98.47 98.36
98.44 98.52 98.46 98.1 98.22
98.2 97.57 97.44 97.78 96.85
95.47 95.66 96.03 93.6 92.54
94.05 95.62 96.02 94.51 95.15
96.78 96.25 95.73 95.04 96.66
97.43 96.82 97.14 97.62 96.91
97.71 98.17 97.2 97.41 98.31
97.95 97.41 98.05 98.5 98.09
98.07 98.21 97.96 97.02 97.28
95.75 94.29 94 92.86 90.03
89.96 90.24 87.34 84.76 85.62
85.59 81.27 71.71 68.2 57.66
60.65 62.35 65.3 71.78 80.41
84.99 89.88 92.04 92.88 94.62
96.47 96.4 97.79 98.23 98.36
98.59 98.74 98.56 98.1 98.54
98.39 97.85 96.94 96.73 96.88
96.89 94.87 94.41 94.38 91.78
95.86 95.52 95.82 95.2 94.69
93.63 93.18 92.01 94.06 94.83
94.21 92.93 93.03 95.34 94.9
96.02 96.62 96.52 95.72 96.72
97.1 96.58 97.49 97.68 97.57
97.67 97.98 97.86 98.18 98.03
98.16 97.91 97.89 98.04 97.56
96.99 97.03 97.21 96.13 94.78
95.29 95.57 92.93 92.01 92.68
90.68 86.93 86.86 86.32 81.83
75.91 67.02 68 61.74 57.24
56.1 55.25 57.46 56.6 63.27
61.9 69.89 71.78 71.47 76.69
80.31 80.5 80.32 84.87 86.25
85.41 89.01 91.41 91.26 90.77
94.43 95.09 94.53 95.74 96.73
96.44 96.79 97.38 97.04 96.4
96.68 97.31 96.47 95.78 96.97
96.49 95.86 95.77 96.56 96.24
94.52 92.55 93.57 93.03 85.33
88 90.89 88.21 90.27 88.85
90.55 91.29 91.31 89.39 91.25
94.24 92.38 91.75 94.12 94.47
94.17 92.67 95.34 96.28 94.65
95.04 92.9 93.43 94.61 94.74
91.55 92.13 92.27 90.82 85.44
87.41 87.06 88.87 90.84 92.23
91.79 92.73 91.14 91.39 90.52
89.48 87.3 77.97 68.41 58.26
55.31 48.21 39.22 38.95 36.02
32.41 36.59 38.79 39.45 32.96
38.21 37.21 39.48 37.34 41.32
40.27 41.69 38.34 38.17 42.88
40.73 41.28 41.06 40.27 41.04
42.02 39.64 41.16 40.72 45.55
41.73 42.26 46.76 46.47
