38.69 42.96 36.14 37.23 36.92
40.47 36.73 40.66 38.18 42.27
44.17 38.84 42.5 42.09 40.36
42.92 46.9 44.89 51.76 44.5
40.88 41.04 43.27 39.16 34.54
37.33 38.55 34.99 38.28 42.17
38.27 39.24 41.16 42.2 44.42
42.21 45.07 51.36 43.52 52.73
52.07 53.32 61.45 62.61 62.47
71.1 71.14 67.64 70.84 72.66
78.08 75.92 78.24 79.18 77.95
77.43 80.14 80.17 78.09 77.06
76.54 71.14 69.44 70.52 65.3
51.69 49.23 46.09 40.87 35.61
39.11 38.41 36 38.25 35.66
36.61 34.95 33.83 34.74 32.78
33.5 35.29 32.13 33.3 30.48
33.56 32.15 32.97 31.81 30.03
33.66 31.2 31.36 30.47 29.99
29.32 28.8 31.22 33.82 33.09
34.79 35.08 36.97 33.91 36.46
37.42 31.92 32.8 32.88 34.79
33.3 34.6 32.92 33.56 37.32
31.44 33.59 29.51 28.11 27.33
37.83 31.62 32.94 47.88 48.38
57.79 63.74 64.44 59.59 68.62
69.8 63.3 68.74 70.23 66.02
58.01 64.39 59.96 52.3 50.87
48.52 39.32 33.2 30.12 32.07
29.19 30.07 30.31 31.81 31.3
32.06 35.59 34.26 27.72 33.16
30.31 33.37 29.34 34.14 32.37
36.87 31.27 34.17 39.3 36.56
37.01 36.47 34 34.5 34.83
38.49 38.2 34.01 39.87 37.54
37.57 39.49 38.96 35.18 35.92
34.46 36.4 37.04 33.97 36.9
34.27 34.34 33.35 36.84 31.46
34.54 31.25 34.29 32.76 30.49
31.65 33.67 31.42 29.59 29.86
30.56 28.66 27.85 34.71 26.97
28.13 30.34 28.8 31.9 31.58
33.92 28.2 30.88 27.05 32.07
33.72 32.62 27.96 30.1 29.76
29.98 30.81 28.51 30.66 28.96
28.56 27.69 31.55 26.16 29.28
30.78 35.77 30.1 30.43 29.95
34.34 33 28.86 33.47 29.49
32.82 31.71 33.61 29.64 32.89
35.53 30.78 31.57 31.18 34.93
31.84 35.28 36.24 33.18 34.3
32.69 36.51 32.73 36.17 32.98
35.73 35.63 34.32 37.03 32.88
36.68 33.15 36.81 30.31 38.14
29.9 30.86 33.4 36.24 35.61
33.24 42.78 31.86 32.16 39.68
33.08 34.92 34.26 33.39 32.82
38.18 31.23 36.48 34.42 29.74
36.79 33.13 32.97 36.13 33.21
34.75 35.51 37.18 38.79 38.77
36.48 39.55 44.29 56.84 58.48
68.67 70.34 74.63 75 75.87
75.78 76.32 78.42 79.48 79.63
77.53 79.29 78.91 75.17 74.79
75.24 71.48 69.36 69.63 71.93
63.47 65.42 65.13 53.03 56.58
50.13 42.64 37.59 47.26 46.93
53.51 53.72 50.99 48.33 47.34
53.05 48.78 48.97 56.31 62.19
71.33 71.42 68.3 74.59 73.2
68.36 68.81 72.47 70.63 54.84
56.48 61.86 50.33 49.33 45.53
46.52 43.93 48.39 58.81 66.95
63.38 73.09 72.16 74.82 76.43
77.84 77.64 78.74 78.98 78.45
77.88 75.2 75.49 74.86 73.11
76.02 73.07 70.02 73.88 73.36
65.63 67.58 53.57 55.61 45.17
47.27 48.1 41.96 46.42 45.87
51.48 45.21 47.56 44.46 45.81
46.3 46.39 52.62 61.66 68.2
73.79 76 74.55 73.62 70.16
66.94 66.03 66.62 65.09 59.31
65.76 63.49 56.21 55.34 48.33
49.57 42.69 52.51 55.32 57.21
58.39 59.11 65.36 70.8 74.31
79.74 81.32 82.13 81.63 81.15
82.08 84.56 84.5 86.56 87.23
85.57 86.71 87.69 86.23 84.55
85.14 84.68 87.61 86.93 86.86
86.61 84.81 86.05 83.68 79.48
80.83 80.51 75.44 71.16 73.04
71.98 61.49 62.57 61.82 60.28
54 50.06 57.41 54.57 52.08
50.1 56.63 58.19 54.9 55.83
60.6 64.77 64.43 59.95 48.49
55.04 48.6 46.09 40.29 34.15
34.56 35.61 35.01 36.07 35.13
38.85 38.37 42.25 36.8 41.88
37.6 38.77 40.4 44.97 48.33
46.59 43.96 50.78 54.12 53.98
56.18 58.25 53.49 57.42 52.44
51.52 45.73 49.05 48.9 49.45
52.51 55.12 55.48 61.01 59.31
57.17 59.2 61.93 72.88 73.55
75.27 79.44 73.83 79.73 82.76
81.11 81.58 82.18 87.91 87.61
87.73 89.9 89.77 90.93 91.94
91.78 91.93 93.07 92.72 92.38
90.54 91.15 91.17 91 93.46
93.65 93.23 91.99 89.63 84.86
78.5 76.57 72.53 79.08 80.09
86.17 87.02 87.18 90.35 92.04
93.07 91.98 92.84 92.43 91.69
90.07 89.64 88.87 88.72 86.73
85.69 83.83 88.48 92.73 95.21
94.91 95.37 94.6 91.02 86.39
83.53 84.04 80.15 84.24 88.13
84.2 82.44 87.47 90.48 85.85
84.31 89.42 89.4 85.41 85.93
85.15 81.38 79.85 85.46 86.03
85.44 89.01 90.48 93.25 92.59
92.81 90.36 87.47 79.16 66.29
73.12 84.69 86.34 87.43 87.75
87.05 89.53 91.11 93.18 94.73
94.83 95.23 94.16 92.29 91.17
87.65 90.35 92.07 88.75 83.91
87.7 86.18 81.14 82.08 84.54
82.03 85.02 89.52 87.35 88.75
93.36 93.27 94.39 95.25 95.29
93.44 91.07 87.55 86.99 84.36
79.81 86.44 86.64 88.26 89.06
89.65 88.58 88.4 90.03 90.23
87.47 87.82 90.36 87.84 85.63
89.42 89.89 87.37 87.54 89.27
86.1 90.06 92.09 93.34 94.52
94.25 93.42 90.65 85.63 78.16
71.34 57.8 70.81 79.98 84.63
84.98 86.27 88.19 87.83 86.92
87.45 84.59 84.24 89.26 92.28
91.33 91.19 89.78 86.58 78.7
63.36 64.49 64.1 80.23 84.9
87.37 93.06 93.62 94.81 94.59
93.09 90.59 90.49 88.79 88.87
86.35 91.2 92.78 93.34 93.01
93.45 95.04 94.54 93.67 94.26
93.73 92.54 92.15 92.06 90.44
89.82 87.09 77.34 80.95 83.98
86.71 91.62 93.66 94.18 95.52
95.85 94.84 91.95 89.52 88.25
88.06 92.09 92.42 91.19 92.65
94.06 92.42 91.45 92.03 92.5
90.92 89.67 88.73 87.22 87.15
86.65 83.59 76.01 74.47 76.66
81.55 84.92 88.5 89.48 91.58
91.22 90.97 88.61 85.05 75.84
73.73 74.8 67.52 68.02 69.39
73.59 77.37 75.11 78.16 81.78
76.55 76.11 71.51 70.95 65.56
67.6 70.35 83.73 88.5 90.4
92.7 93.21 94.36 93.07 91.37
88.17 84.29 85.27 80.54 71.72
66.87 71.53 68.94 77.66 76.85
83.2 88.46 90.25 93.85 94.79
95.9 95.56 94.34 93.28 94.21
92.2 89.35 87.62 85.81 86.77
83.09 80.36 74.81 70.42 73.28
72.1 74.5 77.77 79.81 82.74
85.66 90.3 91.57 93.72 93.2
90.84 90.43 86.81 88.67 90.69
88.19 86.83 90.32 89 84.32
85.77 86.59 78.57 75.87 76.14
81.79 87.93 89.75 93.46 94.78
95.89 95.73 94.29 93.83 94.03
93.03 91.74 90.78 92.03 91.03
89.51 89.52 89.97 89.79 88.33
85.96 86.44 88.74 88.08 86.96
87.64 87.99 87.21 85.16 84.61
87.01 87.54 86.45 86.27 88.09
88.59 85.25 85.29 86.14 85.64
80.22 75.94 77.13 71.79 71.48
75.47 67.92 68.78 77.29 77.09
82.38 81.89 84.36 84.83 85.79
84.12 79.84 80.7 84.24 83.86
82.96 84.33 86.67 86.48 85.58
86.18 88.89 88.75 86.64 87.63
87.14 90.12 88.59 85.21 80.09
77.34 79.14 84.44 87.7 90.96
89.17 89.65 90.25 88.16 89.54
90.81 88.08 85.29 86.49 84.43
86.54 87.08 89.86 90.84 92.8
92.36 92.19 93.05 93.14 92.67
91.61 92.88 91.24 89.22 88.45
88.31 91.41 92.02 92.2 93.2
94.57 93.92 93.54 93.8 93.99
93 91.43 91.49 87.03 84.7
75.4 78.45 84.52 84.89 77.49
76.33 70.17 61.1 66.73 74.21
73.55 79.39 81.22 79.49 83.12
85.05 84.52 84.31 84.39 86.14
86.18 84.28 86.26 83.16 84.79
89.31 90.54 91.88 91.9 91.42
91.88 91.37 91.45 92.23 91.59
91.12 91.31 91.3 90.15 91.48
90.57 88.1 86.46 85.43 85.85
85.93 88.12 85.5 82.44 83.89
85.45 83.74 86.04 83.3 83.97
80.54 84.67 88.22 85.54 82.45
89.9 89.51 85.59 87.81 90.94
89.93 86.08 90.25 91.22 88.83
87.81 89.22 89.94 87.45 86.09
87.37 85.78 84.73 86.03 87.87
86.36 80.01 80.29 78.74 85.13
86.37 90.06 91.52 92.18 92.45
92.01 93.08 93.04 92.14 90.52
89.62 90.66 87.58 85.28 88.1
90.67 91.12 90.34 89.56 86.23
79.2 76.61 71.08 84.99 89.69
89.41 87.37 85.25 78.92 79.8
81.64 83.05 87.93 87.96 88.92
88.45 86.09 81.87 81.2 83.8
80.53 82.02 79.12 69.08 64.22
65.14 70.14 77.2 84.17 86.7
91.03 92.4 93.04 92.07 89.41
85.46 84.98 81.3 76.6 74.02
77.21 81.91 85.91 87.27 88.88
86.7 88.25 92.19 93.02 92.08
90.41 89.23 85.49 87.06 89.48
86.59 84.88 85.45 83.78 79.31
74.82 69.8 71.99 81.03 77.52
76.59 68.86 62.27 53.76 55.27
54.64 54.69 57.99 61.66 65.52
61.34 65.83 71.49 68.61 67.73
72.24 75.37 71.37 69.88 73.09
76.97 66.75 71.13 76.85 72.5
66.33 71.68 77.15 67.52 68.96
74.59 75.73 67.71 72.96 77.38
72.05 70.21 73.9 75.42 65.74
68.1 66.63 62.42 52.34 44.43
41.44 40.54 40.36 37.65 35.63
35.67 34.31 36.4 36.4 34.42
38.07 33.28 40.84 36.85 32.63
41.5 39.3 37.14 41.18 36.07
39.4 43.07 42.62 41.82 41.53
42.61 44.49 43.43 47.63 38.91
58.07 39.13
