36.44 27.91 32.88 36.07 36.46
33.99 33.15 33.39 33.63 34.94
33.77 35.12 36.51 35.74 35.43
36.99 35.09 32.69 30.29 34
33.23 34.34 32.08 33.33 37.09
34.63 41.89 43.34 66.2 56.21
62.81 66.25 65.04 65.88 63.45
62.42 56.67 61.59 51.64 49.44
45.87 46.83 43.02 33.5 36.98
31.04 30.98 31.31 30.85 30.49
30.78 31.77 35.83 33.74 32.65
33.56 32.96 32.81 31.66 30.13
33.55 32.48 34.32 32.4 37.22
29.56 35.97 28.63 34.81 29.43
34.4 36.08 35.42 34.84 37.83
35.09 34.4 34.17 34.8 35.09
34.2 33.19 33.1 32.23 32.22
31.36 30.94 31.63 28.02 30.4
29.19 31.4 29.74 27.91 30.82
30.13 27.45 26.74 28.54 30.6
32.09 32.81 34.89 34.86 35.51
34.37 29.85 34.26 34.52 32.47
34.97 31.54 34.25 32.19 34.61
37.14 35.02 38.09 38.92 37.92
36.59 37.3 36.64 33.71 31.57
29.42 29.94 32.85 29.23 30.55
29.84 26.98 28.48 24.89 25.62
25.46 25.09 25.23 28.52 29.48
29.87 25.31 26.83 26.99 26.81
28.28 33.57 31.45 27.59 29.66
33.84 26.68 29.13 26.87 34.09
43.5 29.98 28.74 32.78 29.07
28.7 39.98 31.64 35.9 34.41
30.66 26.78 26.91 26.61 24.57
25.66 27.87 24.27 31.74 26.75
28.66 31.4 29.23 31.85 36.55
34.06 35.53 30.42 35 30.35
31.04 30.02 27.94 31.67 38.66
50.54 55.2 64.94 65.25 63.65
69.27 71.24 68.78 74.61 77.74
82.87 76.27 78.41 80.32 83.38
83.9 85.89 85.23 82.18 78.34
74.25 65.26 67.35 67.43 67.29
71.97 76.53 83.5 86.41 87.36
86.75 87.64 85.84 84.89 84.89
80.4 76.66 76.06 76.11 81.44
85.15 76.92 83.66 82.7 85.4
81.16 80.57 71.36 69.23 66.18
61.33 59.66 51.8 52.28 44.4
39.23 47.74 44.59 51.18 55.95
63.76 70.28 74.85 78.89 86.29
86.07 86.4 75.33 71.83 62.88
54.13 49.39 49.13 48.22 49.74
54.21 55.28 65.82 73.81 77.65
75.91 74.57 75.89 85.91 86.49
89.55 89.46 92.26 91.03 89.67
87.66 89.24 90.05 88.86 82.77
81.81 85.95 85.99 84.53 87.35
88.29 89.62 88.06 87.89 89.27
87.89 86.74 87.42 84.62 85.2
86.22 87.51 89.52 91.31 90.47
90.74 89.06 85.73 81.45 76.43
71.59 70.1 76.63 74.48 76.86
77.42 75.21 74.32 69.96 68.18
67.91 63.57 52.12 43.85 38.03
35.78 34.04 27.33 30.69 25.53
26.77 34.97 43.47 38.19 50.84
62.34 69.54 72.75 70.65 74.14
79.04 76.57 74.3 78.59 79.97
80.46 74.53 76.3 73.28 83.82
90.87 93.15 94.36 93.72 92.07
90.49 85.22 82.52 87.72 92.6
92.64 93.43 92.3 91.39 88.71
84.3 71.66 58.63 54.77 49.39
50.11 60.36 67.33 72.48 74.22
80.59 85.6 88.1 89.03 90.58
91.65 91.33 88.61 85.91 83.82
86.43 88.54 89.41 88.39 88.67
88.44 88.94 87.79 86.47 88.91
90.85 92.81 92.63 92.41 92.12
89.02 85.47 82.2 87.12 87.76
87.58 89.88 91.22 93.07 94.96
92.96 91.39 91.83 90.41 91.64
92.54 92.28 93.01 94.01 94.47
95.21 94.28 93.4 94 92.97
91.34 89.5 89.05 85.53 78.71
77.37 78.08 83.92 87.42 92.31
94.73 95.89 95.3 91.53 91.09
94.7 96.39 96.81 94.45 91.58
80.43 69.58 63.62 59.91 58.52
62.67 63.55 76.77 81.29 80.69
80.59 78.25 82.96 86.6 81.63
82.39 88.13 86.55 80.98 83.47
82.84 83.9 79.26 79.39 86.58
89.15 92.8 93.02 94.1 94.65
94.1 95.77 95.56 94.73 93.49
95.16 94.67 91.8 90.67 92.88
90.07 86.79 86.16 88.11 90.07
92.95 96.04 97.11 98.07 97.72
97.46 95.89 93.02 91.88 91.2
85.69 89.74 87.46 93.09 92.38
90.25 93.22 94.66 93.07 92.19
94.7 93.31 91.39 92.84 91.75
88.48 86.54 84.6 83.47 66.02
57.79 53.08 53.47 54.79 63.09
70.35 83.24 83.67 86.64 88.53
91.07 91.58 91.96 94.4 93.99
93.55 95.23 95.83 94.66 94.14
95.83 96.8 94.3 94.67 92.04
89.96 87.03 84.14 83.11 84.71
83.45 87.82 91.61 94.3 94.73
94.49 94.46 93.58 94.28 94.12
92.68 92.12 90.14 89.77 86.15
86.09 85.17 86.88 87.15 87.77
83.96 85.59 89.4 89.96 91.28
89.92 91.12 89.42 88.57 91.12
90.64 88.15 88.47 91.87 93.13
91.36 87.26 87.4 86.15 79.34
78.77 86.74 87.81 93.24 95.65
94.68 95.76 95.31 93.27 94.13
94.08 92.29 90.51 86.42 75.54
85.88 86.65 90.45 91.38 91.78
92.79 92.07 94.37 93.65 92.26
86.9 85.18 88.05 85.47 80.62
85.11 91.6 92.25 92.77 88.7
91.08 86.56 84.43 84.94 81.35
85.69 85.45 85.46 84.47 86.84
89.47 88.12 90.37 91.76 92.83
92.63 94.81 93.95 94.29 95.35
94.44 95.24 96.29 96.44 94.87
93.31 93.09 91.87 94.7 93.98
93.39 92.51 93.81 94.58 93.73
94.28 95.83 96.31 97 97.1
97.02 96.47 97.16 97.1 96.59
96.76 96.75 95.13 95.15 95.03
93.17 90.9 84.99 69.63 58.92
45.08 44.24 38.18 46.12 54.32
69.38 81.64 88.46 92.74 91.86
91.86 92.68 93.46 95.29 95.48
96.44 96.25 96.97 96.88 96.53
96.67 96.46 95.07 94.71 94
93.76 91.29 91.47 94.26 92.7
90.86 89.58 91.24 89.66 78.73
65.97 45.66 42.72 38.25 31.85
27.19 30.22 30.93 32.51 29.56
29.56 32.77 33.16 36.91 35.1
30.9 33.27 36.01 30.55 33.47
30.21 27.5 28.13 27.82 30.19
29.46 36 37.86 49.74 58.3
72.87 82.4 87.39 89 87.5
89.52 92.74 91.7 89.72 94.24
95.23 92.03 90.7 94.88 95.66
90.82 91.04 93.91 93.65 89.47
90.56 92.58 90.87 88.19 91.27
90.92 89.34 88.58 87.9 87.19
79.84 75.54 72.14 71.6 74.12
81.28 84.13 89.29 90.99 94.29
95.58 97.08 96.69 96.07 94.9
94.8 91.44 93.66 91.56 91.1
88.48 83.76 79.47 72.12 76.26
80.08 81.08 88.24 88.15 92.78
91.02 90.21 89.44 92.14 93.81
92.35 92.99 95.05 94.57 94.6
94.36 93.24 93.84 94.57 92.09
90.96 93.41 94.2 90.82 89.62
91.32 90.64 88.33 88.38 88.43
88.04 88.11 88.54 90.61 91.03
89.53 91.71 92.96 90.94 88.85
81.36 77.61 66.48 69.95 56.67
57.31 62.22 53.5 53.67 52.83
48.7 54.82 66.58 80.88 88.62
86.18 88.35 90.55 88.7 85.69
75.88 63.17 53.81 46.73 41.91
42.4 33.92 47.18 35.38 44.73
43.41 44.51 52.37 56.46 65.74
74.01 82.54 87.74 91.41 89.57
85.84 87.99 88.1 80.23 80.16
83.18 77.86 72.55 75.43 69
74.34 77.88 86.05 89.03 89.31
88.15 90.03 90.84 88.03 88.94
88.51 88.89 86.05 84.4 85.91
80.06 74.41 65.85 53.89 55.09
45.86 47.22 44.99 49.45 60.12
73.24 80.03 87.88 88.06 86.67
86.81 83.68 87.78 85.61 89.08
92.52 93.37 91.87 92.33 90.09
91.13 86.21 81.78 82.45 86.47
88.12 90.92 92.71 94.07 95.2
93.09 92.67 89.88 83.44 88.95
85.35 78.32 74.13 72.71 72.11
69.71 76.58 77.5 84.18 83.88
77.04 87.5 88.88 85.86 86.24
90.57 91.6 88.56 90.53 93.42
93.47 93.4 92.26 92.04 93.38
92.17 88.82 88.46 86.16 76.7
61.4 62.08 46.37 39.48 37.96
31.7 37.94 41.74 48.13 45.79
51.17 59.56 68.62 70.97 69.39
64.51 59.96 51.41 50.54 61.39
65.43 72.21 69.38 66.54 72.25
77.6 68.84 68.09 71.24 73.53
68.14 69.61 68.58 64.72 57.89
56.99 55.36 47.13 46.2 50.15
50.1 47.49 50.81 58.84 67.56
74.58 80.96 78.45 78.64 86.34
86.81 84.17 87.33 90.97 89.05
86.11 90.87 92.12 88.36 87.26
91.28 90.03 85.74 91.65 93.49
95.39 96.72 97.35 97.5 97.31
95.5 94.57 89.45 86.1 80.92
69.61 58.82 48.94 38.05 29.57
30.52 30.8 27.65 38.45 32.61
37.98 34.71 40.24 50.67 50.2
45 40.47 36.03 38.84 33.35
34.37 28.43 28.24 30.03 25.9
26.75 27.74 28.3 26.62 30.72
35.42 34.65 40.09 47.96 57.32
64.95 80.5 85.26 89.72 88.63
88.62 91.69 92.04 89.62 92.96
93.3 90.69 88.58 91.66 90.7
92.48 92.08 90.07 92.3 93.26
90.76 88.15 91.1 87.69 86.62
88.28 91.8 88.58 89.98 91.8
90.65 92.51 92.8 88.7 89.64
91.88 89.18 85.17 89.01 91.25
88.06 87.88 89.74 87.01 79.44
80.42 76.57 68.27 67.8 65.22
61.9 55.57 55.29 55.32 56.31
60.49 62.01 67.33 79.95 84.42
88.46 87.23 85.98 89.42 88.35
86.87 88.8 89.89 87.23 87.41
88 84.46 83.69 82.02 82.33
83.14 86.4 89.27 90.25 90.03
91.3 90.89 90.88 94.24 93.57
94.04 93.33 91.63 87.06 83.45
90.01 88.77 84.82 87.18 90.97
87.6 83.51 88.35 90.44 85.32
85.45 86.23 86.19 86.04 87.33
88.32 87.07 87.11 90.97 91.28
86.35 89.92 93.42 90.44 88.37
91.84 92.03 89.33 89.87 94.82
88.03 88.73 91.42 90.04 88.66
89.84 91.72 89.69 90.81 91.26
91.36 90.61 92 91.73 90.59
91.72 90.41 92.34 90.93 89.67
89.13 88.97 86.79 86.07 84.89
86.93 83.66 81.68 87.99 85.69
88.71 87.55 83.47 87.48 85.85
85.11 83.72 84.35 78.98 74.58
76.75 73.73 62.21 58.94 57.9
61.33 67.73 74.81 76.24 75.78
78.38 83.15 80.96 82.06 83.47
85.34 83 83.55 85.07 84.85
82.27 85.22 83.64 83.35 77.32
82.1 85.08 68.7 79.17 84.44
76.81 76.81 80.08 80.52 64.25
77.94 79.47 75.2 63.98 74.87
80.8 62.89 67.03 75.41 76.49
61.16 69.43 77.16 60.42 59.88
70.81 71.56 55.96 64.4 70.39
60.58 56.66 66.03 68.78 55.17
56.39 65.64 60.94 52.34 63.45
68.47 55.01 56.61 68.66 62.51
55.88 63.26 68.1 63.25 62.62
76.53 70.39 67.19 77.07 80.3
75.55 77.5 81.47 81.08 78.48
83.31 82.35 83.02 82.38 82.86
80.62 81.12 83.09 78.36 76.5
76.92 78.46 72.31 72.09 70.5
71.41 69.54 65.66 60.99 59.43
58.99 55.96 58.08 52.59 50.49
49.55 46.04 49.75 36.82 36.35
36.23 37.13 39.89 42.14 45.23
44.08 40.63 45.03 47.64 53.78
53.16 53.11 51.94 58.1 52.68
56.02 58.08 56.02 57.24 57.29
61.65 55.38 60.66 66.26 63.7
61.95 65.92 71.47 60.54 64.06
71.5 70.14 66.82 69.91 75.64
71.63 65.41 72.62 75.67 64.6
64.11 73.21 71.86 69.02 69.93
72.46 68.11 67.68 73.25 72.04
67.55 74.13 75.18 72.04 74.57
73.46 75.39 70.99 74.59 74.23
70.04 73.33 72 71.77 72.19
71.82 70.74 71.63 73.3 74.12
70.92 72.52 70.95 73.04 68.59
75.63 74.91 73.06 74.18 77.66
75.11 68.47 77.63 77.6 73.03
73.32 74.39 74.11 70.09 75
76.39 73.6 70.41 74.32 73.6
67.09 71.95 75.92 78.22 70.02
75.19 77.39 73.6 79.23 73.03
78.28 74.23 78.34 79.93 76.74
74.91 77.47 76.06 68.98 75.8
75.42 69.87 74.56 76.69 74.62
73.42 74.96 79.68 75.68 75.47
78.57 77.49 80.16 78.91 83.97
82.46 78.21 76.24 81.13 81.43
79 80.06 80.75 79.7 78.48
80.47 77.44 79.16 80.82 80.68
79.58 80.15 81.22 80.87 77.97
78.75 81.56 77.54 77.54 78.18
77.75 78.91 76.35 75.37 73.65
73.88 74.64 67.24 67.21 64.38
62.42 54.63 56.59 45.49 37.82
42.9 43 49.18 51.82 53.15
58.27 54.07 68.36 69.83 62.88
70.73 77.32 71 73.29 77.14
78.31 72.92 75.87 80.73 77.67
76.02 79.18 79.49 73.81 73.86
78.48 77.76 73.95 79.15 78.81
76.82 74.32 78.33 76.73 73.76
75.55 77.29 74.24 72.29 75.86
76.14 74.13 74.46 76.82 72.99
73.31 74.22 75.87 68.57 73.92
78.73 73.75 74.38 75.13 77.86
76.14 78.48 79.08 77.17 70.43
78.07 76.99 74.97 75.83 77.15
75.06 72.35 73.67 77.71 76.57
76.42 76.27 77.93 74.07 75.06
77.76 74.44 71.07 76.25 74.73
71.6 71.33 78.09 73.91 68.87
75.3 76.37 72.14 75.06 79.09
75.48 75.94 74.92 79.02 73.3
73.24 77.45 77.06 75.46 75.98
76.31 68.54 71.38 75.07 74.16
64.13 68.55 69.96 65.24 60.9
60.76 60.89 53.3 55.75 55.59
54.77 55.14 61.53 64.13 62.1
62.52 69.45 71.48 63.37 69.73
73.58 70.8 70.61 73.97 71.59
67.86 69.92 73.24 73.73 69.34
74.6 73.6 65.3 65.72 68.06
62.9 61.59 62.04 60.32 59.39
50.74 46.46 46.3 48.9 54.39
52.07 57.2 57.72 58.72 62.37
67.26 69.34 60.91 71.11 71.38
64.35 62.94 73.71 71.62 62.41
74.38 75.31 72.02 69.08 75.84
76.02 71.88 76.28 79.96 74.34
76.59 78.97 77.54 75.03 76.73
80.07 77.93 75.71 79.83 79.39
77.4 79.06 80.59 78.66 78.84
79.76 79.24 78.25 79.25 81.74
78.58 80.71 80.31 78.66 75.67
77.65 79.38 75.59 76.22 77.61
79.89 73.46 75.86 78.9 76.44
76.37 78.6 78.42 72.26 77.48
78.51 75.61 71.3 77.05 77.69
73.64 75.81 76.74 75.88 73.31
78.04 77.85 76.35 70.17 79.54
78.4 72.05 75.98 77.97 73.94
72.66 78.65 79.67 71.58 78.46
79.15 75.49 74.51 78.85 79.18
74.4 76.84 78.2 74.74 70.64
77.61 76.23 69.3 74.27 77.3
75.1 71.15 77.23 75.96 71.81
73.23 77.16 72.76 68.54 74.72
74.5 67.96 72.03 74.31 74.86
64.36 68.48 68.48 61.6 61.95
70.68 61.48 51 47.79 47.2
35.71 39.53 48.55 51.37 61.54
61.73 67.59 67.36 69.41 74.14
73.11 74.61 74.96 76.55 77.38
75.92 77.93 79.96 76.15 75.67
78.3 77.46 75.49 73.81 76.36
73.04 73.43 76.3 77.99 72.04
72.56 77.1 75.26 71.44 71.89
76.08 73.64 71.64 78.69 78.48
72.44 69.23 78.38 78.29 69.98
74.43 77.14 71.13 75.24 77.93
76.63 71.12 73.94 77.84 74.89
71.42 74.08 74.85 69.42 71.25
73.22 72.94 68.2 74.29 73.27
69.38 68.35 74.72 73.09 66.95
73.97 76.36 69.76 73.69 75.6
73.41 68.12 73.68 74.75 73.71
74.46 77.5 77.33 72.51 74.62
77.07 76.5 73.68 78.96 77.96
76.66 79.25 79.48 76.17 74.82
79.54 80.12 75.62 78.13 81.18
77.49 76.83 80.41 79.72 75
78.81 79.87 79 76.22 79.71
80.1 78.28 79.65 82.19 78.33
76.57 79.92 78 74.18 75.07
74.86 71.1 65.44 71.75 68.69
59.27 58.68 58.04 55.18 41.82
43.56 47.69 45.7 47.6 48.28
53.63 58.82 59.67 58.5 59.87
61.25 58.01 58.65 59.83 64.68
61.01 60.76 61.7 54.67 56.52
53.99 52.56 47.61 50.6 47.44
39.9 31.23 41.78 31.78 28.15
30.61 31.44 31.8 32.53 39.6
30.11 35.35 45.25 36.13 36.42
37.28 32.71 29.11 31.66 32.1
30.92 35.58 33.42 34.67 29.55
28.29 29.45 31.91 29.6 30.41
31.63 33.56 33.81 33.43 33.89
34.89 34.28 34.46 31.34 31.23
29.35 30.44 33.36 30.05 36.29
28.18 38.71 30.77 33.73 34.26
35.59 43.33 35.43 35.45 36.97
38.78 38.48 35.55 35.01 34.78
44.33 31.46 30.28 28.97 27.24
28.58 33.69 40.68 30.08 32.1
32.58 34.41 33.96 34.36 36.29
36.31 34.76 35.47 35.49 35.76
35.13 38.83 37.34 37.42 38.21
37.38 36.77 33.8 31.95
