40.23 38.84 44.98 39.18 43.96
40.92 39.29 46.13 47.61 55.99
67.93 80.85 86.86 91.29 89.08
90.13 94.12 94.83 92.72 91.36
93.89 93.32 89.97 90.95 89.28
89.9 92.18 89.87 91.31 94.92
94.67 95.17 92.34 88.9 85.75
85.82 89.3 87.34 92.42 95.75
95.93 95.69 94.15 93.74 92.83
88.98 87.01 84.6 83.9 82.52
85.73 84.46 85.12 86.62 88.61
89.72 91.5 92.85 94.22 94.82
93.69 94.25 94.18 93.06 91.41
89.64 87.97 85.23 83.8 82.91
80.29 74.23 60.32 51.97 49.15
49.94 59.35 63.75 69.44 73
72.32 76.18 78.54 83.03 82.78
84.28 86.83 90.29 89.09 88.71
93.02 92.86 89.65 91.17 94.58
91.4 88.87 91.05 88.88 84.21
78.31 79.57 79.99 86.42 90.66
89.38 92.16 88.98 92.65 93.07
91.66 90.5 87.44 87.52 86.6
89.05 90.76 93.19 94.87 96.15
95.26 95.49 91.7 87.52 78.72
62.86 53.51 50.81 33.51 28.19
33.45 31.25 30.37 35.19 34.57
36.91 33.79 37.32 37.02 38.19
40.21 37.55 36.7 41.84 40.57
37.54 48.63 51.33 47.15 49.58
39.62 37.89 35.03 47.05 46.89
35.14 39.85 34.71 38.29 29.34
34.85 29.33 36.04 33.89 27.09
34.17 30.38 35.06 35.48 35
40.98 38.11 31.18 34.7 36.33
30.55 31.24 39.77 45.62 44.09
49.63 49.23 44.75 45.69 48.1
48.22 50.71 50.12 52.2 49.21
49.26 43.04 42.08 40.2 41.78
36.59 35.59 32.31 33.12 31.89
29.98 28.11 32.29 30.35 36.29
38.5 39.19 32.3 38.82 42.83
40.16 37.92 37.93 35.68 38.72
37.07 35.37 38.71 39.51 37.5
36.63 35.56 34.88 36.32 36.13
35.52 32.22 41.06 33.06 30.41
38.12 31.27 32.39 33.3 33.04
29.67 33.2 25.7 34.01 31.52
33.38 34.34 32.64 36.66 35.84
45.4 32.63 40.55 42.77 39.41
35.91 35.25 40.74 36.07 36.09
38.47 36.76 36.79 39.16 40.97
50.8 37.46 35.1 44.14 37.68
35.92 33.16 36 31.98 36.33
33.18 31.02 32.64 27.72 32.83
28.61 26.78 24.22 25.49 26.34
33.05 39.73 53.76 61.82 67.95
65.18 72.22 86.64 91.71 93.58
96.2 96.44 97.05 95.8 95.74
91.38 89.76 92.62 95.04 95.78
96.3 95.74 92.86 91.22 90.75
82.24 79.9 82.63 90.94 94.06
95.21 96.55 94.92 94.74 89.79
84.35 82.93 80.53 75.51 75.23
73.1 73.27 66.3 69.11 78.38
84.08 90.09 92.1 94.65 95.58
97.03 96.08 94.76 94.26 92.35
89.33 90.39 89.29 91.37 92.72
90.73 92.29 93.89 94.14 92.19
94.99 95.03 93.63 93.96 95.9
94.49 94.36 94.71 88.98 91.07
93.68 96.88 96.03 96.19 93.67
90.05 87.89 84.09 86.2 90.87
93.72 96.18 97.24 96.87 97.05
94.48 91.18 92.37 93.59 94.09
95.57 94.1 94.45 92.38 92.19
84.87 72.75 65.41 56.69 53.9
57.79 48.12 50.96 55.8 71.15
81.44 84.05 87.42 91.37 93.73
94.75 93.2 94.75 93.85 93.93
94.09 95.29 95.19 95.03 94.15
90.65 87.66 87.61 89.5 89.79
85.6 86.96 89.25 86.52 83.84
87.65 86.08 83.45 86.17 85.67
85.77 86.31 78.68 80.91 86.56
88.97 89.48 91.89 93.9 94.58
94.69 95.79 94.78 95.71 90.92
88.07 84.15 83.41 71.7 61.42
64.64 71.81 79.95 83.6 83.77
85.79 89.65 92.97 95.45 95.1
96.78 95.21 95.73 93.42 91.49
85.44 82.38 88.78 84.94 79.76
81.05 84.89 82.17 74.59 80.3
79.29 70.78 68.35 64.71 53.74
49.19 50.02 36.61 40.24 41.8
43.14 43.19 38.34 38.42 48.09
40.23 40.95 35.75 39.69 42.69
42.48 61.62 60.24 61.16 60.28
61.46 65.59 64.61 64.74 67.22
66.42 68.18 70.22 66.53 58.11
54.09 42.36 44.2
