91.67 94.05 95.63 94.92 93.85
93.93 93.06 92.93 86.61 85.76
84.33 90.29 93.8 92.96 90.06
85.94 81.31 83.74 87.56 91.64
94.51 95.21 96.41 97.12 98.02
96.81 97.1 98.35 98.05 98.3
97.68 97.16 95.27 92.91 92
86.71 88.54 91 92.31 93.8
94.62 95.75 95.05 95.14 96.85
97.27 97.54 97.4 98.1 98.42
97.9 97.49 95.85 94.14 94.04
95.6 97.82 97.9 98.27 97.88
97.19 94.28 88.04 87.16 92.28
94.42 96.34 96.11 96.95 97.62
96.85 97.3 95.89 95.92 94.83
96.15 96.97 95.87 95.6 96.03
96.36 97.69 97.46 96.88 95.31
94.16 92.17 91.71 95.17 97.62
98.19 98.25 97.62 97.79 97.64
97.09 96.25 94.96 92.6 92.09
91.58 92.06 93.02 93.57 92.88
93.19 95.05 96.35 97.42 97.67
98.03 98.53 98.38 98.11 96.75
96.34 94.65 96.08 97.04 97.1
97.18 98.06 97.13 97.18 96.53
96.92 95.71 95.14 95.09 94.52
93.3 91.59 90.38 89.38 89.48
82.23 80.16 74.7 73.66 69.04
66.33 62.63 54.97 44.26 34.25
36.64 35.7 37.67 37 37.14
32.66 29.2 30.69 30.93 35.83
43.13 41.06 41.6 40.69 37.03
35.89 31.7 29.67 38.57 39.58
38.67 39.13 42.44 37.96 35.01
41.81 40.14 47.8 49.63 45.34
45.6 44.82 41.03 38.15 39.66
41.07 45.17 43.88 42.71 39.52
42.49 35.94 33.17 34.97 34.63
36.09 36.01 41.79 39.86 47.61
49.47 44.57 46.49 50.48 43.99
46.38 41.86 41.15 39.48 40.1
45.86 44.16 40.25 36.26 43.23
42.33 35.46 49.66 42.1 46.75
53.34 54.09 52.03 49.69 55.5
56.1 53.93 53.6 56.86 55.47
53.45 55.15 53.79 52.39 46.7
44.59 46.65 50.31 53.83 55.39
55.64 56.82 53.18 51.21 49.11
44.68 50.22 49.75 47.57 46.7
47.81 49.13 51.04 51.34 49.76
51.8 50.55 52.83 65.63 56.7
54.58 50.3 49.96 45.49 52.26
42.65
