71.06 86.48 89.66 89.69 93.42
93.33 92.39 94.44 94.4 95.46
95.17 96.57 94.95 94.97 95.95
94.69 95.31 95.14 94.31 93.15
94.39 93.67 91.51 91.04 91.69
91 87.99 87.3 87.94 91.28
92.24 92.96 92.01 91.31 93.92
94.16 94.33 93.98 95.24 94.89
94.96 95.43 95.31 95.59 96.04
96.08 94.9 93.78 95.35 94.74
93.15 94.41 94.48 93.36 93.23
92.06 90.61 90.25 91.78 90.73
85.8 82.46 78.1 71.11 68.46
56.85 55.18 41.95 39.36 35.23
36.27 40.54 38.84 37.24 33.24
34.33 35.18 36.67 34.76 40.05
35.3 40.08 38.34 34.03 38.74
32.01 35.53 34.08 40.46 35.71
30.42 34.64 30.86 31.77 35
37.09 33.01 34.82 35.7 31
28.85 33.79 33.9 34.12 36.07
38.05 35.54 37.76 35.13 37.39
32.49 37.07 35.49 41.26 32.57
40.16 37.65 38.22 39.76 36.22
39.25 35.03 40.55 37.08 41.91
32.93 37 37.59 38.51 41.1
37.2 42.06 40.66 39.89 39.74
40.52 40.77 38.43 34.3 32.9
38.04 35.43 41.23 40.08 34.95
43.39 35.91 34.63 40.91 41.86
40.76 38.74 32.1 47.1 41.35
39.2 40.23 40.51 33.65 38.39
37.15 41.91 37.26 31.97 37.55
29.25 33.76 29.8 39.12 29.74
40.75 37.38 41.25 41.43 34.84
41.22 40.56 45.41 30.84 37.7
36.43 40.4 37.51 40.2 37.98
39.77 37.19 35.66 41.74 34.17
38.19 32.63 34.4 32.19 34.33
35.59 34.89 40.99 39.39 34.71
35.13 37.17 33.66 34.18 36.84
30.89 34.67 39.12 43.58 46.86
42.97 47.87 49.72 49.06 49.82
50.33 48.51 44.04 60.45 55.03
53.39 51.21 42.67 40.21 44.9
41.53 38.72 39.81 40.47 39.71
42.24 41 42.19 38.08 45.46
44.76 38.94 44.1 43.67 41.27
44.83 41.84 42.45 48.53 39.57
42.37 47.99 46.67 44.23 48
51.08 48.16 49.42 47.27 43.44
36.96 43.05 39.63 40.29 43.67
40.24 40.45 35.14 50 37.58
37.8 35.18 35.61 37.98 29.2
45.56 33.95 41.31 36.35 39.58
36 38.13 40.02 34.64 35.54
37.17 35.15 33.08 36.97 32.42
38.34 39.7 35.83 34.05 30.68
30.93 32.41 27.9 35.2 28.77
36.55 34.86 38.99 40.85 32.43
39.15 36.43 40.73 34.57 31.05
36.98 32.55 41.36 33.12 40.08
39.68 33.39 37.52 34.56 37.51
38.7 32.46 40.6 36.91 30.06
34.36 30.15 32.75 36.14 33.67
35.67 30.55 35.7 34.01 36.27
33.12 28.48 32.15 31.65 33.67
31.89 32.81 32.14 37.33 31.71
38.41 29.46 33.89 33.11 35.04
37.2 35.26 38.26 36.68 42.91
42.2 39.29 43.16 48.78 44.91
43.58 44.61 45.86 55.26 59.73
67.71 76.87 81.82 82.59 85.76
85.37 85.41 89.22 92.21 87.76
89.25 90.75 85.23 88.21 85.68
88.57 87.6 85.95 85.14 88.59
90.34 89.44 87.49 90 91.06
92.54 91.28 90.53 85.63 87.14
88.2 85.77 79.62 78.78 73.9
65.72 51.69 63.67 61.23 55.54
58.48 51.69 54.93 56.61 45.46
50.81 46.04 44.06 41.82 43.13
44.94 46.03 47.05 45.87 47.31
43.86 55.23 42.19 45.08 41.82
43.35 43.71 39.98 38.26 44.15
39.22 41.4 37.86 35.15 40.19
37.85 51.8 39 35.9 39.05
36.61 38.65 42.07 38.05 39.18
37.42 37.88 43.5 39.4 45.99
41.59 40.47 46.57 40.29 40.51
44.46 43.01 49.2 40.42 41.36
51.73 42.26 44.17 44.02 39.48
43.26 40.12 49.96 38.49 40.49
38.95 36.61 40.46 38.28 39.63
45.81 40.07 36.21 37.88 37.89
35.78 44.6 32.02 41.93 32.63
42.37 36.38 46.62 54.29 71.3
79.41 85.98 86.93 88.84 91.74
93.79 91.53 91.95 93.17 90.25
86.49 88.67 85.96 87.77 90.26
90.24 91.23 91.26 89.46 84.49
88.96 91.11 90.72 93.09 93.57
93.3 91.21 90.56 91.48 89.33
82.71 83.26 85.29 86.2 81.5
85.09 86.55 84.54 79.82 83.08
85.55 89.08 88.62 89.98 88.09
88.26 87.46 85.26 84.85 80.49
70.44 68.15 67.7 56.13 56.92
55.54 57.24 58.34 68.91 58.04
73.73 76.2 79.54 79.87 80.58
83.77 87.7 85.35 86.64 92.98
93.07 92.32 94.04 94.11 95.94
95 94.49 94.79 93.61 94.32
96.08 96.76 97.4 96.08 96.25
97.06 96.85 96.29 97.58 97.89
97.73 97.19 97.7 97.11 97.8
97.86 98.34 98.26 98.12 98.2
97.84 98.41 98.02 98.05 97.98
98.1 97.88 97.95 97.91 97.81
97.91 97.5 97.73 97.71 97.73
97.93 97.27 97.67 97.3 97.2
97.28 97.26 97.05 97.57 97.3
97.84 97.54 96.91 96.71 97.27
96.32 96.16 96.1 93.87 93.27
93.81 92.85 91.85 91.02 89.02
86.19 68.76 61.05 56.38 56.75
48.19 49.67 44.77 44.22 39.13
47.4 39.15 41.35 39.96 43.1
39.23 40.18 45.72 45.57 43.81
39.37 58.23 37.97 42.13 46.35
46.26 58.4 36.87 41.37 38.59
39.2 38.72 40.34 38.65 41.76
37.38 48.96 42.81 40.54 41.75
36.24 40.99 33.86 36.25 37.79
40.81 38.26 40.7 38.57 44.58
36.9 49.13 36.92 51.87 35.21
