66.69 69.14 82.29 83.63 88.22
85.01 85.07 86.96 88.41 86.95
86.65 89.02 87.37 88.22 88.8
90.1 90.4 93.51 90.02 93.19
92.9 92.33 92.58 93.91 91.13
91.27 93.9 92.97 89.09 92.33
94.45 91.86 90.8 93.27 93.72
89.69 89.73 91.76 90.39 88.93
88.02 89.46 88.75 84.77 75.58
67.53 60.12 52.33 43.75 43.41
44.08 37.54 33.3 42.89 31.94
34.8 33.49 36.08 40.2 40.58
40.6 42.64 47.75 57.65 58.4
77.16 88.25 89.8 93.56 94.41
94.4 93.39 95.26 95.51 96.72
96.89 96.54 97.15 97.17 96.02
96.8 97.09 97.65 97.34 97.47
96.92 97.59 97.44 96.48 95.99
95.94 95.59 94.67 94.14 95.69
96.71 96.68 97.14 96.69 96.58
95.77 95.31 94.52 95.86 97.15
98.08 97.89 98.36 98.45 97.28
97.98 98.27 97.56 97.54 97.91
97.92 97.5 97.86 98.12 98.42
97.97 97.56 98.02 97.72 96.66
96.69 96.73 97.85 98.22 98.11
98.25 98.01 97.09 96.89 95.02
93.42 96.05 97.82 98.42 98.52
98.6 98.51 97.82 98.36 98.11
97.24 97.14 97 97.84 97.9
97.95 98.54 98.46 98.17 98.38
98.52 97.95 97.4 97.35 96.87
98.18 97.71 97.11 97.07 97.21
95.8 94.56 90.34 87.77 90.82
94.31 97.04 96.83 95.41 95.14
92.47 94.16 92.06 94.95 94.68
96.48 97.07 96.31 96.01 96.98
96.85 95.2 95.47 96.53 96.66
93.87 94.73 94.83 93.06 93.63
92.33 89.94 93.29 93.64 94.02
93.01 95.33 95.47 94.15 94.31
95.49 92.72 95.41 96.14 95.87
94.62 96.36 96.53 93.93 94.19
95.1 94.47 92.55 91.64 92.83
93.82 89.27 88.16 87.96 87.35
83.96 86.24 87.64 88.69 85.8
85.49 89.1 92.57 94.02 94.4
95.92 95.65 93.32 95.43 95.59
93.31 91.3 93.14 95.51 94.81
95.77 96.45 96.51 96.23 95.23
95.25 94.25 93.35 92.34 91.23
92.8 93.27 94.38 94.07 94.23
94.04 94.1 93.18 91.75 94.07
95.55 96.15 96.4 97.02 96.9
94.76 95.96 96 94.78 91.77
92.89 94.23 95.1 95.19 95.71
96.49 95.89 96.24 96.42 95.16
93.53 94.33 92.78 95.03 94.44
93.93 93.52 94.31 94.6 93.9
93.59 93.08 93.75 95.01 95.56
94.89 95.04 94.74 92.86 91.79
88.02 89.84 92.89 93.89 94.18
95.51 95.75 95.62 95.26 95.02
95.24 93.93 93.6 92.69 91.3
89.18 89.47 89.7 86.69 84.04
87.5 85.98 81.82 76.64 75.17
71.21 70.28 69.94 65.61 59.91
58.46 57.38 54.98 57.26 56.51
57.15 52.42 45.24 48.73 47.48
46.99 47.05 49.23 48.12 54.6
48.69 58.73 61.31 54.16 66.81
65.88 62.48 67.55 73.17 71.55
71.55 71.11 73.48 70.72 74.33
75.53 69.3 67.99 73.63 74.06
68.42 66.77 68.28 57.26 55.36
51.51 49.82 40.65 43.91 45.09
34.13 43.09 40.94 39.22 40.66
39.39 40.38 42.32 41.62 44.37
39.47 36.77 37.05 40 35.57
37.35 33.78 44.97 44.95 39.67
37.98 37.13 37.99 43.11 43.14
38.71 38.7 37.13 33.73 45.6
39.24 39.08 35.2 38.22 39.46
31.77 33.17 35.08 34.73 33.38
28.35 30.52 27.9 25.21 27.06
28.14 30.84 32.09 29.38 35.58
29.25 29.27 29.92 33.2 26.87
31.53 26.34 33.14 30 27.28
30.86 33.58 30.17 31.34 31.36
29.28 34 32.46 34.29 34.4
45.31 45.13 52.79 59.4 65.57
60.05 63.53 67.87 62.55 68.93
72.04 67.45 65.63 70.52 71.3
69.48 69.04 71.39 66.89 49.14
44.16 43.77 46.45 42.3 40.69
45.18 36.74 36.22 42.22 36.39
38.65 37.85 39.17 37.61 37.82
42.03 39.01 42.03 36.82 37.47
40.15 36.87 37.15 32.21 39.75
34.07 28.82 34.04 30.78 35.97
33.53 35.96 32.68 42.96 40.91
45.43 39.61 34.59 42.26 34.07
36.98 36.44 37.22 44.58 44.97
35.69 40.69 37.17 38.3 38.31
40 39.91 43.61 42.24 36.81
44.92 45.91 42.1
