61.69 66.44 72.83 76.12 72.04
67.43 56.24 50.24 48.27 46.68
49.85 50.38 58.36 62.3 71.31
67.79 61.9 52.52 56.21 43.92
40.7 43.77 37.12 40.34 37.37
37.67 49.07 44.34 37.99 43.03
41.01 41.26 39.51 31.62 36.83
35.24 32.56 35.32 30.51 33.64
38.81 37.96 37.51 35.52 40.54
35.1 37.18 40.31 40.28 38.59
40.76 42.61 44.92 42.02 47.21
50.89 63.01 66.34 68.98 75.25
78.15 72.81 77.6 82.2 85.43
89.03 91.76 90.94 89.84 88.08
89.38 90.65 90.8 91.61 93.48
92.83 92.77 93.49 91.53 91.55
91.73 90.06 92.55 91.29 91.49
89.11 87.92 89.52 93.3 93.92
95.33 95.48 95.69 96.53 97
97.5 96.9 97.41 97.64 97.64
96.87 97.4 97.5 96.08 96.45
97.28 96.18 95.64 96.62 96.84
96.4 96.09 95.71 94.85 94.68
95.53 94.77 95.16 93.06 95.54
95.58 94.06 93.06 94.89 94.53
92.48 91.81 92.7 92.44 90.95
90.16 90.73 88.44 85.61 83.53
81.13 78.28 79.44 74.18 73.68
75.28 76.22 77.42 77.9 79.48
82.23 85.53 89.27 89.83 90.17
89.25 92.63 93.59 93.47 94.46
93.89 94.72 94.64 94.49 92.93
94.16 94.62 94 93.62 94.45
95.04 93.68 94.35 96.16 96.26
95.22 96.98 97.37 96.57 96.94
98.01 98.19 96.49 98.04 97.83
97.78 97.57 97.7 96.95 96.8
97.54 96.97 95.78 95.85 96.64
94.13 92.12 95.34 94.75 91.72
92.13 94.34 91.99 91.07 89.05
88.27 86.06 85.31 82.89 78.17
66.09
