33.39 35.54 32.06 30.85 28.27
30.91 26.31 29 29.89 30.22
32.44 42.24 40.05 37.51 43.9
37.06 36.55 34.26 34.56 30.55
30.45 31.21 36.74 28.93 31.74
31.73 31.27 31.44 33.17 35.64
33.01 34.71 30.19 31.17 30.83
30.49 35.79 35.58 35.27 33.27
40.1 37.89 31.01 34.36 33.24
32.79 34.31 32.32 31.7 29.79
29.18 34.37 28.68 31.72 34.03
39.24 38.7 35.65 38.15 34.97
40.78 50.59 42.57 50.23 41.52
38.49 34.2 32.63 33.38 30.78
39.12 28.95 33.67 32.48 33.13
30.03 32.52 27.28 30.52 27.19
25.65 24.46 23.96 26.46 26.71
26.38 30.13 25.6 26.57 25.87
29.18 26.72 27.43 26.33 28.76
31.05 29.42 26.89 28.03 26.46
27.87 25.42 26.35 27 28.81
24.95 28.86 33.28 31.92 29.42
32.48 35.03 34.28 34.19 33.78
31.86 35.83 31.81 35.41 32.18
37.36 35.61 30.8 30.13 31.19
34.39 29.32 28.06 29.79 31.54
34.54 30.73 35.76 35.02 32.1
32.62 32.01 29.71 33.67 34.63
32.03 31.89 31.59 28.86 28.55
27.58 28.39 26.85 28.44 27.51
24.68 27.91 25.68 26.9 25.07
25.92 29.21 27.56 27.6 24.4
27.22 26.65 25.43 25.32 27.39
27.82 30.16 24.59 29.84 29.48
27.76 27.85 28.42 27.51 29.1
27.63 28.44 28.03 29.41 25.72
28.09 27.97 26.13 31.32 33.74
32.63 31.04 32.59 32.73 31.42
32.97 31.37 40.21 35.63 34.23
34.59 34.3 32.01 34.71 36.03
36 29.1 36.82 35.61 33.88
34.26 33.05 33.58 32.96 29.47
30.68 30.29 30.59 33.33 29.09
29.24 29 25.49 29.61 28.11
30.06 31.11 29.54 30.02 31.31
33.65 28.81 31.54 30.82 32.76
34.41 33.17 33.53 32.8 34.44
32.52 31.4 33.2 29.59 31.26
28.08 30.42 31.83 30.41 31.75
33.59 31.77 32.99 31.71 33.64
28.25 31.63 30.86 29.31 28.48
29 30.11 29.17 28.27 28.84
26.67 27.48 30.19 28.11 37.32
34.9 32.82 59.08 53.74 46.94
50.45 56.14 45.95 37.31 38.22
33.07 32.29 33.35 31.97 31.02
29.86 31.33 33.9 26.8 29.98
27.12 30.02 27.25 26.42 26.98
33.63 30.88 25.25 26.94 25.4
27.95 28.17 27.05 28.57 31.81
28.6 26.51 29.71 26.83 29.45
23.79 25.8 24.34 24.6 25.78
25.41 25.14 24.6 25.99 26.67
27.19 30.27 25.31 27.05 27.47
25.83 24.82 27.51 26.49 25.22
26.1 26.46 27.45 30.47 30.67
34.25 33.01 31.99 35.58 34.94
33.23 34.19 35.25 33.83 32.54
30.63 43.6 34.27 35.15 34.45
34.02 30.29 32.56 27.42 29.57
27.33 26.05 28.34 26.17 29.63
28.88 33.47 37.09 30.15 32.14
31.45 31.05 32.25 27.75 31.98
30.32 31.61 31.3 34.33 34.65
36.29 35.72 38.38 36.38 42.2
46.22 39.63 37.33 31.61 33.11
31.01 32.01 33.26 32.86 38.27
30.84 32.76 31.05 32.79 34.69
35.76 43.98 38.69 46.52 51.57
67.08 62.09 68.64 69.34 62.42
73.46 74.96 64.09 64.73 71.95
63.41 44.89 44.92 45.52 41.02
37.36 38.78 39.89 33.06 36.44
36.52 33.01 33.78 34.4 34.41
33.11 36.33 34.68 35.95 33.43
32.56 30.51 30.11 27.14 27.31
29.26 29.85 22.79 28.09 31.47
31.25 32.31 33.05 32.51 34.92
37.05 34.54 32.71 35.93 32.32
32.83 30.05 26.51 28.32 25.61
27.25 25.8 24.45 24.84 25.36
26.82 30.03 28.1 36.85 28.09
31.57 32.47 30.41 29.61 30.02
28.18 29.93 33.77 29.86 26.61
26.92 32.61 28.66 26.35 29.36
31.02 31.32 32.11 29.59 31.79
32.46 34.11 38.6 36.7 33.69
31.86 33.97 30.78 31.79 31.87
35.62 33.93 27.85 23.9 23.22
26.05 27.18 31.29 30.62 31.82
34.98 36.68 33.77 31.52 26.82
27.97 27.86 26.95 27.48 26.81
28.94 30.53 28.05 27.24 27.81
28.9 28.65 25.47 27.73 26.71
25.28 28.28 27.35 26.23 27.31
27.37 28.12 27.99 28.03 30.35
27.4 28.44 29.18 30.2 25.02
28.65 30.58 23.3 26.95 29.5
27.8 26.3 28.25 29.53 28.29
31.21 31.77 35.03 27.73 29.44
26.92 31.86 29.56 24.95 30.31
27.23 30.65 33.4 31.53 32.3
32.8 29.01 33.01 31.72 30.73
32.16 33.97 34.94 30.54 35.89
31.63 32.87 29.88 25.38 28.49
25.95 27.15 24.9 30.31 26.55
27.43 26.15 27.96 27.9 27.03
33.21 26.32 33.3 33.74 31.19
34.71 32.51 33.88 32.86 30.15
33.08 32.51 35 33.24 36.32
32.26 33.97 36.06 33.68 28.33
27.23 32.24 25.88 31.43 28.77
30.34 27.42 27.66 27.4 28.19
28.55 28.25 28.43 27.41 27.48
27.68 25.21 25.53 24.85 24.13
26.92 27.77 27.75 30.11 29.8
31.56 29.69 32.77 29.99 34.05
31.78 40.06 44.09 45.38 51.92
53.95 50.6 52.84 52.06 59.14
48.12 48.77 36.93 35.33 39.13
42.72 49.62 40.74 42.77 51.84
46.91 57.6 59.61 53.16 58
44.57 53.42 43.5 45.73 35.7
33.56 34.33 31.9 29.19 29.82
29.74 31.35 32.53 32.48 31.99
31.44 30.86 28.96 28.9 24.77
28.82 27.64 28.48 30.83 31.7
30.32 33.42 34.21 37.07 35.6
38.73 35.98 39.41 34.43 45.64
46.86 56.81 53.55 57.88 60.91
64.12 66.85 67.28 75.3 77.04
75.4 75 74.62 76.8 64.18
72.89 65.08 58.24 57.22 55.77
46.22 44.29 38.62 33.85 33.43
32.37 30.33 30.67 32.61 32.22
34.84 39.57 33.71 30.61 34.43
31.54 32.79 33.18 34 29.39
30.09 29.75 35.08 27.2 26.46
26.76 25.44 27.68 27.69 30.53
32.16 33.25 34.94 33.57 33.16
32.27 33.88 34.72 31.92 35.25
35 43.34 30.32 31.03 29.88
33.16 35.34 44.77 31.46 31.59
30.97 30.83 32.14 28.5 32.45
32.73 41 32.65 32.26 30.58
31.29 27.28 28.06 28.08 26.05
25.67 27.46 28.1 30.56 30.26
29.11 28.98 33.7 29.7 29.82
27.37 27.12 26.13 26.9 40.84
31.49 25.79 27.38 29.16 29.66
29.64 31.22 31.59 34.29 30.36
35.81 30.72 32.03 40.62 29.23
29.4 26.01 30.47 29.62 33.07
26.58 27.9 33.38 26.44 28.07
32.81 29.9 30.97 39.22 43.37
40.75 36.36 55.79 68.77 64.37
52.2 73.01 71.7 72.03 73.45
74.41 77.32 70.56 69.92 74.79
76.36 76.97 86.37 78.24 80.94
80.13 83.28 83.37 84.31 83.22
82.78 86.7 84.67 83.68 84.61
82.67 81.24 77.03 79.25 78.11
67.99 72.56 68.11 53.8 52.22
51.38 31.96 38.81 33.61 36.49
37.69 40.46 39.98 48.23 43.88
44.48 46.8 49.2 49.75 43.92
47.5 53.22 52.89 53.98 50.09
48.29 47.46 48.53 43.91 41.82
47.26 45.6 48.88 52.27 47.03
43.25 43.61 43.51 42.99 38.45
38.95 35.95 36.98 37.64 33.92
41.15 38.2 39.88 35.53 27.99
34.68 28.94 34.55 31.89 34.5
33.63 33.12 28.5 29.29 27.94
31.22 28.09 31.88 29.76 35.9
25.7 31.69 27.5 25.52 31.42
28.88 31.3 28.74 41.1 44.16
55.2 62.41 73.06 81.32 80.21
79.39 78.26 83.03 84.32 83.36
82.93 83.87 84.2 81.43 83.57
84.63 84.86 78.84 77.87 80.64
76.23 75.5 82.01 80.56 80.24
77.95 82.03 84.55 86.84 84.54
84.94 87.1 85.87 86.27 86.64
83.45 83.27 82.1 73.03 69.58
71.15 62.99 56.59 53.71 45.96
32.51 38.8 31.99 36.47 34.7
30.36 31.31 29.93 27.38 27.9
31.94 27.76 31.35 28.62 27.23
29.47 34.42 29.08 30.63 29.14
28.93 24.87 28.08 25.29 28.25
28.71 29.14 30.81 31.78 28.39
32.16 36.29 32.27 25.35 28.32
25.32 27.61 24.85 24.92 24.68
24.75 25.93 29.91 24.06 27.98
24.39 28.45 23.75 25.44 29.94
24.45 27.5 29.4 25.29 26.65
27.92 29.05 27.41 33.79 28.74
35.78 32.64 29.07 31.64 35.21
32.1 36.66 32.3 45.34 50.37
64.98 80.79 89.85 90.26 90.59
88.48 88.65 90.66 89.87 89.97
85.05 87.99 87.88 84.28 86.82
88 85.78 85.33 88.36 89.34
91.09 92.72 92.85 92.54 92.83
93.44 92.98 92.16 92.89 92.27
90.78 89.98 89.34 87.02 85.89
84.68 82.55 82.25 81.38 77.25
74.61 77.2 75.76 66.12 64.29
59.43 54.26 49.33 49.61 42.17
38.9 35.17 35.59 32.6 36.82
33.35 33.82 30.87 34.4 40.13
43.56 35.84 44.74 36.08 37.72
35.8 36.23 42.16 44.8 42.99
40.7 48.34 59.23 69.7 79.71
85.2 90.5 93.32 93.98 94.8
92.94 90.9 90.9 90.45 88.05
90.88 90.92 93.41 92.9 93.18
94.41 94.29 94.13 93.12 93.25
92.6 90.09 89.61 90.64 87.27
89.76 88.42 89.88 88.81 91.21
89.51 89.93 86.35 84.75 82.85
83.22 86.77 88.6 86.74 85.85
85.33 86.1 83.82 81.56 75.99
76.21 71.66 69.54 65.48 65.93
58.3 58.16 52.12 48.2 53.08
40 43.31 36.3 37.51 34.49
28.18 31.16 28.82 29.41 32.9
27.64 32.69 29.98 29.49 25.27
27.27 29.77 29.18 28.52 30.84
28.75 34.46 30.27 35.17 32.75
30.46 35.52 35.86 32.16 32.98
31.44 32.13 34.31 30.25 38.54
31.16 29.55 35.7 44.29 39.04
35.42 35.26 38.77 29.37 36.44
34.3 35.39 39.77 30.53 31.17
29.95 37.01 42.91 38.98 37.74
45.35 44.69 45.95 46.27 41.55
41.31 35.58 36.97 35.29 31.65
31.13 29.63 27.92 30.77 35.5
29.5 31.55 30.57 30.92 27.52
28.7 28.11 27.3 30 34.8
31.27 28.66 33.48 30.69 29.15
29.91 29.99 28.94 32.18 27.93
31.29 33.38 30.98 33.48 29.31
31.31 33.28 30.14 31.47 34.03
32.46 33.23 35.17 31.2 34.57
32.06 29.29 33.69 28.51 32.33
28.57 30.48 28.85 34.23 39.07
50.6 53.86 61.27 75.33 85.78
89.51 91.31 93.78 93.33 93.23
90.55 90.57 89.33 87.9 85.99
86.33 85.03 85.42 87.46 85.51
87.3 91.12 88.6 88.53 89.2
89.56 87.91 85.92 83.34 85.83
82.95 82.7 82.44 80.06 82.35
89.8 91.4 94.31 94.4 94.71
92.76 90.77 86.85 83.09 83.74
85.24 80.04 79.04 78.19 83.07
74.89 70.91 77.63 87.4 87.46
90.15 92.84 92.54 93.23 90.88
89.22 87.78 86.87 86.96 86.76
88.52 90.26 90.74 90.29 90.67
90.96 89.62 88.22 90.25 88.52
88.34 87.1 85.06 83.45 83.62
82.53 82.4 81.92 84.34 79.54
82.03 87.08 85.19 79.32 84.35
86.07 81.4 77.73 81.79 81.07
83.22 89.68 91.87 93.01 90.87
90.92 91.94 91.34 88.07 87.99
88.4 85.33 82.7 82.44 79
74.85 64.7 61.51 61.24 61.86
63.81 60.83 56.51 59.44 56.34
59.04 55.75 46.02 38.8 35.38
33.49 31.35 34.51 30.04 27.93
30.92 25.98 29.78 27.95 26.62
27.53 26.88 27.91 28.79 32.29
33.08 34.43 34.55 38.81 32.47
37.72 34.53 35.63 35.01 35.33
40.77 38.55 51.33 59.69 62.57
67.24 72.41 73.83 71.65 74.39
69.1 67.64 71.62 70.53 67.98
68.87 67.94 64.37 58.79 61.3
56.25 52.72 57.48 58.37 52.54
51.01 49.74 58.04 62.26 68.09
66.53 69.06 72.65 72.54 70.66
70.65 73.19 76.63 70.68 78.33
76.45 79.17 79.61 81.82 82.62
81.78 83.47 84.1 82.52 81.57
82.62 81.13 75.89 75.71 75.04
67.93 66.44 68.05 67.24 72.59
75.83 79.37 73.26 67.53 73.28
77.01 74.32 71.47 77.36 77.34
72.99 76.29 67.21 66.7 63.98
61.09 61.1 51.76 44.69 35.41
31.67 29.82 25.94 26.49 28.76
26.51 26.8 31.33 29.56 34.18
33.37 27.6 29.04 28.41 30.93
29.67 30.11 27.05 29.99 27.89
26.94 25.51 25.78 28.19 26.2
31.89 27.82 28.2 29.69 30.13
26.68 32.41 29.48 25.33 31.43
26.45 35.16 28.47 35.51 29.86
34.28 33.15 29.35 30.77 28.5
29.53 28.98 28.86 31.69 31.77
30.92 34.75 37.33 31.14 29.75
30.92 27.51 29.34 26.39 27.6
27.21 25.48 25.88 25.48 26.63
25.28 27.04 24.98 24.6 27.97
24.3 28.06 23.53 27.09 22.76
29.7 28.14 30.3 32.47 31.91
31.2 34.07 36.67 35.34 33.71
36.06 35.47 35.73 30.75 36.93
35.18 33.14 31.39 31.3 37.65
29.9 32.82 31.16 33.89 28.67
32.15 32.35 32.02 42.65 38.39
49.11 59.52 64.21 61.31 65.21
71.33 74.57 72.34 77.59 82.34
81.57 81.75 84.39 87.13 84.8
85.42 87.81 88.19 85.24 85.63
88.07 87.62 83.67 84.68 84.25
79.21 74.83 74.9 74.57 70.65
64.14 62.16 61.55 55.17 53.04
44.46 43.4 40.76 36.51 37.48
35.69 33.65 31.52 43.73 36.98
43.51 44.24 41.75 45.39 43.88
36.96 36.7 38.25 40.13 38.46
37.32 37.04 43.37 36.11 39.05
34.15 36.53 35.28 38.46 32.82
32.48 36.11 40.4 38.35 37.93
49.79 54.06 57.44 62.69 68.24
72.63 79.52 79.08 81.07 84.91
85.03 84.71 86.34 87.36 86.65
85.96 87.68 85.91 87.63 87.55
86.74 86.06 86.82 86.3 84.66
85.47 84.32 82.15 81.85 80.97
78.13 73.41 73.53 65.3 65.09
62.1 57.98 54.22 56.84 60.64
62.52 63.19 64.59 66.99 70.15
68.86 68.73 62.83 60.18 61.66
62.33 57.15 61.45 57.7 53.21
52.93 59.34 59.76 56.12 52.37
44.91 48.35 49.16 53.49 58.55
59.71 62.98 60.06 62.64 67.99
69.56 69.74 71.91 73.28 75.94
72.51 74.75 74.88 73.51 68.5
67.47 58.57 60.65 61.9 56.72
55.95 58.89 49.68 60.77 60.62
55.97 63.05 65.11 68.11 66.24
71.07 75.43 80.08 79.62 82.15
83.01 85.41 82.82 83.94 84.4
83.82 83.26 81.52 81 81.78
82.21 78.84 78.49 75.17 69.26
72.29 62.99 63.7 65.57 70.71
67.87 71.23 73.41 72.58 67.08
66.2 67.07 63.62 69.14 66.98
71.68 77.6 76.45 78.82 75.59
79.58 80.57 80.1 80.56 80.02
78.04 67.74 63.25 48.96
