37.9 47.6 47.94 52.34 51.24
53.9 62.04 62.6 69.58 75.36
75.46 85.23 89.81 84.49 80.83
83.29 87.26 83.8 79.94 84.27
85.38 81.86 80.57 86.16 89.19
91.27 92.06 91.94 91.71 90.58
93.78 92.93 91.4 93.53 94.06
92.74 92.3 93.94 94.17 90.73
91 92.33 91.25 93.07 93.56
93.11 91.86 91.11 93.29 94.26
94 93.87 93.97 95.88 94.55
94.1 95 95.84 96.71 97.2
97.3 95.99 95.38 95.55 95.37
92.9 91.58 91.15 92.52 92.01
93.88 95.91 90.63 92.09 94.41
93.49 91.55 89.21 88.97 93.75
94 94.26 94.67 95 95.21
96.17 96.54 97.1 96.22 97.15
97.42 97.11 96.29 96.61 95.33
95.87 94.88 93.88 92.1 93.11
91.04 92.03 92.13 92.11 95.83
96.03 95.08 94.97 93 94.28
94.97 94.63 92.27 88 86.94
90.68 92.97 93.32 93.43 95.69
94.72 93.17 95.97 95.46 93.15
92.16 93.66 91.17 89.43 89.65
89.27 85.82 81.16 84 75.99
73.12 63.73 61.08 60.81 61.65
68.37 71.66 64.61 71.84 65.19
68.16 68.68 68.09 77.32 77.18
79.12 79.9 80.23 83.26 85.94
83 83.21 81.87 81.44 81.48
78.4 75.81 73.3 69.69 70.48
67.92 67.22 65.94 63.19 64.36
56.97 63.51 61.38 64.35 65.31
64.09 64.72 67.58 62.12 65.1
69.79 67.09 65.59 68.6 65.25
63.83 59.1 60.98 60.67 60.07
54.03 53.59 56.97 61.63 52.77
55.54 54.32 49.83 51.68 52.19
51.63 47.22 54.02 52.24 51
51.78 44.54 52.63 45.25 48.26
42.65 48.18 50.97 52.19 53.39
51.38 50.75 54.48 50.32 51.51
54.35 57.16 59.72 58.37 55.91
59.56 52.09 51.65 52.05 58.27
49.97 50.87 55.63 57.92 55.76
50.92 52.08 52.12 47.94 50.67
45.71 55.91 54.14 51.16 47.27
48.13 51.87 44.05 45.78 45.26
50.11 56.54 59.82 58.6 55.05
56.19 56.3 55.08 57.86 57.81
55.62 55.78 57.34 49.21 50.3
54.3 55.12 57.2 61.28 55.88
59.5 64.18 60.23 52.17 50.13
50.96 40.1 34.93 38.58 31.89
34.35 30.09 32.33 35.52 34.49
33.84 33.78 34.97 35.93 30.99
37.73 38.34 43.75 36.47 35.13
42.58 41.58 35.97 38.12 42.67
42.63 37.06 40.61 40.34 41.22
42 44.45 43.83 41.55
