56.77 67 69.6 66.15 64.76
64.16 63.39 70.61 68.51 71.56
73.68 81.54 84.52 86.61 88.19
92.84 93.82 93.86 95.31 95.73
97.35 95.73 94.65 94.66 94.82
93.84 92.71 95.07 93.7 93.61
95.96 94.83 96.34 95.31 96.3
95.54 96.44 94.76 89.99 93.65
93.48 92.75 96.18 95.66 96.69
96.79 96.27 97.2 95.04 95.43
92.1 80.67 68.84 60.82 57.08
56.93 49.47 47.6 51.74 47.71
45.9 42.13 38.6 39.66 36.31
39.21 39.78 46.2 43.66 55.25
39.08 43.14 45.2 55.2 41.53
51.94 42.19 47.07 44.6 48.84
43.95 51.76 55.36 61.22 64.23
59.86 64.6 62.92 69.42 69.77
64.24 58.41 65.17 64.87 67.04
70.72 65.78 61.31 52.97 62.73
54.4 48.35 53.79 56.03 54.99
52.3 42.76 48.11 46.98 47.95
43.63 37.35 52.47 41.4 56.04
49.45 43.16 44.49 48.38 43.94
54.82 41.33 58.13 45.49 47.55
50.56 53.91 50.11 54.28 53.3
58.78 52.42 64.76 61.69 66.57
69.58 70.91 67.77 65.67 65.46
60.77 59.23 55.02 57.38 55.16
52.95 57.59 43.63 52.45 45.77
40.14 52.12 53.28 56.81 51.61
63.87 71.87 72.52 67.81 61.78
59.93 52.9 60.45 61.39 57.64
62.99 54.96 45.39 51.8 43.65
41.43 41.74 38.34 43.95 43.03
45.39 46 42.22 49.71 47.07
41.22 49.71 63.26 67.08 64.91
68.58 68.57 64 62.06 67.73
67.87 62.35 58.41 61.34 64.65
65.97 62.7 64.35 61.17 67.89
63.01 61.01
