38.61 35.54 40.31 40.76 38.84
42.65 39.31 39.33 38.46 31.1
45 34.01 36.55 34.44 38.73
41.08 43.62 43.55 50.64 54.89
55.83 58.43 63.91 65.66 68.97
70.5 70.95 69.84 73.14 72.78
69.02 67.26 68.08 66.52 60.63
62.7 67.05 55.05 58.27 59.94
63.35 61.38 58.47 60.35 61.03
61.38 59.93 65.2 66.67 69.38
64.06 69.23 61.68 67.13 70.12
71.58 73.04 69.43 66.93 61.62
70.01 62.86 64.62 57.69 55.47
52.21 58.42 51.02 51.6 55.43
54.06 54.68 53.15 57.96 56.03
66.08 60.43 61.98 57.93 60.78
63.58 69.39 77.3 83.96 84.55
88.18 90.43 92.77 92.57 94.98
95.92 96.88 96.61 96.79 97.33
96.99 97.52 96.98 97.37 96.44
95.91 95.05 94.22 94.11 93.48
90.96 91.43 89.79 91.08 88.14
92.49 93.03 94.96 94.26 94.07
93.07 91.26 90.42 88.06 86.83
90.27 94.5 94.49 94.88 94.59
93.96 91.26 91.52 92.11 94.73
94.18 94.87 94.72 94.91 94.64
94.2 94.08 93.7 93.53 94.46
94.66 95.56 95.11 94.77 94.78
94.26 94.72 93.69 94.39 94.99
94.94 95.46 94.39 94.91 95.93
95.73 95.58 95.69 95.23 94.84
94.03 90.87 89.31 93.36 93.57
91.53 91.85 93.67 93.69 93.91
93.34 92.04 87.74 86.53 91.88
94.06 94.79 95.01 94.6 94.15
95.48 94.7 94.22 94.61 93.87
93.39 93.27 93.05 93.54 93.71
94.05 93.49 93.05 90.91 90.79
91.49 93.14 93.25 93.5 94.13
94.64 93.2 93.66 93.2 92.55
92.72 88.42 87.9 87.35 82.8
86.8 91.93 91.69 93.06 93.7
93.96 95.29 94.12 95.45 95.38
95.35 95.96 95.47 94.88 93.93
91.24 87.68 85.49 89.34 91.95
91.38 93.26 92.43 93.47 94.13
94.7 94.79 94.04 93.83 92.72
92.32 91.97 92.92 91.11 88.78
91.74 87.61 86.58 74.11 56.76
