48.96 45.68 54.64 57.9 51.13
46.38 45.49 44.77 55.81 48.89
42.95 48.11 55.66 44.06 50.43
46.04 49.07 53.63 50.38 50.43
47.63 48.25 51.49 46.26 47.3
44.53 51.55 41.88 44.41 53.08
45.9 48.26 40.94 45.73 48.6
45.31 53.4 51.43 56.06 64.58
71.48 74.76 77.73 78.68 78.25
80.61 75.48 77.6 77.26 73.28
74.16 75.79 71.7 73.12 77.56
77.67 73.58 75.25 75.14 69.36
69.5 69.99 67.38 59.98 52.85
56.09 50.99 54.07 46.12 38.41
46.83 40.27 39.06 45.88 36.53
46.66 38.97 36.55 40.16 41.59
42.52 43.91 44.01 38.57 44.76
45.96 42.18 41.91 40.47 48.74
46.94 40.93 48.96 54.69 48.27
43.13 42.79 39.68 36.62 39.68
32.59 43.73 35.41 41.62 43.39
51.63 56.41 43.15 42.02 39.07
37.23 37.01 40.91 46.48 43.49
52.06 46.4 42.9 40.98 41.42
40.47 40.1 44.64 38.91 35.93
47.59 41.15 46.13 43.06 39.07
41.87 42.05 42.04 45.56 45.15
38 46.78 50.73 46.32 41.36
44.83 38.9 44.95 41.57 52.51
40.29 52.14 42.85 57.02 51.83
56.13 46.6 44.35 43.14 50.53
43.97 46.33 42.09 47.41 40.32
42.37 36.83 48.55 39.88 54.94
41.09 38.63 45.61 39.11 40.74
48.57 40.55 43.57 37.62 49.63
39.39 42.98 43.87 38.23 51.72
36.91 47.88 41.9 41.14 36.93
42.91 39.58 54.81 43.64 44.92
40.87 36.17 45.34 44.3 58.77
56.85 44.34 45.52 41.24 50.3
44.75 45.28 46.31 41.04 38.5
53.99 36.93 37.22 41.95 43.77
42.7 39.14 45.7 44.89 43.55
37.85 53.18 45.52 44.14 41.69
50.05 45.19 49.9 40.51 47.63
43.7 44.5 42.83 39.25 42.83
49.62 61.15 51.65 38.84 34.23
40.44 46.78 47.88 45.28 44.4
53.94 52.99 58.03 49.44 53.92
56.05 52.63 56.5 59.3 60.55
67.47 74.96 80.34 79.53 81.28
83.4 88.51 83.24 82.59 82.95
82.29 78.25 77.71 73.16 76.84
72.91 66.86 58.99 59.14 60.95
59.32 64.35 65.4 73.99 75.94
71.91 66.88 72.22 65.28 59.49
55.34 61.57 58.56 60.46 60.75
62.43 56.62 54.36 51.58 46.52
48.01 41.59 40.58 42.44 40.7
37.58 44.92 41.93 49.69 40.76
44.58 47.61 47.41 45.34 47.83
44.94 60.85 58.83 50.35 49.77
61.12 39.63 50.07 53.06 44.37
43.95 46.89 43.85 42.93 44.94
43.31 39.74 47.79 52.71 50.15
51.36 47.25 53.24 42.32 47.74
47.91 45.69 49.37 48.5 65.16
47.81 53.06 62.38 64.28 61.03
54.41 49.7 48.44 39.26 43.7
38.68 50.11 60.21 48.96 55.9
65.06 45.03 51.23 52.18 39.98
53.42 44.65 50.07 54.87 36.78
47.07 41.09 48.85 47.93 44.05
39.67 47.67 42.74 52.73 49.63
39.61 51.81 64.56 62.57 62.39
60.25 59.94 52.92 49.42 46.03
52.04 58.45 49.84 57.31 45.58
60.78 51.18 47.07 46.34 44.42
42.84 43.42 36.62 46.8 34.82
42.96 38.04 47.5 35.67 39.89
35.4 41.17 41.68 39.94 41.03
39.46 38.49 37.51 39.03 40.11
42.94 41.14 41.05 45.41 41.4
42.43 38.78 45.81 46.61 42.98
43.49 45.45 39.39 48.1 40.46
38.71 55.5 46.98 44.73 46.49
41.78 46.7 42.24 41.19 49.76
40.64 44.49 50.7 47.26 45.1
51 51.61 51.57 58.84 61.96
58.65 63.61 63.15 61.14 63.58
65.18 60.67 63.62 60.88 62.79
62.9 68.64 69.52 80.57 82.83
82.72 87.6 84.95 83.57 84.16
83.25 79.09 74.59 73.11 69.05
70.91 75.5 74.52 71.59 69.47
79.28 81.25 79.36 78.41 76.71
72.45 80.33 78.95 82.77 77.5
75.63 74.64 74.98 72.46 72.07
69.74 69.32 71.35 68.93 74.23
83.05 82.92 84.98 83.56 84.53
86.02 86.74 83.54 88.38 86.88
87 89.35 87.02 90.72 88.88
89.81 89.61 84.15 82.61 79.33
73.8 72.86 75.65 71.82 71.66
74.64 76.2 72.29 77.76 74.24
68.67 67.02 67.39 65.06 68.1
63.5 63.99 66.35 60.91 58.28
54.42 54.83 54.08 46.34 49.76
47.45 48.24 46.54 53.81 42.22
59.43 58.69 54.31 43.77 55.49
55.15 57.34 59.93 73.89 74.82
84.6 88.71 89.68 88.39 90.71
91.42 92.95 93.69 95.31 94.08
94.29 94.48 93.01 91.28 87.45
87.37 86.63 80.45 78.05 79.25
66.6 65.16 58.84 61.85 59.81
49.27 52.72 47.19 61.89 47.83
