41.3 40.41 36.08 40.08 39.76
38.35 36.1 37.58 37.9 34.18
33.67 34.46 32.54 32.07 30.68
33.16 30.28 31.87 32.83 30.94
31.93 32.83 34.19 33.91 34.48
36.51 38.43 42.66 43.52 45.57
49.72 49.19 50.66 53.31 57.04
63.51 69.48 84.05 81.34 80
85.07 87.18 85.39 85.57 89.5
88.91 87.83 87.89 90.27 91.1
89.4 90.9 92.62 93.16 86.34
83.93 89.17 90.95 94.22 96.93
96.13 94.82 94.1 98.13 97.8
97.48 97.42 95.61 92.88 88.79
87.99 92.31 95.37 96.93 98.26
98.59 98.61 98.43 95.58 93.79
89.63 85.61 83.98 87.81 90.45
93.42 93.39 95.82 97.65 98.22
98.59 98.57 98.25 98.53 98.45
96.5 96.42 97.29 97.01 97.17
96.18 98.1 98.74 98.66 98.4
96.27 94.98 93.23 90.54 86.05
87.34 89.67 88.18 85.98 88.86
84.71 84.36 84.86 81.09 82.36
83.57 80.69 77.8 78.83 77.08
72.91 69.39 70.79 66.12 64.07
71.09 78.43 73.99 78.42 82.45
82.94 80.51 84.91 83.88 81.41
82.69 85.23 85.64 84.26 85.51
85.57 84.57 84.01 83.26 80.26
78.57 80.67 80.04 76.69 76.29
79.9 79.57 74.58 73.65 79.14
77.99 74.35 75.02 79.5 81.88
86.28 84.63 87.84 91.05 93.87
96.03 94.97 96.42 98.09 97.06
96.7 97.63 97.16 95.96 96.08
95.79 92.76 91.59 95.37 96.34
97.21 97.57 97.3 95.29 95.41
93.38 90.81 88.64 88.36 89.74
90.25 90.71 89.51 90.55 89.48
88.12 87.23 86.34 85.64 83.85
83 83.54 84.82 85.68 84.45
82.6 83.18 82.67 80.21 75.02
77.21 73.7 71.2 62.85 57.08
58.86 52.27 51.27 50.69 53.32
54.95 51.55 51.12 55.6 53.2
47.88 50.28 51.76 48.49 50.39
50.01 49.91 52.81 54.55 55.24
54.37 60.47 60.81 58.48 62.16
67.07 67.46 74.35 78.78 83.69
84.25 84.74 88.91 88.48 88.85
90.01 91.57 94.32 94.04 95.77
96.79 96.72 97.37 98.18 97.03
97.44 98.18 95.92 94.87 95.44
95.27 93.23 90.2 85.39 82.33
75.88 69.44 67.88 67.04 67.61
70.35 74.34 67.48 72.84 73.08
79.33 84.37 88.76 92.57 94.4
96.85 98.3 98.79 98.71 98.59
96.87 92.69 91.9 87.63 93.82
94.46 93.01 94.48 97.69 97.6
96.85 96.49 96.69 92.38 93.18
91.34 92.13 89.6 91.05 88.91
87.62 86.91 87.95 87.22 82.41
77.99 75.85 70.48 72.7 75.32
72.01 72.46 78.03 84.4 78.28
81.04 89.33 90.12 87.99 90.63
95.72 95.41 94.68 95.82 96.47
95.91 95.3 96.2 95.34 93.31
95.4 93.94 92.11 90.8 91.56
90.43 86.64 87.04 85.26 82.88
83.37 83.56 83.06 81.9 86.32
82.62 84.3 77.75 80.5 83.78
80.45 79.84 81.34 83.36 80.3
79.96 80.92 78.45 72.77 70.97
60.5
