45.66 60.93 70.23 79.15 79.16
85.9 89.14 91.97 94.59 95.4
95.56 96.32 97.74 97.71 96.86
98.44 98.43 98.45 98.38 98.36
98.18 98.11 98.03 97.55 95.91
96.43 97.11 96.52 95.16 95.08
95.24 95.91 96.9 97.92 97.97
97.95 98.23 98.47 98.36 98.29
98.39 98.21 97.79 97.92 97.88
97.67 97.04 97.46 96.83 96.63
95.79 93.7 94.02 93.02 94.87
94.28 96.06 96.44 96.62 97.31
97.93 98.16 96.37 96.37 97.29
97.91 97.91 97.93 97.98 96.98
96.77 95.32 96.01 97.47 97.98
98.27 97.83 97.66 96.65 96.19
95.27 91.37 90.64 90.68 93.49
96.11 96.5 96.78 97.48 97.99
98.45 98.43 97.42 96.76 97.37
97.89 98.2 97.67 96.76 96.37
94.98 95.28 93.68 92.57 88.67
91.18 91.81 91.62 91.16 87.46
85.83 88.78 89.91 87.33 86.17
83.74 77.08 67.83 63.16 59.04
54.54 52.51 53.27 45.9 40.42
42.48 49.82 51.46 43.76 47.7
41.37 42.79 38.78 32.75 38.75
35.37 38.05 37.05 34.17 37.77
34.34 39.77 38.48 39.77 36.94
35.84 39.88 36.58 42 35.68
41.48 39.72 46.58 55.41
