41.74 41.16 45.01 44.33 44.84
37.07 42.51 37.34 47.28 41.81
35.11 36.77 38.89 31.91 35.66
31.76 30.52 34.78 35.12 37.29
38.89 35.67 32.92 42.02 37.57
40.53 35 36.02 36.87 34.36
36.73 33.94 37.69 32.71 36.77
41 37.33 32.72 35.9 31.56
32.07 33.34 32.34 30.49 34.79
33.1 32.54 36.57 32.32 38.26
40.8 38.35 35.21 31.72 32.72
31.28 32.67 31.58 30.5 26.77
27.8 26.27 26.71 26.62 25.58
27.75 32.47 33.19 31.36 34.33
31.1 28.04 33.73 31.68 34.39
31.29 34.39 30.92 41.39 36.9
36.45 34.11 34.42 34.28 27.69
31.9 29.16 30.53 35.64 35.39
34.67 35.91 43.22 56.32 51.76
55.71 58.17 58.22 68.11 64.35
52.76 59.53 61.07 53.25 60.29
65.63 49.9 44.98 44.43 42.78
41.77 35.39 34.03 41.8 40.95
40.08 35.84 49.13 40.13 37.57
37.29 43.59 35.6 33.88 36.28
38.92 43.53 44.53 46.73 39.83
55.06 54 53.94 48.25 54.1
50.69 43.99 39.89 45.81 34.76
35.68 42.06 38.66 35.16 36.24
38.67 43.77 49.5 47.24 51.72
51.1 63.81 61.98 58.49 53.89
62.87 60.25 54.78 53.27 57.33
51.92 44.01 49.07 44.12 52.45
47.58 55.43 59.51 59.58 59.64
68.84 72.7 82.08 85.82 84.63
87.26 90.28 93.52 90.06 92.42
93.43 94.14 90.93 90.12 90.44
87.99 87.02 82.47 77.14 72.71
67.44 45.88 53.16 50.39 40.63
47.54 44.78 45.31 43.39 49.73
52.7 49.16 58.73 73.49 81.5
82.6 81.34 82.91 89.26 86.69
88.7 92 92.65 92.86 91.16
92.89 92.73 89.66 91.04 88.69
88.83 90.42 91.36 89.47 90.64
92.05 91.69 89.89 89.45 91.76
91.29 87.58 87.62 89.61 89.88
87.52 89.72 88.19 88.07 87.48
89.09 89.37 86.8 87.78 90.14
90.54 88.89 90.02 90.05 89.51
87.68 89.63 86.58 81.84 80.18
72.46 52.94 50.12 45.55 42.35
38.61 40.6 32.83 39.77 31.25
31.96 37.63 42.27 46.46 44.67
47.87 48.83 44.55 56.03 67.55
68.68 70.99 72.12 70.43 78.8
77.51 71.69 72.2 73.4 74.77
71.71 70.3 70.1 71.4 65.41
65.16 63.99 59.14 56.91 63.83
58.4 56.25 55.88 59.7 55.54
58.4 63.24 67.63 67.18 72
72.66 74.97 75.85 79.47 81.28
78.92 79.75 83.71 81.4 73.02
79.01 79.88 77.01 74.78 75.69
70.02 67.59 65.24 61.09 51.58
49.84 47.7 40.07 42.79 36.56
35.67 36.2 33.67 37.17
