39.86 39.16 27.75 41.49 30.01
26.81 33.02 25.32 34.36 26.28
29.12 24.73 32.96 29.81 36.21
31.43 28.59 33.17 33.44 44.31
35.16 32.83 39.43 40.12 41.77
45.84 51.35 46.17 57.49 56.83
58.63 57.69 58.37 58.52 60.29
64.38 58.81 59.15 58.91 56.72
57.38 48.48 48.43 41.94 43.91
40.62 46.62 49.05 55.16 69.37
83.91 89.45 94.33 94.52 95.01
94.31 93.08 92.27 92.63 93.33
94.71 95.66 95.85 95.89 96.77
94.48 92.11 84.8 83.71 79.74
70.01 70.59 77.71 85.51 88.29
91.18 91.77 94.22 95.31 96.92
96.68 95.34 92.97 92.38 92.52
94.86 95.1 94.48 94.82 92.97
90.61 86.95 83.79 86.85 87.46
90.49 91.43 91.93 92.72 91.03
90.17 90.22 92.17 89.65 90.71
94.28 94.22 92.36 91.81 89.1
82.24 81.81 88.78 91.76 94.32
96.09 95.36 96.49 96.24 95.12
95.54 93.52 91.51 92.24 94.48
94.3 95.14 97.07 97.2 96.64
96.38 94.96 93.02 92.04 90.18
86.31 83.68 83.07 84.09 86.63
89.11 90.68 91.8 93.9 95.81
97.16 96.3 95.85 94.18 92.7
91.24 90.26 90.1 91.7 91.87
94.25 95.25 94.7 94.65 92.81
90.12 90.17 87.56 87.36 83.74
78.18 70.86 63.25 67.28 70.99
79.85 84.54 87.96 88.98 91.43
93.33 93.97 94.34 92.56 91.88
84.48 73.11 66.39 65.42 66.65
77.96 88.14 91.31 92.51 92.64
93.01 90.5 86.8 78.47 72.25
65.89 68.65 77.84 80.8 82.88
81.21 77.81 79.12 85.07 90.63
92.37 92.59 91.06 88.69 85.33
83.82 83.28 80.46 82.98 82.4
79.24 78.66 83.77 90.43 91.64
94.41 94.94 94.3 93.85 92.65
91.5 91.14 89.05 91.83 93.98
95.05 96.36 96.29 95.4 93.62
91.27 86.97 82.85 76.55 72.02
73.87 75.89 63.73 58.18 51.03
50.21 46.76 43.58 45.45 46.96
50.15 51.97 59.73 74.85 88.51
92.39 94.56 93.84 93.97 93.24
92.48 91.74 94.16 94.73 94.61
93.57 93.88 91.01 86.44 73.39
74.64 64.07 71.22 72.87 71.16
69.97 69.05 76 84.69 87.36
86.65 89.4 84.95 84.61 80.97
70.46 79.2 77.78 81.34 80.25
80.24 75.96 71.77 62.51 46.26
43.74 46.89 41.41 39.58 34.03
47.52 35.01 33.69 36.94 33.95
40.26 49.27 49.82 52.44 57.11
72.26 87.48 88.88 87.72 88.29
85.56 80.13 80.96 85.87 88.64
90.65 92.53 91.93 92.89 90.49
90.13 93.68 92.37 89.02 90.46
92.02 92.23 91.61 90.34 90.9
86.61 88.94 86.44 87.58 86.94
83.18 78.84 77.42 77.14 81.35
82.76 82.57 82.87 83.01 85.65
87.25 91.57 92.42 94.6 93.88
92.85 91.5 90.16 90.71 91.54
90.97 90.27 93.85 91.91 92.16
91.24 89.65 87.62 84.94 79.8
75.47 75 71.77 71.34 74.27
80.86 82.76 85.92 87 90.29
90.9 91.91 92.16 90.98 91.33
84.13 74.21 68.3 70.75 68.59
78.36 88.25 90.5 91.3 91.12
90.96 87.85 85.37 74.12 70.05
62.33 60.85 68.4 72.47 73.52
76.44 76.21 80.89 83.69 88.6
89.82 90.05 87.85 86.43 84.29
82.81 77.51 72.41 66.44 67.3
70.35 75.09 79.58 86.56 88.65
91.13 92.4 92.59 93.11 92.52
91.76 90.62 89.35 91.81 92.67
93.58 93.59 92.72 89.98 88.55
84.44 76.45 68.14 59.58 67.29
72.1 61.88 55.93 55.65 49.63
52.41 53.21 59.8 64.6 68.53
69.28 75.12 79.42 86.11 82.57
86.99 88.54 90.56 88.4 90.78
92.88 88.37 88.36 87.15 86.59
82.35 79.7 80.94 77.75 74.7
72.7 70.61 57.75 45.72 42.31
42.43 34.47 36.74 34.97 45.42
27.95 29.22 27.06 29.39 29.71
25.64 26.8 28.95 25 31.73
25.83 33.79 23.79 32.76 24.58
31.68 28.67 29.3 30.43 29.47
31.42 27.59 25.65 25.87 26.92
27.91 30.94 25.34 26.75 24.32
29.83 25.97 33.75 31.43 31.62
34.88 32.05 25.85 30.09 31.15
24.24 30.59 24.1 33.15 25.5
34.19 22.42 32.41 25.2 34.52
29.27 40.39 26.93 30.82 29.58
32.28 31.92 30.36 32.35 32.45
33.31 35.95 37.56 28.59 32.99
26.98 29.03 29.46 27.97 25.82
24.52 21.82 25.54 23.81 20.72
28.04 21.64 21.66 27.93 21.46
23.88 26.44 22.75 27.38 23.11
30.21 25.29 29.1 27.02 29.05
26.49 33.6 28.19 28.5 28.37
28.94 26.85 24.57 26.12 26.01
24.34 25.08 25.62 25.34 29.23
30.1 26.57 32.1 24.12 27.13
30.14 30.6 34.8 39 37.63
36.09 34.73 35.14 42.83 38.54
39.91 38.5 39.35 43.88 41.84
39.48 40.63 38.75 41.48 39.09
37.76 45.44 43.07 37.86 34.72
40.14 42.88 41.47 44.47 39.36
39.28 31.77 38.2 37.88 37.59
34.86 33.12 32.47 38.27 36.68
36.22 34.89 35.18 35.2 36.1
37.62 38.03 38.2 36 37.06
36.09 35.41 36.78 39.32 36.65
35.8 42.08 32.59 38.78 39.94
