35.09 31.18 32.45 33.93 33.55
29.67 35.05 32.1 40.6 44.31
55.29 72.15 82.68 85 85.78
84.87 78.58 76.61 79.22 77.11
81.16 83.03 78.52 79.83 79.57
83.17 85.19 84.06 86.1 88.16
88.11 87.93 89.17 91.51 91.98
91.19 91.74 93.16 92.26 91.64
91.8 93.79 92.18 91.89 91.76
88.57 88.53 88.57 88.97 86.1
86.21 87.72 90.03 88.69 89.85
92.42 91.23 90.98 91.99 92.24
92.39 92.04 93.22 92.96 92.42
91.67 91.77 93.95 93.99 93.75
94.28 91.93 91.8 91.78 91.15
93.64 95.68 95.8 95.09 96.07
96.7 96.08 95.74 96.02 95.44
94.83 95.05 94.32 94.48 93.54
91.54 85.79 84.38 85.73 86.52
88.65 91.59 84.57 90.71 91.56
91.52 92.33 93.63 94.2 94.76
96.03 96.13 96.04 97.26 97.15
97.18 96.66 96.8 97.37 96.44
94.88 96.48 95.89 94.12 94.68
93.45 92.92 93.06 92.16 94.19
94.55 94.86 96.6 96.72 96.35
96.9 97.49 97.14 95.67 96.34
95.26 93.91 93.33 94.2 92.73
95.11 93.62 92.17 93.51 92.58
87.83 92.43 90.64 92.15 93.27
92.72 95.16 96.46 97.08 96.56
97.03 97.74 97.96 97.5 97.64
97.87 97.64 96.35 96.71 96.48
94.41 94.04 93.42 96.21 94.06
94.43 95.92 96.44 95.1 96.26
97.46 97.82 97.41 96.86 96.96
97.73 97.08 95.79 96.35 95.91
95.02 93.78 90.45 88.15 91.57
94.7 94.63 95.52 95.58 96.56
96.85 97.11 97.32 97.97 97.6
96.87 97.41 97.13 95.2 90.87
92.15 93.1 92.83 90.08 92.92
93.17 94.8 95.69 97.3 96.92
96.64 97.79 98.01 97.31 97.29
98.06 98.08 97.08 96.6 96.91
96.16 94.57 95.5 96.64 96.65
96.13 96.45 97.17 96.35 95.79
97.05 96.46 95.41 95.03 93.78
92.65 91.62 91.79 89.26 92.1
89.68 90.68 90.65 93.79 92.69
93.93 90.07 90.66 94.07 94.55
93.48 93.5 96.35 96.77 95.44
95.39 96.76 95.35 92.77 94.54
92.9 91.39 93.05 96.03 95.88
90.76 94.47 96.36 96.12 95.7
96.05 96.96 96.68 95.87 95.81
97.28 95.64 94.54 93.7 95.06
96.42 95.55 93.71 96.91 97.81
95.99 97.4 98.16 97.59 97.03
97.89 97.22 96.11 96.86 97.15
93.88 92.96 93.5 92.8 94.27
94.75 95.93 95.96 94.85 94.15
95.09 96.29 97.36 97.54 97.89
97.35 97.54 98.32 98 97.54
98.14 98.4 97.79 98.25 96.7
97.89 98.2 98.34 98.57 98.46
98.24 98.25 98.44 98.31 97.1
97.49 97.64 94.81 94.89 97.2
96.55 96.09 96.36 95.95 94.86
94.59 96.1 94.93 95.36 96.34
97.48 96.38 95.27 97.97 98.27
98 97.39 98.23 97.55 97.45
98.09 97.02 97.89 97.76 97.93
98.5 98.48 98.61 98.19 98.67
98.55 98.38 97.55 98.34 98.02
97.68 97.2 97.28 95.99 95.37
95.51 95.67 94.61 95.51 95.42
93.69 95.19 96.78 97.55 97.78
97.46 97.77 98.39 98.12 97.18
97.88 97.74 95.67 97.63 94.49
97.14 95.41 96.96 98.28 97.59
98.12 98.38 98.61 98.7 98.53
98.14 98.62 98.46 98.17 98.26
98.15 97.67 97.04 96.93 93.51
92.99 92.8 92.92 94.58 94.28
92.51 90.64 91.18 92.67 93.78
91.34 90.84 96.21 94.35 97.29
98.41 97.63 98.04 97.8 98.46
98.33 96.79 96.95 95.43 90.34
87.96 83.63 91.24 91.77 93.71
96.14 95.42 95.36 96.98 98.08
97.21 96.41 98.11 98.22 96.75
96.46 97.77 97.99 97.86 97.38
93.1 93.53 96.06 96.64 97.38
96.89 96.38 97.65 98 96.91
96.85 97.84 97.72 96.84 97.21
97.83 96.52 95.84 97.44 95.46
93.19 91.25 96.62 97.1 93.47
94.63 97.62 96.41 92.55 96.37
96.9 92.91 92.59 94.41 94.52
92.87 95.28 96.46 94.84 94.86
97.22 96.9 95.57 96.64 96.81
95.47 95.46 95.24 94.15 93.21
92.88 93.14 94.05 92.9 91.53
91.8 93.17 91.46 92.45 94.27
92.09 90.28 92 93.8 89.05
90.34 94.18 93.33 88.89 91.51
93.08 91.24 88.75 84.94 83.78
91.07 93.59 91.9 93.51 94.96
94.18 93.35 93.77 95.41 95.36
94.27 94.91 95.76 93.95 92.69
94.76 94.62 95.25 95.66 96.57
96.72 97.61 97.29 97.45 97.61
97.39 96.81 95.88 94.78 94.97
97.24 96.69 95.84 95.11 96.54
96.6 94.43 95.59 96.84 94.9
93.86 94.73 94.74 92.75 91.28
91.13 89.5 82.91 70.17 62.8
62.05 63.53 60.74 70.68 83.47
88.87 91.39 91.46 89.85 92.71
94.44 93.04 92.73 96.02 96.11
91.28 95.05 96.33 95.57 94.79
94.85 96.71 97.8 97.22 97.58
97.01 97.86 98.26 97.49 97.62
97.95 96.66 95.73 96.09 95.09
93.14 94.08 93.32 89.56 89.09
88.13 87.17 88.72 90.48 92.34
88.28 87.55 90.75 87.83 91.33
93 93.15 88.61 91.78 94.34
92.99 91.34 94.88 95.98 94.21
94.45 97.53 97.82 96.19 95.64
97.75 97.41 94.44 94.4 96.33
96.36 96.1 96.78 97.69 96.44
96.34 95.41 95.56 97.15 96.86
95.91 95.06 94.7 93.93 91.3
91.36 91.83 87.53 85.79 84.64
88.8 91.45 89.7 92.1 94.29
93.99 93.88 95.6 96.8 96.39
96.93 97.24 96.11 94.97 96.5
94.18 92.03 94.53 95.75 94.92
95.01 96.5 96.74 95.54 95.32
95.71 94.54 94.92 95.92 95.75
95.96 96.47 95.96 97.24 97.5
96.72 96.1 97.31 96.81 95.08
91.95 94.93 93.8 93.54 96.6
97.61 97.45 97.15 97.97 98.31
97.8 97.64 98.02 97.12 95.49
96.13 96.51 94.48 95.42 95.86
94.86 96.81 97.6 97.87 97.01
97.25 98 97.65 95.39 95.97
96.19 95.19 93.57 92 93.79
92.14 90.9 89.81 91.12 90.91
87.27 91.72 95.42 94.7 95.9
97.27 97.24 97.29 98.19 98.08
97.38 98.07 98.21 97.24 97.38
96.78 95.95 93.46 93.59 95.36
95.6 92.58 93.39 95.46 95.39
94.27 95.44 95.79 94.09 93.25
94.8 96.71 96.32 94.46 94.89
95.01 95.04 95.14 93.37 93.84
92.59 92.64 90.51 89.03 85.2
89.03 90.42 91.88 92.45 95.25
96.95 97.15 95.4 93.7 88.04
88.69 92.68 93.26 93.01 93.18
95.15 95.63 94.54 96.4 97.27
96.95 96.37 97.53 98.1 97.63
97.54 97.4 97.57 97.69 97.72
97.33 96.68 95.91 95.06 94.21
93.11 92.47 90.41 90.38 94.07
93.58 94.29 95.92 96.02 96.33
96.92 97.02 97.03 97.98 97.53
97.69 97.86 97.71 97.35 95.67
96.24 96.03 96.67 95.06 93.66
93.51 92.54 90.8 92.88 94.4
94.3 96.54 97.31 96.81 97.77
98.09 97.71 98.19 98.52 98.44
98.2 98.53 98.18 98.24 98.17
98.46 98.16 97.86 97.93 97.78
96.96 96.45 94.11 95.46 97.42
95.7 92.56 95.31 97.59 97.24
97.27 96.99 97.95 98.03 98.19
98.08 98.16 98.27 98.02 97.95
97.84 97.54 98.02 97.03 97.58
97.64 97.62 98.21 97.99 97.29
96.93 98.41 97.38 95.38 96.71
97.2 96.21 92.14 95.01 96.77
91.75 90.45 93.59 94.02 96.52
96.79 97.52 97.47 98.26 98.2
98.35 98.57 97.69 98.18 98.17
97.67 96.96 95.4 95.36 94.1
95.8 94.47 92.67 94.58 96.61
94.32 90.32 95.57 95.93 91.32
94.05 97.08 94.31 90.6 95.08
95.53 90.77 88.47 92.65 90.08
83.77 85.25 87.18 82.24 72.82
77.38 72.55 66.42 73.1 71.45
76.32 81.22 85.91 89.53 89.53
92.41 93.89 96.01 95.83 96.84
97.65 98.07 98.17 98.37 98.53
98.46 98.5 98.3 98.24 97.89
97.65 96.97 95.97 94.82 96.96
94.57 93.43 91.39 88.29 93.16
92.74 92.84 95.83 95.57 94.36
95.1 97.46 96.61 95.82 97.8
97.79 97.34 97.29 97.15 97.05
96.25 95.27 94.92 93.02 88.33
76.97 79.48 82.88 84.72 90.3
91.29 94.91 95.37 95.82 96.22
96.11 96.46 96.21 97.08 94.98
94.9 96.16 95.69 94.81 94.76
95.35 95.99 94.99 95.33 93.75
93.48 94.97 95.45 93.47 94.28
94.82 95.35 96.06 96.98 97.1
97.28 96.8 97.57 97.35 96.53
96.4 96.95 95.07 93.88 94.52
94.1 93.27 91.47 91.67 89.73
89.8 89.9 90.21 90.25 91.33
92.23 92.87 89.47 90.22 92.47
92.33 93.17 94.86 94.47 93.73
94.74 97.18 97.08 95.3 89.61
80.05 76.03 74.41 76.82 80.8
83.96 88.01 85.05 90.57 91.79
93.55 91.75 90.35 87.02 84.9
84.31 75.13 74.63 76.34 75.63
60.26 51.47 37.15 28.49 31.58
29.41 29.41 31.32 27.91 31.1
32.69 29.07 31.34 32.6 31.53
33.51 34.12 34.51 37.45 41.41
41.13 36.54 41.62 42.09 40.5
38.48 37.15 37.24 39.42 37.58
34.49 34.85 34.04 34.15 36.59
33.13 35.72 34.14 35.7 32.61
35.2 35.75 33.09 39.76 32.58
35.58 39.87 36.11 33.58 39.34
33.83 35.89 32.29 36.95 35.53
37.99 37.7 38.33 38.58 38.95
39.93 42.7 40.52 39.72 39.3
34.59 35.5 30.9 37.97 35.03
37.83 45.85 39.38 42.83 36.86
38.25 38.52 39.98 39.48 39.68
38.84 41.48 40.29 38.72 40.74
40.16 40.07 37.11 33.89 37.66
38.59 37.6 31.62 39.03 33.49
34.43 33.82 32.87 32.97 30.58
37.93 32.27 36.22 38.04 37.81
38.39 37.37 40.45 38.56 36.26
36.18 36.83 40.07 38.99 38.68
38.43 37.12 36.69 36.95 37.77
36.53 38.16 40.59 36.96 35.15
33.82 34.02 31.69 29.09 32.31
30.21 31.6 30.38 30.86 32.59
30.5 32.4 30.75 29.96 32.39
29.23 29.91 29.99 29.73 30.1
29.57 31.56 32.81 28.85 34.86
32.37 33.6 35.17 32.65 34.39
31.64 34.73 32.84 36.61 35.05
39.86 35.75 34.72 39.42 36.17
37.76 38.19 35.47 38.41 36.17
37.77 38.5 42.39 52.2 42.16
44.65 47.1 42.54 42.97 42.87
44.04 44.75 41.58 43.29 41.35
44.28 38.32 38.63 34.86 38.49
36 37.1 35.58 34.38 36.26
33.28 35.67 39.87 40.11 35.54
38.65 41.61 35.52 38.38 35.65
36.49 34.73 39.27 32.5 41.98
33.73 37.42 36.34 38.02 38.64
37.86 36.92 36.59 37.07 34.92
36.01 35.74 36.34 37.45 40.34
38.24 37.8 39.08 33.82 35.88
35.44 36.82 38.35 34.81 32.9
36.21 37.13 34.56 40.13 35.72
37.98 34.78 35.76 41.11 36.6
42.26 35.33 39.28 38.21 35.76
45.43 39.1 30.87 35.54 33.06
35.26 34.43 44.22 31.25 32.99
35.28 39.53 36.84 40.36 34.69
37.92 41.19 32.76 35.1 35.44
37.07 35.87 37.17 35.61 33.85
34.97 35.41 36.84 39.25 36.72
34.4 36.85 33.85 36.82 32.03
36.13 28.8 33.21 28.07 31.63
24.3 24.72 25 24.29 25.57
26.34 24.25 30.91 27.29 29.03
27.41 29.06 28.01 29.38 28.4
30.52 28.83 28.6 32.49 32.63
30.34 34.54 34 30.73 35.28
32.29 34.99 32.23 33.83 35.75
34.05 37.91 36.54 35.62 34.39
31.93 29.94
