38.38 36.87 36.48 36.61 36.17
34.65 34.03 36.03 30.98 41.46
34.43 41.56 37.32 31.4 40
31.19 34 32.3 32.17 28.85
29.08 29.2 27.96 26.41 27.4
25.49 29.15 30.55 31.82 41.23
40.48 36.35 29.63 38.35 40.67
48.02 51.39 53.08 63.09 80.82
75.94 74.74 77.53 79.65 79.89
79.47 83.61 80.39 81.34 84.46
84.48 85.36 87.27 87.99 87.37
88.36 89.95 88.01 90.85 89.77
90.55 90.7 90.27 90.48 92.43
93.29 93.25 92.23 92.58 93.05
94.98 92.74 88.16 86.23 88.85
91.22 90.31 89.98 92.37 90.84
91.43 92.8 93.71 95.1 93.99
94.65 95.24 95.5 95.22 95.56
96.2 95.74 94.52 94.44 95.41
96.78 97.8 97.34 97.44 96.81
96.16 94.28 94.74 95.34 97.03
96.43 96.41 96.02 94.53 92.45
93.29 91.19 93.39 94 91.06
91.55 89.71 89.74 91.36 91.4
89.17 87.63 90.12 94.45 96.19
97.21 97.16 98.22 98.23 98.1
97.51 96.27 95.65 95.33 93.85
94.76 93.85 92.64 92.43 93.88
94.91 93.38 93.34 93.85 93.91
91.66 95.03 94.95 96.66 97.95
98.1 98.25 98.33 98.01 97.77
96.74 96.89 97.01 94.48 94.89
96.56 95.24 96.62 95.09 95.78
96.46 94.7 94.98 95.77 94.84
95.78 96.67 96.11 96.19 97.37
98.12 98.19 98.3 98.1 97.58
97.11 95.8 95.26 96.6 95.06
95.86 96.71 95.66 94.49 94.8
95.36 96.37 95.3 94.98 96.1
95.19 94.63 96.62 95.45 96.76
97.81 97.54 97.6 97.3 96.21
95.19 92.53 91.85 94.25 92.52
94.52 93.36 91.63 91.29 88.2
89.29 91.56 92.18 91.02 92.85
93.8 94.66 93.9 94.74 95.49
95.6 93.25 94.48 95.47 94.75
93.79 90.52 78.86 66.88 60.18
56.13 47.43 51.33 47.97 48.2
45.51 42.87 41.15 45.27 42.66
40.24 40.43 43.74 45.98 49.94
46.73 47.84 52.07 54.06 58.62
51.31 62.88
