37.31 32.64 36.42 34.51 28.04
37.36 31.47 35.06 29.73 31.51
24.72 29.01 27.51 30.01 28.47
25.29 28.05 27.61 25.12 25.65
25.23 26.42 27.47 27.83 27.3
28.97 30.33 29.51 36.29 44.33
47.03 56 63.89 68.82 74.74
74.53 72.81 74.51 79.84 82.83
76.51 82.56 84.62 79.28 82.11
82.53 79.74 82.14 82.39 83.74
84.47 78.91 82.84 85.94 83.9
84.66 85.5 86.1 83.03 85.25
84.15 82.78 78.87 82.07 80.32
80.64 79.22 77.88 77.19 74.13
80.48 83.08 79.05 78.21 78.88
83.69 82.86 82.42 80.09 84.88
86.54 82.68 82.3 85.07 83.01
78.28 78.38 82.15 79.05 83.56
77.48 76.14 76.62 77.66 76.82
77.04 78.43 74.74 74.46 72.53
70.73 75.23 70.1 75.09 74.83
74.99 80.25 81.25 82.07 81.76
82.6 80.2 79.28 76.6 69.82
61.62 63.8 48.66 42.71 49.67
38.31 43.21 41.14 40.86 45.54
49.16 44.48 49.91 44.5 44.96
50.34 54.25 42.12 45.69 49.17
39.62 32.35 39.47 41.47 37
33.45 36.54 36.4 36.81 34.64
40.74 36.65 38.9 41.39 32.58
29.94 32.81 32.79 28.87 28.58
24.69 31.91 25.67 24.76 27.1
25.04 24.3 22.21 25.1 23.57
28.41 21.17 22.9 30.33 22.44
26.15 31.22 23.06 26.69 20.29
23.65 24.12 21.69 25.8 25.49
20.56 26.48 26.37 21.39 26.26
24.52 23.53 23.52 23.19 24.76
22.31 23.91 24.18 23.62 22.77
26.03 29.04 22.64 27.31 21.36
22.05 22.66 22.82 19.27 24.75
25.38 26.2 28.09 26.82 22.38
29.91 25.81 23.65 27.35 25.25
26.54 25.19 23.45 25.61 21.85
26.13 25.32 28.85 24.23 23.32
27.09 26.4 33.91 36.35 37.03
47.1 40.77 41.28 48.77 47.59
44.04 41.05 46.81 46.05 41.8
38.99 37.48 32.53 40.86 26.51
30.76 32.59 26.84 31.08 38.01
36.42 43.13 48.01 53.97 64.76
75.93 74.47 77 75.82 80.86
79.2 78.72 80.31 83.29 78.51
78.16 78.56 69.95 68.04 67.73
59.69 58.26 58.08 55.72 55.82
53.67 55.31 53.43 50.51 44.2
49.09 54.08 66.82 71.58 72.3
76.1 82.55 80.65 79.65 81.41
84.71 83.34 80.41 84.08 81.96
77.46 81.65 81.99 83.93 79.47
82.99 83.38 80.64 78.84 81.85
81.79 79.65 78.92 82.33 79.44
76.56 75.28 75.39 74.47 68.74
68.86 68.88 64.58 63.19 63.02
59.92 62.83 50.88 45.64 47.56
41.14 36.52 41.7 46.06 46.65
46.47 52.28 46.52 46.78 45.01
48.96 50.11 39.9 44.4 41.61
39.7 34.4 31.92 29.09 24.3
25.67 29.41 23.98 21.37 28.03
27.55 21.2 27.47 22.52 23.42
28.98 19.28 24.54 24.35 19.79
28.06 22.19 18.66 23.98 20.7
23.47 26.87 23.46 25.46 22
19.75 21.71 25.22 25.65 21.53
24.6 25.77 22.7 25.61 22.18
28.66 23.39 23.8 24.68 24.59
25.29 24.91 28 27.57 26.98
24.06 25.29 24.39 24.88 23.18
25.87 20.62 26.73 25.04 22.65
23.49 23.01 22.21 26.78 24.38
22.49 25.85 43.3 23.72 24.2
25.32 22.93 22.27 20.79 23.94
21.26 24.82 23.06 26.36 26.32
25.18 25.99 25.38 30.65 24.57
27.75 32.62 35.21 39.71 37.95
44.87 53.99 52.9 42.75 40.84
61.59 43.22 42.37 39.36 41.37
36.51 33.81 33.01 30.42 32.51
25.31 22.87 26.19 30.83 25.79
29.2 30.75 29.74 26.85 26.67
23.98 27.55 20.67 28.03 23.62
24.46 26.98 23.57 22.07 23.03
22.13 25.34 24.7 32.07 26.93
23.01 23.32 26.49 22.39 25.34
23.26 29.26 27.46 26.19 25.57
27.73 25.97 27.67 29.25 28.99
30.66 29.44 31.35 41.51 35.86
36.67 45.19 40.2 41.69 43.22
37.38 43.49 38.79 35.97 39.2
45.05 37.58 38.07 45.52 37.91
37.22 39.44 32.44 29.66 35.67
35.41 33.04 38.75 37.64 41.92
43.9 48.45 52.87 58.7 71.9
76.03 85.63 83.85 83.27 81.04
85.72 83.69 82.29 81.21 79.21
82.7 83.53 82.33 84.26 85.54
84.73 86.41 84.01 84.36 85.52
88.69 84.55 86.9 86.63 85.71
86.89 88.67 86.57 89.05 89.47
88.56 88.08 83.54 87.28 87.22
87.09 87.82 85.98 86.49 85.32
86.77 83.77 84.68 88.01 86.77
80.69 85.97 86.48 87.91 83.35
85.45 86.75 85.47 85.85 86.34
83.07 84.66 87.03 84.56 86.87
82.64 87.44 86.97 88.58 84.89
82.38 82.83 83.06 83.6 82.44
84.39 83.83 83.64 80.13 84.22
82.97 87.1 85.19 83.96 84.48
85.36 82.79 84.85 80.95 80.12
84.92 80.25 82.22 77.98 85.84
84.23 86.18 86.86 80.88 84.69
82.81 82.87 81.69 84.34 84.13
82.53 80.48 83.61 82.27 84.79
82.18 78.69 80.42 76.55 75.93
78.63 78.18 81.77 83.48 85.67
85.6 81.5 84.45 83.57 81.1
80.97 82.01 82.22 82.48 82.18
81.06 83.32 84.5 83.35 81.25
83.59 82.24 81.28 79.15 79.3
78.39 69.69 70.11 74.84 75.98
79.16 83.07 84.31 83.64 80.37
85.07 80.1 81.59 79.41 79.65
77.53 78.23 83.74 83.33 84.01
85.34 85.03 86.23 85.78 84.97
83.09 82.04 82.01 75.29 70.03
62.92 62.59 59.52 58.34 57.92
58.01 54.71 52.95 55.24 60.52
56.71 46.4
