32.72 33.21 34.21 31.43 49.82
36.98 38.39 32.89 37.54 30.31
36.9 34.74 27.37 29.35 33.24
29.12 27.25 27.93 32.69 26.61
26.38 28.47 29.38 29.76 28.52
33.41 27.67 28.76 31.7 27.59
27.19 29.48 26.31 28.09 27.66
33.94 36.04 37.55 43.21 36.45
50.81 47.88 57.02 63.56 78.27
88.65 95.09 95.89 97.45 95.89
97.62 97.47 98.53 98.62 98.4
98.14 98.07 98.54 98.58 98.71
98.59 98.83 98.9 98.84 98.9
98.88 98.88 98.69 98.36 98.13
98.31 97.3 98.06 98.45 98.69
98.84 98.78 98.78 98.85 98.88
98.73 98.74 98.51 98.57 98
97.89 96.82 96.28 97.07 97.68
97.18 97.95 98.6 98.71 98.83
98.91 98.71 98.4 97.64 98.63
98.42 98.37 97.47 98.18 98.56
98.29 97.91 95.98 91.52 81.28
73.93 72.6 71.05 79.37 84.9
89.68 93.94 94.59 96.74 97.82
96.5 97.18 96 96.51 95.92
95.04 93.57 97.26 98.45 98.72
98.47 98.39 98.22 97.62 96.68
93.89 93.21 95.84 96.05 94.93
96.85 93.69 94.64 95.7 97.38
98.2 98.54 98.63 98.82 98.82
98.85 98.76 98.51 98.62 98.72
98.41 97.76 97.91 98.34 98.16
98.56 98.84 98.82 98.6 98.73
98.47 98.33 96.19 97.07 94.13
94.51 92.72 96.49 97.39 98.34
98.66 98.81 98.87 98.85 98.88
98.66 98.87 98.79 98.37 98.65
98.76 98.85 98.81 98.81 98.86
98.9 98.87 98.92 98.89 98.86
98.9 98.78 98.65 98.78 98.81
98.85 98.87 98.93 98.88 98.93
98.92 98.9 98.77 98.64 98.34
98.12 97.55 98.58 98.53 98.87
98.88 98.92 98.9 98.9 98.75
98.69 98.49 98.16 98.53 98.45
98.01 97.28 95.67 92.79 94.27
97.68 98.62 98.79 98.81 98.82
98.89 98.68 98.81 98.91 98.7
98.79 98.91 98.84 98.89 98.81
98.91 98.9 98.92 98.89 98.92
98.92 98.83 98.55 98.81 98.74
98.81 98.82 98.83 98.78 98.81
98.77 98.44 98.11 98.5 98.8
98.89 98.91 98.92 98.93 98.92
98.87 98.74 98.58 98.41 98.57
98.65 98.32 98.68 98.79 98.7
98.72 98.83 98.91 98.81 98.81
98.92 98.92 98.86 98.92 98.89
98.86 98.87 98.88 98.81 98.54
98.54 98.47 98.33 98.55 98.66
98.79 98.66 98.76 98.68 98.89
98.91 98.92 98.9 98.91 98.88
98.84 98.6 98.53 98.42 97.54
94.26 94.27 98.64 98.78 98.8
98.75 98.82 98.82 98.92 98.9
98.9 98.89 98.7 98.79 98.06
98.57 98.85 98.8 98.73 98.2
96.82 95.96 96.87 97.95 96.66
97.35 95.94 96.83 98.34 98.26
97.79 98.75 98.84 98.8 98.79
98.89 98.91 98.84 98.89 98.9
98.89 98.89 98.88 98.91 98.83
98.65 98.71 98.79 98.88 98.88
98.82 98.72 98.84 98.78 98.61
98.73 98.77 98.82 98.8 98.78
98.77 98.74 98.84 98.81 98.78
98.88 98.84 98.85 98.81 98.75
98.8 98.8 98.53 98.69 98.65
98.45 98.3 97.7 98.01 97.09
98.27 96.85 97.29 97.68 98.52
97.26 96.55 98.37 98.71 98.56
97.63 98.46 98.64 96.17 96.12
97.66 96.62 94.17 93.99 95.31
96.93 98.11 98.63 98.66 98.61
98.08 98.47 98.17 97.94 97.4
98.06 97.7 98.26 98.62 98.63
98.45 98.56 98.18 98.19 97.72
98.54 98.6 98.7 98.78 98.85
98.78 98.89 98.88 98.79 98.77
98.73 98.57 97.69 97.59 96.2
95.41 93.42 93.57 94.46 94.46
94.04 96.19 97.32 96.08 96.55
97.86 98.05 97.5 98.48 98.76
98.32 98.44 98.65 98.67 98.73
98.73 98.76 98.77 98.53 96.94
97.62 98.3 98.16 96.97 95.71
95.7 94.57 91.43 89.55 86.28
61.41 56.21 47.98 44.15 39.17
36.39 32.84 31.67 31.86 31.61
29.94 33.94 41.03 33.84 35.59
29.46 32.63 32.9 33.75 31.84
35.02 34.19 40.01 46.39 48.39
46.4 36.32 46.58 49.74 69.14
86.29 92.12 94.59 96.13 97.68
98.28 98.24 98.41 98.75 98.64
98.41 97.52 96.84 96.88 98.53
98.21 98.26 98.67 98.76 98.79
98.63 98.06 97.25 96.47 97.71
98.07 98.55 98.64 98.67 98.41
98.28 95.89 96.14 96.01 92.75
88.33 69.78 60.55 55.6 52.02
58.95 58.95 72.2 84.12 89.93
95.31 97.87 98.55 98.05 98.38
97.87 98.51 98.72 98.77 98.67
98.58 97.92 97.81 97.55 96.13
97.01 97.77 97.83 96.62 96.8
97.17 97.57 96.62 97.44 97.74
98.12 98.06 97.69 96.65 97.65
97.55 96.54 96.49 97.57 98.1
97.34 98.17 98.6 98.74 98.82
98.72 98.71 97.8 98.66 98.49
98.44 98.85 98.83 98.74 98.86
98.75 98.73 97.76 96.58 96.85
97.89 98.64 98.43 98.24 98.69
98.69 98.37 98.42 98.72 98.25
97.72 97.43 98.26 97.96 97.99
98.42 98.3 98.55 98.56 98.8
98.84 98.78 98.77 98.87 98.87
98.84 98.74 98.77 98.59 98.07
98.01 97.71 95.69 94.8 94.34
95.83 97.28 97.89 98.46 98.5
98.38 98.65 98.59 98.4 98.64
98.45 98.39 98.54 98.5 97.59
98.07 98.3 97.58 98.31 98.33
98.42 98.71 98.73 98.56 98.72
98.53 98.31 97.76 98.52 98.48
98.23 97.92 98.41 97.67 97.88
98.34 98.48 97.68 97.36 96.25
95.74 97.05 95.84 96.39 97.41
97.73 97.03 97.12 98.03 97.42
97.11 97.56 97.8 98.15 97.45
97.71 98.26 98.17 98.09 98.2
98.62 98.27 98.18 98.55 98.41
98.42 98.36 98.05 97.65 97.34
97.58 96.91 96.95 98.42 98.42
98.18 98.34 98.67 98.47 97.95
98.59 98.76 98.39 98.03 98.52
98.32 95.87 96.47 97.17 98.11
98.24 98.22 98.58 98.56 98.49
98.4 98.72 98.51 98.48 98.6
98.73 98.47 98.42 98.47 98.17
97.78 97.61 96.64 94.72 93.33
95.8 95.89 97.86 98.28 98.21
98.02 98.39 98.54 97.79 98.62
98.78 98.76 98.54 98.68 98.37
98.49 98.34 98.11 98.26 98.23
98.57 98.73 98.61 98.65 98.7
98.46 97.86 97.85 97.99 94.94
95.14 96.32 96.86 97.33 96.2
96.7 98.06 98.31 98.12 98.4
98.71 98.68 98.66 98.69 98.8
98.75 98.17 98.46 97.95 98.55
98.43 98.53 98.64 98.78 98.71
98.71 98.79 98.8 98.7 98.44
98.51 98.41 97.81 97.09 92.86
96.29 98.16 97.95 98.47 98.17
98.43 98.77 98.61 98.39 98.8
98.83 98.54 98.61 98.77 98.46
97.84 98.19 96.7 97.7 98.42
98.44 98.49 98.61 98.82 98.76
98.67 98.74 98.74 98.48 98.39
98.4 98.45 97.88 97.96 98.46
97.92 96.85 98.06 98.15 98.09
97.79 97.16 98.18 96.88 97.96
98.59 98.27 97.07 98.67 98.6
97.95 97.76 98.6 98.63 97.38
98.41 98.64 98.38 98.55 98.29
98.38 98.35 98.43 98.45 98.18
98.46 98.14 97.95 98.34 98.01
96.74 97.46 96.51 94.7 90.97
91.93 90.81 88.49 94.36 97.57
97.85 97.78 98.02 96.91 97.02
97.67 97.71 96.38 97.32 98.04
97.2 96.28 97.79 97.58 96.02
97.4 97.78 96.5 96.49 98.04
98.2 97.83 98.38 98.41 97.87
97.92 98.27 97.4 94.62 94.4
89.62 80.8 63.85 63.72 55.9
44.07
