65.77 79.34 85.91 90.73 92.17
92.22 91.56 90.75 93.27 94.86
94.56 93.61 92.79 89.08 88.74
89.15 89.98 90.93 91.42 91.33
93.75 94.31 94.25 95.54 96.68
97.08 96.99 97.37 97.35 97.37
97.13 96.54 95.11 95.79 95.09
96.28 97.06 96.44 95.99 95.16
92.59 90.76 85.88 81.65 77.42
82.48 86.46 90.4 92.05 92.59
94.32 94.99 95.07 95.74 96.08
96.47 95.73 95.87 96.25 94.31
92.87 92.77 92.18 90.9 89.94
89.03 87.26 87.03 87.33 83.51
79.56 83.84 82.08 78.55 75.79
69.86 58.07 52.7 43.46 37.8
42.53 38.87 39.32 40.06 35.07
42.77 41.37 37.69 41.59 34.96
33.9 31.88 33.99 33.7 33.73
30.84 30.91 29.24 32.97 37.04
33.24 37.28 51.29 59.02 72.23
87.69 91.47 93.2 95.99 96.46
97.11 95.63 92.09 84.62 82.39
81.18 77.97 84.79 89.43 87.67
84.9 91.41 91.48 89.44 89.82
92.25 90.3 87.91 90.55 90.41
90.88 90.38 89.98 89.28 90.35
90.49 91.52 90.29 86.01 85.44
87.28 82.76 84.64 90.2 92.71
92.81 91.99 87.69 85.1 86.38
85.98 83.05 78.11 68.92 68.3
72.59 70.75 73.09 81.97 83.07
78.28 83.22 89.25 86.34 84.05
88.44 89.88 87.68 88.54 88.44
89.72 91.59 90.99 92.52 91.47
89.78 88.7 85.25 79.46 78.56
74.8 70.33 67.1 68.48 59.97
59.89 61.15 57.27 57.86 69.07
79.53 80.1 84.09 82.93 84.35
85.52 86.9 88.77 87.7 84.96
87.66 88.58 87.39 85.91 89.54
91.36 93.23 91.9 91.43 89.79
88.53 88.24 86.18 83.99 83.98
86.68 80.75 81.45 88.9 91.52
94.39 94.2 94.88 93.43 91.44
91.6 89.44 90.12 91.79 90.96
86.39 82.76 81.68 85.15 88.18
84.23 81.7 83.7 85.49 87.88
88.66 91.26 91.87 91.25 94.67
96.93 97.24 97.63 96.34 94.26
89.98 91.65 86.42 85.62 91.46
91.02 90.03 90.43 92.65 92.47
89.79 88.14 89.68 93.11 93.77
93.48 93.68 92.27 90.63 89.2
89.54 90.22 90.4 87.65 88.06
90.98 88.29 86.39 88.9 89.74
85.9 86.96 87.36 86.24 83.53
82.17 83.61 82.27 78.15 74.71
74.04 62.98 47.35 35.83 36.93
31.13 31.78 31.12 28.31 30.22
28.13 27.01 30.05 33.78 34.3
47.92 56.7 67.36 69.04 77.86
79.32 83.82 85.72 87.53 87.65
89.28 90.87 91.05 91.86 92.46
92.76 91.69 92.47 93.88 93.17
92.61 92.17 93.33 92.23 90.81
91.74 90.4 88.17 86.8 83.31
72.95 75.26 69.95 73.55 84.87
92.49 92.85 92.63 91.31 89.22
89.6 92.22 92.02 91.84 92.18
92.39 93.05 92.25 91.53 90.77
89.93 91.08 90.82 86.43 87.91
89.98 89.41 87.63 90.08 90.94
89.96 89.19 89.85 89.17 85.08
85.51 85.79 82.97 78.19 80.59
77.37 68.15 63 66.97 49.43
53.01 53.45 53.86 61.64 70.74
78.85 78.17 82.66 87.52 84.97
87.95 90.53 89.99 87.27 91.68
90.83 87.58 86.22 87.25 85.54
75.28 66.09 56.1 52.45 45.22
41.48 33.71 27.38 29.63 30.28
31.76 35.7 36.65 39.23 40.4
54.77 59.35 68 77.16 85.31
91.59 93.13 93.94 94.49 94.12
91.9 88.78 83.24 70 57.23
44.84 38.82 32.62 35.44 33.8
31.76 31.27 29.46 33.36 35.18
33.27 31.14 32.22 33.06 35.77
36.7 40.19 54.91 69.53 81.13
92.11 92.5 95.02 95.16 94.87
94.76 93.62 92.74 91.28 91.38
89.91 87.68 89.7 91.85 90.1
87.72 90.86 91.42 89.66 89.13
91.21 93.91 94.64 96.15 96.68
97.37 96.54 94.85 90.63 84.85
83.43 84.38 80.14 83.36 87.02
86.36 86.09 87.98 90.81 88.07
89.49 90.39 87.66 90.54 91.9
93.82 94.49 95.43 94.56 93.29
91.27 88.45 88.47 86.19 86.14
87.54 89.18 88.68 90.79 92.57
93.83 96.09 96.56 97.02 97.45
96.88 95.39 95.54 93.54 93.57
93.35 91.48 93.22 93.98 94.65
92.75 88.24 89.63 85.27 86.1
87.37 88.12 91.68 92.4 92.6
92.9 92.93 94.08 94.65 95.21
96 95.36 95.13 96.11 96
94.64 95.4 96.26 95 93.91
94.41 94.8 92.48 92.41 93.57
95.52 95.24 96.62 96.57 96.2
94.1 92.19 91.76 91.77 93.02
94.77 93.55 93.19 94.82 94.04
94.11 95.29 95.89 94.22 93.53
91.58 90.34 90.71 90.69 91.71
90.93 91.88 92.43 91.05 90.41
93.4 93.49 94.47 94.7 94.12
91.79 87.13 80.73 74.37 67.54
70.07 82.28 84.41 84.01 87.61
90.27 88.39 88.59 91.8 93.26
91.01 91.31 91.63 90.63 88.52
88.58 82.99 79.79 82.6 84.83
91.85 95.09 95.73 95.29 95.89
94.48 93.07 91.03 84.19 83.21
81.57 81.37 78.21 68.47 62.74
70.04 69.98 81.14 81.09 86.57
90.34 89.51 90.33 93.64 94.62
95.46 96.93 96.99 96.4 93.82
93.14 92.82 92.35 89.82 90.09
89.11 88.51 89.63 90.85 92.4
93.48 93.58 93.66 94.19 93.91
92.9 91.86 91.02 91.82 88.72
84.09 84.75 82.5 75.61 63.61
58.45 48.63 50.69 57.33 74.06
80.61 86.29 90.96 91.28 90.9
90.47 91.57 92.34 90.98 88.62
90.24 91.8 90.95 88.31 89.61
92.35 90.45 87.87 89.24 89.31
83.87 82.51 86.43 86.77 82.87
85.61 86.18 87.65 89.83 93.2
94.23 96.09 96.16 97.46 97.17
96.53 95.14 94.47 94.34 95
94.32 93.71 92.01 88.81 90.44
91.75 90.16 90.02 90.94 88.53
88.44 87.94 91.32 91.91 92.43
93.61 94.85 95.71 95.88 95.05
89.14 91.89 94.32 94.4 95.6
96.13 96.63 95.99 96.23 96.03
95.76 95.4 95.8 94.75 93.35
93.1 91.09 87.91 89.77 88.14
87.67 79.46 70.63 64.74 55.74
47.63 42.8 27.82 28.87 27.32
29.83 28.26 31.25 33.19 29.79
29.51 29.88 31.74 30.55 30.59
28.98 28.83 27.23 29.66 29.91
27.76 29.95 26.38 25.36 25.72
25.81 27.61 27.52 26.73 28.04
27.07 31.5 28.64 27.75 31.49
29.06 27.11 30.63 28.39 25.95
25.59 23.97 25.04 25.15 26.65
25.44 29.38 30.06 28.42 26.89
27.34 27.09 26.82 24.71 27.7
26.04 28.22 30.87 27.45 26.12
27.44 27.29 24.46 27.15 27.05
34.71 27.37 28.27 27.9 30.98
33.65 40.24 47.99 55.99 60.75
56.81 51.25 53 41.16 41.35
41.37 40.17 38.63 34.25 32.84
29.71 28.97 32.02 29.87 28.54
24.61 28.02 24.22 30.74 23.55
24.45 25.39 30.79 28.95 32.73
28.91 30.88 30.53 27.47 31.51
28.15 38 30.21 32.52 28.84
37.55 27.74 25.48 29.17 27.73
27.77 28.41 33.17 28.88 32.93
32.4 29.3 30.65 31.19 25.49
27.98 31.34 28.83 32.85 36.95
45.11 51.45 54.73 61.01 70.82
74.18 73.71 76.31 85.64 85.38
83.81 84.68 86.35 87.62 86.53
84.49 85.16 87.36 83.32 85.93
88.83 89.13 86.76 89.04 90.43
88.05 88.13 88.95 87.42 84.29
85.92 90.08 81.08 79.81 87.33
85.29 89.08 89.85 88.23 87.91
90.05 87.67 87.49 88.37 86.76
83.9 84.19 86.48 86.15 76.88
78.59 80.27 80.77 79.23 84.13
85.77 84.52 85.71 87.18 84.8
83.94 88.12 89.48 83.71 85.32
86.56 85.71 84.12 86.96 90.34
89.69 88.95 88.58 90.54 88.53
88.64 87.49 86.98 87.01 85.83
83.32 80.97 80.6 79.35 78.56
81.29 78.81 83.14 81.17 76.56
72.87 78.99 75.94 68.88 64.59
46.26 45.73 51.93 48.39 34.73
31.62 33.54 33.49 31.42 35.09
33.96 39.29 28.22 28.84 28.44
30.16 29.9 29.1 31.84 27.75
27.54 28.58 30.64 29.9 34.31
32.3 31.7 33.39 33.4 35.94
33.33 34.5 34.41 36.66 36.46
38.15 36.71 35.95 31.83 29.85
29.9 29.5 28.49 30.67 25.77
30.74 28.28 33.16 38.35 37.36
36.64 33.76 32.07 34.27 31.52
33.28 23 31.08 31.21 23.17
29.42 26.37 29.9 27.56 28.7
30.64 29.88 37.09 38.26 42.38
53.25 63.21 75.06 79.83 84.49
83.07 87.5 92.05 88.44 86.86
88.04 87.72 89.31 88.02 86.81
86.35 87.03 81.46 87.01 87.62
88.83 88.73 90.86 90.88 90.16
91.09 91.37 90.36 89.77 90.81
94.66 88.76 87.67 92.23 89.87
90.64 90.69 88.02 87.58 91.13
88.21 88.18 89.91 88.59 85.83
86.84 87.62 84.35 82.48 80.58
81.07 78.47 82.4 85.57 87.14
85.85 86.8 88.1 84.56 88.8
89.78 89.27 88.21 89.24 89.32
86.5 84.78 89.12 92.52 87.66
82.43 87.49 90.44 84.75 84.35
84.38 83.61 81.75 82.91 79.06
76.62 74.29 67.8 57.03 55.57
54.07 56.05 39.92 30.52 34.78
32.21 33.58 34.89 30.66 32.47
30.59 32.49 34.7 33.72 32.97
36.84 41.54 32.8 34.28 31.55
36.59 34.58 31.56 39.26 38.55
42.66 34.49 42.11 38.04 36.69
35.17 34.71 32.08 33.88 30.49
30.83 33.48 28.11 34.69 30.33
35.8 34.91 35.13 32.3 34.52
35.57 35.29 32.42 41.04 32.9
36.67 33.2 38.07 36.2 38.94
36.53 38.26 41.34 41.69 42.65
38 48.09 41.05 41.9 41.44
43.1 38.02 43.07 50.36 41.69
37.27 42.21 39.18 40.13 38.87
39.27 37.95 42.08 36.03
