39.78 49.26 46.01 53.45 64.15
51.94 47.42 52.95 61.76 50.86
50.05 59.12 54.62 43.55 49.05
51.97 48.3 38.02 41.81 41.41
36 34.61 33.38 35.39 31.7
32.83 32.99 35.68 36.71 33.43
34.6 39.72 38.73 33.15 34.95
42.05 39.12 42.47 44.23 44.66
45.41 46.42 50.08 44.07 45.03
44.48 46.5 48.82 45.96 46.77
53.81 46.38 46.79 47.78 45.89
47.78 46.38 47.79 48.52 40.27
37.44 41 36.83 32.56 37.88
35.59 39.65 42.61 41.54 49.92
48.51 45.67 47.15 49.34 50.57
49.14 52.49 53.2 53.08 53.54
48.8 45.56 45.31 49.05 35.32
40.5 44.24 40.77 44.48 42.09
43.09 48.79 50.83 50.6 57.06
54.19 50.96 52.5 57.89 48.29
42.67 47.95 46.83 38.47 37.18
32.94 31.93 33.9 40.2 42.16
40.19 43.09 38.94 47.71 43.38
40.31 37.16 33.17 31.2 31.14
30.98 33.34 36.33 36.31 34.25
23.2 32.85 34.25 32.63 31.71
32.65 34.47 33.57 37.67 32.12
30.11 30.02 26.22 30.21 26.93
26.9 27.4 25.73 26.92 28.45
29.37 31.78 29.72 32.01 30.38
30.47 33.56 34.32 33.09 32.6
33.51 32.41 30.76 28.72 28.16
33.02 27.23 39.1 35.64 37.14
38.21 37.68 35.51 34.93 39.92
36.45 35.69 35.19 32.15 33.93
34.07 35.26 36.02 34.53 35.48
34.52 31.25 32.81 33.22 27.81
34.87 31.9 36.27 31.68 32.92
33.64 35.01 27.52 33.98 35.4
34.8 35.65 35.33 33.17 34.88
29.94 33.87 31.89 34.74 32.84
27.46 32.61 32.96 28.54 30.53
31.28 34.61 38.81 43.61 56.03
60.08 70.83 74.08 74.22 69.02
76.04 69.74 63.79 58.89 68.74
64.72 64.66 68.77 69.25 64.33
71.05 69.42 71.08 74.1 74.43
73.11 64.26 68.61 67.6 54.23
52.15 45.49 39.94 33.84 34.4
29.22 27.74 30.69 27.13 28.13
30.47 31.17 29.46 34.84 30.61
38.37 36.13 37.57 35.53 39.36
40.09 42.8 33.33 39.8 35.11
31.49 34.82 33.78 34.13 32.01
38.08 30.5 36.28 35.29 36.38
33.65 32.29 34.99 35.75 37.13
34.35 38.81 37.96 34.6 31.37
32.57 35.16 34.94 38.85 36.31
36.21 37.91 39.51 38.62 38.7
36.8 33.49 31.66 31.34 34.44
32.28 33.17 34.18 30.21 34.64
28.35 34.69 32.23 38.13 36.19
35.79 33.57 35.57 37.39 31.14
33.82 33.46 33.64 28.76 33.77
33.25 28.42 32.25 26.8 27.68
25.88 27.17 25.44 25.71 27.69
27.02 26.94 28.21 31.51 32.82
30.11 33.1 36.3 32.04 31.15
30.41 32.15 33.6 33.5 35.55
39.8 36.73 40.94 34.26 40.91
36.89 31.86 31 29.65 33.19
33.3 33.93 30.07 36.26 37.19
38.95 34.74 35.17 34.93 34.28
29.45 24.51 31.78 28.26 27.67
28.59 29.77 28 25.89 29.5
30.3 32.75 33.16 29.1 34.73
33.5 33.33 29.51 31.8 29.33
34.02 27.01 30.69 28.73 33.06
29.53 28.51 29.07 31.46 26.06
29.83 31.23 36.3 35.14 33.82
34.74 34.97 29.08 34.74 36.48
27.27 37.46 33.68 25.65 32.61
31.41 30.16 34.03 35.81 30.82
35.13 35.45 41.78 51.55 54.74
63.6 68.61 71.38 69.27 68.16
76.47 74.98 76.8 75.62 74.25
75.89 71.91 73.88 75.6 75.95
70.91 73.48 78.83 71.27 68.16
71.85 70.52 70.7 72.63 65.41
68.91 68 67.15 68.87 66.57
59.71 65.21 71.71 63.31 67.16
62.24 66.43 67.89 59.81 67.25
66.55 67.87 69.69 68.86 74.92
78.31 73.17 74.74 77.4 68.76
62.53 57.55 47.29 45.18 34
39.03 36 37.11 31.07 31.31
33.94 32.61 28.44 34.38 33.41
36.92 39.84 35.02 32.29 38.73
39.19 35.66 36.48 35.75 40.33
41.07 43.84 44 41.56 45.99
43.34 40.59 41.66 39.7 49.47
41.21 39.62 42.02 38.02 38.75
38.88 32.58 32.55 31.98 32.45
27.59 35.69 28.3 26.38 28.17
34.29 28.9 28.61 34.46 35.93
29.68 32.25 38.48 39.68 45.81
56.66 58.61 69.16 60.59 77.57
77.75 67.91 64.3 76.46 71.35
74.83 77.18 79.58 73.54 73.99
74.74 78.09 78.01 77.9 74.91
73.73 80.37 72.24 69.04 67.5
67.47 57.8 53.25 52.11 38.55
44.61 44.18 44.53 43.42 44.94
52.09 46.73 43.76 47.1 42.97
39.96 52.06 47.15 57.27 61.94
65.22 75.6 81.04 84.3 84.88
80.7 81.04 82.27 82.87 82.4
84.92 84.02 82.45 80.51 78.76
76.4 79.71 83.46 80.01 75.39
82.93 77.92 74.26 75.67 78.92
70.06 65.67 59.55 65.57 70
77.66 82.97 87.27 84.27 83.96
85.83 84.5 84.13 84.03 81.09
75.19 75.61 80.54 78.98 81.02
86.43 83.4 82.23 84.81 84.89
83.84 81.29 81.86 78.14 74.16
74 75.7 74.69 76.3 80.12
79.94 77.14 78.2 82.6 77.17
80.05 79.63 81.12 77.86 79.07
75.63 78.76 81.02 83.51 81.93
83.36 85.78 82.65 83.75 84.42
82.28 84.19 80.69 76.14 77.91
86.57 84.27 81.69 81.28 77.6
75.86 74.92 78.2 80.3 83.88
84.29 82.86 83.18 84.66 86.4
84.1 86.16 83.57 83.02 84.26
82.28 81.56 79.62 77.82 84.5
79.39 83.05 83.85 80.53 82.87
86.19 82.58 84.47 83.94 82.38
77.7 78.94 77.27 82.52 85.3
86.25 84.19 85.4 87.18 84.78
85.7 86.03 83.61 85.27 78.23
61.18 50.67 36.79
