36.77 35.82 39.58 31.81 37.41
37.16 37.05 33.68 31.72 32.51
30.44 33.13 29.72 30.14 34.05
31.01 31.54 31.57 29.32 29.87
32.56 29.19 33.73 31.39 29.14
30.32 28.71 28.24 27.26 31.04
29.61 30.43 31.89 28.31 30.68
32.22 31.15 27.23 32.39 29.55
29.92 27.41 35.5 34.46 32.59
34 30.55 29.82 25.49 31.83
31.8 34.55 40.39 36.56 43.9
58.14 53.78 66.4 59.87 53.6
65.69 69.64 64.07 52.28 68.01
61.16 59.31 49.58 41.87 39.71
39.67 37.18 35.76 36.62 30.79
33.46 31.83 28.87 30.6 30.08
25.38 28.39 23.06 25.16 25.59
21.36 22.95 30.19 25.41 25.86
25.79 29.44 29.74 26.45 30.1
29.85 25.13 24.57 30.59 22.58
28.95 26.99 25.05 26.85 24.76
26.73 25.35 28.57 27.23 28.92
25.72 28.21 24.38 25.02 23.14
24.59 24.48 21.47 22.22 21.66
22.3 25.66 22.25 24.96 24.75
23.19 27.18 26.72 23.8 29.77
22.88 28.43 21.59 26.43 27.61
25.31 26.36 31.61 32.76 39.41
49.36 53.03 68.32 82.14 88.79
91.08 92.82 90.19 88.29 92.28
93.13 93.98 91.65 90.65 90.67
90.27 89.47 89.45 83.75 86.2
87.01 88.77 88.34 89.14 88.58
89.13 91.4 92.6 91.11 91.01
92.57 89.89 90.15 89.52 85.99
86 84.13 77.45 68.27 69.97
74.34 84.75 90.55 92.25 91.95
94.09 93.75 92.08 90.73 81.26
83.11 80.08 79.62 84.94 90.53
92.44 93.21 92.91 92.49 90
86.49 87.23 87.17 83.78 86.45
88.54 88.64 89.96 91.94 91.7
89.78 85.95 83.33 88.78 90.64
87.7 92.06 93.88 93.86 93.83
90.95 87.83 82.5 83.37 86.47
84.35 89.06 90.01 92.17 94.07
95.81 95.56 95.77 93.75 90.94
85.12 75.27 61.22 55.91 59.94
68.06 78.11 90.59 91.73 93.73
94.15 94.55 94.93 93.12 92.2
88.44 86.21 82.11 81.31 86.48
89.62 86.11 88.94 92.08 91.95
88.07 90.08 92.04 85.51 81.52
84.42 81.78 75.46 64.95 54.6
48.92 40.35 37.26 30.05 30.22
29.87 26.19 30.05 25.95 25.72
24.65 28.44 31.57 34.49 45.76
49.57 67.55 83.49 88.84 92.3
93.04 96.15 95.79 97.05 94.57
95.21 93 93.78 92.54 91.14
88.3 80.88 77.18 77.55 69.4
76.11 87.19 85.99 88.76 88.92
84.66 83.58 78.32 72 72.58
75.2 81.44 87.53 90.64 87.83
90.15 88.2 88.58 86.26 89.06
91.46 92.88 94.26 95.52 95.42
96.77 95.56 96.33 94.25 93.01
89.45 86.78 84.43 84.16 84.04
88.58 88.03 90.45 87.82 86.32
92.13 90.14 92.05 96.78 96.56
95.89 94.84 93.01 90.91 88.08
83.57 87.16 82.86 84.77 84.56
89.74 92.87 92.66 93.57 92.67
90.53 89.67 85.02 87.92 90.12
86.38 84.66 82.01 71.66 73.69
77.22 80.1 89.2 92.6 94.79
95.95 95.99 95.01 94.16 93.1
89.81 85.38 82.97 87.39 84.56
84.84 89.83 86.03 85.85 86.63
90.27 88.64 87.5 86.41 83.42
74.52 77.8 84.73 88.11 91.55
92.99 93.31 95.04 95.46 96.29
96.64 96.3 96.49 93.89 92.92
86.38 85.47 90.47 86.51 88.25
91.63 95.02 95.07 96.26 94.57
94.38 92.35 91.92 92.55 91.73
89.63 89.95 85.77 81.68 68.66
66.43 64.67 55.31 52.33 53.34
50.51 48.23 50.46 54.71 57.54
69.51 84.54 88.16 91.59 93.13
96.16 96.84 95.02 94.32 92.15
92.13 87.74 84.32 78.23 64.71
52.5 45.18 42.3 42.55 43.4
44.22 48.63 45.13 57.52 72.08
82.89 88.5 89.32 90.37 88.95
90.26 93.03 90.62 91.49 87.96
81.36 79.14 76.51 70.78 64.22
58.93 53.46 47.56 40.97 28.61
27.37 31.73 29.81 25.37 26.67
23.06 29.97 26.88 25.15 29.4
26.13 34.05 23.57 28.99 32.91
24.73 30.51 26.69 33.1 33.73
34.96 37.71 37.49 39.38 44.94
43.74 49.74 58.82 73.6 80.05
83.44 85.12 87.35 89.87 87.14
86.85 77.34 70.26 66.5 69.68
71.57 72.01 78.42 83.13 82.03
85.38 87.12 86.66 88.71 91.49
93.37 89.87 90.21 92.37 92.06
89.58 88.6 91.35 88.36 88.48
86.87 85.36 81.77 85.89 88.09
89.07 86.91 89.03 92.75 91.56
91.72 93.14 94.11 92.59 91
92.13 94.18 92.32 89.49 88.37
93.2 94.59 92.58 93.35 95.46
96.66 94.53 93.7 94.66 93.03
88.57 84.71 77.45 71.86 74.23
79.54 88.58 87.86 88.11 89.81
90.69 94.93 93.03 93.7 95.22
93.49 93.26 91.76 90.86 90.04
86.54 89.34 90.34 89.05 89.64
95.11 92.25 89.73 93.05 94.06
90.54 91.49 94.74 93.49 89.49
87.46 90.37 88.31 89.55 92.42
86.36 85.34 85.28 82.12 88.29
90.61 90.83 93.6 95.13 96.46
95.93 96.5 97.17 97.77 97.93
96.75 97.56 97.26 96.56 96.44
95.78 94.81 91.2 91.36 91.45
92.95 95 92.08 89.39 89.13
94.01 96.42 97.35 97.67 98.02
97.69 97.21 97.59 96.76 94.92
94.6 93.82 93.4 94.76 93.8
94.04 96.5 97.01 95.71 96.46
97.6 96.56 95.34 97.35 96.39
95.23 94.6 95.44 93.77 96.32
95.73 95.05 95.52 94.01 90.35
83.62 82.98 92.12 91.52 93.9
96.8 96.45 97.16 97.07 98.03
97.15 97.71 97.72 97.81 96.87
96.86 96.67 96.92 94.95 94.8
96.27 97.45 97.51 97.97 98.07
98.19 98.27 98.19 96.19 97.54
96.27 95.25 95.65 94.74 96.62
94.45 94.57 95.56 96.86 94.57
93.96 97.26 97.2 95.6 95.74
97.27 96.95 96.13 94.02 90.18
95.01 94.03 93.73 91.52 93.78
96.08 96.2 95.43 97.32 97.66
97.23 96.55 96.76 96.59 95.1
92.3 92.4 91.87 92.07 95.13
96.55 97.43 96.04 96.85 97.64
96.7 96.18 97.26 97.4 95.76
95.17 95.74 96.55 96.79 96.12
97.18 96.56 95.21 95.45 94.6
95.27 92.24 93.6 95.74 93.78
92.92 95.29 95.78 91.22 92.03
92.19 94.18 92.99 91.2 91.85
92.73 86.67 86.13 84.23 87.76
91.29 91.75 90.76 93.32 94.77
93.92 93.43 93.8 93.27 91.2
90.51 86.64 77.38 86.14 86.11
86.85 91.5 92.13 94.26 94.17
96.85 96.94 96 96.32 96.9
95.67 94.47 94.67 91.87 89.3
88.03 89.74 84.33 80.21 81.91
80.46 76.87 78.89 75.89 79.97
81.55 79.88 81.14 84.2 81.43
83.64 85.17 89.14 85.95 89.63
88.4 87.04 87.62 88.37 88.19
89.55 88.35 90.25 89.76 87.97
89.51 90.63 89.42 90.02 92.01
89.58 88.4 92.96 94.05 90.64
91.62 93.57 93.87 92.21 93.79
94.58 93.49 94.26 94.35 94.98
94.16 94.31 95.36 95.2 93.6
95.14 95.31 94.65 94.83 94.86
96.2 94.48 95.19 96.1 95.5
93.66 96.04 95.4 94.92 94.5
95.92 94.78 93.6 94.61 94.43
93.62 93.36 94.44 94.26 93.17
92.52 93.3 92.04 90.23 92.35
91.58 91.64 90.29 90.95 92.32
89.17 90.84 89.48 89.05 88.61
89.65 90.03 88.39 87.64 88.04
89.25 88.52 88.41 89.97 87.21
88.14 89.29 88.25 84.06 87.1
87.22 83.04 84.98 87.01 84.68
80.73 79.51 82.44 81.72 80.64
81.38 83.09 81.24 81.51 81.63
80.89 79.33 78.9 79.12 78.47
77.53 79.33 78.03 74.08 74.58
77.28 72.39 69.92 72.82 74.41
70.12 67.64 71.84 69.07 66.38
63.71 65.82 65.7 63.5 58.74
58.05 60.46 60.47 61.07 55.17
55.76 53.37 50.13 44.9 38.55
31.61 32.14 30.96 32.72 31.47
36.1 34.35 40.54 42.62 47.4
49.83 54.12 60.6 63.85 63.46
69.22 74.47 72.66 73.71 77.76
78.73 76.11 78.7 82.69 79.08
79.82 83.42 84.94 83.6 83.11
84.34 83.65 86.12 87.5 86.41
86.33 88.7 86.38 84.22 85.63
84.69 87.12 85.18 81.86 86.74
83.85 83.23 81.76 81.98 81.78
81.02 81.48 75.01 76.67 77.7
76.97 71.08 72.34 71.92 65.91
62.44 66.58 66.76 58.74 59.25
63.83 62.87 61.85 58.89 60.73
58.84 54.16 58.27 64.03 54.54
54.03 45.14 44.82 42.68 43.46
37.94 41.35 36.42 33.56
