38.45 36.76 40.09 44.57 35.49
37.86 39.64 38.95 34.37 31.24
32.81 31.19 33.81 31.68 31.7
29.52 32.19 31.43 27.22 37.14
30.79 28.47 32.86 28.11 30.69
29.53 33.11 31.64 27.7 32.25
27.25 29.28 30.86 23.79 30.4
26.93 32.35 27.88 35.55 34.87
28.07 36.63 31.24 34.28 36.1
36.95 38.58 31.9 33.06 33.77
35.96 38.22 32.24 36.55 35.76
34.52 35.58 34.08 37.12 32.18
34.19 28.61 35.31 31.32 35.79
33.11 33.76 36.53 35.14 36.9
36.23 37.79 35.51 30.62 35.08
38.51 38.87 45.09 43.37 55.03
57.06 57.37 72.08 74.68 75.03
71.9 75.69 81.03 76.44 75.64
82.26 80.79 75.64 75 76.77
76.6 75.99 80.57 74.64 74.96
73.95 71.74 64.1 63.28 60.24
57.43 59.45 56.98 59.32 59.56
59.39 65.73 57.55 60.73 63.54
61.73 62.71 63.62 68.2 80.75
88.18 89.7 90.73 91.62 93.02
92.01 91.49 90.2 88.6 90.44
91.26 92.19 92.01 92.54 92.61
95.5 94.88 95.6 94.51 93.26
90.5 87.52 86.61 85.07 84.69
88.35 90.78 93.32 94.42 95.86
95.99 95.55 94.46 94.19 89.02
84 82.97 83.77 87.84 93.18
94.76 95.06 95.33 95.2 95.25
95.38 94.32 92.71 89.57 87.6
84.69 83.76 80.95 80.83 77.23
78.81 79.49 80.18 81.63 85.33
88.29 91.72 94.44 94.79 95.6
95.3 94.91 92.16 90.21 85.66
85.06 79.27 77.8 79.42 77.69
79.73 83.46 85.68 89.14 89.83
90.48 91.7 89.55 87.67 91.29
92.35 94.27 95.32 95.22 95.47
95.04 94.97 93.81 91.83 91.31
92.43 93.47 94.69 95.37 95.62
96.48 95.64 95.34 92.87 90.06
83.71 78.03 66.84 64.07 61.73
61.54 67.23 72.12 78.74 87.94
92.57 94.61 95.24 95.75 94.95
94.59 93.58 92 88.42 86.26
86.02 87.88 91.98 93.15 94.6
94.55 94.66 94.52 95.29 95.27
94.4 93.13 94.04 94.95 93.45
92.96 91.96 89.42 84.92 83.08
88.3 91.54 88.89 86.07 86.13
89.54 85.16 88.06 90.31 90.28
91.62 90.47 89.47 92.44 91.78
93.31 95.49 95.53 96.36 95
95.08 92.05 91.17 89.68 92.11
93.68 93.71 94.91 94.76 94.5
95.22 95.06 95.46 94.19 94.34
95.76 94.59 94.39 91.76 91.31
88.56 85.88 86.9 86.72 87.67
87.77 83.72 86.7 88.17 87.88
81.22 78.36 72.29 73.09 76.25
75.04 71.69 72.38 74.05 68.87
68.36 58.17
