38.09 58.13 67.32 79.06 83.72
86.91 86.02 88.73 81.05 80.84
73.12 72.08 75.15 79.79 80.87
86.52 86.51 86.1 86.81 84.21
80.61 81.92 86.87 86.41 85.75
85.03 86.25 86.04 85.07 83.08
84.92 83.99 79.55 80.07 82.61
81.03 74.65 75.87 70.24 65.75
67.11 67.2 72.43 69.32 73.52
77.35 81.53 84.97 87.94 83.75
84.54 69.89 74.21 66.91 60.64
58.73 60.71 69.06 72.25 77.46
83.47 85.89 79.1 77.83 80.06
81.57 83.92 83.94 82.78 82.11
80.7 78.35 79.76 78.73 78.38
78.52 79.64 80.2 86.54 84.47
86.2 81.45 81.56 83.35 82.7
83.17 83.83 88.27 87.34 89.49
88.88 85.87 81.12 80.57 77.85
79.72 84.24 80.65 86.26 86.02
83.26 85.78 84.06 81.54 80.86
86.03 86.4 84.96 84.41 84.28
86.15 87.95 84.42 82.27 85.71
84.02 80.25 77.56 79.27 75.01
78.01 74.2 78.61 78.04 80.48
85.59 87.6 88.69 89.16 86.03
83.16 69.65 57.29 46.92 39.74
33.66 31.14 32.1 27.54 29.91
25.81 27.92 24.94 24.24 25.26
26.67 27.41 27.43 34.83 38.13
37.02 33.81 42.12 50.58 50.17
56.87 55.97 61.52 63.72 63.07
60.67 63.17 59.54 61.65 61.7
56.83 61.57 59.73 52.75 57.04
65.26 72.13 83.54 83.37 77.65
80.62 78.06 80.47 83.07 83.42
78.63 76.7 84.12 78.65 83.06
78.11 74.85 75.52 83.68 85.13
89.38 87.39 88.38 86.46 86.91
83.55 84.46 81.9 78.49 76.16
71.89 72.27 69.2 72.51 77.45
76.47 74.68 77.7 77.53 78.84
82.51 87.13 87 85.61 87.48
90.95 88.74 87.25 87.89 89.97
85.03 83.03 86.18 83.47 76.58
71.85 70.77 74.99 71.15 79.61
80.76 80.92 85.41 87.21 88.57
91.66 92.9 94.24 92.72 94.11
95.12 93.36 92.25 94.13 92.19
89.71 89.91 88.43 86.48 85.62
85.03 82.67 79.14 82.77 86.91
79.94 75.08 80.85 85.68 86.58
86.04 85.71 84.2 85.19 89.09
88.21 86.13 75.28 75.53 84.24
79.26 75.91 80.33 73.48 78.85
86.91 85.16 88.07 92.68 91.35
89.53 89.84 92.5 87.4 89.4
84.52 84.44 80.84 86.46 86.72
86.87 87.29 87.65 90.5 91.99
88.8 89.87 93.78 90.11 87.76
89.57 87.6 84.72 81.9 80.04
74.42 75.48 80.87 79.36 83.74
81.97 84.33 84.96 81.86 87.73
80.47 81.23 71.77 63.03 54.34
63.55 46.77 52.57 57.25 64.23
76.05 81.21 85.84 85.05 87.29
86.91 87.84 84.3 80.91 77.32
85.16 87.35 86.16 86.7 80.42
77.56 65.92 64.97 67.89 65.33
70.15 75.81 80.18 82.96 83.97
82.66 81.58 79.05 75.43 77.46
75.57 77.78 77.51 86.08 80.17
81.64 74.58 70.38 75.05 79.88
88.36 87.67 85.21 80.29 74.78
68 63.43 53.58 47.04 53.39
59.15 77.36 83.68 82.98 87.34
80.87 86.46 78.42 77.32 80.95
77.65 75.56 83.42 82.71 79.76
81.94 84.53 80.92 78.06 83.72
77.11 73.19 71.78 71.33 70.99
66.79 64.14 57.93 48.37 44.36
39.51 34.29 30.55 28.69 28.98
28.54 27.5 28.16 30.24 36.83
35.91 28.8 29.03 27.59 24.83
27.57 27.72 24.52 26.02 27.35
31.57 27.76 24.3 23.67 24.36
24.28 23.04 24.52 24.22 22.09
24.46 25.24 24.89 28.55 24.32
25.73 23.74 24.3 23.44 27.36
27.97 31.37 26.12 25.87 29
25.67 24.08 23.31 26.98 23.92
26.26 29.46 24.89 27.19 33.01
23.74 29.76 23.42 30.59 27.57
28.96 28.06 27.14 29.83 34.94
23.03 24.6 24.33 22.69 24.74
24 28.66 26.08 32.46 26.23
31.57 33.6 39.11 33.39 37.4
45.73 52.79 60.56 69.54 61.49
66.09 73.18 73.54 73.1 81.38
82.77 81.4 83.36 85.78 84.91
82.64 85.08 87.38 86.54 84.51
87.83 86.31 83.8 85.17 85.11
83.9 82.72 87.82 82.5 77.95
77.58 75.66 72.36 69.35 68.67
66.1 71.94 71.33 71.06 76.38
72.56 73.33 75.07 74.71 74.23
77.74 76.48 75.2 76.76 79.83
80.53 76.36 79.17 82.51 85.32
83.49 83.88 87.61 86.65 86.85
89.27 89.91 87.7 88.58 91.23
91.31 90.08 89.59 92.39 91.11
89.23 89.34 88.18 86.75 83.2
81.5 72.44 67.32 63.19 61.1
59.15 60.75 70.04 75.61 80.31
75.98 78.78 83.41 85.95 84.89
86.89 88.6 85.57 88.35 89.64
88.52 87.99 91.07 90.14 87.34
86.92 90.47 88.56 85.66 86.7
89.56 87.5 85.06 86.54 86.23
83.31 81.17 79.64 71.21 63.74
59.18 57.66 58.58 65.73 81.29
84.08 84.96 88.17 88.14 88.17
89.54 91.34 90.85 91.93 93.02
91.93 92.63 92.46 92.5 90.94
90.73 91.88 89.54 87.36 86.06
86.2 83.58 76.11 68.39 68.97
63.17 70.54 75.89 82.44 80.96
85.45 87.96 87.07 88.13 89.37
90.53 89.81 91.32 92.17 89.51
89.13 90.68 90.62 88.12 88.02
88.84 87.07 83.65 83.48 82.33
69.48 61.24 55.66 59.02 61.91
67.55 71.97 73.7 80.13 81.03
80.93 84.17 86.88 88.98 88.29
91.03 89.95 90.7 89.86 92.89
89.29 90.4 90.1 90.37 89.67
90.11 92.76 91.54 89.73 92.59
90.03 87.97 89.2 89.02 86.08
86.12 85.66 83.16 81.34 84.54
80.35 83.79 81.43 82.68 82.05
85.41 86.17 84.58 82.88 86.36
86.21 84.84 83.15 85.54 85.94
83.6 86.86 88.39 87.13 88.45
90.24 90.47 88.25 89.97 90.9
90.63 92.05 90.98 87.59 85.09
87.09 85.7 75.83 76.75 77.46
80.88 84.27 84.67 83.3 86.71
87.3 85.89 81.08 86.8 87.67
82.98 83.45 88.21 85.84 82.87
85.79 89.15 86.15 85.46 86.44
90.07 87.73 86.69 89.73 87.83
85.92 85.64 84.73 82.69 84.6
83.89 82.73 83.74 86.82 86.92
87.72 89.6 89.01 90.19 89.12
90.37 89.88 90.33 91.85 86.99
88.49 88.87 90.1 85.52 87.55
88.66 84.7 80.12 82.38 80.08
69.72 65.05 63.51 56.04 50.23
49.6 40.3 44.35 40.95 41.62
50.44 57.95 66.22 58.59 66.65
74.14 72.5 68.04 76.15 79.61
73.65 75.54 83.51 82.28 76.76
80.8 82.56 81.49 77.79 78.9
75.1 76.21 82.52 80.55 79.73
82.84 87.53 86.72 85.15 90.26
87.86 87.13 86.79 87.84 84.79
85.79 84.28 86.53 82.93 82.78
84.02 84.26 83.23 79.19 80.75
79.95 77.32 70.53 76.33 76.67
73.77 73.26 72.39 70.22 75.82
72.09 69.45 73.34 77.1 73.25
75.63 81.3 81.92 78.44 81.64
85.73 83.36 83.05 84.8 88.01
86.9 88.22 87.22 87.51 92.06
89.02 86.77 87.56 85.37 87.06
82.26 82.47 78.78 80.57 79.6
75.99 78.42 81.13 79.39 83.55
83.48 83.69 84.42 85.61 89.73
85.87 83.56 85.87 86.41 80.93
79.65 83.85 80.67 75.33 77.49
77.38 69.19 65.81 68.42 68.43
68.3 65.06 62.85 66.41 69.55
70.18 70.21 77.38 81.27 79.16
79.39 85.93 84.73 80.67 84.97
86.94 83.06 83.12 87.85 86.86
84.18 87.11 88.96 87.62 86.37
87.74 88.01 85.18 84.73 84.6
82.01 78.95 76.65 69.77 63
55.17 38.32 41.68 41.86 43.37
48.55 55.53 60.08 65.57 65.85
69.55 78.4 78.74 76.12 81.04
83.9 80.45 80.23 86.33 83.25
81.83 87.45 85.72 81.8 84.14
86.11 84.56 81.76 83.71 84.72
80.5 79.15 81.99 80.78 74.27
76.02 71.36 69.95 72.02 71.63
71.23 78.58 81.78 81.32 80.6
86.73 84.73 81.41 85.71 88.87
85.63 82.81 90.89 88.88 84.91
84.55 85.57 83.37 80.22 86.99
84.18 76.95 79.05 80.34 77.64
72.91 76.77 77.3 69.44 69.53
72.8 67.33 71.32 72.44 75.4
78.37 77.56 79.14 82.46 84.14
81.99 81.16 83.78 84.13 80.49
80.41 87.39 83.33 78.72 83.57
88.07 77 79.98 87.95 86.79
74.82 79.52 83.33 75.88 73.02
75.92 77.08 67.52 66.49 70.01
64.1 63.42 70.32 78.25 78.37
76.11 78.71 82.42 81.62 80.32
82.72 85.71 84.87 83.04 85.51
84.61 84.37 83.7 86.3 84.67
83.37 85.91 83.77 83.5 83.05
83.66 81.05 80.89 77.87 79.82
82.65 81.43 81.49 80.56 71.05
70.96 78.24 75.77 78.75 70.35
75.41 81.87 77.84 73.37 78.65
81.54 78.03 75.68 79.8 78.68
75.76 76.13 81.72 77.04 74.73
78.73 81.92 74.85 75.15 80.9
79.28 74.35 78.26 76.7 67.75
71.47 66.78 70.61 69.31 67.74
71.45 77.73 77.34 76.24 77.28
82.49 81.9 80.61 84.77 84.91
83.26 82.65 88.3 87.92 84.78
88.11 88.48 86.24 86.22 88.63
89.9 87.09 86.46 87.22 86.34
85.23 81.94 75.14 78.75 75.65
77.42 79.74 84.04 83.34 85.18
87.32 88.8 88.32 87.6 89.52
89.51 89.9 90.92 90.54 88.72
90.85 89.81 90.16 87.87 89.23
88.55 85.99 85.47 85.55 82.66
78.11 76.98 75.14 69.13 69.97
58.94 61.9 71.24 71.56 71.09
68.81 71.83 73.79 75.06 80
76.25 77.68 83.9 79.84 78.72
79.84 85.26 79.3 80.74 81.97
83.74 79.13 81.04 82.61 81.42
78.8 77.99 77.36 71.24 76.06
80.91 79.28 81.53 82.97 80.68
78.89 81.75 81.66 80.11 78.87
81.8 79.98 76.65 75.21 79.52
74.18 69.14 69.8 64 60.94
55.42 60.41 62.44 61.73 54.01
56.89 64.38 58.66 65.5 58.75
58.02 62.92 65.99 62.76 69.76
73.85 79.43 74.67 76.38 82.22
77.12 75.28 78.45 86.6 80.8
80.56 83.04 83.35 79.58 79.56
83.3 79 75.56 78.63 76.38
69.84 69.75 70.51 70.69 71.05
74.16 81.74 77.91 79.81 85.09
87.72 85.41 85.4 91.28 87.34
85.84 88.67 91.15 86.4 85.49
88.35 86.17 81.79 83.28 82.7
80.93 77.17 73.36 75.26 73.42
69.32 64.68 59.99 65.9 62.68
59.19 58.02 66.43 69.36 69.2
73.28 78.29 78.93 79.74 82.16
80.26 80.47 83.18 83.02 81.76
82.41 85.5 85.03 81.14 85.38
86.16 81.28 78.08 80.05 81.58
70.58 70.44 71.31 63.92 62.5
61.42 55.83 56.15 52.81 52.75
58.94 61.86 59.48 61.35 73.45
66.49 68.07 71.79 72.43 68.31
73.27 76.35 73.84 69.57 74.72
70.56 66.91 68.38 69.31 64.22
62.9 60.6 56.69 47.88 41.45
42.32 46.89 50.06 61.36 64.28
66.71 73.08 78.04 70.67 69.43
76.38 78 69.51 71.35 77.46
70.77 65.67 73.57 75.72 68.58
73.86 79.08 71.99 69.55 70.84
71.08 65.01 69.76 65.52 69.41
70.4 73.74 81.43 85.09 85.18
83.62 85.6 85.4 85.85 86.87
87.39 86.11 87.1 88.94 88.6
88.54 88.84 88.81 86.95 86.63
87.68 89.6 86.84 84.18 87.44
84.03 84.9 84.89 81.2 79.69
80.75 74.5 80.69 75.56 76.44
78.98 86.28 81.8 83.71 87.84
90.09 84.09 87.25 89.39 85.72
84.54 88.79 88.82 80.82 83.72
84.73 83.07 83.52 88.33 89.16
85.97 87.46 88.86 89.17 85.99
85.2 86.97 82.62 82.02 76.86
75.28 63.71 65.5 70.59 63.32
64.86 59.04 60.11 57.25 61.1
66.88 67.79 67.14 63.06 59.43
66.45 74.26 64.71 65.31 75.35
79.4 73.15 77.3 82.47 80.16
75.72 80.25 81.48 76.48 71.73
74.49 68.45 70.82 62.28 66.11
66.73 72.98 71.94 75.88 73.65
75.81 75.36 76.82 79.76 78.54
82.31 82.21 85.3 81.77 87.31
88.06 85.87 84.41 79.49 84.83
83.63 81.1 79.91 81.96 78.35
74.36 75.27 78.36 73.69 71.09
71.65 64.47 64.44 64.65 68.77
68.67 76.24 74.87 74.4 81.53
84.25 79.56 78.66 79.36 85.49
82.9 86.36 85.27 86.75 85.51
86.4 85.97 83.43 84.17 83.25
84.1 83.53 81.52 80.26 80.88
79.48 76 79.5 78.36 78.61
79.1 74.17 78.47 79.02 75.68
75.95 80.39 81.02 78.29 80.89
83.63 85.37 83.94 83.75 86.88
83.66 81.95 81.03 81.57 76.37
77.26 80.71 71.74 67.69 72.44
68.06 58.21 60.89 56.23 59.57
67.09 59.34 57.05 60.99 55.86
66 69.87 72.87 76.56 72.42
75.15 80.27 78.66 79.65 83.22
88.49 86.76 88.36 90.82 89.89
89.43 90.81 89.7 88.75 88.8
92.08 86.97 87.84 88.22 89.05
86.83 88.66 89.8 89.09 85.44
86.16 85.43 82.52 79.49 80.9
74.93 72.58 77.71 74.52 75.95
79.34 77.86 78.56 79.93 87.65
85.4 86.68 87.07 86.69 89.45
91.04 87.17 90.3 88.89 89.67
88.33 90.2 90.18 89.24 90.14
90.42 89.6 88.99 88.75 88.54
88.11 85.08 80.62 82.85 83.78
81.25 80.71 84.29 80.39 84.04
85.93 87.23 85.11 88.52 92.35
90.06 87.74 91.77 94.07 91.45
91.23 94.16 92.43 89.56 92.25
91.21 88.92 87.38 87.77 85.88
83.7 83.7 84.33 81.29 79.66
80.94 83.27 73.8 71.82 70.37
61.08 58.19 64.03 64.08 68.58
64.16 66 78.21 76.41 70
75.05 84.37 80.51 75.08 82.55
88.14 79.65 82.7 89.16 87.71
84.14 88.2 92.28 89.05 85.65
89.59 89.01 84.47 84.36 85.82
82.99 78.07 80.07 79.65 75.11
78.76 83.63 80.45 78.36 84.85
87.18 81.53 80.4 88.04 87.72
84.65 89.23 91.44 87.13 82.7
90.38 90.66 86.08 85.79 89.68
88.31 84.89 85.35 87.19 84.53
79.56 77.7 70.12 76.09 76.75
80.92 79.46 82.63 89.36 87.57
87.92 91.97 92.02 92.64 93.66
94.59 93.97 94.88 93.7 94.94
93.67 93.89 93.76 93.67 94.41
92.16 92.5 90.2 89.04 88.66
85.04 86.6 81.42 81.36 80.71
72.1 72.07 72.72 70.61 74.86
78.15 81.22 81.05 84.94 87.96
89.32 88.24 90.39 91.13 91.45
90.89 90.57 92.44 89.45 90.56
90.97 90.89 83.95 87.25 88.89
83.73 80.8 81.75 80.07 73
73.53 70.03 67.04 65.84 64.53
63.55 63.84 67.38 73.01 68.93
65.01 76.88 77.54 73.72 73.13
80.85 79.24 74.6 80.02 83.39
78.04 72.99 73.5 69.09 62.79
50.27 43.6 45.98 47.95 58.05
61.73 68.49 68.28 69.92 76.82
71.38 73.97 82.63 81.48 78.47
80.15 91.06 86.64 84.04 88.03
89.31 87.81 88.29 94.26 88.09
91.19 91.83 92.52 89.1 90.36
92.99 89.31 86.02 87.49 85.7
81.32 82.37 82.62 79.92 76.85
81.9 85.17 81.52 81.14 86.74
87.73 82.69 86.23 92.28 88.02
85.67 91.18 94.93 89.91 88.19
93.01 90.29 84.97 86.82 88.44
83.11 82.89 83.09 81.83 79.31
78.25 73.45 67.16 69.13 71.24
71.4 76.04 80.44 77.57 79
84.03 84.98 85.32 89.81 92.9
88.13 86.74 92.79 90.69 89.79
88.47 91.96 89.7 88.37 92.37
90.16 84.56 87.91 86.82 83.46
76.74 80.59 78.55 68.32 69.94
72.59 65.72 73.3 71.79 66.04
74.83 80.63 78.22 83.32 88.1
87.59 85.58 87.3 89.91 87.33
86.42 91.39 87.16 85.87 89.87
89.66 78.81 85.39 86.35 83.07
75.41 77.17 79.08 72.57 66.22
67.6 71.41 67.55 71.99 75.02
71.6 74.89 79.4 75.99 75.22
81.66 81.21 79.18 84.54 88.83
86.13 86.98 90.04 89.43 85.53
86.82 91.79 88.46 85.35 87.71
87.54 74.73 79.91 82.78 75.33
75.52 76.91 81.15 82.11 75.45
71.43 62.75 61.62 64.41 67.5
73.36 83.58 76.05 77.15 85.13
85.17 82.53 85.83 91 87.34
86.87 91.5 90.2 88.02 91.49
91.63 89.97 88.77 88.41 87.21
88.18 87.14 85.5 86.86 81.52
80.41 75.66 67.72 66.51 68.1
76.64 73.89 74.05 80.35 78.71
80.99 82.66 84.42 86.02 85.43
89.79 91.24 90.48 93.49 94.63
93.96 92.67 94.05 94.34 92.22
91.02 93.19 90.99 87.17 87.19
88.31 85.3 81.84 79.8 68.61
69.7 66.04 73.72 79.73 78.39
82.52 88.66 88.77 85.93 89.04
92.56 89.99 90.02 94.4 94.42
91.07 94.1 93.49 91.99 90.64
93.44 92.22 88.86 90.5 89.99
85.77 84.47 85.43 82.8 76.93
79.08 75.72 67.17 70.78 66.2
62.51 66.41 71.99 69.95 71.96
76.13 74.62 78.09 83.99 79.4
79.81 85.9 83.73 81.05 85.78
89.43 85.15 82.91 87.75 89.59
83.23 82.54 90.55 87.17 83.37
84.77 85.65 80.25 77.06 78.93
72.7 67.4 67.53 66.62 70.34
73.05 73.42 78.88 76.62 77.13
81.41 82.52 82.67 85.73 84.22
84.44 83.79 86.26 88.18 85.35
84.43 84.3 84.13 83.21 83.49
81.56 77.26 70.49 69.38 68.98
70.73 73.14 69.46 65.87 68.48
67.95 66.16 64.95 67.3 77.15
73.93 74.02 79.55 78.71 76.47
80.67 83.55 78.45 79.14 85.48
86.44 82.94 86.62 86.77 86.94
82.55 85.05 84 79.67 81.14
75 74.71 75.62 73.74 77.15
81.44 79.58 78.23 83.87 84.66
82.59 83.55 85.57 84.15 85.08
84.71 87.78 84.63 84.88 88.84
88.23 85.14 83.35 86.29 85.89
85.68 80.72 82.78 82.19 75.15
72.33 68.6 68.14 73.09 75.13
77.37 75.71 83.05 83.5 84.66
84.2 87.23 90.3 90.65 89.57
91.12 90.66 90.15 90.96 92.44
90.1 93.25 92.79 92.03 92.04
91.27 90.08 91.96 88.46 86.35
84.81 82.41 78.65 76.45 74.92
70.47 73.93 73.87 77.59 79.62
80.29 79.35 83.49 84.28 79.27
84.69 86.67 82.43 83.02 84.68
86.24 78.25 82.47 86.07 82.79
77.95 83.37 83.38 77.06 75.45
74.36 72.22 66.21 66.25 67.94
55.85 47.04 41.41 41.18 38.64
46.57 44.57 43.8 42.28 47.04
49.38 51.09 55.87 58.03 59.56
60.13 66.21 70.71 74.07 74
74.9 74.35 74.62 75.76 75.78
79.74 78.74 73.34 69.09 71.75
72.57 66.62 66.22 59.41 65.86
52.86 47.76 52.84 46.92 34.31
36 36.02 31.53 31.64 30.86
32.84 40.17 38.67 42.69 53.7
58.83 64.96 64.07 68.08 70.79
71.56 74.34 73.47 77.51 78.69
80.45 82.75 82.23 81.24 82.78
86.69 84.05 81.59 86.08 84.8
81.8 78.78 78.6 77.7 75.35
71.17 67.94 69.5 69.06 65.42
62.4 61.78 65.27 57.36 55.52
52.5 49.45 45.17 40.25 42.43
46.57 40.48 40.41 43.64 46.71
47.59 53.7 54.94 60.72 64.01
64.7 68.7 72.71 71.62 76.06
77.27 79.7 78.64 77.84 84.26
80.37 77.95 80.76 83.19 80.63
78.71 82.58 80.96 76.49 72.65
75.58 74.51 64.84 67.13 65.13
63.43 58.8 54.75 50.3 60.69
59.95 66.06 66.75 71.23 70.03
72.89 76.81 75.79 78.94 79.07
82.43 78.21 77.51 81.31 83.71
77.76 78.51 81.85 79.77 73.07
70.69 70.78 69.38 65.2 64.77
61.24 65.13 66.16 65.85 72.5
76.12 72.58 80.79 78.99 77.25
80.47 78.94 80.12 81.25 84.36
81.93 80.86 83.73 78.1 78.31
77.98 79.1 76.81 73.8 72.47
71.81 68.67 60.29 59.22 58
50.55 45.58 44.03 42.01 34.21
31.64 32.34 29.06 28.1 31.57
30.4 33.63 29.25 33.35 34.3
30.84 37.34 31.76 33.42 45.06
37.1 34.34 38.62 47.34 39.88
40.84 46.8 42.82 39.41 38.15
38.92 38.64 37.59 45.97 44.34
53.82 46.82 53.14 57.25 47.71
56.36 57.27 53.75 58.25 61.51
59.29 52.01 62.56 61.98 59.98
57.09 52.92 54.56 49.67 42.18
44.64 43.24 35.38 38.87 43.78
45.58 41.96 41.44 41.13 33.36
31.97
