39.11 45.51 40.79 41.04 43.08
49.79 45.35 43.8 41.66 39.42
40.75 43.06 40.09 40.79 44.59
49.07 49.21 57.15 70.1 65.47
62.54 63.55 73.86 66.29 61.32
65.1 66.61 64.42 57.44 52.58
48 38.39 41.41 41.51 43.37
50.18 56.82 74.69 85.47 90.03
92.12 91.33 90.31 94.39 94.65
92.56 94.06 95.86 97.31 97.64
97.41 96.82 96.81 97.4 96.79
94.97 95.19 94.82 93.79 91.94
91.13 91.73 92.34 90.67 90.55
93.43 93.86 89.91 87.06 78.58
70.35 63.96 47.82 47.87 54.09
59.22 71.26 78.93 85.7 92.39
94.24 97.09 94.27 93.98 96.66
96.97 94.81 95.21 97.03 98.17
98.24 98.39 98.47 98.64 98.64
98.41 98.25 98.32 97.8 97.49
96.63 97.52 96.93 96.99 95.27
93.2 89.37 85.19 83.23 82.47
87.02 89.67 93.63 95.7 97.28
94.55 93.72 96.54 96.02 93.42
95.02 96.73 97.97 98.1 98.41
98.45 98.39 98.52 98.58 98.58
98.23 98.22 97.97 97.31 97.23
95.16 94.04 90.13 82.96 79.75
69.84 70.2 64.26 64.07 75.04
87.01 91.87 93.91 91.4 91.81
94.82 94.49 93.06 94.11 95.86
96.98 97.54 97.86 98.09 97.49
97.32 97.52 96.77 95.19 94.72
95.14 92.42 92.57 90.2 91.58
86.84 70.74 62.54 56.02 47.86
45.92 35.57 39.67 40.97 45.27
45.97 40.08 45.04 41.38 41.56
39.38 38.74 42.86 48.05 48.73
55.59 62.18 74.62 86.54 90.72
92.15 90.11 89.73 93.31 92.48
89.98 92.25 93.74 96.04 96.62
97.07 97.11 96.63 97.25 96.77
95.8 95.41 95.27 94.29 93.09
93.13 90.05 91.61 86.16 83.02
76.78 70.9 66.97 71.53 67.03
63.94 60.07 56.81 52.57 51.91
54.18 50.55 51.71 56.1 62.28
62.06 71.5 84.28 88.46 90.83
86.52 86.53 90.43 88.8 84.34
84.81 86.73 90.62 93.11 94.84
96.55 96.17 94.81 95.59 96.22
95.23 94.08 93.52 94.69 92.54
92.79 89.84 90.02 85.98 84.73
84.19 75.88 65.78 52.8 40.49
40.62 39.21 44.53 40.64 48.04
36.13 47.86 50.79 58.06 64.29
80.27 87.13 88.95 92.39 92.79
90.94 92.43 93.3 92.66 91.93
92.91 92.17 90.81 90.79 88.96
88.71 89.92 92.97 93.83 93.67
92.49 93.88 94.82 95.29 93.29
94.02 94.48 94.97 90.77 93
91.71 88.35 86.66 85.55 91.34
91.89 90.75 93.85 93.77 94.72
94.9 94.25 95.25 94.48 96.46
95.78 96.44 95.26 95.93 95.06
95.36 94.36 93.31 92.34 89.6
