49.68 62.95 69.77 77.92 74.77
74.22 80.28 77.36 76.78 74.97
74.76 75.65 77.59 80.35 81.9
80.5 85.96 89.77 90.27 91.82
92.14 90.55 85.94 76.67 69.93
62.88 53.79 54.7 54.22 45.87
47.23 43.32 44.24 51.2 56.02
63.11 72.61 83.5 92.6 96.16
97.03 96.34 94.63 90.88 89.15
90.29 91.87 95.46 97.04 96.45
95.08 91.54 84.26 73.22 76.34
88.32 90.87 93.14 93.13 94.5
94.94 95.4 94.64 91.26 91.61
91.97 90.46 89.72 88.85 89.3
84.57 83.48 72.16 63.41 53.56
42.94 43.59 42.94 36.23 37.89
31.35 35.15 27.48 26.9 22.66
27.65 23.34 23.86 32.56 26.65
33.96 28.67 27.47 29.62 38.52
45.55 57.12 68.33 76.81 85.85
91.19 91.5 92.41 93.25 93.15
93.51 92.36 91.86 91.32 93.29
94.39 95.94 96.5 97.05 96.22
92.74 87.88 80.52 77.32 68.77
67.78 61.29 43.51 41.69 40.42
34.03 34.63 29.58 41.38 33.82
35.71 42.48 42.92 43.98 41.28
50.1 48.93 50.92 63.33 78.36
91.1 94.61 96.73 97.73 97.44
97.14 96.32 94.35 95.5 96.76
97.49 98.1 97.35 96.99 95.58
92.48 93.45 91.27 89.85 90.54
92.18 95 93.35 94.53 95.6
97.05 94.87 95.85 98.01 97.92
98.35 96.99 98.13 97.58 98.12
98.49 98.02 96.82 95.37 91.78
89.76 87.2 89.07 91.44 94.72
97.4 98.53 98.67 98.66 98.63
98.57 98.46 98.54 98.48 98.75
98.53 98.13 96.91 93 90.93
82 73.08 75.83 79.66 87.71
93.66 94.45 96.79 98.16 98.38
97.6 93.72 97.4 96.88 97.77
98.27 98.68 98.31 98.36 98.57
98.52 98.21 96.52 94.12 92.53
95.5 94.95 97 98.59 98.75
98.72 98.71 97.7 97.09 96.13
95.65 96.39 98.55 98.58 98.57
98.56 97.73 96.86 95.02 96.25
96.99 97.74 98.08 96.7 97.13
97.49 98.06 95.94 93.48 95.42
93.76 94 95.55 98.12 97.08
98.17 98.58 98.4 97.99 96.44
93.82 92.76 94.25 94.97 96.98
98.25 98.47 98.63 97.8 96.28
93.91 92.91 92.46 93.48 96.59
97.13 97.82 97.7 96.47 96.5
94.07 93.42 95.14 95.4 96.11
95.34 94.39 93.58 93.53 91.26
90.05 85.73 79.82 81.86 78.91
78.85 79.81 74.78 73.43 76.14
74.63 65.79 68.29 65.28 71.96
77.7 84.13 90.74 94.34 94.78
96.97 97.97 97.84 96.3 94.5
90.65 89.04 90.83 91.6 94.22
96.7 97.51 97.19 95.16 93.21
91.41 90.56 91.52 91.98 94.56
94.71 95.22 95 92.34 91.34
87.26 88.52 85.3 88.27 92.1
91.58 92.18 92.52 91.96 91.8
92.8 90.22 88.19 92.82 92.86
95.07 96.94 97.22 96.48 94.43
88.77 87.88 89.19 90.61 94.79
96.86 97.28 96.9 94.35 91.92
86.78 84.29 85.79 89.96 94.17
95.31 96.37 95.24 92.94 91.89
87.27 77.01 76.51 78.91 83.91
91.21 93.24 92.41 92.81 92.12
94.26 94.98 92.78 93.23 94.33
93.89 91.01 91.09 92.7 90.5
91.21 91.64 94.14 94.14 92.34
95.09 94.69 95.5 94.83 95.98
93.35 93.09 93.83 94.45 92.91
93.76 94.51 92.68 91.61 85.72
65.21
