40.55 50.94 49.47 51.15 50.57
47.74 45.63 52.48 50.75 38.79
41.97 45.68 40.61 36.53 36.95
31.92 28.51 27.04 30.2 27.31
26.65 31.36 33.42 41.24 48.2
53.53 58.08 63.9 65.01 79.23
90.6 94.73 95 94.87 95.99
97.77 98.13 97.68 97.5 96.35
95.82 92.79 86.77 82.88 74.03
70.15 77.94 84.85 91.89 94.32
97.01 97.69 98.24 98.43 97.7
97.1 95.69 96.41 97.05 96.67
98.01 97.83 96.98 95.95 93.48
94.18 91.83 91.86 87.82 88.49
86.02 81.93 76.5 79.09 79.97
82.33 80.8 79.98 83.67 83.66
80.66 81.08 85.38 85.4 82.63
84.08 87.91 88.37 90.18 93.38
95.81 97.69 97.85 95.83 94.39
94.14 92.39 93.27 92.27 92.52
94.39 92.38 90.26 89.95 90.17
92.43 93.07 94.75 92.8 95.12
94.47 95.46 97.29 97.19 96.18
97.1 95.8 96.95 98.37 96.99
96.56 97.68 97.62 96.6 96.12
95.47 96.17 98.16 97.68 98.54
98.53 98.5 98.78 98.83 98.82
98.88 98.92 98.89 98.81 98.8
98.92 98.83 97.89 97.57 98.24
96.96 93.61 93.92 94.15 91.19
89.01 87.51 88.99 91.45 89.42
89.94 94.96 95.33 96.91 93.63
94.33 97.43 97.52 98.54 97.83
96.44 97.53 97.82 98.57 98.71
98.23 96.17 91.73 81.7 75.99
64.35 53.01 43.1 40.04 40.16
43.14 41.53 36.46 37.98 37.33
39.32 35.97 40.08 34.96 39.03
43.1 43.03 53.63 68.14 87.23
94.49 95.6 92.71 93.48 93.76
92.3 89.73 87.7 85.43 79.18
78.61 75.89 83.24 86.52 91.51
96.11 94.47 95.54 98.54 98.22
97.13 98.71 98.8 98.55 98.58
98.89 98.7 98.36 98.7 98.56
97.58 96.85 96.18 97 96.58
93.93 92.92 91.18 90.94 87.63
86.1 84.19 90.18 91.31 89.1
90.64 94.21 94.27 92.93 94.68
95.54 97.45 97.99 98.03 98.19
98.23 95.92 95.71 97.26 98.28
98.56 98.55 98.73 98.82 98.81
98.7 98.89 98.89 98.7 98.76
98.86 98.73 98.29 96.18 96.88
96.17 96.81 98.28 98.5 98.71
98.68 98.69 98.62 98.81 98.86
98.79 98.74 98.85 98.48 98.84
98.82 98.53 98.08 98.51 98.5
98.08 98.22 98.29 97.12 94.46
98.07 97.73 96.09 96.59 97.9
97.35 97.43 97.28 95.91 96.56
96.65 94.11 93.78 93.38 87.36
75.5 64.48 56.58 52.83 49.81
43.46 43.9 35.99 35.42 35.73
36.17 32.82 29.93 30.9 28.52
28.44 27.77 27.78 26.22 25.35
26.52 25.36 27.86 27.45 25.83
24.98 26.04 27.58 26.6 25.95
24.68 25.27 25.73 25.7 26.65
26.49 26.33 25.84 25.44 25.06
26.19 28.21 21.87 28.26 25.26
25.96 26.57 24.88 29.62 28.77
24.22 30.13 25.69 28.42 29.83
28.39 33.38 33.36 46.78 55.43
65.19 74.47 81.78 84.35 86.74
87.57 84.78 87.6 87.47 86.47
86.82 89.11 88.88 89.22 86.3
86.93 84.02 84.52 84.06 83.64
80.54 79.21 75.76 75.7 68.67
67.66 73.99 80.98 80.82 81.16
85.24 84.86 86.1 85.76 87.73
88.32 89.81 88.04 88.02 88.52
86.01 88.24 85.23 83.65 83.94
86.35 86 86.4 89.61 88.88
88.3 88.66 88.38 87.7 86.25
84.53 85 83.14 80.08 78.13
79.08 72.77 63.07 61.52 56.69
54.82 45.23 35.02 33.97 37.77
34.2 39.52 38.52
