48.63 62.54 78.64 76.52 83.42
87.19 84.89 89.16 90.92 90.57
89.57 92.21 94.13 93.48 94.65
95.5 94.93 94.41 95.38 95.25
94.7 94.88 95.9 95.19 95.3
95.12 94.25 92.38 93.21 90.94
88.49 90.35 89.05 86.8 87.87
84.96 85.04 83.22 82.17 78.61
77.96 79.5 81.06 82.43 77.67
80.23 79.75 78.76 80.6 84.63
85.88 86.42 89.17 92.14 92.71
92.26 93.64 94.57 94.96 93.91
93.98 95.55 95.47 93.3 92.02
93.48 92.13 92.1 90.89 94.16
95.07 93.03 93.18 94.99 94.85
95.53 95.4 96.26 95.11 94.9
93.59 93.95 94.39 94.71 92.96
93.51 94.72 94.56 92.5 93.41
94.78 92 91.01 92.14 89.71
87.25 87.5 82.96 76.48 74.11
63.91 62.64 57.2 53.83 50.13
46.98 51.62 43.6 48.16 42.34
47.89 53.43 54.55 60.44 69.74
78.44 83.88 85.84 85.35 88.79
91.94 90.91 90.42 93.96 94.47
93.87 94.65 96.25 96.46 96.06
95.58 97.09 96.89 96.63 96.62
97.09 96.26 96.72 97.52 97.05
97.06 96.73 96.95 96.92 96.8
96.94 96.42 96.02 95.9 95.11
95.1 93.66 91.26 89.74 91.69
91.56 88.8 90.06 90.08 85.58
89.21 92.65 93.8 94.27 95.42
95.56 96.01 95.4 95.76 95.92
95.65 94.3 93.89 94.45 94.65
93.86 93.68 95.65 95.65 95.31
95.86 97.27 97.49 97.39 97.3
97.52 97.35 96.45 95.35 96.34
96.32 94.82 94.19 94.98 93.74
92.19 90.58 88.87 88.74 85.73
85.03 85.47 83.67 79.83 79.89
78.76 73.96 68.03 64.78 54.09
56.98 57.85 56.71 60.92 62.93
67.77 70.75 70.01 71.84 77.62
80.99 79.66 81.03 85.75 86.86
86.71 88.85 88.87 89.52 90.93
89.17 90.28 92.77 94.53 95.22
96.4 97.01 96.04 96.16 97.19
97.5 97.04 95.93 96.73 96.85
95.6 95.52 93.36 91.18 89.91
93.16 91.04 88.13 88.87 90.02
87.74 83.99 81.25 84.92 89.2
93.08 94.13 94.28 95.94 96.44
97.23 96.76 96.38 96.77 96.68
93.48 92.38 93.5 91.55 87.35
87.53 87.59 89.5 88.76 89.6
87.12 88.32 88.26 86.66 85.4
82.85 85.57 77.66 73.52 68.68
59.37 57.28 58.33 46.17 52.17
43.3 41.14 38.07 37.13 35.97
36.31 37.06 33.76
