34.78 31.57 29.36 34.96 36.18
35.6 39.77 35.18 32.2 31.62
36.21 33.21 32.42 30.48 35.31
31.75 26.51 29.22 28.27 32.57
33.01 33.13 32.17 32.42 29.4
33.32 31.84 34.37 32.67 32.87
33.36 31.88 33.37 32.66 31.83
33.12 29.64 35.33 28.94 36.63
27.84 32.49 31.73 28.3 31.02
27.77 35.41 29.09 32.43 31.33
28.49 30.75 27.71 31.9 29.09
32.72 28.27 33.49 33.24 30.66
33.65 35.68 29.3 31.13 29.53
30.98 33.22 29.09 32.49 29.51
35.15 29.65 36.28 31.57 26.99
29.23 26.4 30.61 25.54 28.48
26.26 27.07 29.85 26.8 31.19
27.83 26.97 31.19 28.63 29.41
30.19 26.88 35.31 29.38 28.54
27.46 29.56 33.62 26.55 26.2
27.87 25.69 28.79 27.43 26.53
29.76 26.78 29.37 29.53 29.43
31.46 28.21 32.11 29.83 30.19
27.18 28.76 25.11 29.11 25.02
28.21 27.86 26.37 30.65 25.84
31 31.08 29.63 32.22 32.56
33.27 37.51 33.7 34.72 36.85
34.24 40.77 33.83 31.51 34.43
30.99 32.59 31.89 31.92 34.7
32.13 40.85 36.68 36.69 35.98
29.73 33.23 28.25 28.43 25.49
27.97 29.85 28.63 28.43 32.03
28.92 29.93 27.75 30.25 34.25
30.38 31.86 29.21 32.64 28.23
31.99 37.16 29.08 34.31 28.59
31.72 29.33 30.55 32.43 30.74
29.52 31.23 25.75 30.39 25.2
30.25 24.3 23.75 27.35 25.36
30.9 25.87 31.26 25.52 30.57
25.73 29.81 27.85 25.07 28.28
27.14 25.27 27.26 32.05 28.81
26.8 28.22 27.82 30.75 27.73
30.35 25.51 32.35 29.62 28.14
32.08 29.51 27.35 31.92 29.13
31.66 29.63 29.51 29.19 27.36
29.15 31.1 30.97 35.46 36.86
36.47 40.67 39.54 39.57 38.4
36.09 32.25 38.61 43.8 51.18
61.31 67.56 72.68 80.47 85.13
84.88 87.86 83.83 86.74 87.3
84.98 88.11 87.3 90.17 88.06
88.16 84.61 84.81 82.89 85.89
83.82 81.66 74.92 69.16 71.98
79.39 80.55 76.72 79 82.6
84.99 85.51 88.52 87.34 89.74
89.63 89.35 88.72 91.26 91.02
87.2 86.6 88.01 88.89 89.91
88.21 88.27 86.64 90.53 92.41
92.5 92.81 92.32 94.17 94.48
94.26 94.25 95.65 94.58 94.33
95.29 94.45 93.44 92.7 94.56
92.52 89.82 91.23 89.08 85.5
85.97 88.55 92.13 94.32 93.56
94.33 95.36 93.8 93.19 88.12
87.4 76.53 75.11 77.64 84.77
87.94 90 92.24 93.71 95.41
96.6 96.64 96.17 97.09 97.28
96.19 95.72 95.93 95.12 94.06
93.48 92.95 94.88 94.82 95.56
97.29 97.11 96.79 95.06 91.55
83.02 80.94 81.86 75.72 84.11
88.46 85.78 86.77 90.98 92.54
89.9 92.63 94.17 92.87 89.73
92.17 90.23 91.96 88.42 90.64
94.17 94.12 94.52 93.59 91.64
90.03 85.24 86.73 88.4 86.4
83.56 84.89 86.75 88.56 87.03
86.62 84.32 83.1 85.4 83.85
86.74 89.81 89.7 92.72 93.83
96.59 96.08 95.57 93.63 91.25
89.79 86.9 87.37 87.92 87.71
84.6 85.13 82.5 71.74 65.54
62.1 69.57 75.13 80.07 82.69
89.15 89.73 91 90.67 91.6
93.54 93.2 92.05 93.28 93.38
90.67 86.04 89.64 94.77 94.8
95.46 97.43 97.65 97.4 95.12
92.46 85.94 86.23 77.38 77.37
77.99 73.3 68.54 69.81 62.4
57.56 51.8 55.2 46.97 58.04
67.48 76.42 81.62 84.8 86.19
85.8 87.88 90.77 92.06 90.64
92.12 93.46 93.89 92.47 93.97
95.06 94.42 95.15 96.63 97.22
96.87 97.24 95.07 91.87 83.25
73.92 67.37 60.24 65.32 62.9
65.91 72.66 76.56 75.83 81.8
85.75 87.05 90.14 89.6 92.3
90.22 87.62 86.83 88.39 85.1
82.56 75.41 81.26 77.75 85.82
84.44 85.67 85.94 85.82 84.57
85.45 84.4 80.96 77.73 76.33
70.88 68.24 64.78 59.81 60.53
64.2 70.85 74.88 73.26 78.52
81.98 82.77 80.28 83.49 85.75
86.61 84.99 82.3 87.69 89.41
90.32 90.33 88.35 88.24 81.11
80.76 79.74 72.88 72.5 74.25
79.64 80.14 75.29 76.59 78.17
83.02 84.8 88.9 90.19 89.68
92.27 92.38 92.62 93.4 93.56
94.79 94.64 94.46 94.75 95.08
95.44 94.51 94.67 94.83 95.09
92.8 93.46 93.4 91.71 90.7
92.4 92.55 89.5 89.34 89.87
87.74 87.14 85.95 82.31 79.52
77.23 80.14 80.31 80.23 81.66
82.71 83.41 84.65 89.61 89.79
86.78 89.38 93.07 90.52 87.19
91.1 92.66 85.69 86.68 92.31
91.16 85.46 88.84 91.02 88.58
88.82 90.96 91.24 91.99 93.05
92.82 94.13 94.58 95.56 95.19
94.72 95.92 95.82 95.62 95.23
94.25 94.1 94.01 93.48 95.32
95.72 96.67 94.96 94.12 90.16
87.94 80.7 78.85 81.56 76.69
80.8 77.05 79.74 78.37 81.39
79.66 76.45 80.54 80.05 74.79
67.68 69.1 68.38 69.75 70.85
74.88 75.88 79.61 81.54 88.57
87.53 90.62 92.05 88.16 90.14
92.33 91.87 89.07 91.78 92.33
88.96 86.95 87.87 89.47 83.8
72.75 61.68 55.81 43.59 51.31
52.53 44.36 49.21 47.61 47.51
50.84 36.6 50.53 39.83 41.09
37.12 31.84 38.44 33.61 31.09
35.15 33.82 35.52 36.29 34.14
36.04 41.65 38.65 32.72 36.77
35.24 37.5 36.42 38.6 35.92
33.47 34.25 30.54 31.93 32.92
27.97 35.06 30.59 34.14 29.46
33.4 32.29 33.63 33.49 32.43
32.7 34.89 29.85 29.79 30.59
28.51 31.01 28.83 29.81 32.1
32.71 35.24 35.21 29.14 31.81
29.19 28.45 28.52 34.51 31.71
29.99 30.34 32.98 28.33 29.65
26.95 27.58 24.31 27.95 27.04
24.43 25.16 25.57 24.87 25.78
26.53 25.72 26.96 26.84 28.44
27.16 27.7 29.61 31.3 29.61
31.81 30.98 29.04 27.38 28.02
28.98 30.27 27.35 24.98 29.44
24.05 29.89 24.93 26.42 29.66
29.53 26.56 30.12 27.64 29.73
25.88 30.6 30.76 27.43 28.63
26.68 29.75 27.14 31.3 33.64
33.57 34.21 38.09 39.21 37.93
38.32 39.97 37.86 38.04 44.13
41.95 38.81 31.88 34.44 31.98
29.97 32.65 28.01 31.76 25.66
32.56 26.22 32.24 27.64 36.09
29.48 36.16 33.81 39.97 36.62
39.34 36.32 36.96 34.71 37.8
33.97 32.23 36.32 32.32 32.13
33.16 30.17 33.6 29.41 36.76
35.76 44.31 53.69 62.07 66.11
78.47 78.44 80.78 84.38 87.47
87.46 87.37 90.63 91.9 92.13
92.36 93.91 93.31 92.87 93.67
93.81 92.74 91.74 92.32 91.67
88.09 87.27 88.61 91.85 90.5
88.55 89.54 90.04 90.09 90.51
90.96 92.51 92.54 92.12 92.55
93.88 90.06 90.35 90.43 90.29
92.37 94.06 93.28 91.31 88.08
86.47 77.95 83.15 81.51 83.52
87.31 86.65 87.18 86.08 83.4
79.83 78 76.03 81.64 83.59
85.07 85.37 85.25 83.84 84.46
74.98 75.7 68.52 72.24 72.48
69.97 68.67 67.3 77.24 82.75
84.25 82.63 87.03 89.42 89.85
90.24 93.34 94.55 93.23 94.36
92.71 93.76 94.9 95.32 96.55
94.73 93.88 90.28 85.7 70.76
63.85 62.64 57.85 62.19 63.35
78.09 85.54 91.23 91.37 93.12
90.69 89.6 87.82 89.6 93.6
93.77 94.39 94.9 94.76 95.96
95.82 93.15 92.82 88.69 89.01
83.62 71.99 65.35 59.47 57.81
59.9 60.68 67.9 71.11 70.08
74.33 77.94 80.02 79.18 85.2
89.76 86.23 86.58 83.68 85.72
88.08 90.82 90.71 87.13 90.59
90.8 87.41 87.68 83.85 87.16
83.64 85.26 84.1 84.32 76.86
67.02 74.31 67.74 63.49 60.8
64.29 58.33 57.66 59.54 57.38
53.07 55.65 56.81 51.9 48.87
47.39 42.6 38.57 30.07 34.68
29.55 31.99 31.59 36.41 33.52
31.6 32.74 34.09 33.13 42.48
43.9 40.08 41.33 47.17 52.18
55.74 67.61 64.77 67.52 74.26
80.35 83.1 86.04 87.85 89.73
90.04 90.2 90.15 91.58 91.07
89.32 89.32 88.83 86.29 83.54
79.92 81.51 79.94 80.93 83.49
85.91 86.09 85.76 85.39 79
82.34 86.35 81.71 84.26 89.07
90.71 90.85 89.29 91.72 91.66
91.26 89.06 90.6 91.25 89.12
86.43 88.52 84.88 86.91 87.79
82.93 80.02 73.55 65.12 60.73
61.07 70 75.91 80.48 81.74
83.65 82.22 79.03 78.34 82.32
81.84 82.3 79.96 76.45 82.05
86.08 81.36 81.25 87.13 89.83
87.6 89.8 92.56 93.42 91.54
90.68 90.83 90.33 89.48 90.65
90.86 87.06 86.73 90.53 89.16
83.76 86.48 89.54 85.16 82.02
86.87 87.15 76.21 80.07 83.26
73.88 65.42 69.73 72.82 56.63
63.33 61.37 59.09 56.24 60.2
62.13 67.82 67.96 71.98 66.6
60.05 61.76 64.05 72.17 79.06
84 86.27 86.47 86.14 89.35
88.92 89.81 86.46 85.55 77.1
68.62 58.32 56.22 52.5 49.21
46.47 56.18 62.03 75.67 85.72
88.85 92 91.31 92 89.27
88 85.28 83.49 77.45 79.52
88.05 90.38 92.05 90.05 87.53
89.98 89.64 89.03 87.48 88.42
87.93 85.13 84.96 79.5 82.01
83.62 88.23 89.96 92.31 94.72
94.02 93.53 91.98 88.18 83.94
84.4 79.94 83.88 82.39 86.51
89.03 88.54 92.16 93.56 93.6
92.6 90.3 88.32 83.77 77.71
76.53 77.02 78.14 84.1 84.94
87.27 87.45 89.14 90.4 90.33
89.72 84.95 80.23 84.93 82.62
76.44 67.21 75.71 82.61 82.92
87.26 86.37 85.26 86.52 86.76
87.47 89.09 89.05 92.42 92.4
92.1 92.61 90.77 89.08 88.97
90.88 90.44 91.61 92.19 91.93
93.38 93.05 91.15 90.13 90.81
91.38 89.15 89.23 86.46 85.82
86.39 87.21 84.82 85.88 87.08
86.7 85.54 84.78 82.8 85.62
84.6 84.23 78.71 79.58 83.45
81.19 76.59 72.46 74.65 79.12
75.2 78.03 74.66 84.45 86.67
83.73 81.96 86.28 87.39 90.31
89.93 89.45 86.8 80.37 80.28
83.24 80.48 78.1 80.59 82.74
80.92 83.7 84.35 80.64 82.3
84.92 79.66 75.89 70.61 64.91
52.32 54.19 48.72 49.42 55.68
60.15 67.78 73.22 75.43 77.19
75.78 80.3 80.52 82.95 80.22
78.93 73.79 77.51 76.79 80.12
79.21 82.59 85.46 85.46 86.6
82.86 82.47 81.02 84.85 86.22
86.81 87.7 87.9 89.78 87.7
86.71 85.77 85.26 80.28 75.4
76.64 75.35 72.41 71.02 71.86
75.12 70.45 69.71 73.35 73.72
67.72 70.63 72.67 66.28 59.86
65.75 62.92 53.43 44.64 41.7
45.61 44.73 39.69 37.94 40.12
39.63 35.93 30.11
