79.61 84.27 88.84 87.77 89.42
91.58 91.99 91 92.31 93.22
91.17 91.07 93.36 92.6 91.24
92.3 93.13 91.32 88.71 89.41
89.18 87.67 84.01 87.4 85.92
77.88 83.77 85.84 76.9 79.5
79.17 81.81 81.55 84.37 78.6
80.34 84.6 84.57 81.43 83.83
86.65 84.77 82.09 87.33 88.8
82.5 85.75 89.47 87.99 82.19
87.79 89.44 87.42 88.4 88.84
89.3 84.61 88.62 88.65 86.3
89.17 89.94 86.42 85.84 87.82
87.62 88.25 86.99 89.41 87.09
87.49 89.28 89.49 86.92 85.77
88.28 89.69 86.29 84.37 87.06
84.42 78.97 81.85 82.64 78.58
74.58 81.34 79.66 70.14 74.08
75.16 70.93 64.57 61.02 48.18
45.58 39.76 40.45 38.15 37.51
46.89 33.68 36.25 30.54 31.23
33.64 34.05 31.02 29.94 31.55
31.18 32.8 32.92 34.85 33.96
30.91 30.75 32.45 32.23 31.33
29.96 35.29 37.83 31.13 34.08
30.19 32.85 29.49 28.64 31.59
29.94 32.92 32.9 35.4 31.76
33.3 32.38 36.6 33.13 33.92
35.75 35.51 33.47 34.59 36.53
34.7 44.13 35.14 28.11 33.43
32.49 29.28 40.54 41.4 29.08
30.73 30.13 29.33 33.37 30.48
32.18 32.12 34.63 32.83 36.29
34.8 35.17 30.19 36.58 34.44
34.1 26.18 31.04 35.37 37.88
35.2 40.39 41.14 44.11 51.19
58.17 69.23 66.9 67.48 74.1
73.18 70.92 76.59 79.89 78.19
76.65 79.56 83.69 80.22 77.63
83.46 82.31 78.57 82.78 82.98
79.64 82.49 86.99 83.52 79.17
85.95 83.69 82.98 82.96 80.09
75.36 76.52 80.32 81.95 85.93
85.3 86.5 90.29 89.33 90.2
91.67 90.65 91.61 92.78 92.48
91.71 90.73 88.9 87.39 89.71
90.33 89.48 88.5 89.54 90.78
89.06 87.19 88.47 89.5 87.29
85.59 86.99 86.87 82.77 83.14
86.08 82.95 80.49 80.5 81.71
77.44 75.49 71.5 70.54 72.1
75.36 74.48 73 74.37 80.48
74.46 73.8 82.74 82.77 77.01
84.29 84.12 79.91 78.84 88.79
87.39 80.3 85.85 90.61 87.58
86 88.61 88.06 85.98 86.21
90.03 88.84 85.68 87.78 88.82
85.71 83.58 82.09 83.63 78.75
76.34 77.7 78.7 72.15 61.35
53.87 53.41 46.13 37.97 50.57
39.85
