57 66.66 74.56 75.07 75.83
77.64 79.81 80.82 83.16 83.63
85.29 85.15 83.18 79.45 80.02
76.34 72.38 68.4 60.92 58.45
54.87 53.8 53.46 52.75 68.83
75.97 81.65 76.97 82.68 85.07
87.18 86.86 87.28 80.77 83.41
80.45 87.87 88.95 86.99 84.94
72.4 72.13 84.59 80.12 87.99
88.26 87.3 87.69 79.78 85.05
84.18 87.23 88.19 89.01 91.03
91.38 91.04 94.12 91 89.36
90.55 93.22 92.55 93.11 89.76
83.1 85.78 89.74 91.28 91.89
89.38 84.88 77.68 78.92 80.05
87.23 90.49 91.83 91.22 88.05
84.59 78.76 76.34 68.67 75.1
78.02 80.85 87.64 91.68 92.01
91.53 90.8 84.58 74.47 66.86
68.72 70.05 79.22 84.9 81.99
83.72 75.06 74.27 79.23 80.54
86.42 84.87 88.38 84.62 83.18
88.61 85.59 87.73 85.89 77.11
74.76 82.51 74.62 75.88 81.69
83.16 83.81 84.26 79.08 78.19
77.84 78.36 79.73 76.52 77.67
73.07 76.38 78.7 77.95 71.26
68.76 66.61 63.15 65.2 59.67
64.25 59.75 56.4 66.71 66.39
66.52 63.21 70.1 71.46 72.27
75.11 75.14 77.55 81.25 80.42
82.58 82.82 79.92 78.12 76
73.25 76.32 72.1 67.09 60.45
52.93 38.95 44.03 36.38 32.74
39.37 42.23 36.17 37.12 38.86
33.34 32.83 36.58 34.19 31.57
33.14 27.73 36.33 27.75 35.36
35.83 38.44 48.7 44.95 42.41
44.74 44.41 45.9 44.29 48.69
41.48 44.54 44.09 47.06 37.48
38.93 36.17 37.29 36.88 30.87
34.17 40.06 34.2 30.53 37.26
34.45 39.74 41.15 31.65 35.78
38.29 47.62 53.93 56.11 55.06
53.05 53.04 48.4 48.51 50.74
49.67 55.57 61.83 66.43 69.51
69.81 64.87 72.74 75.52 78.59
83.64 80.35 82.75 86.61 79.86
76.8 80.87 84.63 85.29 85.2
84.21 81.86 83.49 79.86 80.49
77.03 78.92 77.49 81.24 81.03
79.46 79.37 76.48 75.37 72.42
72.06 76.46 84.38 83.02 90.87
90.73 92.57 91.42 90.42 88.79
87.33 83.62 74.01 64.04 57.36
55.46 55.82 49.89 53.31 58.67
60.24 53.43 61.46 63.84 61.53
66.09 60.97 65.99 83.17 83.43
88.84 89.56 87.2 91.44 94.4
93.46 93.85 91.34 86.95 84.37
79.53 82.63 85.91 92.5 94.48
94.12 94.68 95.69 94.33 94.06
94.1 93.96 92.45 89.61 84.78
79.74 80.86 75.62 75.34 72.1
82.2 81.83 87.32 88.37 91.04
88.9 91.21 93.32 94.22 94.26
94.76 95.5 94.33 95.86 91.81
90.66 87.1 87.43 82.64 83.13
82.2 86.28 88.18 92.25 89.73
93.91 94.93 95.66 95.01 94.73
93.45 92.08 91.07 88.75 87.09
83.21 78.71 71.72 69.68 57.97
55.57 44.27 39.09 36.34 30.51
31.1 33.62 34.31 34.83 32.38
40.6 42.13 40.41 39.16 37.88
38.25 38.93 34.71 37.3 31.16
29.7
