54.16 45.71 53.71 55.58 52.16
47.86 49.98 51.68 47.12 43.74
46.99 47.55 46.89 45.96 41.52
43.27 51.24 44.28 37.44 48.64
46.24 46.73 52.54 52.89 55.15
57.1 61.45 67.15 88.57 93.48
95.11 94.89 95.18 97.39 97.71
95.95 97.26 98.21 97.61 97.04
97.83 98.05 95.87 96.79 95.76
93.4 96.71 95.65 97.35 98.53
98.25 98.4 97.8 97.47 94.4
90.72 88.68 91.67 94.57 96.49
98.01 98.47 98.53 98.48 98.48
98.7 98.37 98.28 97.97 97.15
96.47 97.73 98.33 98.5 97.69
96.56 97.85 97.67 98.48 98.36
98.72 98.56 98.74 98.39 98.17
96.71 92.13 94.93 97.78 97.53
97.51 97.63 98.24 98.56 98.56
98.78 98.73 98.61 97.41 97
97.08 98 98.36 98.65 98.6
98.73 98.69 98.05 96.28 97.55
98.22 98.47 98.54 97.58 97.29
95.38 97.21 97.07 94.53 95.23
97.33 98.51 98.31 97.9 98.11
98.54 98.4 98.62 98.48 98.49
98.72 98.75 98.45 98.54 98.7
98.61 98.14 98.23 98.5 97.68
97.73 97.96 96.25 96.54 94.15
92.19 96.24 98.06 98.21 97.75
97.77 98.4 98.25 97.7 97.95
98.12 96.81 97.85 96.43 97.65
98.2 98.56 98.31 98.02 97.89
98.14 96.78 95.72 94.06 96.1
92.75 90.46 85.92 80.37 77.81
74.36 59.88 52.96 40.78
