70.83 83.82 91.63 92.36 94.76
95.85 95.24 93.99 93.37 94.82
94.97 94.11 93.5 95.14 95.51
95.25 94.85 94.01 94.98 94.42
91.7 87.98 87.78 90.19 94.11
94.73 96.52 97.16 97.21 97.67
96.46 96.35 94.89 93.65 92.61
93.96 93.24 92.26 95.42 96.18
96.68 96.89 97.01 96.16 95.8
94.69 93.89 91.38 93.56 95.39
94.78 95.1 94.06 95.04 95.86
95.24 92.07 89.81 83.84 86.3
86.04 93.29 94.9 93.6 92.88
89.95 82.76 76.76 77.51 76.61
77.49 82.3 84.29 89.66 92.29
94.47 93.95 93.29 94.1 93.85
94.74 94.93 95.04 94.51 93.9
94.84 94.15 92.75 89.68 85.76
87.19 82.59 85.33 87.3 92.44
93.87 95.49 93.72 94.71 95.25
94.9 92.78 86.35 75.01 55.4
51.36 47.23 46.11 41.73 35.69
43.46 38.79 41.38 37.85 39.88
38.02 33.2 30.76 30.81 35.6
30.27 41.28 43.36 35.02 42.08
43.1 46.71 53.14 45.1 47.15
49.14 40.91
