37.22 34.17 57.54 58.2 41.52
33.75 38.86 36.52 38.26 38.26
47.21 40.96 43.42 35.13 46.98
40.2 39.06 44.1 40.37 41.27
36.24 37.38 36.28 31.9 31.62
36.25 30.56 36.37 28.21 34.37
45.35 54.05 72 83.61 90.57
90.39 93.04 92.03 92.68 92.94
87.54 89.19 86.82 86.82 85.82
84.22 81.91 78.98 81.75 81.78
81.49 79.26 83.35 87.36 85
84.41 87.77 88.27 86.59 85.86
88.19 87.55 85.73 83.28 82.02
76.84 72.56 63.52 55.53 49.76
37.8 36.98 32.03 33.17 29.94
43.35 53.8 65.73 76.42 86.4
91.04 91.62 91.74 90.48 90.56
89.78 83.74 78.8 79.21 88.33
91.06 91.07 90.2 88.28 87.11
78.17 64.16 52.58 38.2 33.17
35 31.16 29.28 29.48 31.27
30.28 35.38 31.92 33.03 35.36
42.84 49.4 45.82 50.59 56.26
73.88 79.21 82.33 87.75 88.44
88.53 86.23 84.72 82.55 86.14
85.57 78.15 80.51 85.68 78.21
80.4 73.74 69.52 71.18 79.12
83.77 87.81 89.11 90.41 89.68
89.43 87.34 87.44 80.42 71.99
72.29 65.86 67.82 67.39 59.01
65.68 71.19 73.55 83.21 86.84
88.98 91.09 90.31 92.33 91.33
90.4 86.7 84.56 84.15 84.59
89.95 86.88 86.33 88.57 88.85
88.39 87.09 89.41 88.49 86.03
85.08 87.35 82.33 79.26 77.06
74.55 66.42 59.06 53.44 48.23
30.22 29.83 31.56 29.27 40.81
34.61 31.37 36.74 32.47 36.72
46.15 47.02 52.18 74.33 84.25
89.81 92.27 91.52 92.34 89.5
88.93 86.17 85.5 88.26 85.78
83.8 81.03 74.2 71.76 69.71
68.74 67.74 76.57 73.5 83.34
85.99 88.36 89.15 87.03 86.91
85.7 84.66 83.94 84.48 80.93
80.58 77.09 73.45 76.76 75.68
73.22 70.45 71.34 64.88 53.47
47.7 48.41 40.34 31.91 30.64
32.71 33.38 36.24 33.79 37.03
35.58 37.09 32.46 35.43 37.24
35.55 36.06 36.29 37.67 39.42
37.76 36.75 38.35 40.15 35.56
32.66 35.36 39.92 33.38 34.7
37.2 34.65 35.82 37.31 31.57
35.19 34.78 33.56 31.63 28.58
36.32 29.56 33.35 32.16 33.9
29.13 36.15 31.53 28.65 30.41
26.92 31.49 28.93 26.58 28.24
26.69 27.53 26.99 25.29 28.07
27.34 28.67 25.55 28.49 25.65
26.93 27.54 28.77 27.69 29.12
26.83 27.57 29.08 30.31 28.21
29.06 29.69 33.28 32.85 31.38
30.76 29.24 29.99 29.01 24.01
30.84 30.92 25.55 29.86 25.93
31.73 25.72 26.29 28.04 29.26
24.92 29.57 25.1 29.42 27.52
27.35 26.68 28.52 40.52 59.42
60.35 65.02 64.06 64.04 59.39
53.85 49.61 51.82 56.84 67.32
82.15 86.34 89.49 93.54 91.44
91.97 84.41 79.64 84.89 90.11
92.88 91.95 90.86 86.44 81.75
74.71 73.64 75.85 75.15 75.59
83.52 82.42 86.02 89.38 89.59
86.99 88.21 84.85 86.19 88.51
85.75 87.73 90.85 90.01 91.63
88.89 87.68 86.37 86.43 91.06
91.19 92.72 94.28 91.83 92.22
90.67 87.55 83.51 70.7 61.03
53.86 46.68 44.03 55.61 56.85
59.54 74.05 83.29 87.36 90.63
91.25 92.26 93.52 91.96 91.62
87.83 88.92 91.56 89.31 90.54
91.98 91.24 91.6 91.52 91.69
90.66 90.07 90.81 89.24 85.91
86.95 88.24 83.79 80.04 80.1
78.84 73.2 68.68 65.35 62.32
52.54 46.95 38.11 31.36 42.03
40.13 54.1 67.64 68 77.31
83.73 86.72 86.6 84.59 86.75
89.7 88.78 88.69 91.13 89.8
86.77 88.48 89.27 83.3 79.9
83.74 81.98 86.3 87.66 87.01
88.54 91.26 89.8 90.86 90.65
90.2 90.15 88.3 90.33 87.51
84.8 86.03 87.98 86.08 89.62
89.88 88.11 88.91 91.69 89.8
89.06 91.19 90.7 89.4 85.76
88.65 84.08 82.71 82.55 82.94
86.24 85.71 87.62 87.96 89.37
91.64 89.97 91.42 92.48 91.32
91.37 91.95 92.03 91.05 89.79
90 88.79 87.78 87.93 87.57
85.61 83.57 81.93 81.52 76.2
70.03 57.13 53.16 46.77 28.21
35.01 27.95 28.76 31.11 28.9
30.34 30.31 31.17 30.54 29.59
28.44 28.45 31.95 30.15 35.59
35.83 41.06 42.03 46.03 49.54
50.4 51.06 49.48 48.51 51.34
55.65 48.86 49.2 52.47 50.64
43.15 41.5 51.66 40.53 40.52
40.29 40.96 41.3 45.65 36.97
41.8 38.27 31.35 33.45 35.32
37.75 35.89 32.13 31.88 34.07
30.75 32.78 32.47 33.39 26.91
31.62 26.07 32.64 28.14 31.55
26.94 26.7 28.85 33.26 31.83
31.98 34.78 32.86 34 34.21
40.04 33.91 31.31 32.34 47.74
41.56 35.66 35.54 50.4 39.86
32.7 34.65 38.81 45.42 33.46
38.17 34.22 37.16 32.33 26.02
31.39 33.35 27.71 34.97 30.45
32.57 33.33 31.21 38.05 34.25
29.23 30.49 31.47 32.73 31.19
33.23 35.93 30.57 32.5 31.24
42.86 34.57 31.21 35.83 34.41
33.83 34.58 33.73 30.6 32.29
32.87 31.2 33.63 33.13 32.66
35.14 36.61 35.09 35.07 35.05
35.97 39.77 36.1 36.6 33.94
35.67 30.59 33.35 29.34 32.07
29.21 29.29 32.14 28.63 32.11
32.08 28.59 32.06 29.76 32.82
26.98 32.8 29.6 31.22 28.91
31.69 31.95 29.75 33.48 33.37
32.44 38.58 33.72 34.17 31.69
33.35 28.47 33.9 34.05 32.57
34.37 30.53 29.83 35.51 28.49
29.51 31.18 29.12 31 29.6
28.08 29.05 28.62 30.1 27.9
29.94 29.77 28.76 29.56 26.23
36.53 31.73 30.87 31.65 30.06
33.93 36.08 35.29 36.38 34.31
34.77 35.24 36.05 34.47 36.59
34.41 34.09 38.69 34.31 33.18
34.94 32.74 35.4 34.34 31.62
30.91 29.71 27.18 27.77 26.72
29.36 32.56 31.72 28.68 32.6
30.52 28.59 28.79 27.4 28.83
30.36 34.31 36.35 34.65 41.12
43.16 59.6 42.92 50.81 56.2
54.04 50.1 57.04 55.7 55.29
47.47 40.6 35.01 35.61 35.83
32.96 32.62 37.55 33.32 37.13
35.86 35.87 36.18 36.13 34.92
34.19 38.44 36.16 34.51 32.54
37.29 35.55 33.56 41.3 35.5
30.77 40.24 33.47 35.77 38.33
30.82 36.26 35.77 35.62 31.12
38.48 36.01 36.62 37.38 36.02
37.84 34.3 37.57 32.96 45.02
43.31 51.41 53.09 53.9 53.88
53.95 55.36 58.9 65.5 74.3
76.24 81.54 82.9 80.67 85.05
86.17 87.93 84.53 89.18 89.28
86.37 88.67 87.81 90.09 85.84
90.42 89.36 88.13 89.42 92
90.36 88.28 91.73 90.26 87.33
90.87 91.3 87.57 86.95 86.37
86.1 86.98 86.25 86.32 88.07
89.01 89.36 92 92.84 93.98
96.6 95.54 93.96 94.09 90.75
88.38 84.44 73.19 71.24 80.71
86.54 87.94 89.86 90.87 90.82
92.22 92.24 92.49 90.71 89.6
87.43 87.51 82.64 71.5 61.11
60.16 59.44 69.74 75.92 81
84.14 87.32 87.32 89.94 91.6
92.15 92.99 92.46 92.77 93.08
91.78 90.24 90.19 93.18 92.91
93.15 91.65 92.94 95.54 95.67
94.79 95.45 97.35 95.67 94.04
94.73 94.15 91.95 91.66 92.46
90.49 88.12 89.03 86.97 78.86
79.39 81.29 75.55 75.8 79.65
83.53 86.49 85.97 86.13 91.24
93.24 96.75 95.23 95.23 96.3
96.49 95.74 94.62 94.08 95.23
94.72 94.27 94.88 93.81 95.9
97.74 95.7 94.75 95.95 96.3
91.31 95.79 97.01 96.68 95.88
94.33 96.76 95.53 96.38 97.08
94.31 92.46 92.38 92.39 93.25
93.44 95.51 97.17 97.34 97.36
98.26 98.42 98.22 97.86 98.36
98.13 98.03 98.06 97.28 96.95
96.14 95.66 93.01 93.33 95.54
95.19 97.37 94.83 93.24 92.47
97.09 97.9 98.42 98.44 98.48
98.02 98.37 98.5 98.05 97.75
97.38 95.91 95.4 96.89 96.02
96.81 98.32 98.03 96.99 97.94
98.09 96.07 96.28 97.21 96.57
94.94 94.24 95.21 94.21 96.77
95.66 94.73 95.41 96.98 94.97
92.37 92.07 92.37 93.59 95.33
96.37 96.01 96.76 97.84 97.77
97.46 98.18 98.15 97.59 97.86
98.13 97.34 97.4 97.21 96.07
95.71 96.91 96.89 96.96 97.55
97.07 96.59 96.45 95.83 96.2
95.15 95.28 95.97 94.64 96.75
94.58 95 95.31 97.03 96.65
96.38 97.74 97.96 97.33 97.73
98.04 97.77 97.69 95.94 93.99
95.59 94.47 95.29 94.74 96.13
97.29 96.89 96.2 97.34 97.84
96.39 96.69 97.77 96.85 94.34
93.71 94.11 94.64 95.81 97.8
97.78 98.34 97.97 97.89 97.48
97.07 96.74 96.22 95.65 93.5
92.67 90.42 93.69 92.97 93.25
94.14 94.23 94.07 93.81 89.31
90.27 94.14 93.95 94.5 95.62
93.94 93.39 95.09 94.69 91.91
90.11 92.28 92.79 91.46 89.35
88.07 88.98 89.65 90.37 91.88
93.49 92.01 93.21 95.41 94.6
93.32 94.79 96.38 93.13 91.71
94.93 94.79 96.29 94.98 95.93
97.35 97.26 95.47 97.3 97.82
95.81 96.2 96.2 94.82 92.26
93.04 90.53 84.77 84.98 83.58
77.39 69.31 59.8 56.55 53.86
53.44 49.74 43.53 48.32 52.23
52.19 60.19 69.69 71.08 75.66
80.46 80.35 78.38 84.73 87.04
85.4 85.64 89.33 89.73 86.33
87.83 89.11 87.53 87.02 90.68
91.76 88.86 88.83 90.22 90.2
89.4 91.55 91.02 90.76 90.06
92.92 91.45 90 91.04 91.96
91.44 89.89 91.99 92.47 89.67
90.7 91.27 92.01 90.17 91.52
91.74 91.45 92.16 92.67 92.43
89.89 93.73 92.77 91.05 91.14
92.72 91.65 90.86 90.49 91.25
89.91 88.45 87.73 88.05 87.1
83.53 84.14 83 81.85 80.4
79.05 78.75 75.75 65.92 70.79
63.33 63.88 63.61 62.1 64.75
63 63.3 63.78 63.55 61.86
61.67 62.46 57.45 58.9 53.42
42.47 39.45 45.05 43.42 43.89
43.85 46.2 43.64 50.48 41.46
41.53 45.02 55.49
