36.3 48.96 56.71 71.63 79.3
81.14 88.12 84.75 84.51 87.46
82.11 75.3 77.58 78.29 84.74
91.54 94.46 96.02 96.56 96.24
95.17 92.07 89.47 88.76 92.2
93.05 92.94 93.32 93.45 89.92
87.51 83.13 89.17 91.7 89.44
92.76 95.6 95.84 94.11 94.64
96.85 97.26 97.89 97.23 96.74
95.05 91.79 85.39 72.21 66.41
57.16 60.57 55.21 61.51 69.17
78.2 87.71 90.79 94.78 95.86
96.09 97.44 96.2 94.65 91.97
92.71 93.81 93.14 90.27 91.27
91.85 92.64 89.65 92.41 93.43
89.67 89.88 93.4 92.26 88.22
90.07 91.14 87.4 85.68 88.33
86.6 83.31 79.98 79.85 87.67
88.57 92.87 93.02 94.37 94.61
92.25 91.9 85.23 86.67 88.97
85.21 78.98 83.02 90.39 84.53
80.22 86.3 87.1 76.19 74.87
80.68 90.24 90.12 91.92 90.23
88.68 89.46 89.68 88.92 83.64
84.23 83.4 83 81.94 77.78
68.48 64.73 56.43 59.27 61.56
68.55 74.48 79.02 87.3 90.75
91.31 90.56 88.88 87.31 78.56
65.03 61.71 59.27 64.3 71.68
79.58 85.48 84.38 85.27 86.11
85.75 87.79 88.59 89.5 86.05
86 90.87 89.61 89.82 86.24
88.03 92.62 94.23 94.3 94.76
91.75 90.59 86.59 87.55 91.05
92.51 94.52 95.39 95.69 94.31
91.91 90.62 87.18 85.35 77.15
76.99 72.2 76.54 86.86 82.5
79.4 87.4 89.28 84.44 86.53
90.15 86.79 83.94 85.46 87.34
82.87 78.08 80.94 82.83 76.7
77.78 82.29 85.13 90.36 90.81
91.97 93.36 93.53 92.56 88.5
88.07 90.89 89.84 87.19 87.41
88.62 87.58 87.23 89.74 90.52
88.72 88.85 89.27 88.75 86.94
87.31 87.69 84.8 80.95 84.22
83.98 84.1 84.35 85.86 79.79
73.54 66.14 58.69 53.26 49.3
46.91 43.91 44.38 48.73 44.52
50.04 55.84 57.05 70.61 81.57
89.03 92.5 92.14 90.1 85.67
79.18 74.78 72.07 65.25 64.98
68.07 70.43 77.91 83.51 86.8
89.82 88.68 87.16 84.6 74.03
78.08 86.42 87.92 87.22 88.28
91.05 91.51 91.03 91.83 90.52
89.6 92.02 94.08 93.21 92.05
89.49 84.49 77.41 71.57 73.25
82.38 90.67 92.02 93.83 93.92
91.58 90.77 88.75 88.36 88.18
85.65 81.97 80.33 81.75 82.89
79.25 79.63 81.66 82.14 83.97
85.94 86.93 87.68 88.39 88.1
87.42 88.76 88.27 87.01 86.83
84.65 81.37 84.3 82.61 85.15
85.04 91.09 90.95 91.23 88.41
87.48 88.27 79.53 79.58 84.37
75.24 71.6 77.67 83.56 82.11
76.96 84.86 85.05 79.23 74.17
74.69 69.9 64.1 56.99 45.47
46.73 36.61 37.54 37.24 31.02
28.3 25.72 28.92 23.89 28.41
26.67 28.29 25.84 32.83 25.99
26.02 31.32 27.08 37.17 40.58
45.96 59.39 65.69 65.01 67.91
73.14 70.41 70.73 74.22 76.01
71.22 64.59 69.15 75.82 69.82
68.57 72.35 80.22 84.31 85.67
88.58 86.63 89.13 90.4 92.74
96.23 97 97.61 97.8 97.72
96.37 95.65 92.85 88.88 88.84
94.02 95.17 96.43 96.76 96
93.37 92.28 89.9 92.02 94.96
93.89 94.8 95.72 94.24 91.43
92.23 94.84 95.97 97.72 97.86
97.81 97.71 97.31 96.08 92.72
88.33 81.56 81.78 82.43 86.86
91.73 92.16 95.74 96.13 97.27
97.51 96.88 96.58 93.88 91.79
86.51 89.05 90.34 90.05 89.32
91.82 91.59 89.07 88.8 92.79
93.87 86.99 90.47 95.78 94.07
90.98 93.48 95.39 93.14 92.85
94.44 92.29 89.54 86.01 90.57
93.66 94.03 94.58 93.65 92.31
91.49 87.12 89.42 79.31 83.99
87.37 85.9 83.23 91.92 92.94
90.83 90.93 94.96 93.95 90.4
87.16 90.64 93.24 94.31 92.97
92.57 88.23 85.69 87.24 89.96
86.89 88.58 82.15 74.35 70.49
61.48 70.95 72.57 77.81 83.77
88.68 92.64 93.33 93.29 93.28
90.1 89.22 77.03 72.51 73.6
78.58 80.27 76.31 78.54 83.76
87.85 92.53 88.33 92.19 87.52
86.09 90.78 87.54 87.95 86.33
87.75 86.16 83.18 84.44 75.68
81.13 91.33 93.71 95.38 95.45
93.44 90.89 84.21 83.85 87.47
94.17 95.9 96.11 95.2 94.49
86.09 86.92 73.17 78.88 74.59
76.62 73.42 77.01 88.52 88.35
86.57 89.51 92.2 89.33 87.81
90.8 88.78 85.72 87.61 88.5
81.71 77.64 83.74 87.98 91.69
94.74 95.43 95.19 92.72 93.07
95.82 95.94 94.91 94.23 94.03
94.93 95.15 93.82 93.65 91.55
90.28 90.24 90.61 83.25 81.51
82.53 74.94 73.88 56.6 52.04
53.86 42.68 41.05 42.5 42.56
44.18 49.55 54.56 65.15 68.94
78.84 84.13 87.2 89.18 86.93
86.72 78.15 73.25 65.53 63.8
61.88 65.82 67.16 70.36 78.02
77.78 82.28 77.47 71.9 66.95
78.26 76.04 80.94 77.5 81.77
86.92 84.44 86.16 83.43 88.3
92.3 93.72 94.31 92.5 89.99
85.25 82.53 78.59 88.3 92.74
93.88 94.93 94.94 93.16 91.19
88.49 86.69 87.79 86.47 85.39
84.46 84.32 85.26 81.43 82.27
82.9 84.94 85.87 84.51 88.82
87.8 83.92 85.59 86.22 82.22
73.66 79.22 70.1 73 74.66
82.26 82.22 86.33 85.13 89.13
90.76 93.21 93.92 93.87 92.85
92.42 91.37 85.28 88.56 88.67
84.09 79.06 82.46 86.6 83.19
73.34 76.19 76.48 65.37 67.69
75.44 73.82 72.58 70.9 71.35
71.88 67.16 54.56 56.32 63.47
71.07 76.04 79.08 79.92 77.57
81.76 81.69 81.49 78.53 65.15
72.08 71.45 70.2 76.19 78.29
75.11 77.07 77.51 75.06 75.66
74.68 70.04 66.43 59.38 55.26
49.58 43 41.34 40.98 36.48
33.73 34.97 35.48 42.67 49.04
56.07 69.41 84.8 82.81 83.41
84.19 81.81 82.33 81.14 77.2
70.62 55.08 54.24 54.23 61.22
66.19 75.57 78.76 76.84 79.78
79.68 78.65 78.6 78.09 84.49
85.77 86.49 86.42 88.16 86.52
87.03 84.46 85.56 87.36 92.12
89.45 87.87 89.19 89.67 88.94
91.06 89.02 85.95 80.74 84.14
88.41 81.87 80.01 82.88 76.92
82.74 86 83.59 87.25 86.11
89.34 91.75 89.99 86.89 87.83
86.42 83.66 82.92 77.95
