39.42 33.35 31.72 36.81 36.37
31.55 32.32 29.25 31.1 27.6
32.49 30.17 26.02 29.45 27.45
25.83 31.78 33.8 25 29.23
30.6 25.47 28.11 33.26 27.81
33.9 34.3 29.52 32.2 31.95
29.47 37.21 27.93 32.83 27.07
31.17 30.22 32.67 29.24 29.83
30.57 29.88 25.48 27.59 23.25
26.8 25.6 27.19 29.33 32.14
28.93 27.57 31.89 33.09 28.06
33.47 28.54 33.14 31.88 30.37
28.42 31.84 32.1 34.14 33.58
34.69 35.03 37.62 36 37.78
41.63 42.13 36.19 45.36 46.45
51.73 53.74 54.71 61.18 61.58
65.56 63.58 68.73 65.42 69.03
69.16 69.45 70.48 68.08 66.54
67.14 67.67 67.82 62.66 64.5
60.27 59.06 60.27 60.98 53.56
59.12 60.11 59.72 62.45 67.65
64.66 61.99 65.37 68.64 64.55
64.5 67.52 67.58 65.44 63.8
67.26 65.28 59.8 64.8 63.98
68.78 68.7 70.33 68.67 69.43
66.86 64.48 65.26 69.15 66.41
63.91 64.89 64.87 63.69 55.32
53.55 51.48 50.74 49.87 46.6
49.3 50.61 52.29 52.71 53.29
50 50.51 48.81 50.51 46.54
50.34 53.03 51.45 52.33 46.14
49.02 52.6 55.26 55.27 59.43
56.8 67.28 73.86 81.75 83.69
83.19 83.01 85.42 86.28 86.02
85.18 86.93 87.56 84.43 84.76
85.67 84.35 81.1 76.37 71.55
71.52 68.91 73.35 77.63 74.07
73.05 77.12 78.45 73.27 72.88
68.29 63.67 63.61 59.15 55.67
70.9 81.5 90.79 95.45 96
94.9 96.71 97.76 97.88 97.58
98.14 98.12 97.6 97.86 96.79
95.62 95.9 95.49 94.45 93.09
94.05 93.65 91.12 90.75 87.14
84.07 82.1 74.71 76.7 74.3
71.28 81.61 82.63 87.16 89.35
88.91 90.93 93.34 95.29 96.21
94.45 94.35 91.7 90.75 89.97
91.64 91.51 91.65 95.17 95.22
97.29 97.01 97.33 97.94 98
96.85 97.69 97.6 95.45 93.97
90.2 90.31 91.82 91.82 93.31
95.03 95.72 95.43 96.16 97.15
96.29 96.69 97.2 95.58 93.29
94.01 94.88 93.7 90.96 90.7
92.23 87.66 84.58 84.42 84.8
90.24 89.45 89.52 92.86 94.71
94.74 95.92 97.94 97.93 97.69
98.26 98.39 98.15 98.16 97.5
97.23 97.71 97.62 95.78 95.24
95.24 93.9 91.04 91.07 88.44
89.63 90.34 93.06 93.84 94.44
95.73 96.59 97.17 97.8 97.73
97.66 97.74 96.79 96.14 95.81
93.91 92.19 91.41 89.38 85.88
85.44 84.99 80.28 78.77 80.56
75.7 70.63 77.18 73.04 73.67
74.9 81.73 82.86 86.39 89.78
87.34 90.54 92.86 93.49 93.66
94.25 95.06 94.89 94.69 94.53
93.49 91.89 92.09 92.02 87.78
87.5 89.04 87.19 81.92 80.58
84.13 80.76 65.57 62.5 58.33
52.56 51.42 54.01 58.5 65.43
71.8 74.44 86.17 90.14 94.7
95.53 95.85 96.15 97.36 97.66
97.12 96.61 96.93 96.06 93.49
92.69 90.89 82.6 80.99 80.61
76.47 71.15 65.16 53.61 51.13
43.48 46.79 50.72 56.12 54.99
56.83 68.14 77.44 79.15 81.93
86.53 89.91 90.54 89.71 94.28
95.36 96.29 96.77 97.2 97.58
97.03 97.13 97.24 96.5 95.09
95.34 94.83 94.34 93.04 93.43
91.3 89.49 87.24 89.53 88.96
83.82 81.04 79.7 81.95 77.46
76.68 74.67 70.7
