42.33 44.74 55.89 51.81 50.71
44.52 50.32 45.65 45.02 48.12
40.27 44.81 40.85 38.9 47.64
38.88 44.12 43.64 50.31 42.75
43.74 44.74 42.62 41.05 42.04
44.75 42.22 42.76 42.48 39.6
45.67 41.9 39.94 44.26 40.28
41.46 42.58 42.7 45.9 42.32
50.43 51.75 51.18 52.33 53.65
58.09 61.2 61.32 62.03 63.99
67.09 66.39 65.48 68.38 72.38
67.89 67.13 81.5 84.58 85.54
83.58 88.93 91.3 89.76 89.41
93.94 95.74 92.37 94.39 97.68
97.31 96.6 98.34 98.49 98.47
98.24 98.46 98.46 98.59 98.46
98.29 98.52 98.24 97.96 97.97
98.27 97.17 97.71 97.96 97.63
96.71 96.53 97.14 97.56 95.39
94.85 96.27 95.65 93.98 92.44
95.75 95.7 93.72 93.49 95.96
95.29 90.7 94.32 93.63 91.42
91.05 92.99 93.37 94.81 94.07
95.6 94.46 94.08 94.72 93.55
93.34 92.67 90.55 88.73 87.55
85.24 80.59 77.93 80.99 78.29
78.36 75.76 67.89 64.05 59.3
58.95 63.99 67.9 76.93 82.61
83.29 88.22 86.9 87.21 84.01
84.92 91.14 90.91 89.88 92.67
95.36 94.01 95.01 97.24 97.03
95.94 96.9 96.47 95.27 94.31
91.04 87.35 87.77 92.36 93.66
90.34 94.6 96.93 98 96.93
97.97 98.48 98.4 98.36 98.43
98.45 98.49 98.33 98.11 98.09
97.81 97.27 97.27 96.57 95.5
93.81 93.79 93.44 91.59 89.04
89.41 89.81 86.11 85.64 86.48
84.9 80.29 84.91 85.25 79.62
78.7 85.45 81.78 78.13 81.19
83.85 77.25 77.64 81.87 80.15
78.15 71.66 77.31 77.11 79.31
78.83 83.03 76.11 78.86 80.79
79.43 78.04 82.5 83.59 80.1
80.87 86.74 87.06 85.83 88.89
91.73 90.91 91.71 93.24 94.64
94.17 94.84 95.57 96.03 96.67
96.85 97.56 97.42 96.24 96.68
96.59 94.89 94.94 94.43 94.66
96.6 97.64 97.4 97.52 97.92
98.05 97.41 97.72 97.7 97.09
94.51 96.3 96.57 95.22 92.88
95.51 96.17 95.48 95.9 94.32
94.61 96.28 94.48 93.67 89.12
84.24 83.55 77.86 82.1 82.22
84.97 86.73 80.81 86.37 90.91
86.64 88.24 92.24 94.1 90.84
92.02 95.62 95.27 92.04 92.32
94.5 93.83 91.65 90.87 88.66
86.44 83.74 82.96 80.05 80.7
78.25 79.15 77.15 78.79 75.86
77.84 81.31 82.45 80.54 76.13
84.95 84.34 81.05 80.73 85.54
83.19 81.2 82.16 84.86 82.4
86.65 87.8 86.14 85.67 89.44
88.31 85.34 88.43 89.94 89.08
85.09 86.17 88.71 85.08 81.68
85.71 85.03 80.98 80.71 83.1
83.13 77.28 80.21 81.73 82.08
76.99 80.05 86.52 83.91 83.15
84.05 83.81 82.04 84.58 81.94
81.54 81.38 78.1 79.37 75.47
74.25 72.85 68.72 60.87 59.51
48.16 47.88 44.83 40.35 41.56
46.55 43.35 37.62 45.02 30.59
39.07 33.24 32 33.97 33.53
36.68 35.53 34.27 33.55 35.84
31.02 35.85 32.82 35.49 36.11
33.69 33.18 44.98 33.63 33.4
32.43 31.26 33.3 34.11 37.01
37.95 35.82 33.28 34.92 35.78
34.06 36.96 35.7 29.79 34.53
30.81 33.42 32.52 35.67 34.88
40.3 40.44 42.67 38.16 48.28
48.2
