42.34 42.91 44.82 49.53 49.04
47.11 49.63 52.2 52.42 52.88
45.34 53.13 46.74 52.31 45.58
44.73 42.18 34.45 42.02 34.36
32.57 36.48 39.14 56.25 69.66
88.72 97.16 97.43 98 98.28
97.37 96.41 92.25 92.02 89.01
83.11 90.51 94.4 95.78 96.95
97.95 98.25 98.34 98.42 97.77
96.66 95.68 95.99 97.22 97.78
98.37 97.99 98.08 95.54 93.68
90.53 89.29 87.6 89.91 91.41
90.97 89.1 90.96 92.75 91.92
93.26 93.95 95.51 97.06 97.33
97.92 98.38 98.2 98.34 98
97.91 96.77 95.61 93.84 95.53
96.98 96.35 96.19 97.3 96.53
96.71 95.67 95.65 94.92 92.72
88.56 91.7 92.66 91.81 92.06
94.45 92.96 94.32 92.72 93.8
94.02 93.85 89.74 80.07 81.16
81.03 78.57 81.03 86.14 87.28
91.76 93.61 93.52 95.81 97.31
97.43 97.49 97.95 96.98 96.12
96.75 96.1 96.05 94.07 93.23
89.88 87.82 89.55 90.3 91.05
89.38 90.94 90.1 92.35 94.54
94.78 96.51 96.71 97.49 96.83
97.99 97.99 98.36 98.14 98.13
97.38 94.52 96.54 96.7 97.74
98.01 98.25 98.27 98.45 98.46
97.67 97.83 97.54 96.25 96.28
95.12 91.9
