49.2 41.88 53.52 56.46 55.46
54.97 60.45 55.24 60.21 60.68
58.43 58.82 55.15 58.26 44.47
53.93 47.88 47.69 48.37 50.6
47.01 47.7 48.89 43.93 42.35
52.15 54.29 48.74 52.09 55.88
56.68 56.58 68.19 60.29 67.75
70.84 68.9 66.58 70.68 67.65
70.04 58.75 63.21 66.68 62.4
59.77 59.66 61.59 59.62 55.05
56.15 61.15 55.14 53.39 57.79
54.59 52.75 50.08 55.13 48.32
50.58 48.75 50.61 54.01 50.17
54.1 45.01 50.33 55.74 55.78
53.37 60.34 59.14 57.23 64.88
65.76 63.32 64.87 66.99 62.94
65.65 65.71 68.34 66.57 62.93
65.79 63.85 57.23 64.85 64.38
57.72 61.85 64.62 69.9 75.98
66.55 75.85 78.26 76.97 75.74
78.26 76.41 74.16 78.08 81.06
80.26 74.68 82.6 81.7 76.57
79.41 84.16 82.16 78.6 83.73
84.14 83.96 79.4 85.86 85.92
83.01 80.42 87.59 85.03 80.79
87.34 89.1 87.88 84.28 89.37
89.64 86.5 87.45 89.91 87.41
85.57 88.1 86.96 84.79 84.43
85.8 85.1 86.53 81.72 85.61
82 81.97 86.71 87.49 88.04
87.4 88.96 89.07 89.59 88.54
90.41 87.9 88.59 87.25 87.85
88.02 82.97 85.4 85 84.31
80.69 84.97 81.04 83.29 84.48
85.46 86.95 86.07 88.85 87.56
88.97 85.87 88.56 87.41 89.07
86.75 86.52 85.67 82.82 83.13
81.25 80.54 77.08 77.62 77.42
76.55 81.37 83.81 84.94 83.68
87.24 86.7 88.83 89.15 89.18
86.56 87.91 87.4 85.58 83.43
81.57 82.36 79.79 77.88 76.91
76.98 73.75 76.49 79.43 81.14
80.89 76.45 84.85 81.57 83.04
83.07 86.1 81.11 79.16 78
81.07 78.31 76.04 80.24 76.75
71.7 72.58 79.69 76.31 73.29
74.7 79 81.19 76.16 77.58
80.7 79.98 77.14 80.55 80.83
78.28 80.47 81.81 85.87 81.48
84.31 82.25 87.61 83.79 83.42
84.83 81.77 82.31 83.26 78.68
81.9 78.86 77.16 68.58 68.51
63.16 46.22
