46.27 43.99 43.62 45.06 49.11
51.4 50.84 55.41 52.11 47.1
55.41 49.03 56.86 53.19 53.5
59.66 55.96 57.37 52.08 52.73
45.98 44.33 37.14 31.37 35.11
31.43 30.37 27.83 47.86 58.58
73.03 79.02 88.49 94.25 97
97.91 97.98 98.31 98.09 98.29
98.64 98.75 98.84 98.85 98.91
98.83 98.68 98.48 97.08 95.65
93.97 96.31 97.43 96.86 98.38
98.63 98.93 98.96 98.9 98.75
98.52 98.33 98.44 98.76 98.87
98.86 98.85 98.7 98.58 98.04
98.04 96.69 91.54 89.44 92.58
94.1 92.42 92.6 96.54 98.25
98.59 98.81 98.82 98.88 98.73
98.66 98.53 98.13 97.61 96.11
96.83 95.12 98.02 98.06 98.59
98.62 98.75 98.66 98.81 98.5
98.23 96.67 96.84 97.17 98.01
97.56 97.61 97.3 98.22 97.84
96.08 96.31 96.43 96.56 98.26
98.3 98.63 98.81 98.7 98.7
98.38 98.26 98.53 97.77 97.8
98.39 98.56 98.71 98.68 98.61
98.39 98.68 98.87 98.76 98.71
98.72 98.55 98.72 98.62 98.44
98.51 97.86 98.07 96.43 97.56
96.44 97.75 98.04 98.55 98.4
98.73 98.53 98.36 98.38 98.01
97.65 95.07 91.93 83.92 82.57
72.29 72.42 78.8 83.17 87.74
92.35 94.37 97.31 98.11 97.85
97.93 97.01 97.61 98.17 98.41
98.68 98.35 97.44 96.9 97
97.69 96.42 96.56 97.41 98.54
98.61 98.64 98.52 97.36 96.4
90.45 89.98 90.82 92.17 94.06
95.25 95.91 95.26 93.48 95.86
97.91 98.36 98.7 98.76 98.81
98.86 98.83 98.72 97.67 97.97
98.77 98.81 98.85 98.83 98.89
98.64 98.51 97.64 96.26 93.05
90.03 90.3 92.34 90.92 91.25
90.24 93.35 95.91 97.44 97.98
98.44 98.81 98.75 98.73 98.86
98.72 98.62 98.7 98.67 98.31
98.5 98.59 97.87 97.25 97.08
94.42 86.24 72.72 61.17 60.59
58.33 53.9 54.87 54.08 49.73
55.65 55.64 57.68 56.31 54.96
59.56 60.45 61.81 60.08 54.99
49.36 48.07
