53.2 67.37 74.13 84.42 88.5
89.28 92.27 93.59 93.22 94.26
95.9 94.7 93.94 93.17 85.16
74.12 73.1 78.42 82.05 88.22
91.76 91.5 93.05 93.71 94.38
96.02 93.99 94.89 90.33 87.03
85.23 89.83 93.26 92.93 91.78
91.9 90.53 88.7 88.22 85.16
86.86 83.61 83.2 88.31 87.84
86.94 88.7 91.12 87.97 90.5
87.62 87.23 92.43 93.34 92.4
92.35 88.24 83.23 85.13 80.97
84.15 83.77 72.24 77.2 83.58
84.08 89.55 92.47 94.37 95.62
95.26 94.8 90.18 89.43 88.98
90.01 89.16 92.97 93.66 95.04
95.82 94.15 93.15 89.12 88.42
86.09 87.23 90.32 93.28 89.16
89.37 94.06 93.17 90.09 91.68
93.14 90.61 86.94 89.52 89.11
86.03 84.23 83.21 81.2 76.1
74.37 64.37 61.63 54.03 47.98
41.13 37.8 30.71 30.7 29.4
27.55 28.02 27.73 28.68 37.3
46.28 50.79 56.54 69.65 77.89
84.17 83.17 84.3 89.43 90.25
87.58 91.55 93.41 89.7 89.76
83.73 84.72 89.92 91.76 92.78
89.25 88.42 87.12 85.73 86.22
85.24 85.52 82.88 79.71 82.56
83.15 86.21 83.25 86.37 90.66
94.14 95.39 94.26 94.98 94.77
95.17 93.76 94.96 95.46 92.72
89.58 92.1 88.79 84.89 82.67
82.57 78.89 82.14 87.89 78.85
80.92 87.56 85.89 80.11 86.19
90.24 85.4 83.63 89.09 86.34
79.55 81.19 83.33 88.07 91.87
90.39 91.6 90.62 87.84 86.81
90.47 90.75 88.88 86.3 85.8
81.91 76.03 71.22 59.05 61.33
62.69 70.72 84.49 89.54 92.66
92.85 93.13 92.92 92.27 93.34
94.21 94.96 93.3 91.7 84.36
80.88 82.14 74.79 81.65 76.39
77.1 68.03 62.38 50.44 46.25
46.82 47.14 46.05 41.11 41.15
41.25 50.78 62.72 70.97 79.36
81.93 78.19 79.02 83.64 88.52
90.73 92.63 93.6 93.25 94.38
95.41 94.38 94.69 94.29 89.12
82.4 79.74 83.97 86.89 89.38
91 92.35 93.48 95.38 93.64
95.4 93.1 94.31 91.88 88.21
83.48 86.94 91.68 93.64 95.02
94.01 94.17 92.47 91.34 90.25
85.82 69.26 66.32 71.37 81.99
88.89 91.09 91.77 92.75 93.78
92.59 93.77 89.71 88.96 93.79
94.11 96 94.04 93.11 88.61
76.38 58.48 50.59 45.16 44.25
47.13 44.16 44.31 51.81 54.95
60.9 78.92 90.06 93.49 95.83
95.93 96.75 95.63 94.24 92.04
92.89 92.98 94.25 94.37 95.83
94.93 96.08 94.24 93.98 89
89.48 90.99 92 93.08 95.01
94.75 95.52 97.03 96.35 95.56
94.89 96.09 94.49 92.53 91.8
90.15 85.08 76.16 62.35 57.95
