46.15 50.85 59.75 59.94 62.28
65.61 61.25 62.6 67.72 66.79
65.02 64.77 65.02 64.38 63.13
62.62 61.12 59.53 61.08 61.2
52.44 57.21 55.84 59.43 55.42
63.77 80.79 82.74 89.49 92.17
91.01 93.52 93.28 93.91 95.09
93.53 91.19 93.5 93.99 94.9
94.31 93.27 91.64 92.15 91.54
91.21 92.9 94.43 92.88 95.79
94.7 92.92 89.72 90.33 88.39
89.72 93.01 90.63 93.72 94.4
93.68 94.34 95.83 96.79 96.39
96.11 96.74 96.39 97.17 97.29
97.68 96.22 95.29 92.31 94.38
94.76 95.69 96.5 96.03 95.38
95.46 96.63 96.26 97.12 97.31
96.67 94.46 92.81 92.57 93
94.07 92.68 95.05 96.41 94.08
94 96.39 95.83 94.49 95.79
97 96.71 97.84 97.64 97.36
95.66 82.05 71.87 58.61 51.98
43.87 38.69 41.18 42.11 34.48
40.14 36.03 39.72 34.11 30.35
42.55 37.64 32.39 39.7 38.63
35.83 49.72 50.39 53.19 66.86
57.7 56.56 53.26 53.88 53.92
46.59 49.66 48.49 50.03 49.06
42.55 48.7 44.8 43.53 52.07
50.77 51.28 57.29 72.89 80.03
82.22 81.8 83.42 81.93 84.18
83.87 82.55 79.81 82.87 80.46
77.49 79.39 71.33 70.27 67.78
69.97 70.81 72.28 70.34 69.37
74.86 73.42 83.45 89.34 93.76
95.68 91.92 91.21 94.05 93.57
90.59 91.86 93.02 91.58 89.76
90.25 90.47 87.13 87.85 86.57
82.15 81.2 76.64 62.2 61.49
65.33 69.05 78.78 82.89 87.46
91.32 93.42 94.68 95.92 95.31
95.21 92.28 90.9 89.02 91.09
94.46 95.05 95.55 95.03 95.63
96.43 95.89 93.93 90.03 85.29
79.9 80.82 77.17 80.71 84.27
86.86 93.86 96.13 96.6 97.01
96.35 94.54 93.54 90.42 92.3
94.1 95.49 94.86 93.8 92.18
88.36 90.62 92.23 94.37 93.67
91.03 86.77 90.18 92.09 91.68
92.06 87.22 85.81 81.63 70.33
59.27 53.42 48.06 38.63
