54.58 57.13 55.3 54.35 51.93
55.55 55.9 51.4 51.33 47.34
47.89 46.49 45.34 43.49 38.94
39.98 39.75 47.45 48.07 50.92
63.38 76.41 93.68 96.23 97.89
98.21 98.1 98.73 98.47 98.07
98.52 98.69 98.41 98.15 98.58
98.56 98.23 98.4 98.64 98.45
98.18 98.39 98.18 98.1 98.72
98.91 98.84 98.85 98.89 98.82
98.85 98.75 98.85 98.89 98.84
98.76 98.67 98.85 98.9 98.92
98.92 98.95 98.9 98.95 98.93
98.82 98.1 98.4 98.42 98.43
98.3 98.54 98.62 98.32 98.63
98.75 98.84 98.91 98.94 98.95
98.96 98.96 98.89 98.88 98.85
98.87 98.73 98.65 98.75 98.68
98.74 98.76 98.82 98.75 98.75
98.83 98.66 98.44 98.71 98.7
98.22 98.39 98.7 98.59 98.01
98.46 98.43 98.19 98.24 98.26
98.5 98.57 98.65 98.78 98.79
98.55 98.78 98.84 98.62 98.68
98.88 98.89 98.95 98.96 98.95
98.94 98.91 98.93 98.95 98.93
98.92 98.89 98.81 98.81 98.72
98.58 98.58 98.09 97.43 94.21
78.74 79.96 85.46 93.47 94.6
93.84 95.04 97.6 98.12 98.33
98.73 98.76 98.81 98.73 98.71
98.48 98.78 98.79 98.86 98.8
98.67 98.8 98.78 98.6 97.81
98.38 97.97 95.09 97.14 98.28
97.17 97.03 98.03 96.06 95.63
97.66 96.26 97.28 98.08 98.6
98.74 98.7 98.66 98.37 98.49
97.27 97.26 97.44 98.42 98.2
97.38 98.23 98.78 98.87 98.87
98.93 98.92 98.87 98.88 98.93
98.89 98.81 98.88 98.88 98.64
98.52 98.7 98.71 98.92 98.93
98.93 98.96 98.94 98.87 98.91
98.87 98.33 97.62 98.35 98.79
98.82 98.89 98.85 98.87 98.8
98.46 98.18 96.36 93.9 87.9
81.4 68.61 63.89 60.64 60.47
60.29 62.67 62.21 67.33 75.92
85.27 92.76 96.71 97.77 98.62
98.62 98.82 98.75 98.64 98.78
98.9 98.85 98.75 98.85 98.91
98.9 98.83 98.89 98.88 98.84
98.78 98.85 98.44 98.59 98.78
98.46 97.83 97.63 97.7 97.02
96.58 95.31 95.7 97.47 97.91
98.03 98.5 98.66 98.77 98.61
98.42 97.68 96.18 94.45 94.56
92.3 94.18 94.8 96.58 98.34
98.6 98.91 98.87 98.82 98.89
98.91 98.89 98.85 98.84 98.86
98.9 98.93 98.93 98.95 98.91
98.94 98.92 98.85 98.75 98.19
97.46 97.64 98.27 98.46 97.8
97.07 96.78 96.21 97.41 98.04
97.83 97.96 98.54 98.5 98.27
98.42 98.84 98.6 98.77 98.87
98.91 98.89 98.83 98.91 98.87
98.82 98.74 98.75 98.74 98.58
98.71 98.79 98.86 98.81 98.81
98.8 98.64 96.93 93.77 95.68
96.24 97.7 98.28 98.21 98.35
98.49 98.71 98.87 98.88 98.83
98.84 98.42 97.94 98.63 98.52
98.83 98.79 98.91 98.92 98.87
98.64 98.14 98.34 98.66 98.81
98.92 98.89 98.82 98.82 98.78
98.6 98.63 98.49 98.56 98.69
98.78 98.83 98.79 98.82 98.43
98.15 96.48 96.05 97.79 97.22
97.79 98.53 98.62 98.61 98.6
98.21 98.41 98.53 97.18 94.54
90.51 94.26 97.74 98.39 98.59
98.67 98.64 98.78 98.13 98.22
96.82 93.84 91.53 80.76 70.07
57.13 51.28 47.65 47.33 48.76
47.95 45.43 50.78 51.9 46.66
44.94 44.96 48.01 40.22 42.18
40.01 42.57 39.14 45.63 43.31
38.43 43.82 42.66 41.94 43.15
42.34 40.92 38.64 40.34 42.1
43.72 41.59 44.47 46.25 44
45.91 49.68 50.28
