63.28 70.3 73.96 76.65 81.63
83.33 78.16 78.02 74.66 73.95
70.4 73.11 70.34 60.04 61.07
60.66 57.79 56.13 57.5 50.55
50.42 55.67 49.86 49.39 47.42
49.65 42.8 55.59 54.61 48.28
56.7 47.16 49.48 47.61 46.58
44.77 49.72 47.82 45.99 50.22
39.59 44.76 42.6 45.29 45.72
43.65 42.14 37.43 48.03 37.13
48.27 43.47 53.7 41.99 52.2
46.15 47.9 48.82 48.02 43.83
44.35 42.06 42.69 36.51 44.67
53.38 46.99 43.91 38.77 44.68
49.13 46.63 45.7 42.04 38.34
43.29 41.65 42.85 36.06 38.92
41.74 39.48 41.54 44.6 43.62
43.12 40.11 49.66 46.57 47.86
42.26 46.22 48.02 47.33 44.28
52.65 43.99 53.3 40.81 51.12
48.8 45.3 44.24 45.05 48.28
39.21 40.82 42.38 38.89 49.22
43.7 38.17 46.61 45.99 46.7
61.64 50.37 56.93 49.06 45.06
49.79 49.43 45.46 41.91 46.82
47.72 42.66 46.67 47.13 52.39
59.68 48.89 46.98 44.76 57.22
40.54 52.95 45.33 39.64 51.91
42.69 40.61 44.21 39.79 41.97
50.43 45.3 45.37 42.94 42.14
47.95 37.56 46.91 36.7 41.74
41.04 32.31 39.43 43.53 36.91
45.88 47.09 39.89 44.59 43.67
59.79 54.75 49.2 51.07 42.76
48.94 40.57 41.06 41.57 37.69
41.34 43.17 39 42.09 44.96
42.36 46.59 43.34 57.66 57.62
47.1 55.46 42.63 52.46 41.83
44.09 43.89 36.68 41.3 42.06
42.17 39.11 48.45 40.05 46.35
43.58 60.47 51.6 44.14 54.48
42.45 53.47 43.73 40.93 40.89
38.21 48.92 44.51 40.87 48.83
45.76 41.34 46.18 46.26 45.53
42.73 42.12 44.82 46.87 44.11
50.64 45.54 54.88 42.79 55.98
46.04 53.5 39.72 50.33 44.75
42.83 47.63 43.15 43.33 48.07
46.59 50.57 53.06 52.66 48.25
46.96 51.52 62.74 54.81 59.82
60.55 57.99 61.71 64.88 66.81
68.23 82.31 86.05 86.21 89.3
89.73 92.32 91.78 94.27 94.49
94.45 94.02 93.42 94.62 94.96
94.23 93.77 94.55 93.96 92.1
91.53 92.15 88.84 87.19 87.83
82.78 75.74 71.13 66.12 57.13
56.08 51.49 54.58 53.88 55.44
53.2 56.26 54.96 55.97 58.4
56.89 54.06 56.28 54.59 57.31
56.17 60.61 57.27 57.27 57.96
56.21 56.92 55.72 62.68 62.74
52.42 63.52 50.68 46 52.05
41.86 50.45 46.16 45.16 44.95
41.6 45.88 50.89 49.31 47.39
53.61 42.65 41.45 44.3 48.86
50.78 46.19 46.43 47 50.64
44.15 47.2 51.02 58.94 60.4
57.27 60.43 58.02 60.98 62.71
60.22 52.56 53.56 57.47 57.29
56.86 53.03 51.09 49.75 50.11
50.01 51.61 51.17 55.83 56.86
53.07 54.49 50.63 49.85 52.52
49.45 50.16 46.81 56.51 54.63
59.42 55.79 60.21 63.34 67.98
59.96 61.26 49.83 51.28 63.25
54.2 52.16 50.15 53.19 55.66
54.86 53.71 54.79 58.15 58.3
54.79 60.25 56.35 55.73 57.65
59.18 51.5 65.2 53.07 66.08
