38.09 42.77 31.62 43.94 54.34
41.95 40.07 38.67 41.7 38.9
39.48 37.2 37.54 33.82 39
36.61 37.77 39.17 37.74 32.94
34.6 31.16 37.42 35.56 36.63
33.87 34.69 29.86 30.36 29.72
31.02 30.88 32.49 30.94 32.93
29.55 26.22 36.81 33.81 29.74
28.95 28.2 33.49 35 44.59
53.28 62.79 67.67 73.46 74.6
73.06 75.39 79.18 80.96 72.7
80.45 83.05 78.46 80.99 77.47
77 78.83 81.13 80.8 80.24
75.8 83.04 84.79 80.98 84.69
84.75 84.69 84.43 85.84 85.86
82.7 82.14 84.58 81.18 78.36
79.56 76.79 77.65 75.66 76.41
80.09 78.07 79.6 78.99 81.7
80.79 82.53 81.06 80.77 82.34
83.66 80.63 80.23 82.14 79.79
78.86 80.23 79.34 81.09 81.08
82.55 84.34 83.87 84.01 87.45
85.24 82.03 83.36 81.84 80.1
81.02 74.92 78.34 75.74 77.37
81.85 83.02 82.54 85.49 86.78
84.31 85.2 87.52 88.49 81.36
82.9 81.38 77.3 71.58 70.6
67.89 54.91 49.44 47.29 42.13
38.21 36.08 31.22 34.83 30.92
34.2 36.51 34.18 37.47 34.79
35.75 35.73 30.31 35.67 36.19
34.9 36.21 38.61 32.03 29.14
30.95 33.24 33.28 32.85 31.74
31.47 35.36 29.82 37.59 29.58
39.48 33.39 33.13 34.05 35.62
30.56 28.87 27.95 33.1 26.22
28.96 33.25 33.81 31.46 32.93
34.13 30.23 30.9 30.61 29.78
32.01 29.14 35.13 33.62 35.07
34.12 38.03 31.66 33.6 35.78
34.25 37.64 31.96 34.85 30
36.54 33.36 36.97 39.07 28.68
35.89 36.75 33.86 30.15 28.92
30.57 29.29 35.31 28.13 31.4
25.79 36.29 30.65 33.43 31.99
31.02 36.67 29.05 35.16 33.94
31.46 37.62 31.8 33.66 31.73
35.32 35.34 36.16 35.6 31.01
30.51 36.65 35.43 39.98 44.65
40.55 38.95 39.19 38.38 37.02
31.15 31.73 32.94 28.29 33.21
29.2 33.06 36.81 30.38 35.27
30.42 36.28 27.69 31.39 25.77
32.33 33.23 35.04 33.36 34.87
36.18 37.68 36 30.43 31.5
27.47 27.05 24.37 25.77 33.49
25.98 25.96 30.57 35.63 34.52
31.86 35.08 36.89 36.93 36.8
33.71 35.84 33.69 32.66 30.43
39.43 27.79 36.62 27.84 34.72
28.94 30.98 30.11 32.41 29.81
28.94 29.1 28.92 28.45 28.86
31.51 28.21 27.17 29.02 26.74
31.39 32.47 30.02 33.73 31.7
30.14 28.99 39.23 47.3 41.15
56.72 61.19 55.45 61.26 62.2
64.59 63.19 66.47 63.79 62.09
66.56 65.08 61.1 56.82 57.3
57.77 50.43 39.19 48.3 43.69
40.95 37.62 35.8 42.09 35.64
32.73 43.29 41.6 40.14 50.46
48.5 43.92 48.55 51.97 48.98
49.12 56.87 51.37 44.94 53.44
55.69 49.49 48.01 41.63 43.31
49.35 54.3 53.26 53.53 53.9
54.31 58.79 53.16 56.18 60.72
62.04 59.4 59.98 62.77 61.81
58.93 62.65 64.83 63.58 61.97
65.11 59.64 57.74 56.36 59.38
55.49 59.61 59.69 52.21 56.69
49.6 61.76 64.19 62.64 62.89
67.63 69.66 67.37 69.2 76.19
72.26 63.29 67.8 71.3 65.82
59.91 63.16 56.82 45.18 41.87
36.1 32.63 35.96 33.03 34.36
33.93 35.33 32.79 30.32 30.81
29.92 32.83 32.56 33.86 31.76
35.64 35.5 34.11 35.82 36.55
37.17 35.61 32.05 31.73 27.3
32.57 40.33 33.83 31.17 34.61
35 34.87 34.75 36.38 31.11
35.31 31.88 34.54 33.41 33.09
32.81 33.59 35.01 34.45 35.12
36.04 33.64 35.28 32.22 30.09
28.03 31.02 25.81 39.41 25.98
29.13 24.51 30.99 28.38 33.84
29.76 30.84 30.27 37.82 37.77
56.73 53.44 53.53 64.83 64.94
62.65 67.1 70.83 67.35 64.14
70.94 71.75 65 63.06 64.04
62.87 56.62 53.29 57.22 55.01
54.61 54.97 49.21 48.92 43.07
50.23 55.1 61.28 61.87 65.92
67.11 65.68 68.51 72.44 71.24
71.3 74.06 75.79 69.65 73.96
76.82 72.04 71.59 64.64 62.76
62.38 64.39 60.31 61.23 61.9
61.4 60.03 57.22 60.19 61.73
62.49 58.85 59.19 60.95 58.12
52.93 52.73 57.47 59.76 50.8
52.66 55.61 51.51 46.06 50.86
48.35 56.13 50.18 42.9 52.97
43.59 55.16 57.85 53.22 52.62
57.65 63.14 55.19 52.81 65.99
56.29 52.83 57.15 61.76 53.07
53.97 60.05 50.22 49.73 52.11
48.19 42.39 44.15 47.02 39.74
36.88 35.04 36.05 34.67 29.45
35.19 38.24 34.93 35.82 38.6
37.77 38.17 37.31 39.53 38.11
35.19 35.54 32.91 33.46 30.41
36.01 35.19 34.72 34.53 37.35
38.06 40.61 34.78 35.6 34.06
28.65 30.54 24.62 35.12 32.26
31.28 37.47 31.85 31.37 32.87
27.19 32.3 31.04 34.88 29.23
31.75 36.05 30.8 37.25 32.11
35.31 33.79 36.12 31.27 29.43
31 30.89 34 34.15 32.86
35.83 35.31 34.31 31.04 32.57
35.93 25.16 33.2 28.2 28.62
29.48 27.7 26.64 31.1 36.97
27.41 32.32 31.04 34.7 36.24
35.86 38.72 36.34 29.22 36.69
31.05 34.72 31.62 30.82 32.13
32.36 26.04 30.4 29.53 32.31
25.98 27.9 26.31 25.21 24.56
28.11 26.97 29.03 34.04 34.16
36.55 38.29 42.55 39.84 39.53
44.25 38.07 38.23 38.91 44.56
39.3 32.58 33.96 34.87 36.4
41 44.51 56.52 72.5 73.28
72.3 79.18 74.38 73.92 78.13
71.52 69.49 74.83 77.62 76.83
75.07 79.84 77.84 77.61 82.04
79.46 76.72 77.56 75.66 81.8
71.19 78.21 75.66 73.58 76.13
78.91 79.63 81.96 81.07 85.85
80.66 78.79 79.47 82.22 78.78
85.05 82.38 79.77 77.99 81.05
79.11 81.73 85.67 83.62 81.79
83.41 83.72 85.27 79.18 83.79
80.57 79.43 82.22 84.48 85.35
85.89 81.31 88.87 83.83 80.39
83.28 83.38 82.92 86.8 86.32
85.71 82.84 84.58 82.76 85.63
87.88 84.04 84.87 86.08 84.84
87.59 82.47 83.18 79.74 78.2
78.05 83.27 81.54 85.72 79.12
85.99 78.61 78.65 83.16 72.97
80.71 84.45 83.72 85.29 83.15
81.05 82.56 85.36 85.19 81.6
78.39 81.14 79.16 77.52 77.5
76.42 65.03 43.29 39.8 35.71
39.42 37.02 29.44 28.32 31.32
29.3 35.34 30.65 31 29.16
29.31 31.41 36.16 26.81 32.61
29.59 26.71 28.97 31.57 32.98
28.02 32.82 33.61 32.1 33.05
31.08 33.63 34.3 35.54 34.59
33.13 31.16 34.91 35.39 31.85
32.16 35.05 36.42 36.74 41.18
35.56 37.45 36 32.13 41.59
29.6 34 26.84 34.31 32.66
33.68 53.75 56.13 74.62 77.11
77.81 82.12 79.24 76.32 78.99
78.92 73.29 80.69 79.18 76
80.1 82.33 83.28 81.85 85.4
82.16 80.17 82.5 81.85 82.8
78.84 80.08 77.72 76.74 77.61
80.75 81.6 82.88 81.21 86.35
82.43 80.97 84.11 82.37 81.69
84.25 82.27 79.58 79.71 83.85
81.51 82.57 86.38 83.75 82.25
85.39 84.66 84.1 80.76 83.25
80.76 79.28 79.21 82.38 82.39
85.18 82.9 87.29 84.89 80.36
85.45 84.11 83.18 85.46 83.55
81.5 82.19 84.21 82.18 83.91
88.1 83.97 82.38 86.36 84.1
85.72 83.89 82.91 78.74 79.46
75.83 82.26 79.83 84.45 80.96
87 81.86 80.88 84.49 82.94
81.83 85.53 82.18 82.94 81.47
83.78 81.67 84.08 88.43 85.6
84.03 87.18 84.76 86.4 84.35
82.83 80.57 79.25 79.35 82.36
82.58 85.09 82.88 88.18 84.44
82.62 85.8 83.99 83.9 86.19
84.2 86.03 84.63 85.41 84.56
86.45 89.39 86.78 85.25 87.93
86.16 86.91 84.48 84.35 82.66
80.03 82.33 83.27 82.54 83.98
83.58 87.73 83.53 81.59 86.7
83.47 83.86 86.2 83.65 85.61
84.86 84.26 82.26 84.41 87.71
84.67 84.07 86.76 83.13 82.35
82.91 79.48 68.67 59.53 49.24
39.27 38.69 32.08
