41.04 37.34 38.35 46.32 42.11
39.75 40.59 41.53 40.22 40.2
41.11 44.49 44.12 41.99 42.63
44.88 37.52 40.42 40.54 43.48
42.79 46.18 56.33 70.28 89.25
95.07 95.45 94.98 91.71 87.46
88.48 91.68 91.82 90.96 93.5
94.13 92.11 93.71 93.87 92.54
91.56 92.27 91.77 88.32 86.93
87.05 80.93 77.05 67.42 61.31
63.38 70.88 79.41 86.35 91.23
92.44 92.98 92.06 93.87 94.65
93.02 91.83 93.3 92.71 90.11
89.11 78.87 80.18 79.4 81.4
82.12 83.29 86.24 85.5 84.55
85.79 87.73 83.99 84.28 86.86
85.72 82.61 85.07 85.68 84.7
82.56 84.19 84.73 86.82 90.76
93.8 97.01 96.61 94.36 95.7
97.87 95.72 94.07 95.97 96.55
93.82 92.97 94.39 94.51 92.72
90.15 86.75 86.94 86.01 88.03
90.31 91.49 93.31 93.25 92.64
92.86 95.22 96.21 97.76 97.93
97.18 98.35 98.6 98.05 98.05
98.47 98.32 98.07 98.28 98.12
97.94 97.92 97.17 95.71 96.69
95.31 92.53 93.97 95.51 96.96
96.62 95.52 95.39 97.55 97.74
97.93 98.49 98.83 98.72 98.83
98.8 98.79 98.61 98.62 98.17
97.15 96.54 94.47 96.98 95.71
95.47 93.89 94.64 94.16 94.95
96.85 96.6 95.7 96.71 98.11
97.96 97.44 96.22 96.1 94.92
95.68 97.6 95 88.04 84.92
86.36 92.59 97.06 97.1 98.6
97.51 98.29 98.78 98.87 98.87
98.89 98.88 98.85 98.85 98.73
98.34 98.4 97.78 96.39 95.44
94.66 93.56 92.81 92.27 87.5
85.7 85.99 82.71 81.78 80.02
79.99 90.87 93.87 94.31 95.84
97.55 97.63 97.27 98.28 98.62
98.57 98.57 98.75 98.82 98.62
98.5 98.65 98.71 98.3 98.1
97.78 97.63 97.64 97.21 97.24
97.6 98.26 98.3 96.79 95.34
96.99 96.75 97.91 98.46 98.3
98.63 98.68 98.42 98.42 98.66
98.27 97.7 97.18 96.7 95.22
94.14 95.91 95.18 93.49 87.36
91.59 94.79 95.88 95.71 96.9
96.12 97.53 98.26 98.06 98.07
98.48 98.37 98.11 98.06 97.61
97.02 95.38 94.22 91.84 93.08
94.73 90.83 90.68 92.23 92.31
94.18 95.75 95.11 95.58 98.07
97.65 97.36 98.11 97.87 95.48
95.39 95.88 97.45 98.02 97.59
95.95 96.4 91.99 85.4 87.02
88.93 87.9 84.46 83.72 81.49
77.8 62.71 60.83 61.3 68.13
56.17 55.63 49.12 47.2 45.53
43.89 46.2 44.42 37.54 47.1
44.25 51.39 53.74 54.87 58.38
77.72 92.13 95.97 96.81 97.96
98.11 98.39 98.57 98.32 98.16
97.18 93.91 90.39 93.72 96.82
97.37 97.51 98 98.31 98.2
98.09 97.05 96.84 95.39 92.75
96.77 97.18 98.35 98.35 98.31
98.57 98.56 98.53 98.35 98.34
97.96 98.17 97.84 97.59 97.14
96.32 96.33 97.85 97.62 98.3
98.13 96.3 92.84 89.35 87.43
83.55 87.61 89.58 93.48 94.36
97.59 97.15 98.22 97.69 93.58
93.22 96.34 97.54 95.43 94.07
91.37 93.38 92.93 93.31 94.94
95.29 96.61 96.28 97.57 97.53
97.72 96.3 93.99 94.26 94.49
94.93 91.99 92.89 93.41 96.34
94.5 92.82 95.09 95.62 97.31
96.32 97.28 97.31 97.36 98.26
98.56 98.48 98.12 97.18 97.05
94.78 92.74 88.55
