55.42 55.58 50.93 57.18 60.45
68.83 59.32 70 69.28 68.36
68.71 65.01 65.27 59.78 61.55
57.36 53.3 48.65 47.53 47.2
41.43 32.77 29.21 28.92 27.96
32.15 36.7 34.32 39.21 42.98
41.31 40.31 41.79 38.15 40.09
35.45 31.26 31.77 29.6 30.64
28.3 31.99 31.32 32.87 34.46
35.37 37.33 37.32 41.12 42.19
49.29 53.82 53.19 55.2 58.8
61.33 67.49 82.03 87.8 92.26
93.68 94.73 93.08 90.89 86.12
87.09 88.53 83.2 81.94 82.04
81.3 83.8 88.28 91.66 93.05
91.5 90.38 87.88 87.24 88.28
91.3 93.1 94.06 93.55 91.32
91.38 88.22 86.36 81.72 79.15
79.27 79.76 85.09 87.94 88.47
91.15 92.27 94.12 92.95 91.15
88.43 85.4 83.81 79.36 76.61
80.97 80.53 82.02 82.48 83.47
80 68.79 64.27 60.22 62.49
60.8 64.51 71.48 82.81 86.64
88.56 90.02 91.27 91.57 90.73
88.63 88.59 91.77 91.95 92.64
93.33 91.43 89.5 89.75 87.25
86.86 86.57 85.15 80.92 76.95
73.43 62.15 57.06 49.38 43.45
47.49 47.45 52.87 57.68 67.26
72.92 76.21 77.78 78.79 84.12
84.99 86.66 90.73 92.18 92.22
91.47 93.86 94.09 93.64 93.84
93.67 93.29 92.47 92.15 91.63
88.7 87.13 88.55 88.48 87.12
83.85 83.55 81.75 80.54 79.07
77.87 71.61 69.66 67.64 60.9
61.3 58.48 56.86 48.69 49.56
51.46 51.98 50.85 51.55 49.36
41.56 45.26 38.26 37.56 39.4
45.25 43.91 53.41 59.26 69.66
72.36 75.76 75.85 75.6 76.68
77.48 71.85 71.28 69.68 67.7
64.17 60.49 61.16 65.71 76.05
75.52 73.43 72.24 70.9 64.24
66.75 73.83 72.85 76.55 83.38
85 84.68 87.36 91.45 92.73
93.1 93.74 92.63 92.77 89.6
83.65 86.21 73.35 74.23 79.23
84.04 92.48 94.18 95.33 95.91
95.09 94.17 90.19 86.17 83.7
89.86 94.38 96.17 96.5 95.86
95.3 93.94 92.02 84.38 83.91
85.55 85.74 88.65 86.89 87.5
92.42 92.24 91.44 93.99 94.14
93.92 94.71 95.45 94.04 93.08
91.94 92.83 95.05 93.88 96.48
96.91 98.58 98.42 97.75 95.78
95.34 92.63 92.59 93.35 92.38
89.78 85.87 81.05 75.38 77.16
76.77 81.2 86.16 88.76 93.1
94.96 94.89 95.44 95.91 95.62
95.98 95.06 90.13 91.17 93.57
95.93 97.83 96.6 92.64 94.72
96.33 94.05 89.43 91.57 95.42
96.06 94.65 94.95 94.64 95.56
97.46 97.68 97.39 98.07 98.5
98.57 98.59 98.68 98.71 98.73
98.68 98.79 98.7 98.51 98.48
98.44 97.55 95.83 94.32 89.69
84.88 80.14 82.19 89.08 94.83
95.54 97.17 97.5 97.33 97.37
95.79 96.22 98.21 98.05 98.15
96.46 97.35 98.43 98 97.23
95.94 92.99 92.75 92.83 97.27
97.57 98.52 98.67 96.77 94.02
94.42 91.17 91.98 94.68 94.3
94.67 94.67 91.37 87.87 86.71
89.6 88.06 89.62 88.02 87.69
73.97 67.46 63.47 68.12 66.52
73.92 83.4 88.24 94.28 96.71
98.32 98.47 97.85 97.86 97.68
96.35 95.54 96.18 94.31 92.8
94.15 92.63 90.22 86.23 84.69
90.38 93.91 95.23 95.03 95.56
97.31 98.19 97.78 98.53 98.82
98.82 98.73 98.78 98.67 98.8
98.75 98.52 98.56 98.55 98.22
97.69 97.45 97.41 96.72 95.27
89.7 85.88 90.48 93.38 94.94
95.13 94.81 96.71 97.69 97.9
98.41 98.47 97.72 97.15 97.96
97.96 97.38 94.68 94.73 97.29
97.36 95.39 97.03 98.21 98.45
97.87 98.42 98.47 98.36 97.97
97.84 98.06 97.63 98.16 98.16
97.92 95.82 94.72 92.8 91.89
91.75 93.64 92.48 90.71 92.56
93.4 94.45 95.42 95.94 96.57
96.96 97.06 97.26 97.73 96.21
96.97 98.22 98.51 97.68 98.21
97.62 97.23 97.39 96.49 97.54
98.54 98.27 98.52 98.6 98.49
98.52 98.62 98.43 98.25 97.98
97.89 96.92 96.47 96.25 93.43
91.64 88.91 79.4 73.37 60.34
55.79 40.3
