47.28 50.79 56.99 54.78 56.62
52.33 61.59 56.05 56.43 57.87
61.63 63.24 62.06 60.32 58.71
62.78 60.12 60.34 58.75 58.61
51.41 48.16 50.08 49.38 47.97
45.59 53 50.37 57.53 74.05
84.07 93.75 94.53 94.75 96.71
97.56 95.98 96.49 94.91 95.26
97.61 97.89 97.37 97.99 98.4
97.37 97.69 97.32 98.12 98.42
98.53 98.67 98.46 98.18 97.09
94.81 93.2 95.11 94.75 96.37
98.14 98.33 98.29 98.15 98.27
98.41 98.31 97.47 98.08 93.79
95.78 98.04 97.93 98.36 98.59
98.52 97.66 98.32 98.12 97.91
97.97 98.23 96.37 95.63 96.48
96.67 94.04 92.29 93.3 92.29
92.3 94.11 93.13 92.59 91.93
94.81 93.91 90.73 85.88 83.16
71.79 69.51 65.5 62.07 66.32
68.12 66.52 70.21 74.38 83.37
88.54 90.82 93.47 94.03 95.66
94.7 94.08 92.89 93.72 93.29
95.91 96.74 95.61 93.66 89.05
84.38 74.59 71.56 66.5 68.94
63.26 61.62 59.02 65.51 68
80.3 91.84 89.5 91.25 90.16
93.11 95.56 95.5 94.61 95.4
95.48 93.88 94.22 95.58 93.79
90.82 88.13 87.19 92.11 95.24
94.52 95.61 96.35 93.57 96.32
96.18 96.68 97.87 98.02 96.55
96.99 97.37 97.57 97.36 97.68
97.41 98.39 98.54 98.63 98.43
97.96 96.23 93.01 91.93 92.41
91.82 95.64 98.02 98.17 98.44
98.29 98.41 98.27 98.05 95.72
96.37 96.23 95.11 97.8 97.62
98.31 98.53 98.44 97.73 98.02
97.5 97.48 97.42 98.21 97.14
96.23 96.3 96.25 92.42 89.51
82.98 83.96 81 80.86 78.46
81.37 77.31 71.89 67.4 66.62
54.49 44.85 43.87 37.8 38.91
41.81 44.68 42.32 40.15 48.64
46.45 48.06 48.19 48.23 49.17
