33.62 37.79 45.34 44.49 52.42
65.34 84.9 94.93 97.84 98.4
98.67 98.49 98.47 96.56 96.5
96.58 95.95 97.72 98.42 98.59
98.71 98.45 98.14 97.13 95.1
96.48 94.11 96.23 97.92 97.86
98.24 98.29 98.38 97.96 97.85
97.84 98.27 96.91 95.29 92.91
88.64 83.07 74.81 70.51 64.73
64.91 60.72 64.23 60.96 64.03
70.59 83.77 88.76 94.51 96.04
98.06 97.65 97.25 95.38 96.3
94.82 93.07 92.07 91.79 88.55
90.42 93.31 94.25 95.65 97.22
97.02 97.97 97.97 95.96 95.54
95.11 97.42 98.21 97.48 98.21
98.23 98.02 98.41 98.43 98.31
98.31 98.61 98.7 98.43 98.45
98.65 98.6 98.2 97.52 98.18
98.04 98.11 97.88 97.78 97.82
97.83 97.4 97.69 97.84 98.54
98.55 98.55 97.97 97.07 95.67
95.08 93.82 95.97 96.63 96.9
97.81 98.01 97.95 98.44 98.48
97.97 98.36 98.5 98.58 98.65
98.63 98.47 98.39 98.47 98.2
98.48 97.76 97.99 98 98.21
98.01 97.39 97.09 97.83 97.43
97.41 97.79 97.7 97.43 95.2
96.12 94.93 94.62 95.96 95.45
98.02 98.33 98.7 98.67 98.65
98.14 98.46 97.65 97.44 96.65
97.79 98.52 98.27 98.45 98.5
98.59 98.43 97.7 95.43 93.57
94.54 96.89 97.38 96.25 96.83
98.1 98.35 97.92 96.48 96.78
96.17 97.89 98.04 98.06 96.84
97.9 98.41 98.1 97.19 97.94
98.32 97.71 96.8 97.16 98.05
97.11 95.03 92.51 95.45 95.59
94.65 95.11 92.6 91.98 88.96
89.91 94.04 94.92 94.67 96.69
98.13 97.5 97.86 98.46 98.44
98.04 98.17 98.4 98.7 98.7
98.72 98.38 98.33 98.1 97.84
97.61 97.48 97.77 97.57 97.57
97.07 95.74 95.33 95.13 92.59
93.37 94.47 95.37 97.06 97.87
97.39 98.11 97.94 96.31 93.41
93.7 95.12 95.79 97.4 97.18
97.54 98.01 97.24 97.41 97.98
98.4 98.39 97.96 98.57 98.43
98.56 97.95 98.55 98.57 97.76
98.09 96.84 93.18 95.24 94.7
95.41 94.47 95.45 97.48 98.27
98.5 98.4 98.26 98.21 98.61
98.28 98.39 98.54 98.32 97.59
98.23 97.96 96.99 95.72 96.14
96.95 97.8 97.43 97.44 98.15
98.26 97.61 97.99 98.31 98.54
98.56 98.22 97.5 97.11 98.38
98.45 98.23 98.46 98.47 98.4
98.66 98.42 98.57 98.66 98.53
98.55 98.43 98.45 98.13 97.95
97.85 97.72 96.51 95.08 93.72
93.39 94.69 95.7 97.9 98.22
98.43 98.21 97.8 96.73 96.5
95.5 97.03 96.9 97.63 98.01
98.22 98.53 98.11 97.64 97.79
97.85 96.39 95.46 96.06 94.6
93.18 90.12 90.01 91.17 88.27
90.4 94.02 96.92 98.06 97.72
97.71 97.65 98.03 98.3 98.08
97.74 97.51 97.73 97.42 97.49
97.67 97.67 96.19 93.96 94.16
93.36 83.37
