52.24 49.53 51.48 63.8 56.53
55.33 53.7 55.59 50.76 48.43
54.98 45.01 45.78 54.26 42.85
47.94 42.08 45.99 40.62 48.94
39.05 52.29 61.16 62.15 72.48
56.71 44.89 55.26 53.5 53.57
54.75 47.98 41.56 54.02 69.51
77.35 73.23 73.48 67.47 64.36
48.28 58.25 55.47 60.61 56.52
60.41 51.42 43.42 46.37 45.32
43.17 56.68 43.88 48.17 47.7
46.83 48.69 49.13 49.51 48.59
55.79 57.03 59.4 68.62 72.25
77.25 79.18 82.84 83.26 79.65
82.92 85.83 77.59 79.65 78.65
68.57 61.97 57.46 52.82 53.82
52.91 49.99 47.9 44.16 43.26
44.71 44.63 41.93 40.23 48.98
49.83 50.35 53.38 55.92 62.73
73.32 80.62 85.25 87.01 89.11
91.99 94.2 96.26 94.78 95.78
96.7 96.69 96.97 97.46 97.58
97.74 97.59 98.32 97.62 97.45
98.26 98.08 98.57 98.49 98.62
98.33 98.65 98.78 98.62 98.46
98.8 98.77 98.71 98.72 98.74
98.7 98.71 98.79 98.65 98.76
98.67 98.61 98.27 98.21 98.38
98.35 98.18 98.28 98.09 98.26
97.07 97.45 98.4 97.33 96.94
97.93 97.87 97.66 97.48 98.09
97.17 97.23 96.6 96.21 96.45
95.15 94.22 93.61 93.69 90.19
84.64 76.39 71.75 69.55 71.39
65.58 59.34 59.7 57.05 56.46
55.65 55.16 55 52.84 59.26
62.49 61.1 62.66 65.21 67.07
67.37 65.64 72.01 72.1 69.83
64.86 60.98 63.94 61.28 55.91
60.56 61.35 52.57 52.66 49.53
51.43 52.19 50 50.77 42.37
38 41.8 53.19 51.87 59.78
49.97 54.74 58.36 56.33 49.85
50.12 58.18 61.85 58.48 59.53
63.27 56.22 51.62 55.04 42.93
52.68 40.84
