36.72 33.66 44.67 29.28 33.67
28.47 32.02 33.49 30.35 31.71
31.48 32.92 34.09 34.22 34.89
38.34 36.52 34.32 38.27 35.08
39.46 39.14 40.37 36.97 38.7
50.08 53.34 56.19 57.75 58.81
82.88 94.22 96.35 97.14 97
97.76 98.46 97.91 97.2 96.59
98.62 98.59 98.88 98.78 98.86
98.7 98.55 98.42 98.73 98.57
98.44 98.66 98.57 98.24 98.09
97.68 97.88 98.47 98.23 98.19
98.6 98.55 98.37 98.6 98.54
98.4 98.29 97.62 97.45 97.24
96.83 91.49 79.81 86.62 88.79
90.97 93.37 91.71 91.59 94.2
94.93 96.9 97.38 97.94 97.86
97.46 98.39 98.23 98.09 98.44
98.31 97.83 97.93 97.99 98.04
98.39 98.68 98.51 98.63 98.82
98.21 96.72 97.9 98.02 98.81
98.71 98.88 98.92 98.85 98.88
98.89 98.92 98.85 98.84 98.77
98.78 98.89 98.81 98.69 98.35
98.57 98.51 97.98 96.99 97.71
97.56 98.72 98.79 98.67 98.8
98.8 98.89 98.84 98.83 98.9
98.88 98.77 98.87 98.94 98.87
98.81 98.89 98.8 98.53 98.6
98.45 98.86 98.84 98.92 98.89
98.94 98.95 98.94 98.83 98.65
98.39 96.25 98.77 98.77 98.62
98.44 98.69 98.52 98.08 97.87
97.87 97.6 98.46 98.61 98.42
98.23 97.75 98.09 98.61 98.61
98.68 98.74 98.88 98.76 98.78
98.9 98.9 98.85 98.88 98.92
98.87 98.7 98.78 98.88 98.77
98.52 98.71 98.83 98.62 98.79
98.93 98.93 98.92 98.91 98.73
98.35 98.62 98.24 97.53 97.83
98.47 97.94 97.54 97.99 98.25
97.37 96.02 95.78 95.24 97.27
97.58 97.63 96.17 96.71 96.31
96.44 93.9 94.38 96.37 97.8
98.23 98.64 98.45 98.73 98.8
98.84 98.83 98.91 98.93 98.87
98.92 98.92 98.93 98.88 98.91
98.9 98.88 98.68 98.9 98.75
98.41 98.6 98.58 98.34 98.01
98.06 98.39 98.1 98.61 98.73
98.9 98.76 98.86 98.78 98.82
98.22 98.3 97.59 98.46 98.29
98.04 98.21 97.15 96.76 96.03
97.68 97.71 97.61 97.21 97.97
98.11 97.94 98.28 98.49 98.11
98.17 98.66 98.66 98.53 98.47
98.06 98.6 98.6 98.72 98.86
98.81 98.71 98.85 98.82 98.48
97.5 98.17 98.61 98.83 98.65
98.57 98.21 98.56 98.62 98.02
96.39 97.34 97.17 95.29 94.15
95.92 95.42 92.38 91.96 93.87
95.22 94.41 95.25 97.65 97.66
98.49 98.15 98.22 98.58 98.3
98.46 98.59 98.7 98.79 98.65
98.74 98.88 98.65 98.36 98.8
98.45 98.64 98.73 98.79 98.75
98.63 98.49 98.51 97.12 97.04
97.75 97.57 98.13 98.36 97.73
95.32 92.75 84.37 81.45 73.73
73.6 74.55 77.14 85.8 91.63
94.82 95.73 94.17 94.11 95.49
95.51 94.43 96.11 95.84 96.02
96.01 94.41 92.61 90.18 91.28
92.64 89.21 84.51 83.4 70.55
78.1 80.28 85.92 89.53 92.77
94.19 96.3 97.02 97.04 98.07
98.57 98.23 98.28 98.65 98.65
98.38 98.23 98.23 97.05 96.02
97.18 97.12 93.37 93.76 97.19
98.33 98.76 98.79 98.88 98.59
98.39 98.23 95.78 93.44 91.19
84.14 70.49 64.23 62.91 67.42
73.51 79.64 89.92 91.38 91.81
92.26 90.86 93.74 95.17 94.51
95.58 97.54 97.01 96.76 98.38
98.7 98.42 98.46 98.63 98.57
98.4 98.41 98.34 97.57 97.66
97.01 98.03 98.21 98.63 98.55
98.65 98.89 98.88 98.69 98.31
98.13 98.65 98.32 95.94 96.74
97.12 95.13 95.74 94.05 92.78
94.28 93.33 89.72 90.87 92.41
94.25 95.78 96.75 95.85 93.99
94.54 92.46 93.32 91.13 90.63
91.9 93.22 95.21 94.59 94.2
92.33 93.69 94.18 95.27 95.9
96.47 96.08 97.68 98.25 98.17
98.17 98.4 98.5 98.07 98.07
98.37 97.93 97.79 95.47 95.05
94.72 95.63 95.37 95.29 94.53
96.54 96.85 94.79 93.71 93.54
94.49 90.46 88.42 83.49 87.71
85.41 82 82.74 84.2 79.53
74.02 77.24 77.12 75.96 72.66
70.91 70.83 67.28 69.22 73.64
72.68 73.28 75.73 76.29 79.35
81.94 81.67 82.59 85.78 86.98
89.29 90.11 90.81 90.79 92.49
92.58 93.33 92.21 93.11 91.81
90.72 91.41 91.19 89.63 88.74
88.16 85.75 84.91 82.36 76.22
67.27 58.51
