38.56 42.4 31.43 39.61 33.24
40.26 33.11 41.85 38.68 36.33
39.93 38.33 32.83 31.07 33.08
33.68 37.6 34.27 42.04 42.05
43.33 52.87 59.97 40.19 40.03
57.02 62.08 58.27 73.05 76.55
76.59 81.97 88.95 89.49 92.73
94.44 94.56 96.35 96.94 97.48
97.34 97.16 97.27 96.8 97.29
96.99 96.82 95.29 94.13 94.05
90.31 74.73 89.76 93.49 95.48
96.13 95.47 95.91 95.75 96.02
96.83 97.44 97.17 95.77 96.97
97.62 96.81 96.95 97.5 96.17
95.19 94.63 94.74 92.96 91.81
92 92.77 93.51 93.04 94.49
95.05 93.47 93.67 94.81 93.25
90.29 89 89.66 92.94 93.22
95.45 96.92 97.11 97.41 97.69
97.98 97.51 97.45 97.27 98.04
97.66 97.21 96.99 97.02 95.97
94.37 93.4 92.5 91.6 88.52
85.97 86.5 86.07 78.4 74.42
73.4 73.42 76.51 82.84 87.33
90.42 92.32 93.26 93.91 95.27
96.4 96 95.58 97.34 97.54
96.57 97.39 97.73 98.01 97.98
97.74 98.17 98.33 97.31 98.48
98.22 97.44 96.83 97.19 95.82
93.77 94.22 94.05 90.39 88.02
89.35 88.94 92.27 92.83 94.13
93.62 93.18 95.41 97.01 95.14
95.63 98.05 97.42 96.82 98.09
97.93 98.49 98.45 97.64 97.71
98.14 98.36 97.61 97.15 97.16
97.75 97.11 97.82 98.18 98.18
98.19 98.33 98.24 98.36 98.27
97.29 95.95 95.64 94.8 93.47
91.14 89.47 85.52 76.1 71.81
68.07 63.35 57.89 52.72 50.78
46.98 45.98 46.03 52.73 53.17
55.68 62.84 68.54 78.18 82.71
86.66 89.18 89.46 93.57 94.66
94.57 96.57 97.8 97.68 97.83
98.18 98.48 98.18 97.94 98.04
97.21 95.16 95.32 93.85 97.62
97.13 97.48 97.97 97.12 94.66
93.35 92.59 91.35 88.15 84.54
85.59 83.27 78.27 74.89 67.38
65.94 61.77 63.98 65.25 72.42
78.35 79.81 75.89 79.95 82.12
82.63 82.58 85.85 90.03 89.88
92.8 94.1 95.47 96.4 97.53
97.42 97.45 98.14 98.09 97.79
97.75 98.14 97.18 95.89 95.79
96.03 94.5 92.79 93.89 92.85
88.31 74.18 69.26 64.06 61.34
58.86 66.1 79.41 90.72 92.16
94.98 96.03 96.15 94.66 94.38
93.61 92.93 92.54 90.8 88.65
87.79 89.47 86.98 89.39 87.01
81.07 81.39 82.48 78.43 83.19
86.48 90.08 93.54 92.76 95.56
97.36 97.72 97.7 97.65 97.56
97.99 98.2 98.17 97.69 98.32
97.83 96.4 95.02 95.92 97.48
95.88 94.5 96.16 97 95.18
93.95 94.97 94.93 92.96 90.45
90.1 91.36 86.81 84.7 86.77
87.68 83.06 81.61 87.09 84.98
82.65 80.28 74.59 75.16 73.85
68.24 68.64 64.45 65.72 65.03
61.27 61.18 66.89 70.07 82.07
86.16 89.12 89.35 89.68 94.1
95.33 94.51 95.88 97.89 97.87
97.16 97.93 98.16 97.48 97.08
96 96.02 91.79 88.79 87.79
90.4 93.19 94.54 96.99 97.01
97.41 98.45 98.47 98.51 98.58
98.45 97.9 97.21 97.45 96.51
95.54 94.45 93.96 92.89 87.09
79.59 71.94 71.54 72.78 69.66
72.54 83.81 87.54 91.97 94.02
94.85 95.47 97.12 97.66 97.89
97.55 97.7 97.76 97.36 96.58
96.45 96.83 96.62 95.83 95.95
96.46 96.14 96.44 95.86 96.19
95.27 95.4 96.25 96.13 94.17
95.05 95.36 94.23 92.44 92.24
91.1 88.89 86.12 70.87 69.26
69.83 67.79 70.19 74.31 78.4
84.21 88.04 91.52 93.26 95.5
96.35 96.94 95.67 94.91 95.23
95.4 95.2 96.24 96.49 95.47
95.39 95.75 94.6 92.52 90.96
85.36 74.84 71.18 69.92 75.97
84.31 90.47 91.25 93.75 94.22
94.81 94.36 90.16 88.39 89.25
91.75 91.93 93.1 94.16 93.86
93.86 93.45 92.78 91.91 89.78
88.97 85.88 78.92 78.24 74.25
66.96 65.81 66.6 59.84 49.25
46.3 50.64 55.67 60.43 66.52
78.73 84.61 89.81 92.45 95.53
96.61 97.48 96.65 96.44 94.43
93.69 93.42 93.55 92.5 92.3
92.82 91.81 92.17 91.64 87.8
88.26 89.39 90.98 90.2 92.78
94.42 95.81 95.59 95.73 94.4
94.74 96.23 95.35 93.09 90.85
86.85 90.65 92.11 91.81 91.44
89.35 90.75 86.87 87.61 88.92
88.43 87 86.77 91.86 92.97
92.72 92.99 94.85 96.31 97.14
97.37 97.46 96.24 94.62 91.67
84.37 73.01 69.24 59.79
