36.14 29.78 35.86 38.47 41.37
33.38 41.89 36.24 30.54 31.06
25.63 31.99 27.57 34.39 32.43
30.61 30.05 31.46 31.54 32.08
27.5 33.13 27.51 33.7 28.85
34.56 31.28 34.37 26.38 31.07
31.2 28.83 31.32 26.39 28.2
29.71 28.82 30.54 28.07 27.62
28.57 25.6 26.43 27.17 26.72
29.87 27.5 28.44 30.53 30.64
29.39 31.2 27.62 37.45 34.5
38.08 34.93 30.16 28.29 29.05
23.88 29.42 25 27.14 27.01
23.18 23.78 25.14 23.11 25.36
24.4 25.99 23.99 26.65 23.65
26.34 23.17 26.26 22.78 24.09
23.55 23.78 26.33 26.85 26.83
27.39 27.93 32.43 28.29 28.75
31.95 30.82 33.1 33.42 36.6
31.13 33.93 29.57 31.61 25.3
24.87 25.29 27.32 27.67 26.69
27.74 27.45 33.6 28.47 32.84
30.53 29.91 28.88 28.79 31.09
27.73 29.26 32.35 32.43 32.86
34.12 32.8 37.7 32.66 38.46
35.39 33.22 33.78 32.27 40.64
39.55 38.83 43.45 40.83 35.85
39.54 36.51 39.8 40.55 34.03
35.18 33.56 32.41 30.84 31.41
30.34 32.63 34.05 30.61 35.16
33.01 31.98 34.74 30.16 37.81
33.83 34.79 32.68 39.02 31.33
39.01 35.39 35.93 33.83 33.06
34.85 31.21 34.69 34.01 30.88
43.61 39.57 37.08 34.79 38.55
30.7 38.65 30.47 32.2 35.35
30.62 36.49 33.04 31.16 36.09
33.31 39.05 36.92 32.06 35.05
38.4 35.5 36.13 37.74 39.31
34.7 31.52 36.46 34.8 29.46
27.36 27.28 28.82 26.68 31.98
28.52 28.85 31.72 32.74 35.43
36.4 41.18 34.58 39.33 33.13
26.94 34.65 29.92 27.07 30.17
26.08 28.2 26.76 30 28.05
30.36 25.14 30.23 31.48 29.01
29.38 29.41 31.71 34.85 32.72
34.38 31.83 34.35 36.42 30.45
34.88 32.95 32.91 42.78 39.97
39.47 32.94 34.57 35.95 33
37.18 34.68 42.72 42.85 38.41
37.85 42.51 37.25 29.52 35.33
36.06 33.71 39.27 37 36.36
37.41 37.67 34.19 34.65 38.9
32.82 31.43 29.65 34.96 32.06
30.27 35.01 43.69 43.58 55.24
63.91 58.88 59.32 63.37 56.46
43.56 40.19 38.65 39.35 39.96
36.49 33.91 36.9 35.42 40.11
30.38 39.51 35.9 34.61 38.45
31.74 43.98 36.16 37.03 37.01
40.76 41.22 34.57 31.48 32.12
32.57 34.77 35.17 30.86 36.61
34.11 37.21 39.53 38.57 46.9
50.29 44.83 40.99 35.5 44.8
40.01 54.04 71.23 81.84 85.3
88.16 90.58 92.96 93.44 91.91
94.99 94.13 92.5 93.12 93.2
91.91 91.83 92.76 92.35 90.38
86.57 85.94 81.62 69.97 85.07
77.33 90.51 93.58 94.5 94.87
95.05 94.74 94.27 94.42 93.95
93.61 91.89 91.28 91.69 91
87.96 90.15 88.78 87.71 88.33
91.56 90.04 91.27 91.73 92.54
90.05 90.45 92.12 92.57 92.61
92.25 93.27 93.23 93.32 92.15
92.71 94.22 90.77 90.34 90.13
88.65 88.59 89.27 88.94 92.2
89.98 89.12 93.31 93.16 91.57
90.9 94.03 92.73 90.98 94.19
93.94 91.66 91.32 93.15 92.98
89.98 89.18 89.91 88.84 84.72
85.69 87.29 83.93 77.24 81
75.64 70.57 60.25 51.68 52.53
43.25 38.03 46.03 47.97 56.02
51.9 41.87 49.49 52.7 41.67
48.09 44.52 45.4 47.02 42.92
49.64 56.32 43.69 49.85 43.41
43.96 42.99 44.64 35.9 41.68
40.14 38.37 46.6 48.33 40.95
38.81 42.69 35.29 44.28 38.96
35.53 41.51 40.92 38.19 35.43
43.42 49.83 64.08 48.34 42.11
56.61 41.31 35.04 42.6 37.61
39.02 40.71 36.11 40.98 44.53
42.68 62.13 44.7 40.68 54.42
38.27 41.59 41.85 41.6 42.85
37.31 43.74 41.43 33.9 48.05
49.89 51.83 50.65 45.36 41.92
37.95 38.96 38.65 35.8 40.51
38.19 46.17 45.34 51.96 60.44
57.72 74.04 82.36 79.29 81.36
80.75 82.74 86.94 86.2 83.76
86.07 84.88 84.78 80.14 80.51
80.55 70.04 69.29 63.82 62.06
44.56 40.29 35 38.26 38.71
37.29 36.39 43.24 36.7 39.15
40.85 41.36 41.72 36.72 35.06
36.66 39.72 38.95 38.8 42.31
36.55 41.06 40.32 39.29 42.79
60.36 60.86 69.29 79.83 80.04
82.43 76.46 76.3 81.41 84.39
83.8 85.45 88.79 86.26 85.64
87.52 85.98 84.94 79.49 81.23
78.46 75.98 78.91 74.98 69.96
66.73 70.55 71.28 66.53 68.38
63.67 64.02 64.62 66.83 65.21
60.26 62.22 56.98 48.14 56.12
56.7 56.31 59.15 63.91 58.28
64.82 69.39 63.1 61.68 73.16
68.09 71.5 76.06 74.92 74.87
64.48 69.9 75.96 78.75 70.2
74.65 81.01 77.32 71.4 77.08
77.71 74.39 65.68 64.42 64.58
56.54 56.77 57.04 53.56 50.01
46.44 47.15 41.37 35.73 34.1
37.4 36.21 31.91 34.49 30.75
36.46 36.98 36.63 36.87 32.21
34.3 33.01 34.64 39.44 37.92
38.99 40.97 43.49 39.83 38.07
40.03 41.68 44.76 46.07 43.82
42.82 42.05 47 41.77 44.97
42.07 42.68 44.25 43.24 40.81
40.01 36.17 47.37 52.48 42.68
42.9 38.99 36.01 37.78 35.72
38.75 34.72 38.56 34.11 33.34
39.29 37.31 37.96 39.3 42.03
34.33 36.74 37.08 33.73 43.78
31.61 30 33.6 33.06 37.05
33.6 31.7 34.4 36.01 34.3
31.48 42.17 30.2 32.5 31.07
31.71 34.43 34.81 40.2 36.21
31.3 42.28 38.47 40.01 32.88
40.26 34.06 41.82 33.98 33.55
42.02 37.56 38.27 39.79 37.84
38.18 39.21 35.69 36.53 36.09
37.39 47.98 36.82 39.07 30.58
50.25 35.92 40.62 35.83 35.54
38.15 31.54 40.41 30.79 32.89
31.87 29.27 36.91 33.15 38.77
37.39 35.31 38.73 40.23 43.75
51.09 46.48 44.17 45.37 52.27
39.84 38.46 41.88 43.99 38.82
40.39 36.3 33.29 37.68 33.47
37.26 32.41 36.81 30.16 43.71
41.6 39.49 38.25 39.34 33.75
38.08 38.1 34.73 42.71 36.41
39.23 36.26 37.47 40.26 35.75
36.5 35.19 39.43 36.62 32.28
39.78 30.59 39.89 38.42 40.92
40.25 35.78 42.43 31.91 37.67
39.37 41.24 37.21 48.34 38.85
42.96 45.28 43.81 47.74 46.37
45.56 44.91 41.64 41.08 38.54
32.55 40.83 32.5 51.21 41.63
39.58 43.51 40.94 48.44 38.16
46.68 37.51 39.61 36.57 39.72
39.48 40.3 36.61 41.37 38.88
36.43 33.51 39.82 33.47 36.51
37.24 40.03 39.58 32.13 49.04
36.72 41.16 41.7 40.38 38.69
47.59 42.62 38.92 33.57 49.1
35.89 43.76 41.07 38.72 44.62
42.56 49.25 42.8 47.59 37.42
49.72 45.87 42.15
