64.49 71.66 73.72 75.83 74.38
76.68 72.55 73.75 73.22 73.04
69.31 65.94 65.14 62.71 60.95
65.86 62.94 58.43 60.37 60.78
63.15 67.41 78.39 88.96 92.78
95.66 96.91 97.77 97.67 97.38
91.22 93.66 96.72 97.21 96.38
96.72 96.17 95.95 94.56 96.3
97.13 97.25 97.76 98.21 98.26
98.04 97.36 94.78 83.65 80.4
82.22 78.32 79.29 79.42 82.62
88.46 92.45 94.47 95.35 97.29
97.94 98.07 97.32 96.47 96.11
93.83 90.13 83.69 85.67 90.15
92.1 94.18 94.77 96.53 95.64
97.45 97.49 97.54 95.1 91.36
91.42 93.84 95.8 96.84 96.78
96.69 95.81 92.3 91.4 92.51
93.07 89.48 80.97 90.02 89.76
93.1 93.86 95.08 96.01 96.24
97.76 97.01 96.42 94.98 93.82
90.88 89.28 93.48 96.52 97.87
98.15 98.23 97.72 97.04 96.9
95.32 95.63 93.92 93.04 91.55
94.39 95.6 96.11 97.05 97.35
97.38 97.86 97.19 96.31 94.59
93.56 91.92 90.67 89.43 86.9
89.22 86.99 90.98 89.02 90.14
89.58 88.39 90.47 92.61 93.63
95.46 96.55 96.56 97.37 97.22
96.91 96.94 96.4 94.71 90.56
79 71.26 60.4 57.24 57.56
55.28 56.09 57.63 56.25 59.85
60.42 66.77 68.41 69.99 74.93
72.61 76.58 76.4 76.89 81.2
84.88 86.59 89.26 88.61 91.08
91.75 94.5 93.46 95.41 96.55
95.82 95.82 95.83 96.18 96.31
95.34 95.89 95.85 95.7 95.21
94.71 95.23 94.45 93.04 93.1
93.05 91.86 89.31 88.59 84.21
81.92 78.08 71.41 64.27 58.47
58.38 57.86 56.86 53.48 53.18
56.12 55.23 47.23 51.07 48.36
45.58 40.6 44.96 50.2 48.73
44.03 52.85 48.11 45.67 49.69
46.5 38.55 37.2 43.79 40.86
43.74 40.74 44.38 45.01 37.21
40.34 42.43 40.9 35.84 39.94
36.98 44.62 46.58 51.5 50.95
57.14 70.81 67.99 51.08 54.01
58.79 43.34 50.67 49.25 50.34
43.62 48.7 44.09 45.85 45.51
48.45 43.37 44.36 41.25 42.48
43.73 44.8 40.43 38.95 38.58
34.24 40.21 37.91 39.67 41.9
36.27 43.19 44.85 42.58 49.06
43.13 49.23 52.4 51.78 53.23
52.74 50.22 50.9 48.06 49.76
45.76 47.44 55.37 53.77 47.79
49.38 51.92 60.37 55.1 55.92
60.46 63.31 57.96 58.38 67.94
65.57 57.77 60.98 63.96 53.08
68.4 59.88 53.6 53.62 47.63
