43.18 40.53 43.89 53.81 53.1
54.92 59.44 71.11 73.11 66.27
68.63 69.99 62.87 55.26 56.58
45.26 49.36 39.92 41.4 36.61
41.73 40.92 37.26 42.14 36.97
38.78 41.79 34.7 36.48 43.15
42.6 41.53 39.03 47.57 40.76
49.67 43.37 41.57 52.94 53.67
54.5 52.78 54.07 38.76 49.57
52.21 48.73 49.32 42.57 39.11
38.96 42.48 36.54 36.73 40.26
35.05 37.45 38.49 43.25 43.92
38.58 34.12 38.05 41.69 37.5
40.09 37.82 36.31 38.52 40.99
38.09 39.66 41.35 38.12 37.39
40.04 42.64 44.64 48.2 56.12
61.08 63.3 63.16 59.4 63.87
62.76 61.02 62.28 59.52 64.3
62.16 61.22 56.25 50.76 47.71
43.03 52.47 50.16 46.29 38.79
36.03 44.73 49.48 61.16 56.57
54.57 51.69 48.01 45.16 55.56
59.12 62.46 67.39 79.09 86.14
86.41 87.83 88.55 91.51 92.7
91.41 91.83 93.42 94.72 94.73
93.02 95.37 95.36 95.95 93.63
95.63 94.44 95.83 96.74 97.28
96.89 97.31 97.74 97.66 97.56
97.96 98.23 98.06 98 97.93
98.18 98.21 98.14 98.44 98.16
98.05 97.72 98.38 97.75 98.01
96.72 97.84 97.36 98.09 98.18
97.99 97.98 98.39 97.97 98.28
97.93 98.33 98.39 98.39 97.7
98.49 98.2 98.21 98.21 97.93
98.23 97.64 98.21 98.14 97.74
97.19 96.89 97.09 96.67 97.24
96.89 96.78 97.38 97.11 96.86
96.85 96.3 97.58 97.48 96.9
97.64 96.99 97.37 97.08 97.09
97.76 97.43 97.73 97.97 97.71
97.78 97.55 97.75 97.96 97.04
97.2 97.32 97.33 97.2 95.68
96.43 96.67 95.9 95.98 97.04
95.88 94.95 96.12 96.89 95.13
95.7 96.47 94.39 95.34 96.08
95.49 94.14 94.88 95.33 94.2
94.9 93.84 93.73 93.25 93.03
93.16 91.21 90.83 89.18 88.3
85.77 85.76 81.48 80.53 77.35
76.43 78.47 80.13 82.94 80.07
81.08 83.67 82.5 79.68 75.83
73.34 64.95 55.99 57.85 53.05
51.1 49.18 43.22 47.54 45.94
49.02 48.94 49.66 43.9 55.76
44.24 43.24 41.77 42.18 36.6
42.35 36.64 41.97 37.87 45.8
36.98 39.9 39.49 39.01 38.09
34.18 39.54 32.71 41.03 39.5
39.29 39.43 34.62 30.9 37.67
33.02 39.24 41.92 34.33 34.27
31.4 41.01 37.69 31.86 36.22
34.06 34.57 37.01 34.64 39.7
36.53 32.23 34.32 34.73 34.5
39.1 33.99 36.03 34.3 35.95
37.83 40.93 31.63 36.77 37.63
33.27 32.56 31.39 35.58 35.64
34.29 37.79 30.73 35.63 33.81
31.18 38.51 36.67 42.01 33.52
38.28 34.14 36.69 43.55 31.84
52.8 36.43 41.67 35.22 42.29
34.05 34.74 41.41 36.67 31.46
33.78 36.99 32.33 37.98 33.01
34.15 37.53 35.79 37.34 36.65
33.18 38.89 35.65 38.41 41.37
37.83 38.03 44.65 37.76 46.44
36.24 39.39 38.18 33.84 38.72
36.96 33.05 36.34 30.32 33.3
30.72 33.58 30.96 29.65 31.35
32 31.93 40.07 30.81 34.44
33.11 33.28 34.45 35.26 41.77
34.17 35.02 31.21 41.18 34.65
38.08 36.47 30.46 37.12 28.91
35.18 29.44 35.02 34.73 31.32
36.58 34.92 35.37 33.69 33.13
38.5 40.62 33.89 32.6 40.8
36.16 44.57 34.04 44.99 38.5
43.08 37.05 46.92 39.52 43
38.74 38.46 41.48 36.52 46.16
36.15 37.69 39.24 39.79 38.84
39.63 42.3 39.92 40.85 37.18
38.9 43.15 41.47 32 43.13
38.04 37.67 39.79 37.63 44.12
37.48 38.52 33.16 35.73 37.05
40.02 34.68 42.92 38.59 44.67
39.35 38.32 43.47 39.29 50.8
36.45 44.27 40.24 42.13 43.02
39.71 37.13 42.4 33.75 40.96
40.92 39.45 36.92 30.52 42.75
34.87 40.01 38.25 39.75 41.21
37.28 37.13 36.28 28.6 40.05
39.44 37.22 56.09 41.63 33.87
50.81 41.24 30.69 51.08 35.92
41.55 34.55 37.6 34.74 42.2
41.33 39.92 41.35 39.97 42.07
37.19 37.07 38.65 35.14 35.14
36.88 30.03 32.97 35.17 35.79
33.1 35.86 35.02 34.03 33.85
36.61 46.75 34.97 40.63 33.12
39.49 35.39 36.81 32.32 37.5
36.23 35.46 37.03 38.65 48.61
57.38 56.36 64.4 67.67 63.33
62.48 61.76 58.1 48.62 47.55
39.82 32.09 37.4 35.12 33.65
34.34 34.96 33.24 38.05 34.61
38.72 34.39 42.5 37.91 41.59
41.48 40.79 45.49 49.03 43.59
40.66 47.3 41.73 44.72 55.21
59.91 42.8 51.24 39.18
