54.91 68.56 67.44 62.73 60.22
64.35 60.94 61.25 60.7 58.45
57.45 56.95 51.66 51.07 47.7
46.09 47 45.13 47.94 55.57
67.71 72.37 82.62 90.88 88.58
82.44 90.47 93.44 90.31 88.12
90.59 93.66 96.52 97.25 96.88
95.1 95.16 93.86 90.93 87.75
85.37 89.27 86.94 84.81 88.32
90.79 93.48 94.83 95.51 97.46
98 97.57 96.24 97.12 97.57
95.48 93.27 95.11 94.39 90.81
91.12 90.59 89.04 86.79 92.01
91.31 90.24 91.85 93.54 94.19
93.82 94.67 94.78 95.21 95.58
95.78 94.46 95.59 95.43 94.86
95.38 95.97 96.02 96.94 97.27
96.49 95.92 96.59 95.87 93.84
93.82 93.49 86.06 65.33 50.22
45.68 44.5 35.04 35.81 33.63
35.22 34.67 37.56 34.85 45.21
38.15 39.16 38.38 41.01 42.78
45.98 40.37 40.06 39.99 37.92
40.28 43.96 47.48 49.24 58.39
69.38 79.46 86.76 90.77 91.56
90.59 93.25 94.63 94.81 93.68
95.86 96.78 95.79 96.63 96.45
96.32 96.35 96.16 95.52 95.56
96.09 95.69 96.4 96.09 96.47
96.64 96.81 95.5 93.71 92.7
93.07 95.2 95.1 96.08 96.43
96.41 96.76 96.87 96.65 96.75
96.04 93.49 89.94 86.89 75.31
87.8 93.75 97 96.34 96.33
95.11 95.78 96.11 95.28 94.01
94.17 92.94 95.09 96.35 97.14
97.04 97.2 97.74 97.91 97.63
97.66 97.02 96.98 96.17 95.68
95.11 94.39 91.12 93.26
