56.49 56.22 63.85 63.8 62.92
61.73 60.32 70.62 74.07 84.67
91.22 92.28 93.53 93.9 92.36
92.02 94.18 94.71 95.04 95.33
97.32 96.73 97.8 98.18 98.17
97.92 98.34 98.55 98.64 98.79
98.61 98.74 98.75 98.74 98.61
98.7 98.65 98.4 98.04 98.03
94.69 94.68 97.15 97.99 98.24
98.57 98.51 98.79 98.82 98.81
98.72 98.88 98.7 98.82 98.78
98.81 98.84 98.61 98.31 98.11
98.16 97.65 96.82 97.48 96.79
95.83 95.99 95.62 95.09 93.81
91.26 89.41 87.42 88.64 89.87
87.85 90.19 90.44 91.15 93.55
94.11 94.9 96.26 96.88 96.49
97.65 97.04 96.6 96.72 96.24
94.98 95.77 97.04 97.15 96.64
97.95 98.01 97.47 98.13 98.48
98.24 98.08 98.43 98.52 98.56
98.62 98.78 98.72 98.73 98.79
98.68 98.57 98.8 98.61 98.39
98.38 98.48 98.05 97.25 98.46
98.43 98.37 98.59 98.51 98.6
98.68 98.76 98.73 98.69 98.65
98.81 98.55 97.25 98.19 98.5
97.81 96.82 97.97 97.75 97.45
96.57 96.3 96.26 94.2 95.45
94.76 90.79 92.76 90.23 89.73
88.78 89.79 86.69
