35.82 34.3 28.29 30.58 27
28.73 26.67 24.98 26.08 22.45
25.2 25.04 23.8 22.46 22.33
23.49 25.63 24.84 27.06 23.79
23.76 24.4 24.18 24.22 24.92
22.48 23.29 23.05 23.68 21.68
23.7 22.96 23.2 25 21.63
29.41 21.35 28.59 25.24 21.61
23.96 25.41 24.63 22.88 25.81
23.75 24.23 22.06 25.19 23.81
23.37 26.46 21.51 23.35 22.49
22.83 22.91 22.38 24.23 30.73
24.06 23.67 24.54 23.3 22.06
20.63 23.6 21.42 25.79 26.09
23.16 24.97 21.47 22.42 23.7
22.04 22.66 21.93 24.23 19.46
22.97 34.98 20.53 23.99 20.97
23.93 21.91 26.97 24.98 22.72
28.1 25.03 29.16 26.85 27.06
28.83 31.74 25.43 30.73 32.79
32.26 26.32 30.12 30.6 28.37
27.94 27.86 29.48 29.22 27.87
24.95 25.63 24.67 23.28 22.3
23.32 28.21 24.52 22.76 24.47
31.9 27.56 26.29 28.45 28.58
27.68 28.24 27.59 24.51 26.2
26.05 24.09 25.22 24.28 25
26.34 25.27 29.85 25.7 27.08
26.34 25.07 22.67 26.27 24.9
21.5 24.89 23.02 28.76 25.21
26.47 35.81 31.84 39.53 42.75
46.07 47.01 44.19 49.86 46.85
48.69 49.32 45.64 52.74 46.87
46.6 41.2 48.64 55.22 67.15
77.68 78.08 75 76.95 73.56
73.54 74.25 67.44 69.31 70.08
64.91 68.5 79.29 77.95 82.43
84.5 87.93 87.22 83.98 86.22
86.74 84.37 88.6 86.49 89.37
87.84 86.22 85.16 85.46 83.8
85.43 87.01 86.65 87 87.19
86.62 85.71 89.09 87.73 89.58
87.54 84.48 87.23 90.6 89.47
92.26 93.04 92.34 91.49 88.5
90.96 90.91 90.68 91.2 89.96
89.43 88.77 91.13 90.12 89.92
91.3 91.67 89.64 90.49 90.6
90.11 88.76 90.06 89.01 86.93
88.56 90.4 88.96 91.62 90.58
87.93 88.18 83.06 86.56 86.79
87.02 89.41 88.44 89.25 88.38
90.69 86.58 86.37 86.44 85.03
80.53 82.29 80.5 79.44 76.73
77.11 71.76 67.88 69.09 77.1
79.45 85.52 88.9 89.83 91.14
88.74 91.49 88.69 86.82 85.65
83.49 82.63 82.49 86.44 86.34
85.76 88.23 89.91 87.76 88.72
89.91 91.43 90.46 91.49 90.3
89.42 90.65 91.42 89.93 91.74
92.05 90.73 89.86 87.21 91.89
90.48 91.59 91.62 88.24 88.77
86.97 89.55 85.89 87.08 89.75
88.86 85.78 88.15 89.31 90.22
88.59 89.15 87.94 85.57 87.46
89.06 87.97 90.22 92.06 92.24
91.22 88.84 92.9 90.23 89.84
90.33 86.45 87.03 85.52 87.75
83.98 84.84 88.73 88.37 87.06
88.66 91.02 91.41 90.23 91.4
90.09 89.04 90.09 90.22 88.78
91.17 92.28 90.31 90.72 86.62
91.06 90.15 91 91.74 88.01
88.21 86.45 88.77 84.24 84.37
87.81 86.63 82.11 84.71 83.63
84.89 80.67 82.58 83.22 75.52
75.89 75.97 78.12 80.23 84.38
85.91 87.27 84 89.99 84.99
84.01 81.3 80.63 80.46 79.53
85.06 83.08 84.95 86.7 88.4
87.1 87.38 88.08 91.52 89.97
89.5 88.68 86.97 90.28 92.29
90.15 93.65 95.02 95.26 93.49
90.94 94.4 92.53 94.16 93.89
92.73 91.23 90.44 91.92 89.68
92.05 92.65 91.81 91.23 91.69
92.42 92.4 91.9 92.78 91.58
89.15 91.63 92.79 89.73 91.95
92.23 91.7 90 85.74 90.66
89.58 90.49 91.76 91.19 90.07
91.19 91.24 89.92 91.74 91.65
90.18 91.24 89.26 88.28 89.8
85.94 84.75 80.16 77.63 70.81
67.66 64.63 60.39 54.96 54.37
52.35 47.06 46.09 40.83 47.03
46.75 44.5 44.37 44.05 47.69
50.11 47.6 38.78 40.96 40.58
30.82 36.53 31.69 30.41 31.56
35.02 31.67 24.77 27.43 26.34
32.28 26.16 27.82 37.19 32.51
33.69 32.45 30.37 35.35 29.44
34.95 31.28 35.54 27.62 31.26
28.8 31.15 31.6 31.3 31.99
34.81 35.64 31.63 30.57 28.53
27.69 26.03 27.52 29.54 29.64
33.81 31.36 31.25 29.54 30.1
29.55 32.7 30.15 25.87 27.51
25.74 25.76 25.7 22.88 29.41
27.41 27.87 27.48 27.85 27.82
26.36 27.72 24.32 30.4 25.07
29.05 28.09 41.23 26.19 31.99
27.58 26.45 25.98 29.58 30
