38.06 45.9 46.17 46.28 48.4
43.57 50.69 47.7 48.21 51.7
55.11 49.19 59.6 64.08 69.77
73.52 77.94 77.97 81.46 81.89
66.51 78.92 75.65 71.98 70.56
60.79 41.71 37.1 34.94 31.57
30.72 25.11 28.37 34.56 25.42
28.21 29.46 25.83 31.23 26.51
31.93 26.33 29.88 33.28 30.12
33.61 29.09 36.96 32.37 36.12
34.21 42.99 37 45.9 45.31
43.64 47.96 48.71 50.29 57.1
56.19 63.45 64.06 59.38 68.03
64.95 64.78 67.99 64.28 66.69
64.83 64.96 70.01 67.36 71.98
69.92 69.81 72.3 67.77 67.83
66.96 58.08 54.7 54.33 43.15
43.2 44.15 50.11 50.9 52.95
47.53 50.29 53.12 52.07 56.37
72.97 79.41 79.07 76.95 79.1
83.46 82.13 79.37 86.58 85.95
82.71 84.82 89.09 86.78 82.92
86.9 90.87 87.15 86.99 94.3
94.33 89.71 92.59 94.81 94.4
91.66 91.1 92.28 89.25 86.66
86.84 87.19 84.28 82.97 84.56
76.64 77.06 80.2 79.15 84.44
85.45 87.11 89.53 83.42 78.53
80.3 82.9 84.4 83.41 75.91
69.2 66.4 64.69 64.27 60.36
61.28 59.16 56.92 66.4 75.06
84.7 87.35 87.45 87.36 86.66
83.75 86.07 84.3 88.28 89.79
87.16 85.23 87.08 88.21 87.48
86.03 81.28 78.81 74.91 75.82
74.8 75.17 71.55 73.77 78.18
84.49 83.19 84.11 85.25 83.47
84.01 79.29 80.08 83.94 80.72
85.53 83.54 85.55 87.08 84.53
79.65 80.13 79.86 86.44 81.05
79.8 77.83 75.34 73.36 76.68
76.02 80.13 71.52 73.46 77.23
83.17 84.41 86.45 84.05 85.32
86.17 83.2 84.97 83.07 82.47
85.42 84.52 83.11 82.88 84.45
87.13 84.82 80.94 71.32 65.41
63.47 60.78 57.66 57.85 59.47
60.1 59.67 63.96 67.09 68.9
68.61 75.31 79.03 77.81 77.27
73.61 73.09 77.08 75.17 71.82
69.92 67.94 67.01 65.89 62.33
62.53 57.97 60.67 62.83 60.81
67.61 67.45 73.18 75.3 76.04
77.28 77.23 80.87 78.54 77.09
66.11
