43.57 34.5 34.45 39.57 41.33
40.93 38.43 37.73 40.36 37.44
35.44 36.74 45.63 34.91 37.59
44.29 40.25 40.92 49.74 49.72
51.77 47.81 47.55 49.15 54.25
59.21 68.59 78.38 84.33 87.36
90.34 90.22 92.42 90.4 90.52
85.13 78.91 71.19 74.11 77.41
86.51 88.38 89.58 91.23 87.89
87.93 84.68 84.11 77.23 73.38
67.38 67.23 69.31 66.98 60.1
58.48 55.06 52.42 44.73 45.53
44.73 42.2 42.39 41.98 41.51
37.54 33.73 33.99 34.39 38.56
32.68 34.1 37.18 38.87 43.37
40.77 41.04 44.5 37.6 43.24
43.4 41.21 39.62 45.9 34.29
39.44 34.29 36.49 36.33 40.41
34.88 38.85 38.09 36.5 39.3
36.54 34.6 31.26 37.82 34.37
37.31 38.52 30.26 39.81 33.04
32.39 35.64 33.97 30.61 31.76
31.48 30.38 30.18 31.37 31.41
51.49 32.92 33.52 35.56 32.41
33.59 34.6 32.99 34.71 38.02
48.63 39.89 40.98 36.92 33.57
52.25 39.89 41.54 37.36 36.23
40.89 34.53 38.41 38.27 37.45
37.37 39.22 48.49 33.84 35.83
33.13 40.26 38.65 35.69 42
36.64 33.88 36.75 37.28 40.78
36.62 37.35 39.33 36.69 37.34
36.61 32.56 33.96 31.56 33.03
32.63 33.04 32.57 34.63 32.79
31.01 30.92 27.89 28.26 27.66
24.65 26.58 24.74 25.37 25.08
23.74 27.94 25.66 27.06 28.43
32.36 24.81 31.18 24.83 29.8
30.2 32.74 37.37 35.44 35.65
41.52 31.62 33.18 32.81 32.03
30.8 30.75 34.79 31.1 28.87
36.18 31.04 33.06 31.79 28.49
31.35 30.18 30.54 33.51 29.3
27.53 33.51 28.2 26.88 27.83
27.15 25.27 32.23 31.52 44.75
54.68 63.14 73.17 83.07 84.24
83.53 85.67 86.7 86.65 84.81
84.75 86.8 88.39 88.33 86.22
87.38 90.5 87.98 86.2 86.97
89.13 84.61 83.1 82.98 85.89
83.18 82.48 81.63 83.02 80.13
85.13 82.51 80.03 79.84 68.82
60.73 58.17 52.04 49.43 55.63
46.42 48.08 54.23 57.16 55.41
52.89 47.53 43.48 49.06 53.51
55.89 64.26 75.64 77.11 82.25
83.37 83 87.37 89.35 89.65
89.61 90.37 90.83 91.58 91.49
90.71 92.82 90.91 89.45 89.4
88.29 88.2 87.68 86.11 84.33
86.31 86.21 81.81 83.62 87.22
84.28 81.4 84 82.51 79.42
63.95 50.92 43.47 42.92 44.71
50.7 47.99 49.84 50.54 53.13
56.86 68.63 78.32 79.01 80.26
83.87 88.2 87.97 89.28 91.4
94.42 93.51 94.34 95.09 94.43
95.37 96.32 95.98 94.38 96.02
95.74 94.97 94.94 95.02 95.08
93.87 93.79 93.26 93.86 90.19
89.29 89.94 86.16 91.52 92.12
93.12 93.19 94.17 94.99 94.85
94.79 95.12 95.07 95.53 94.46
95.21 96.1 95.75 95.1 95.78
95.97 95.72 95.01 95.85 96.06
95.78 96.65 95.82 95.1 95.58
95.28 93.9 93.91 95.45 93.26
94.95 97.25 97.38 95.84 97.24
97.52 95.97 97.54 97.7 94.47
96.99 97.44 96.63 95.87 95.8
94.6 94.34 92.95 90.74 88.94
87.84 86.5 76.43 83.79 84.63
88.05 90.92 91.32 93.29 92.27
93.47 94.31 95.34 95.42 95.68
96.04 96.43 96.53 97.11 97.63
96.9 96.09 96.19 96.35 94.8
94.93 97.25 95.33 93.49 95.17
96.09 95.45 94.11 95.81 96.87
96.37 95.57 96.03 97.17 95.88
92.85 94.5 95.23 95.32 92.96
94.01 95.6 94.43 93.79 94.96
95.1 93.3 93.85 94.22 92.95
92.87 93.46 92.05 90.39 90.04
90.47 91.36 90.5 91.05 93.6
91.28 90.41 93.18 90.73 89.82
93.65 92.86 90.82 92.82 93.94
93.74 93.97 94.66 95.43 95.83
96.28 94.96 97.35 97.53 96.79
97.08 97.97 97.51 96.08 97.27
96.59 93.88 94.46 94.5 92.08
92.34 92.81 92.11 91.46 92.19
92.24 91.62 90.87 92.15 91.95
89.8 89.74 88.74 82.81 76.78
75.16 77.01 85.23 88.78 85.88
88.16 91.61 92.37 89.27 92.4
93.72 91.19 91.64 93.77 93.29
92.1 93.19 93.48 93.68 93.23
95.76 94.6 95.11 96.45 96.53
96.58 97.15 97.25 97.38 97.39
97.08 96.81 96.02 95.85 94.9
95.46 95.67 94 92.02 92.33
93.44 90.5 88.54 91.4 91.5
87.89 88.8 91.17 89.86 87.23
85.46 85.08 83.24 76.9 70.16
67.62 70.8 69.27 79.19 70.7
64.14 70.49 71.76 64.48 64.66
65.58 59.76 60.58 56.96 52.61
52.55 53.41 54.81 62.28 65.15
69.39 71.42 77.52 80.9 79.99
83.72 88.59 88.91 91.31 92.98
94.47 94.42 94.86 96.14 95.33
96.02 96.14 96.28 96.11 95.34
96.69 96.8 96.86 96.38 97.25
96.24 95.76 96.37 96.63 96.53
94.02 94.39 93.94 94.43 93.46
92.23 93.71 93.69 91.21 91.25
92.64 92.23 89.28 89.74 91.82
90.5 86.11 87.74 92.77 90.02
86.33 91.53 94.26 91 90.38
94.76 94.28 92.96 94.54 94.85
95.42 95.11 96.21 94.42 92.92
93.53 95.28 94.62 93.12 94.41
94.87 92.7 93.6 94.33 94.34
93.76 94.39 95.7 94.92 96.4
94.97 96.4 94.31 96.29 94.39
95.8 94.58 95.66 92.83 92.98
91.65 90.85 88.74 88.07 86.23
85.37 81.87 82.44 80.5 74.76
64.55 60.69 59.33 57.5 52.1
59.11 48.36 52.4 42.2 45.18
50.36 46.69 44.68 39.32 43.22
45.26 41.46 46.11 41.09 44.69
42.41 43.69 42.22 47.11 38.85
39.17 37.35 36.06 37.37 35.91
30.15 37.28 34.24 36.01 39.37
32.4 33.57 39.89 35.9 38.58
35.66 33.56 39.22 35.31 38.3
36.91 37.83 38.18 37.85 36.97
37.26 40.85 38.04 38.03 31.17
34.22 32.74 37.16 29.38 33.99
28.31 36.15 30.41 32.88 30.49
28.36 32.51 30.6 32.46 29.06
30.25 29.26 30.93 26.75 32.13
35.72 32.22 30.44 32.33 36.63
36.26 34.44 33.52 30.42 27.37
29.16 28.94 35.59 28.95 33.05
36.23 30.72 30.69 33.29 31.43
34.31 32.58 27.59 32.52 30.27
32.54 36.11 37.37 36.27 32.96
29.44 38.05 36.28 39.85 43.95
35.06 46.79 49.79 45.63 55.83
61.44 58 67.8 70.32 62.18
69.4 77.09 74.08 73.47 77.45
75.27 73.1 75.96 75.51 71.02
73.43 72.7 67.95 69.66 63.37
59.69 57.34 50.25 39.54 46.65
39.41 39.04 39.77 42.92 38.05
36.21 38.09 40.13 37.25 35.97
36.22 35.84 32.65 40.87 32.31
36.46 32.02 39.66 37.16 38.49
36.54 38.08 33.84 37.38 36.18
32.68 39.55 34.44 38.97 38.19
40.11 39.41 37.19 40.65 47.99
59.4 55.82 54.1 58.67 60.57
56.41 56.8 56.24 60.97 44.78
42.15 36.97 36.13 31.79 35.41
31.45 40.2 31.88 38.67 36.7
47.67 37.61 54.78 67.96 79.11
80.89 79.49 82.11 78.23 81.23
80.49 83 81.75 81.41 81.89
78.38 74.57 65.11 72.89 64.88
68.61 62.81 50.5 52.84 47.52
49.44 45.43 50.31 54.66 48.57
41.75 53.93 48.88 53.41 60.53
64.15 71.48 70.74 79.32 72.95
75.65 75.65 75.73 69.04 77.6
74.64 70.67 70.02 67.4 57.38
67.41 69.04 48.89 50.07 52.05
45.18 43.4 44.92 47.44 42.59
40.89 44.76 48.2 42.8 45.82
48.57 48.14 63.15 78.06 85.53
86.92 86.33 87.44 88.16 87.69
90.24 89.22 87.64 88.49 88.42
86.2 85.69 86.08 81.47 72.94
71.5 61.3 54.83 50.89 43.31
39.94 40.47 38.38 31.31 30.35
34.24 28.52 30.21 29.27 30.09
37.47 30.7 31.96
