60.87 85.18 88.07 90.17 88.64
88.97 91.07 91.28 90.6 90.91
91.86 92.72 92.49 93.85 95.32
94.62 94.82 96.19 96.52 96.95
96.38 96.97 97.63 97.32 96.43
97.17 96.88 96.21 95.72 95.67
95.93 95.13 96.21 95.3 92.99
89.06 89.23 95.21 95.25 97.3
97.46 98.38 98.72 98.72 98.5
98.31 98.25 97.91 97 97.16
97.47 97.85 97.86 97.86 98.37
98.43 98.61 98.37 98.52 98.79
98.59 98.53 98.68 98.53 98.36
97.3 97.43 98.39 98.41 98.69
98.79 98.63 98.7 98.54 98.69
98.62 98.46 98.65 98.31 98.53
98.18 98.69 98.8 98.82 98.78
98.32 97.34 97.3 97.52 98.45
98.16 98.24 97.05 96.9 97.53
97.28 97.83 98.28 98.15 98.54
98.43 98.1 98.29 98.54 98.68
98.69 98.13 98.37 98.47 97.9
97.81 98.13 97.27 96.18 96.63
96.68 95.48 93.72 90.29 92.28
90.99 86.23 87.02 92.86 94.63
94.92 95.26 93.86 94.7 96.94
96.9 97.93 98.48 98.59 98.84
98.85 98.69 98.76 98.83 98.74
98.59 98.64 98.48 98.12 97.82
98.45 98.54 98.76 98.51 98.72
98.34 98.14 95.95 94.98 97.23
97.45 98.3 98.34 98.61 98.67
98.72 98.65 98.76 98.73 98.7
98.79 98.73 98.58 98.55 98.55
98.2 97.83 98.01 96.69 97.71
98.44 98.34 98.12 92.07 96.04
94.94 97.74 97.61 97.92 97.98
97.98 98.02 98.49 98.49 97.89
98.15 98.54 98.19 97.14 97.06
97.7 96.96 97.23 96.55 98.03
97.75 97.09 97.61 97.91 98.21
97.82 98.2 98.11 97.98 98.04
98.37 98.09 96.81 96.05 96.9
97.42 98.18 97.78 97.44 97.5
97.05 97.45 95.37 97.24 97.05
97.85 97.99 97.64 97.62 96.54
97.18 95.96 93.98 93.36 89.67
88.16 86.66 85.83 84.84 80.13
75.7 78.86 86.66 87.82 92.21
92.32 94.07 93.27 92.39 95.02
95.97 95.52 95.82 96.66 96.47
97.33 96.81 97.09 97.42 97.92
97.59 97.85 97.69 98.26 98.4
98.21 98.38 98.24 97.62 97.48
97.59 97.32 98.12 98.24 98.45
98.51 98.46 96.76 97.39 98.03
97.4 95.64 96.02 95.92 97.04
97.87 97.24 97.18 98.11 97.54
96.71 97.53 97.05 98.12 97.67
98.19 98.61 98.64 98.56 98.36
98.2 98.24 98.16 97.72 98.24
97.56 97.11 97.42 96.44 93.75
89.58 83.77 69.18 56.02
