60.77 78.08 87.23 90.63 90.22
89.08 93.28 94.73 92.83 93.29
96.28 96.98 95.51 96.43 97.65
97.72 96.39 97.87 98.15 97.58
97.52 97.97 97.02 95.28 95.36
95.61 93.41 92.11 92.31 90.59
85.5 78.12 69.74 67.62 60.76
61.04 62.62 71.8 76.82 80.93
86.81 87.11 88.19 91.41 92.75
92.65 94.85 95.76 95.25 96.75
97.5 97.33 96.69 98.06 97.82
96.47 97.41 97.96 96.37 95.19
96.49 96.45 93.73 93.9 95.77
95.13 91.67 91.49 88.78 91.67
94.7 94.58 94.93 94.68 94.43
95.4 92.33 88.54 91.54 94.25
95.6 94.52 91.72 93.05 89.95
92.79 94.78 93.93 92.73 95.51
96.65 95.34 96.48 98.01 98.32
97.67 98.29 98.29 97.99 97.47
97.39 96.82 95.15 95.59 94.92
92.96 89.69 90.77 89.46 81.14
86.2 87.67 90.18 87.95 91.9
95.07 95.2 96.08 97.71 97.92
97.47 98.16 98.26 98.28 97.67
98.01 97.95 96.05 95.59 96.14
94.21 90.13 92.74 91.56 86.01
86.17 88.2 87.41 89.38 92.87
93.61 95.3 94.24 94.85 95.92
95.71 95.12 95.36 97.37 96.25
96.31 96.06 97.25 97.44 97.66
97.43 97.52 97.97 97.67 97.27
97.32 97.78 97.68 96.38 96.16
94.26 94.24 90.57 88.59 94.21
95.06 97.18 97.47 96.94 98.08
98.22 97.69 98.27 98.53 98.43
97.92 98.56 98.66 97.86 97.92
98.34 98.16 96.76 97.34 97.13
95.61 94.72 94.81 94.86 93.63
92.62 91.03 86.54 88.89 84
87.12 89.89 90.78 93.53 93.81
92.9 91.79 94.24 94.31 97.2
96.82 96.36 97.2 98.04 97.37
98 98.22 98.46 98.58 98.45
98.71 98.59 98.62 98.66 98.66
98.68 98.55 98.59 98.61 98.61
98.43 98.51 98.33 97.88 97.46
97.15 95.65 94.5 94.68 92.75
89.83 88.18 89.31 84.55 80.58
79.6 75.27 69.56 65 66.24
63.08 65.69 65.56 60.16 64.75
59.3 66.86 68.04 68.07 69.26
70.23 65.45 64.9 60.96 62.33
63.19 66.01 63.7 62.78 65.47
60.46 60.03 59.06 59.99 48.74
