40.76 40.81 39.02 38.7 44.5
39.2 40.11 31.77 32.88 34.8
31.16 32.56 35.46 31.5 35.57
30.2 28.2 31.61 31.51 35.69
30.94 34.28 28.92 30.17 30.5
31.71 29.02 33.05 30.59 30.74
34.91 33.06 31.06 34.03 32.77
33.92 32.27 29.32 29.52 34.51
31.49 27.5 33.81 32.97 35.86
32.54 34.49 33.1 30.81 33.67
28.02 34.51 25.72 29.26 32.32
25.4 38.84 35.28 29.61 32.05
24.52 35.15 28.79 34.6 33.35
39.5 32.79 35.52 40.35 40.55
45.3 41.41 41.31 49.19 45.88
46.47 47.01 50.72 52.22 66.8
50.64 68.56 57.87 63.49 65.69
55.07 46.61 53.13 48.26 50.1
51.44 40.96 42.54 39.43 41.87
39.25 36.74 41.71 38.06 41.57
36.29 34.23 32.56 33.58 37.6
28.54 34.56 30.85 36.69 37.64
31.65 31.24 35.65 37.62 39.17
45.52 44.36 46.58 44.56 41.15
45.25 42.25 37.22 41.16 34.8
35.26 31.96 29.96 41.62 34.74
37.02 36.79 38.21 34.01 39.32
37.48 40.22 44.4 46.77 47.88
53.37 58.21 58.27 65.97 75.99
75.17 77.8 78.95 83.81 80.11
83.52 76.96 80.53 79.05 77.46
75.67 77.53 75.45 71.71 72.78
67.03 65.91 64.77 65.22 67.73
69.04 69.48 72.75 71.55 69.7
69.32 66.65 67.92 64.27 57.98
52.38 54.18 56.03 50.85 48.33
48.31 52.53 52.07 50.11 50.47
55.44 57.4 61.93 62.84 65.79
70.77 73.05 68.98 72.9 75.48
76.18 74.98 75.18 69.9 66.1
67.39 63.08 56.79 54.82 51.38
45.9 49.39 49.98 52.73 52.92
52.95 62.3 64.8 65.33 66.62
65.87 68.18 67.37 73.33 71.48
73.72 73.36 74.33 70.84 65.17
70.59 62.51 68.39 66.29 62.44
62.89 58.49 57.46 51.07 48.03
45.54 36.23 30.56 33.52 30.73
30.23 35.14 37.14 33.36 29.3
30.93 31.08 41.63 33.4 37.09
38.3 34.63 32.75 37.97 36.99
36.66 38.36 38.14 32.68 35.97
39.55 40.88 44.69 46.53 41.42
45.25 47.43 45.69 51.43 52.54
43.87 49.69 50.99 51.61 49.13
50.71 50.32 52.39 49.35 55.15
51.91 51.95 49.43 48.77 46.59
45.6 38.76 47.46 47.72 47.96
44.64 43.04 42.47 41.92 39.14
40.36 40.12 30.91 35.54 39.31
41.76 39.94 40.67 41.45 41.93
50 48.23 57.83 56.27 56.23
59.98 53.74 64.48 65.55 60.89
61.41 62.11 60.12 58.34 57.61
56.52 50.91 47.69 42.98 44.12
