67.62 79.76 84.52 86.8 87.49
90.57 89.04 89.77 89.42 93.59
91.18 90.88 89.59 88.19 86.77
84.54 75.28 71.86 65.37 57.07
54.67 53.66 56.56 50.81 52.3
54.46 54.16 54.49 52.23 54
45.8 51.54 44.08 46.97 35.78
36.96 47.8 41.69 43.89 42.95
43.9 45.42 48.56 48.12 42.91
39.68 46.43 46.03 43.67 54.63
54.64 64.76 62.12 52.85 48.11
49.48 55.32 54.15 51.51 49.25
51.23 51.95 49.52 53.74 52.34
55.23 59.55 56 55.25 47.3
54.36 42.17 46.22 45.26 42.86
41.28 43.43 34.38 41.01 40.36
39.56 45.1 42.88 44.29 52.47
44.75 44.58 46.33 44.16 50.81
45.14 43.26 47.46 51.36 55.9
53.69 52.82 55.97 59.5 52.67
52.52 59.88 70.6 73.79 84.44
84.59 85.47 86.57 88.48 88.01
82.44 87.9 87.73 87.2 83.25
79.5 78.2 77.32 71.71 64.75
60.56 62.03 57.95 59.46 60.73
65.77 63.55 65.15 68.47 68.45
67.97 69.31 66.72 66.39 68.95
66.16 68.19 67.46 71.28 75.67
82.06 79.03 81.08 83.9 83.26
78.46 79.96 80.53 77.42 82.23
78.25
