36.16 34.36 34.57 36.55 35.77
39.21 37.72 31.03 32.09 31.34
35.82 30.2 30.52 38.21 30.18
31.59 34.25 30.21 37.41 33.01
34.86 34.73 43.47 48.66 59.58
68.94 78.5 85.23 91.43 94.33
96.68 95.96 95.69 95.54 97.16
95.61 94.91 96.58 96.92 97.17
96.47 97.2 98.14 98.47 98.73
98.64 97.89 96.06 94.31 94.97
97.25 97.03 95.86 95.84 97.64
96.99 95.16 94.37 95.98 92.92
95.66 95.56 92.52 90.66 88.23
90.85 93.25 94.18 93.78 95.61
96.28 95.74 95.98 96.47 96.3
96.07 95.6 95.32 95.02 94.3
93.17 93.87 94.31 94.18 95.54
94.59 94.97 95.79 94.88 94.96
94.48 94.5 93.31 91.25 89.83
88.65 74.23 68.86 80.02 84.19
81.59 85.03 89.95 90.13 88.96
90.68 92.63 91.09 88.85 90.13
90.37 86.96 77.4 68.34 62.53
63.65 62.31 62.67 67.36 77.4
86.34 91.41 92.61 93.41 94.44
95.92 95.16 95.96 95.92 96.14
96.14 94.49 94.34 96.39 95.41
96.29 97.12 97.67 96.88 96.06
91.91 95.74 97.55 96.86 97.36
98.37 98.2 98.24 98.39 98.17
97.53 97.86 97.67 96.46 95.94
95.95 97.97 98.57 98.7 98.33
97.54 93.47 95.04 95.62 97.37
97.52 98.25 98.4 98.27 98.03
98.26 98.1 97.68 96.71 96.83
97.29 96.6 95.67 97.85 97.65
98.25 97.83 96.33 95.62 92.45
93.09 94.14 96.32 97.25 97.18
97.72 98.02 98.11 97.21 97.43
96.75 96.76 94.84 89.86 96.06
98.31 98.65 98.45 97.88 95.42
93.64 95.48 96.42 95.56 94.97
94.73 92.21 88.97 91.61 92.69
84.81 83.81 83.27 79.31 83.88
84.35 87.42 89.65 88.84 90.67
89.5 92.33 93.94 93.47 96.25
95.83 94.12 94.45 96.25 95.11
92.88 94.02 95.48 95.33 93.6
93.4 96.12 97.37 98.02 98.5
98.4 97.95 96 94.11 83.12
84.37 87.98 89.07 88.25 88.56
89.08 90.67 92.53 91.36 90.67
91.46 92.53 87.11 85.29 76.42
80.33 77.21 78.64 79.97 76.11
82.43 91.31 94.43 96.88 98.09
97.98 97.79 96.17 94.72 88.11
84.76 90.47 90.38 94.04 91.21
91.87 93.24 93.89 93.46 93.56
93.62 92.77 93.64 91.63 87.11
90.32 92.79 95.18 95.87 96.24
96.53 95.96 96.06 95.02 93.22
93.95 93.32 93.5 94.87 96.27
96.06 95.8 97.33 97.81 97.22
96.96 97.85 97.62 96.34 96.11
96.83 90.94 83.98 67.58 56.15
54.07 48.28 43.16 37.11 37.44
38.08 35.17 32.66 31.67 32.52
33.57 30.89 35.19 33.16 32.13
31.92 37.43 37.95 34.43 37.6
37.48 40.94 40.32 38.4 46.54
50.24
