43.57 47.85 52.54 40.2 40.41
47.57 35.63 38.81 37.26 46.93
38.3 35.61 45.18 36.59 42.22
38.93 43.82 39.57 36.97 42.4
34.7 37.55 31.13 35.52 32.3
37.57 30.95 39.74 31.98 37.12
40.19 36.26 43.04 46.66 50.34
62.35 59.98 70.12 56.45 69.64
67.96 60.43 69.57 57.75 62.33
62.34 58.24 65.16 53.64 45.49
54.44 48.75 51.63 47.62 41.3
49.14 44.72 34.1 40.48 31.75
37.94 33.03 31.39 34.63 27.65
31 27.49 27.78 27.74 30.3
27.56 38.15 25.67 33.2 31.89
33.72 31.64 32.67 34.3 30.22
30.99 37.93 38.07 39.99 42.99
41.34 36.9 49.8 40.37 36.91
39.54 38.52 48.23 34.38 36.63
35.29 32.83 31.28 32.8 31.08
34.69 32.04 33.16 34.07 29.63
34.09 33.22 32 34.72 34.26
41.49 36.06 33.29 33.14 38.68
29 42.73 47.54 31.97 38.96
35.89 33.34 29.84 33.69 35.13
46.14 36.25 37.46 36.65 45.91
41.04 29.12 39.69 36.21 42.08
48.21 37.57 40.24 34.43 36.47
38.29 34.49 44.39 27.39 30.18
40.57 38.33 40.79 39.2 47.33
48.43 52.04 60.53 68.66 76.89
80.54 84.96 87.7 89.3 86.45
86.07 88.77 86.93 89.16 90.19
86.45 87.28 84.32 85.46 87.13
85.32 84.89 85.31 86.07 86.1
86.3 88.19 91.34 90.85 90.85
90.27 90.19 88.14 87.37 89.05
88.31 90.79 90.66 93.36 93.35
92.92 92.83 94.03 96.01 94.69
94.55 94.03 95.95 95.53 95.03
93.64 93.68 93.61 91.54 91.85
90.59 89.62 87.04 85.86 82.08
77.2 64.5 68.18 67.52 65.59
63.4 64.2 72.74 72.32 81.38
82.95 83.62 84.12 85.13 82.32
80.4 72.11 68.02 69.81 74.25
83.82 86.47 86.82 88.22 90.94
92.22 91.36 92.51 93.35 94.88
94.05 94.49 94.67 94.7 93.47
93.77 94.74 94.54 94.03 94.9
95.22 93.28 96.12 95.44 94.38
95.04 95.24 95.46 94.25 95.7
93.38 93.55 91.35 91.01 90.88
90.7 87.52 87.99 85.95 86.89
82.84 86.81 87.86 85.31 86.95
83.77 73.71 72.26 73.67 80.43
83.67 83.41 81.58 80.14 74.9
64.78 54.99 49.56 47.1 43.61
43.45 43.13 43.76 49.56 52.81
52.39 51.31 54.42 64.22
