38.96 37.05 44.76 50.21 51.65
56.8 60.44 59.54 61.61 62.72
61.15 61.1 59.9 59.96 57.6
56.47 53.53 52.21 44.12 44.7
45.53 48.05 50.84 63.32 61.78
61.67 67.78 75.15 72.62 77.77
81.67 81.57 80.1 83.18 82.03
82.2 83.61 81.42 83.17 81.51
80.36 85.15 85.21 88.15 84.96
85.83 88.31 86.22 84.01 83.49
84.6 81.87 79.56 78.61 72.26
68.44 69.19 65.92 64.61 59.44
51.33 50.07 42.99 43.97 41.91
43.31 42.19 41.81 51.21 53.22
57.04 60.68 64.19 73.02 74.72
81.31 84.03 83.3 83.4 84.5
88.02 84.68 84.01 86.12 83.21
85.98 82.49 75.04 76.73 81.25
82.41 83.25 83.64 79.11 78.42
82.9 84.11 81.61 85.32 85.76
85.19 84.12 83.41 82.45 82.45
82.48 78.46 76.27 72.74 68.64
66.09 64.92 63.09 60.84 50.26
46.15 41.18 35.86 41.63 48.14
52.21 67.1 77.26 85.14 87.06
88.81 90.14 92.49 95.05 94.54
94.1 95.5 96.3 95.99 95.44
95.95 94.96 93.41 92.91 91.42
88.45 81.81 73.93 80.23 74.95
65.11 64.8 73.51 70.94 69.42
75.07 74.34 71.44 71.66 81.87
79.18 83.24 83.61 82.73 86.91
86.88 86.32 89.22 91.98 90.74
90.81 94.01 94.74 93.84 95.01
95.92 95.82 94.86 96.13 95.95
95.29 95.81 94.74 92.57 91.37
93.25 93.71 89.68 87.42 90.54
87.5 79.6 79.4 70.04 69.16
66.76 67.62 73.13 78.51 87.29
88.93 89.51 91.68 92.94 94.91
95.12 95.51 95.02 95.75 96.15
93.8 95.27 95.36 94.16 92.03
92.68 92.78 90.53 88.69 88.21
89.11 85.9 83.72 86 84.72
76.85 67.57 63.32 59.93 57.51
47.88 44.83 43.68 38.5 40.14
39.63 35.52 34.6 36.45 35.73
35.51 32.06 31.14 33.86 32.23
28.32 32.31 31.36 27.91 29.07
26.68 28.4 28.68 25.88 26.32
28.16 25.27 28.11 30.8 31.3
35.37 44.94 41.54 43.48 40.07
38.08 42.82 43.2 40.66 34.28
29.34 28.83 26.33 29.43 26.03
32.39 30.03 29.01 31.28 24.28
30.85 30.08 25.98 30.58 28.71
27.51 29.94 27.21 33.04 32.17
39.56 30.66 31.32 32.14 40.43
42.06 48.76 44.77 55.57 57.06
55.45 60.85 57.5 56.67 63.8
66.77 77.47 74.86 78.95 82.28
81.86 81.91 85.83 89.18 88.06
89.03 91.84 91.71 91.36 93.54
95.14 94.33 95.28 96.78 96.17
95.87 96.11 95.31 93.13 92.28
92.14 89.58 83.61 85.84 87.3
86.43 86.11 92.49 91.39 91.36
93.83 95.21 92.64 93.3 94.77
93.54 91.07 90.81 89.6 85.48
83.65 85.4 85.56 82.62 80.38
82.43 83.85 78.96 78.77 82.49
81.97 78.83 79.63 76.5 80.37
85.27 84.61 85.34 86.62 84.9
85.12 87.6 87.88 87.26 88.94
90.26 91.08 91.64 93.05 95.18
96.08 97.14 96.98 97.22 97.45
96.64 95.4 95.35 94.19 92.5
89.61 85.02 83.64 79.97 81.51
77.91 83.72 87.67 89.95 92.98
93.03 93.65 93.4 94.49 94.69
94.81 92.63 94.6 94.3 93.34
90.43 93 92.18 89.9 85.9
87.06 88.14 86.39 76.98 83.04
83.17 77.64 70.66 71.48 68.72
67.49 66.04 66.66 69.76 78.18
81.41 83.97 84.37 86.31 88.98
90.27 90.02 91.39 93.55 93.35
93.18 94.76 96.11 95.38 95.32
96.73 96.4 95.24 96.04 95.15
93.29 93.52 92.46 90.83 87.8
85.86 83.97 81.13 69.89 57.01
55.41 54.95 41.77 47.69 31.62
