38.44 38.18 43.61 40.24 39.94
38.26 39.35 36.55 34.85 36.16
33.64 34.16 30.12 32.62 33.63
32.43 34.69 32.13 31.99 37.76
36.2 35.62 30.77 33.66 33.81
29.08 31.1 35.13 28.99 28.06
32.42 32.69 37.9 36.46 40.12
48.22 55.01 60.31 63.33 67.31
65.39 69.56 78.18 84.65 88.32
91 91.85 91.48 90.57 87.94
85.63 87.06 88.6 85.44 83.79
74.62 68.47 64.17 55.62 56.05
54.82 56.62 57.96 64.8 59.68
62.56 57.66 58.35 57.56 61.5
56.85 55.81 51.66 53.31 59.45
53.36 48.36 44.86 43.19 41
45.13 44.3 54.5 59.06 67.99
68.62 76.83 84.6 85.8 83.47
87.09 88.48 90.26 90.63 92.16
91.79 90.81 89.3 91.65 94.05
95.02 95.08 94.46 93.44 89.35
85.09 84.73 78.79 83.81 83.51
88.44 85.79 85.66 89.7 90.67
85.84 87.82 88.62 85.95 79.77
73.36 62.2 58.45 61.52 66.94
78.28 81.31 80.03 82.24 82.06
86.5 89.88 90.74 90.12 87.59
83.69 87.38 86.53 81.67 81.97
78.87 79.33 83.61 84.43 81.08
80.99 84.78 89.97 90.52 90.79
91.58 87.67 84.78 80.62 79.83
80.45 87.8 87.97 88.06 89.66
92.05 94.15 95.05 95.91 94.81
94.33 94.72 94.02 91.92 91.97
91.81 90.6 87.8 86.36 87.11
82.95 78.65 82.46 84.1 89.7
89.28 92 91.61 91.61 93.49
92.89 90.85 94.02 94.28 91.27
91.9 93.42 91.44 87.37 89.94
89.89 91.94 92.38 91.39 92.46
93.56 94.2 94.14 93.13 92.28
89.27 84.14 80.91 80.64 82.24
87.39 90.17 92.3 89.72 86.47
87.63 91.22 91.27 91.09 92.34
94.09 92.66 92.85 92.82 92.73
91.37 91.09 90.62 86.28 86.84
88.79 88.17 93.03 93.94 94.92
94.71 92.3 90.96 92.02 91.15
87.34 83.73 87.97 89.54 88.26
90.14 89.77 92.19 92.55 91.13
91.91 93.79 92.64 90.72 92.7
92.56 89.84 89.72 91.25 89.39
86.8 88.58 91.24 93.2 95
95.32 95.4 94.31 91.66 83.85
83.09 87.8 89.5 90.47 91.34
92.82 92.54 91.42 92.01 93.02
92.6 93.62 93.85 93.33 93.1
90.83 88.84 84.8 83.53 88.27
90.79 91.34 91.65 91.02 90.49
91.32 89.82 89.04 90.12 90.36
91.55 90.9 89.83 91.74 91.93
89.56 88.65 90.46 90.69 92.61
90.59 92.09 87.42 87.07 90.36
91.3 91.2 90.14 91.15 92.54
92.48 91.46 89.82 90.27 89.19
88.45 86.49 85.7 85.34 87.5
89.6 88.91 90.74 88.16 89.14
90.05 90.71 89.11 88 90.05
89.44 88.05 87.75 90.3 89.5
87.11 87.4 87.13 85.05 81.87
82.26 79.41 74.99 63.35 60.31
65.96 59.18 61.33 60.88 63.41
54.15 53.75 44.68 39.65 32.89
29.44 27.75 29 27.58 26.72
27.84 23.95 23.92 26.32 23.89
25.96 25.53 27.71 25.95 26.64
28.65 26.35 27.25 24.56 24.25
27.79 33.72 29.48 37.44 52.49
58.89 66.97 73.29 80.81 85.35
88.01 87.04 90.7 91.72 92.49
91.36 92.85 93.09 93.07 92.64
90.11 90.81 90.44 89.08 86.69
87.78 89.19 86.04 85.34 87.02
86.06 87.77 90.36 90.23 87.27
89.96 92.04 90.68 90.47 92.32
92.12 90.13 91.28 91.01 91.46
90.16 87.72 88.98 88.51 85.76
83.02 71.37 61.18 62.19 58.04
63.2 66.1 72.55 78.89 81.52
84.75 87.64 87.4 88.83 90.68
91.66 91.35 91.7 90.31 89.82
88.31 90.41 88.64 86.6 88.4
90.19 86.97 89.64 91.98 90.32
88.9 91.61 92.63 90.03 88.53
89.31 88.07 84.92 86.64 87.05
82.91 86.34 87.51 84.59 83.46
87.14 85.25 80.49 79.38 80.1
83.77 86.19 85.64 88.39 91.26
91.54 92.1 92.82 93.05 93.21
92.57 92.51 92.68 89.77 87.76
89.99 89.93 87.16 88.51 91.43
90.82 89.82 90.7 92 91.67
89.68 88.38 90.11 89.96 89.65
90.38 88.76 88.21 85.64 85.8
84.83 85.52 81.39 86.65 90.15
91.39 89.85 91.76 93.13 93.2
92.51 92.95 93.74 93.97 93.15
93.69 93.89 93.26 93.02 93.8
93.91 93.35 93.2 93.96 93.85
94.02 93.62 93.5 92.6 91.5
89.65 88.53 87.58 80.84 85.45
88.48 89.71 88.19 91.48 92.22
93.16 93.19 92.83 92.76 93.42
92.87 93.35 92.34 90.91 91.56
91.64 90.68 87.15 84.52 83.29
86.22 86.1 86.12 83.09 81
80.43 84.58 82.97 86.69 86.34
86.44 85.98 85.95 87.83 88.16
86.95 87.06 89.13 91.27 91.43
91.66 90.93 91.63 92.71 92.3
90.91 92.32 91.77 90.61 90.56
90.84 88.56 86.87 83.75 80.38
78.98 78.58 74.75 73.75 70.89
72.1 70.76 72.74 76.93 74.77
76.07 79.41 80.49 81.29 84.91
82.18 82.41 83.53 81.96 84.35
82.14 80.8 77.57 77.33 77.19
72.82 73.52 83.89 88.57 88.82
91.42 92.81 91.76 93.52 94.49
93.78 93.46 95.36 95.22 93.98
94.09 94.64 94.24 94.15 94.33
94.95 93.36 93.6 93.24 92.22
88.96 87.11 86.18 82.31 78.03
69.83 68.67 67.58 58.64 53.56
52.94 51.21 41.87
