47.58 43.38 47.01 49.95 45.03
47.2 49.19 56.37 51.95 45.21
53.66 48.84 43.86 41.05 43.8
44.27 46.37 50.42 58.52 63.49
82.83 91.69 95.84 97.07 97.87
98.4 97.59 97.75 98.45 98.72
98.75 98.82 98.78 98.8 98.77
98.73 98.73 98.59 98.37 98.52
98.6 98.39 98 98.37 98.49
97.46 98.22 93.89 96.15 97.82
97.48 98.33 98.68 98.6 98.61
98.73 98.85 98.76 98.68 98.81
98.86 98.69 98.78 98.85 98.8
98.73 98.72 98.66 98.5 97.9
97.94 97.66 96.67 95.76 94.6
94.57 92.47 90.52 90.17 94.92
95.86 94.96 95.04 96.62 96.79
97.74 97.86 97.5 98.05 98.47
98.5 98.57 98.67 98.75 98.81
98.82 98.81 98.83 98.86 98.87
98.83 98.77 98.88 98.84 98.76
98.82 98.83 98.69 98.26 98.57
98.38 98.79 98.69 98.65 98.73
98.6 98.68 98.57 98.48 98.3
97.95 98.14 97.3 95.33 94.77
94.5 93.07 91.3 92.29 92.94
94.07 91.86 90.16 92.48 90.79
91.81 88.51 88.52 89.4 89.14
85.6 86.97 87.56 85.79 79.31
58.47 56.25 53.21 53.54 49.71
51.22 50.11 50.4 47.41 47.65
47.4 43.46 36.31 40.52 48.35
38.55 44.78 40.71 49.71 42.13
45.01 46.66 34.36 58.73 58.3
