45.18 53.73 59.98 69.94 80.8
87.58 86.99 87.46 78.11 79.75
84.9 82.76 84.1 85.27 85.46
82.28 83.92 83.74 84.34 85.3
89.34 84.4 83.52 86.26 85.15
82.1 88.88 86.85 82.26 80.61
79.24 80.57 74.39 68.35 66.96
60.18 58.63 51.73 51.54 56.72
66.78 78.15 78.3 83.03 79.92
79.67 85.6 83.41 80.05 79
79.83 77.47 71.95 66.78 64.93
62.97 60.34 57.98 40.19 36.74
33.98 32.14 28.55 30.41 30.05
27.87 30.52 28.61 31.42 33.03
31.21 23.21 26.89 24.47 23.31
22.97 30.37 26.85 33.14 30.91
32.33 31.67 32.21 31 32.16
30.32 28.95 27.38 25.31 35.87
32.76 28.96 33.24 33.11 33.82
31.37 34.05 34.8 32.16 33.36
27.25 32.67 33.89 31.58 36.33
31.46 34.73 29.04 32.54 30.42
34 30.48 31.78 29.6 33.91
35.25 30.18 34.69 27.68 28.86
33.52 27.99 29.5 28.26 29.06
29.42 34.75 30.37 30.15 31.37
28.76 33.65 34.24 32.81 38.03
38 34.72 27.3 32.8 32.66
38.06 36.04 34.63 34.39 32.99
24.72 29.41 36.13 28.51 29.95
38.01 33.05 30.73 31.02 31.88
32.26 26.05 30.52 28.13 29.11
35.63 22.81 25.82 27.21 31.9
24.74 35.65 31.31 26.57 28.39
28.84 32.49 26.32 32.34 33.37
26.59 29.86 33.92 31.36 32.42
43.85 32.76 28.18 30.8 25.99
30.43 40.57 31.52 31 30.14
26.6 38.29 27.66 32.41 34.42
37.94 32.91 35.76 32.84 34.9
31.09 31.57 34.97 27.59 31.12
27.41 34.99 35.16 42.05 26.58
31.32 31.13 34.62 35.92 37.33
37.7 36.68 33.05 36.44 42.55
46.79 34.47 36.67 32.29 33.8
30.59 33.49 34.53 31.2 34.56
34.51 37.11 36.63 36.2 36.58
34.39 29.63 40.57 28.26 37.7
33.55 31.33 32.63 28.58 33.98
29.99 26.09 27.98 30.4 28.81
31.34 33.05 27.26 27.11 26.9
27.45 31.08 33.27 38.88 40.37
42.49 40.23 31.45 32.24 32.58
33.47 27.63 27.03 28.03 33.58
37.39 35.08 41.71 44.74 45.98
37.94 44.21 28.42 35.85 31.53
26.71 25.51 30.86 29.33 29.26
31.67 33.97 32.28 30.67 34.14
29.07 29.74 29.94 30.21 32.05
28.24 26.56 30.21 29.26 29.41
27.88 27.58 31.73 27.25 30.81
33.07 27.28 31.56 31.03 34.81
27.44 28.09 29.9 28.16 32.99
40.45 30.75 30.91 30.44 32.76
29.92 30.85 29.41 27.02 31.63
26.13 31.9 29.86 32.44 31.41
31.19 37.69 29.13 28.54 26.2
24.15 25.34 25.13 25.41 28.77
32.14 30.13 32.5 33.39 33.09
39.22 31.66 29.34 29.88 28.89
33.84 30.7 32.31 28.14 26.3
31.09 32.72 32.8 31.02 32.56
24.54 47.08 27.94 31.7 32.92
25.45 26.22 26.79 23.37 28.67
31.51 29.39 31.84 31.28 32.53
32.89 36.12 44.44 36.72 38.42
34.84 35.99 35.64 34.35 34.66
31.83 34.85 29.21 34.7 36.18
34.38 35.86 34.11 34.79 33.45
35.72 34.45 31.51 35.22 30.79
42.92 37.88 36.41 35.14 36.22
38.45 31.91 31.25 31.24 30.14
30.79 29.95 29.26 26.68 27.71
26.1 24.3 24.89 27.51 31.76
32.11 30.57 29.73 35.04 31.7
31.96 29.11 30.42 36.52 33.44
33.72 39.28 36.27 32.86 31.46
31.97 28.16 35.59 28.17 29.41
31.37 29.96 29.77 31.68 27.32
28.2 26.07 27.93 32.19 28.26
31.1 36.78 30.83 36.67 35.47
27.11 35.79 25.51 33.75 26.29
31.67 26.4 30.59 27.9 28.42
28.03 27.66 29.42 26.94 35.02
28.27 37.03 31.88 36.85 30.92
34.95 32.89 34.79 30.28 33.98
35.03 35.65 34.37 36.24 37.44
29.81 31.34 36.46 27.71 34.79
29.01 30.59 29.54 38.68 34.56
30.03 33.15 28.89 31.16 31.3
33.02 32.45 32.46 31.94 31.14
30.73 32.24 33.76 32.81 31.84
32.8 32.96 27.28 35.21 31.34
29.19 40.22 30.79 41.97 40.79
30.07 31.98 32.83 30.47 34.01
34.7 34.98 31.61 33.92 28.71
29.01 29.45 29.13 26.92 28.81
30.21 29.54 30.42 29.81 27.41
31.06 27.37 33.02 29.69 44.63
30.84 28.28 33.28 33.29 31.02
36.47 32.13 40.41 33.6 28.16
28.29 25.99 33.21 28.98 33.44
27.81 30.47 27.19 34.82 30.15
25.79 29.71 26.1 24.78 30.36
30.93 28.72 25.12 35.9 33.8
27.92 24.17 33.22 25.92 22.14
21.8 26.87 28.12 29.42 29.07
30.1 29.98 33.46 28.91 28
32.33 27.35 33.39 29.98 30.76
35.68 29.61 29.8 26.37 29.31
30.09 30.29 27.7 31.65 31.05
30.12 38.61 31.35 30.74 26.42
26.09 34.47 32.31 30.16 34.7
35.31 32.76 35.11 39.58 28.36
26.23 26.8 26.96 25.5 29.66
29.87 27.75 26.03 29.79 29.23
25.92 28.15 29.09 24.73 27.13
27.31 31.68 28.74 30.57 26.58
29.16 28.56 31.86 28.41 30.28
29.93 29.06 31.41 30.05 28.56
31.16 30.41 30.69 27.73 27.47
29.5 34.88 35.42 34.21 33.57
30.11 29.61 30.91 31.55 29.42
30.96 28.18 31.09 29.43 25.42
31.88 25.85 31.17 28.71 30.71
29.98 30.05 31.66 32.46 33.23
31.57 28.89 30.29 29.35 30.3
28.44 33.3 29.46 33.46 30.01
34.71 29.85 39.57 39.27 33.67
36.77 33.29 27.79 27.91 27.71
24.56 29.93 23.93 28.23 32
28.55 28.7 24.65 31.73 37.71
33.19 28.09 26.78 28.42 26.81
31.5 32.06 29.4 32.06 30.78
33.46 31.26 28.87 25.8 31.1
26.21 31.35 30.94 28.91 36.7
33.73 38.38 40.58 36.19 36.12
35.51 35.67 34.98 34.24 34.49
28.83 28.91 25.75 30.4 26.18
28.47 26.39 28.43 25.6 27.65
28.82 27.16 26.69 24.34 27.78
42.88 44.85 28.54 27.47 30.05
31.31 30.2 26.34 31.01 33.42
30.41 38.98 29.76 30.06 30.86
28.25 33.15 29.99 32.85 34.88
36.99 29.37 38.59 34.51 35.75
35.48 29.45 29.46 28 32.43
28.78 34.5 29.4 31.81 32.72
28.61 31.76 33.26 32.92 34.98
36.58 34.24 29.11 36.07 31.16
34.5 29.75 37.79 31.69 42.57
29.77 32.82 32.13 36.11 30.84
36.99 31.42 30.23 28.71 29.72
29.33 35.41 30.57 40.41 35.68
35.68 32.23 30.12 31.56 31.28
28.09 31.01 27.51 28.81 27.93
36.43 29.79 29.73 39.8 31.07
41.73 27.94 32.06 30.55 30.15
29.9 39.46 30.22 45.5 27.68
34.06 31.5 29.52 38.13 32.14
29.02 40.65 35.64 33.58 41.29
32.85 33.69 35.67 30.94 36.14
36.21 34.08 34.64 36.86 37.86
35.29 44.16 35.97 34.51 34.6
32.18 28.57 30.69 34.16 32.52
33.19 36.04 39.23 40.73 28.13
27.27 28.06 25.37 27.66 27.13
29.47 42.52 33.57 30.91 33.14
31.52 35.31 33.92 30.66 40.9
43.71 32.75 35.47 33.88 36.9
32.73 33.3 30.57 32.08 33.01
29.35 32.26 31.8 31.54 33.23
32.9 30.05 32.09 42.2 49.72
43.74 43.46 38.18 37.58 36.29
35.13 30.59 45.63 37.54 36.39
34.42 30.41 32.72 30.71 33.48
36.06 36.87 40.06 35.46 37.52
33.72 31.48 29.64 34.87 32.94
33.02 28.65 29.7 27.77 29.83
30.64 28.88 31.76 29.83 32.2
31.81 30.65 30.08 30.56 33.68
30.8 29.29 31.43 30.52 32.39
32.56 40.77 29.48 28.95 29.95
32.6 32.85 33.84 37.27 37.29
41.72 34.13 31.9 31.82 29.97
35.49 32.67 32.69 27.54 34.99
31.93 31.17 34.92 33.66 36.24
36.64 31.61 31.61 36.35 34.69
33.41 34.99 34.29 34.21 32.45
30.24 30.27 33.34 34.81 31.98
33.22 31.09 38.18 38.28 35.12
42.22 45.7 32.05 35.82 36.36
33.41 31.28 34.26 37.95 30.67
29.7 28.22 28.02 29.54 27.7
31.98 29.38 37.14 31.91 34.61
31.19 27.37 32.26 35.5 30.1
32.47 33.49 33.88 32.91 29.7
28.41 30.95 26.75 32.02 26.56
28.33 31.98 28.43 30.77 31.08
30.35 32.27 42.09 33.31 32.75
30.52 26.49 27.05 28.29 27.41
36.25 32.29 31.15 28.19 37.81
30.91 32.93 32.53 28.35 31.49
31.07 31.2 32.37 34.14 32.63
31.58 30.49 31.39 29.04 33.64
30.77 35.42 29.85 35.02 34.48
34.02 40.49 43.82 52.47 53.18
53.64 58.11 66.46 69.95 68.67
80.78 82.27 79.64 77.5 80.43
76.11 66.35 71.48 66.75 64.16
62.1 57.58 51.44 49.82 44.05
44.75 40.15 35.09 33.71 29.99
28.57 28.26 24.4 26.13 31.26
31.1 30.94 28.88 29.47 31.97
27.71 25.77 25.65 25.84 30.14
25.98 28.34 28.63 36.38 37.54
32.15 32.42 23.12 21.86 24.9
34.2 28.6 26.47 29.67 35.05
33.07 36.35 36.91 37.28 32.74
34.21 31.93 36.39 33.08 36.24
39.61 33.54 32.93 33.04 37.24
30.78 26.93 25.69 27.14 25.72
32.09 34.52 35.13 33.66 33.66
33.38 29.57 34.19 39.21 44.07
42.98 33.32 36.92 31.83 38.27
37.92 41.07 32.52 38.25 33.5
41.15 38.78 37.84 43.68 42.23
40.17 39.16 33.93 34.93 43.5
41.04 38.79 39.38 28.45 44.48
30.08 42.3 23.62 33.68 30.29
29.73 35.12 31.69 35.73 32.55
35.93 31.92 38.92 44.65 44.84
45.14 53.1 48.35 53.45 42.89
47.87 46.38 36.87 36.05 36.08
30.45 28.9 30.29 27.59 33.38
32.71 30.73 33.64 31.95 32.18
37.8 29.67 36.64 31.97 29.71
35.93 28.28 34.2 31.57 30.2
30.08 25.82 26.14 26.94 24.44
25.81 30.62 27.75 33.5 26.76
23.81 40.79 26.02 27.52 26.39
35.34 37.8 34.5 30.01 29.31
29.42 30.17 24.77 27.98 33.4
28.32 25.47 34.38 32.22 37.8
36.5 32.91 36.62 36.85 32.54
41.82 33.81 31.46 29.66 38.32
31.16 27.51 29.04 26.86 27.86
29.01 30.61 37.92 30.53 31.39
37.1 40.05 27.05 33.35 29.53
27.9 27.98 33.38 32.13 32.11
42.85 39.61 31.81 31.16 35.04
32.04 31.78 36.55 38.6 35.33
33.98 31.85 28.77 31.44 30.97
29.91 30.93 32.63 29.78 38.43
32.5 30.03 33.4 43.31 32.56
27.24 36.49 27.47 32.85 30.24
29.66 30.65 33.82 34 34.8
38.97 24.12 34.66 29.08 27.66
28.88 31.12 30.27 33.29 27.45
30.5 28.52 28.55 30.69 31.1
32.34 31.03 25.19 29.17 31.25
30.3 30.06 27.76 35.71 26.62
31.18 27.1 25.11 35.23 26.33
25.67 32.07 22.97 27.72 27.05
30.54 31.17 30.56 23.9 26.61
29.83 22.75 25.28 28.89 28.2
29.98 28.64 28.88 30.28 26.46
33.33 28.89 34.12 29.3 39.72
28.42 37.91 35.07 38.98 32.02
34.49 27.19 43.16 31.99 32.49
35.85 29.84 28.01 32.44 32.73
31.68 30.69 28.97 32.74 26.68
28.65 33.65 28.43 34.33 28.68
31.01 37.91 28.56 28.07 29.74
27.08 27.59 29.72 29.39 29.88
30.18 36.22 32.42 26.67 30.63
30.12 32.94 35.73 33.98 33.08
34.01 35.57 35.24 34.34 31.64
34.56 32.29 39.87 33.66 35.38
35.67 28.06 30.63 26.86 31.34
31.1 32.07 29.49 29.29 31.74
26.84 26.13 25.38 26.71 30.05
27.35 24.73 25.33 31.81 27.82
31.88 36.94 29.77 31.37 25.37
27.03 28.51 27.97 35.52 29.52
29.14 31.01 26.58 30.83 33.63
32.16 31.13 26.37 29.1 30.46
29.56 27.58 27.84 29.45 32.49
28.71 36.91 31.13 28.04 26.46
31.71 26.74 31.34 29.57 34.81
30.87 36.09 36.9 41.8 40.13
34.14 44 44.93 48.97 44.82
42.6 36.47 34.28 38.56 32.15
32.44 29.56 34.56 31.57 31.36
36.05 35.9 33.53 34.37 39.86
38.66 37.43 33.43 40.92 31.78
35.31 32.57 31.78 28.41 32.49
32.11 37.05 32.1 33.7 26.42
26.77 30.93 31.36 34.63 27.78
22.51 26.97 28.61 22.84 27.86
29.93 34.21 36.33 27.5 29.05
26.67 31.62 30.04 27.9 28.95
24.97 25.26 27.19 26.81 30.99
28.13 26.88 33.59 29.17 35.33
29.65 41.05 32.86 28.44 33.01
29.24 26.34 29.69 34.87 29.88
25.9 32.12 21.02 25.53 21.82
28.83 26.14 26.19 29.13 28.3
30.46 24.32 29.44 26.14 27.73
29.47 29.5 33.41 30.19 33.56
37.34 47.09 51.03 52.32 49.9
54.19 64.94 51.48 45.92 47.18
45.03 48.52 37.81 34.12 36.39
32.66 32 28.98 31.86 27.39
27.49 32.71 28.19 25.51 25.53
25.55 28.25 27.63 28.94 29.92
26.12 31.54 30.7 30.76 29.03
32.69 29.24 29.8 27.08 31.69
28.89 30.11 31.16 26.34 31.25
30.91 23.3 32.08 31.42 31.88
31.92 28.48 38.31 31.64 39.54
33.05 37.03 27.62 27.58 28.82
27.38 29.48 29.29 29.7 29.68
29.7 25.6 34.59 26.9 32.36
30.26 29.98 33.7 32.23 28.97
30.88 27.54 31.68 27.47 32.79
29.66 29.55 28.81 32.02 31.07
28.6 29.13 27.01 31.11 28.95
27.04 31.45 43.53 34.31 32.06
27.57 34.73 35.45 34.15 35.07
32.95 26.15 26.33 25.75 24.07
22.3 26.35 26.86 25.92 28.9
28.57 26.91 31 29.52 26.74
29.25 30.64 26.62 27.66 28.13
34.19 29.29 31.49 28.06 32.25
40.94 43.09 41.47 45.81 44
42.22 39.18 34.19 23.73 33.65
25.39 26.97 26.36 23.06 38.93
49.81 47.28 53.43 41.62 37.34
31.25 29.45 55.18 30.23 25.73
43.55 38.28 47.1 41.02 39.74
29.03 38.48 46.53 46.15 43.53
39.12 45.43 26.68 29.56 34.64
39.27 38.64 37.57 41.26 39.83
39.35 45.78 30.49 36.86 34.21
34.13 32.12 34.63 27.48 32.74
44.43 39.65 33.45 33.6 34.51
32.13 34.28 32.9 31.62 28.34
32.47 34.82 31.18 34.26 32.99
34.05 37.24 33.15 34.78 35.44
46.27 36.91 35.93 40.13 38.94
43.18 47.63 57.01 54.61 59.44
62.96 65.73 69.07 76.65 77.53
81.03 75.79 79.79 78.97 77.37
71.71 75.07 78.65 80.76 81.5
80.59 89.29 87.93 87.09 90.38
89 85.61 85.5 88.17 91.46
87.52 88.85 90.57 92.99 92.17
91.52 93.14 91.45 90.15 90.75
86.38 87.99 88.33 85.68 80.35
83.69 83.86 74.13 70.54 56.83
56.45 52.44 45.5 38.18 43.25
42.29 42.13 32.14 37.25 31.5
31.09 28.4 32.95 25 29.17
27.41 33.13 31.86 34.99 30.07
31.41 29.21 23 27.51 31.32
31.9 28.65 33.26 30.68 30.8
30.08 34.5 29.17 38.43 35.1
23.01 32.41 25.16 35.33 28.68
35.25 29.75 35.47 28.79 30.48
28.32 31.46 33.57 35.41 33.51
30.34 34.01 37.15 27.58 28.72
32.86 34.65 26.51 37.04 28.95
35.86 24.29 38.44 28.05 36.68
33.44 33.29 29.05 30.4 27.57
40.18 37.76 33.25 30.86 28.41
25.76 28.05 27.69 26.95 31.57
32.05 27.42 33.24 30.07 33.61
29.98 35.77 31.42 31.66 24.26
27.66 24.88 25.18 31.29 24.61
32.97 26.36 23.46 37.48 28.91
26.85 30.6 29.54 36.07 34.23
31.67 28.32 34.09 27.28 37.77
30.5 31.66 35.64 27.98 32.89
30.93 22.54 28.08 29.46 29.63
30.25 30.76 28.98 35.51 31.69
35.75 36.32 43.4 34.67 36.39
32.27 27.61 33.33 28.96 27.76
27.35 27.82 34.51 28.71 33.42
27.12 28.28 36.05 34.95 27.39
30.7 33.88 25.73 29.66 28.84
30.83 28 27.96 25.68 27.13
28.39 26.85 28.25 28.95 29.33
25.3 31.57 23.99 27.49 28.85
27.3 26.72 26.78 24.09 30.99
24.45 22.99 32.89 26.62 30.9
31.62 31.16 32.82 26.96 27.48
29.53 30.59 31.78 33.53 29.8
27.83 29.99 28.02 30.56 27.29
33.45 32.1 31.76 31.85 32.3
29.78 26.41 32.82 37.56 36.44
32.58 28.44 28.16 31.47 26.42
30.83 28.74 31.46 32.05 30.24
31.89 26.44 32.06 29.66 31.11
33.64 30.96 29.94 34.34 34.52
35.23 33.21 29.35 32.22 33.48
35.38 31.52 37.28 39.47 41.11
38.95 40.19 37.59 32.4 33.97
33.46 30.16 31.55 32.33 33.85
33.31 35.62 31.44 33.65 30.09
31.41 30.81 32.9 35.21 35.48
41.58 33.9 35.06 34.8 38.67
48.22 45.46 44.12 44.85 41.66
44.24 36.09 31.5 33.59 33.51
37.62 32.45 30.02 31.97 29.4
34.44 31.11 29.96 34.94 34.94
32.58 30.42 32.91 30.62 28.89
36.19 27.68 34.41 31.5 33.43
37.18 32.9 35.2 31.92 28.14
36.12 27.92 33.37 29.93 28.49
38.14 28.97 37.25 37.52 41
30.91 38.62 35.05 37.68 36.21
47.74 34.39 44.84 39.07 42.14
46.26 42.52 40.25 40.84 36.59
36.71 32.44 33.79 39.29 36.41
40.28 34.28 39.16 36.46 28.25
32.34 32.86 28.48 27.87 26.38
27.07 27.46 28.32 32.36 28.84
30.44 33.27 28.6 28.56 25.99
26.57 30.7 30.75 30.73 30.51
32.81 31.46 37.69 34.35 29.69
28.95 27.9 32.67 30.23 29.63
35.21 29.02 36.16 26.14 36.38
37.84 36.48 47.57 56.35 56.23
70.46 64.92 70.46 64.26 61.47
68.37 66.07 58.7 55.26 53.92
44.41 39.03 38.71 43.08 33.75
34.8 35.99 31.81 28.27 35.89
26.35 31.76 36.67 37.72 28.34
31.6 39.66 34.36 33.22 34.97
41.71 40.78 34.3 34.85 37.22
44.97 32.16 27.34 34.08 27.73
30.9 34.67 27.33 27.89 27.32
30.46 30.64 32.46 27.73 30.67
24.11 25.22 24.68 26.27 33.31
36.8 26.04 27.13 28.42 27.71
28.81 27.98 30.83 29.77 30.67
29.98 31.85 28.62 37.13 41.76
38.12 29.44 29.55 37.55 22.51
25.38 29.45 39.72 34.38 36.57
31.67 31.25 28.95 44.58 25.52
42.97 32.71 33.71 27.21 31.83
32.55 29.25 32.38 31.81 33.58
31.41 27.91 28.47 32.68 32.18
32.22 35.44 35.31 35.54 39.09
31.44 34.9 30.91 32.02 29.68
31.18 38.93 32.5 27.65 33.25
30.71 31.75 35.96 32.73 36.85
35.34 35.37 29.51 28.31 32.99
40.75 32.83 34.19 33.92 34.26
33.3 30.31 38.46 32.02
