67.16 77.66 79.96 82.25 88.17
94.56 96.45 97.23 97.48 96.83
97.51 97.2 96.66 93.85 93.87
95.12 97.18 97.58 97.91 96.99
96.82 94.91 92.8 94.27 95.35
97.26 97.31 97.87 96.75 92.98
89.93 81.74 82.57 87.01 91.62
93.42 94.69 93.18 95.57 97.21
97.72 98.29 98.37 98.18 97.66
96.83 96.56 93.82 94.42 94.76
94.96 95.4 95.76 96.75 97
97.7 98.03 98.32 98.5 98.17
98.02 96.78 95.53 97.49 97.6
98.17 98.31 98.14 97.58 95.7
90.74 86.19 88.89 86.94 89.27
92.86 93.82 97.04 96.75 98.03
97.17 96.98 96.54 97.15 97.86
96.72 95.61 96.43 96.24 94.06
90.7 84.79 89.45 87.72 93.94
95.21 96.75 97.81 98.19 98.49
98.07 97.55 95.6 92.38 89.25
90.73 92.39 96.29 96.7 96.74
97.97 97.33 97.47 96.79 96.12
96.18 94.55 94.4 96.16 96.53
97.58 96.44 96.31 95.04 93.2
94.35 94.09 95.26 96.25 97.15
97.82 96.09 96.31 94.88 92.96
79.47 64.18 61 61.66 66.27
74.97 70.79 80.05 89.64 94.06
94.82 95.54 95.04 97.76 97.56
95.7 94 94.69 93.26 84.15
