48.5 52.82 61.3 66.99 53.41
42.66 49.88 43.54 42.39 47.93
42.25 55.03 45.17 44.21 46.72
39 43.08 43.62 37.03 51.23
43.52 41.84 48.78 42.07 42.67
38.98 40.82 39.99 40.05 38.88
37.71 45.43 41.26 45.89 34.76
38.54 40.67 46.72 41.38 40.48
47.93 46.36 50.85 60.71 64.83
66.03 63.63 68.34 57.98 37.27
42.36 40.74 40.15 39.08 41.52
34.3 41.04 40.78 42.86 48.27
44.51 38.63 44.95 37.78 42.6
43.55 48.23 51.12 41.73 37.86
37.88 38.73 42.8 43.83 41.38
41.78 46.57 54 65.68 54.18
35.19 50.79 38.16 44.38 41.75
40.59 37.38 37.84 39.8 34.21
50.66 42.92 34.55 39.79 41.26
38.79 29.58 40.16 34.73 40.69
36.68 37.96 36.24 30.61 36.72
34.62 36.36 36.25 36.78 35.26
38.01 33.22 37.64 30.34 43.56
35.95 35.32 34.47 34.24 36.58
36.42 40.47 32.41 36.24 38.65
39.63 34.55 38.21 37.2 38.54
35.42 41.38 38.26 34.65 36.99
48.14 39.4 42.56 50.37 35.93
51.6 42.32 42.25 41.32 41.54
41.57 37.72 41.5 37.81 47.28
38.18 45.81 44.72 42.02 41.96
45.42 52.89 48.76 45.44 51.5
49.56 58.5 54.34 62.53 60.54
59.98 60.9 68.33 65.28 69
75.3 78.22 79.65 84.93 88.37
90.01 88.13 86.83 86.81 86.9
84.52 89.39 88.34 86.55 87.76
90.07 91.52 88.86 90.71 91.9
91.65 90.5 89.45 89.43 89.56
92.7 89.23 89.85 88.41 86.21
82.83 72.37 76.63 84.32 86.53
85.55 89.98 89.19 90.37 89.81
86.51 89.22 89.17 86.92 85.49
88.45 87.94 84.62 82.81 80
81.64 76.51 71.73 66.58 59.94
56.19 60.11 59.47 57.75 60.96
65.39 77.39 80.03 79.38 78.28
78.99 85.04 84.51 83.02 86.01
86.94 85.15 87.12 86.86 85.45
83.56 85.38 86.68 89.31 88.92
89.92 89.05 87.49 91.93 90.14
90 91.73 92.02 87.61 85.85
88.76 88.2 84.01 83.09 83.42
83.33 76.77 76.86 71.27 67.73
67.1 64.22 59.36 58.78 45.27
54.91 52.47 43.7 48.59 51.97
43.58 44.1 44.62 46.22 52.91
48.15 39.11 50.42 51.72 53.71
45.84 41.56 41.55 40.91 46.7
40.67 46.05 46.26 36.12 43.84
45.92 38.87 46.13 43.72 40.5
44.4 36.8 34.21 38.45 39.35
37.02 39.31 35.89 33.11 30.79
32.56 30.92 33.39 38.88 35.14
32.25 32.6 33.66 41.92 36.17
36.33 36.61 47.28 46.52 61.16
60.75 53.62 57.2 55.34 54.02
55.55 44.37 43.68 45.45 43.06
42.44 39.23 45.63 47.22 44.83
40.02 33.01 34.77 34.54 34.93
36.9 45.54 48.79 55.23 55.13
65.06 67.95 73.19 79.11 81.85
82.4 74.36 81.01 79.71 80.25
76.98 76.52 70.44 62.53 50.91
46.62 42.52 42.07 37.07 36.28
37.52 38.75 46.3 39.3 45.28
44.19 48.25 48.48 45.26 45.44
54.25 53.45 49.88 47.93 51.35
50.93 47.05 44.49 44.84 41.12
38.52 40.21 41 39.17 36.78
41.81 41.86 35.87 43.22 39.32
43.46 39.49 33.94 40.19 30.46
34.56 30.4 36.55 34.1 35.77
34.66 30.97 33.83 32.42 29.02
33.48 29.31 38.97 31.81 38.24
33.53 31.08 37.24 34.81 40.61
32.96 50.46 37.87 47.31 41.32
45.13 37.06 43.85 43.52 41.61
49.11 44.52 41.59 48.92 45.69
44.32 48.89 48.24 52.21 63.63
67.03 71.96 84.24 85.84 87.93
85.12 80.43 87.37 89.01 82.57
84.71 89.16 87.11 85.55 88.41
91.22 90.27 89.58 90.24 91.37
88.43 88.72 89.47 89.41 86.65
88.94 89.76 87.21 87.59 88.07
83.98 81.29 82.37 76.58 69.69
62.54 61.45 59.96 57.43 52.88
54.8 49.77 46.34 43.64 45.42
