41.13 47.83 61.7 57.52 59.59
52.46 51.37 53.78 54.77 53.39
53.87 53.3 52.11 49.28 48.23
46.4 43.94 46.03 38.38 35.85
37.59 33.64 32.73 36.34 37.84
34.43 34.37 41.44 38.03 38.21
33.29 34.32 38.55 34.19 33.06
31.81 33.94 37.52 34.6 37.24
38.84 36.1 37.96 36.4 34.1
35.29 38.19 30.03 32.62 32.67
34.89 36.1 36.7 35.8 40.87
34.01 38.53 32.58 32.99 30.02
40.44 32.85 39.87 38.23 33.06
38.5 35.81 39.61 36.92 34.66
40.89 36.32 37 46.1 38.77
41.46 39.2 39.04 41.36 39.72
42.31 37.68 33.49 39.87 35.25
33.84 39.06 29.99 36.48 33.73
34.65 34.68 38.23 38.61 38.08
39.12 39.87 38.56 32.62 35.12
32.94 30.01 33.99 24.5 31.19
30.29 30.85 30.99 34.15 34.22
39.08 36.75 37.58 36.59 42.06
37.09 43.79 36.26 36 38.12
38.71 44.62 39.21 38.9 36.97
40.64 36.19 36.3 38.53 39.22
34.97 34.99 30.51 32.75 29.25
34.98 33.37 31.48 32.46 31.71
36.06 31.32 42.88 39.35 45.59
51.02 52.41 51.9 51.07 53.89
52.09 56.8 55.51 46.32 47.17
52.25 46.93 36.66 44.91 39.11
33.91 34.98 35.67 33.76 35.6
33.61 32.14 31.89 33.93 34.99
31.09 36.24 34.59 36.39 40.01
35.43 38.86 36.99 35.77 37.49
34.13 38.68 35.14 42.68 37.44
36.74 39.85 35.51 40.08 38.74
31.99 35.1 34.67 30.15 37.01
32.58 36.21 35.95 33.08 36
32.88 35.98 28.62 35.9 30.12
40.69 32.81 30.81 37.01 34.74
33.88 44.49 37.89 36.53 35.77
45.65 38.33 41.46 38.69 35.42
37.82 32.8 36.46 36.91 38.33
36.4 32.12 35.37 34.96 33.58
34.41 34.14 30.94 35.53 34.25
33.59 31.55 34.81 34.46 37.33
33.57 29.07 36.53 33.8 32.72
33.13 36.07 32.76 32.91 34.76
39.48 35.25 35.44 37.64 36.15
38.85 38.43 36.4 38.85 33.38
35.95 32.6 30.09 34.1 29.69
44.91 36.01 34.1 33.73 30.56
31.78 28.48 30.96 28.61 32.39
32.94 26.71 27.84 28.64 32.84
33.02 29.58 31.6 27.25 30.11
32.77 26.85 31.39 29.15 31.93
27.08 32.76 29.34 32.67 27.6
29.1 29.67 32.68 28.93 30.28
34.78 27.81 27.58 28.48 35.4
34.76 41.84 40.31 59.2 61.17
62.38 69.65 79.75 82.51 83.03
84.03 86.34 86.55 87.4 88.38
89.56 90.05 90.67 91.12 91.32
92.4 92.88 92.61 90.1 88.81
83.39 83.37 81.18 76.17 68.97
60.15 61.89 58.78 61.07 68.97
77.38 84.6 83.85 84.94 88.41
90.12 91.7 91.02 91.27 92.15
93.41 92.9 92.98 94.32 95.25
95.04 95.38 95.88 95.47 95.41
94.42 95.74 94.25 93 93.07
93.7 92.75 90.6 90.7 91.21
89.07 87.31 87.86 86.06 88
87.96 90.01 90.96 89.21 90.32
91.77 93.16 94.24 91.91 91.92
92.98 93.6 94.58 94.97 93.8
94.97 96.18 96.25 95.64 95.99
95.66 97.19 95.65 95.65 95.25
94.98 94.11 94.07 93.23 90.93
88.17 85.4 81.88 78.67 75.25
77.83 76.15 81.2 78.93 79.82
78.98 79.05 74.59 81.78 87.19
89.57 91.57 93.02 93.93 94.59
94.84 95.77 95.39 95.58 95.95
95.33 96.77 96.17 96.35 96.6
96.19 95.81 95.37 94.21 93.66
92.89 91.85 91.29 90.03 89.59
85.28 84.74 85.65 84.93 85.68
85.83 87.83 92.49 92.1 91.32
91.83 92.78 94.73 94.7 95.36
96.4 96.66 96.19 96.88 97.03
96.43 96.2 96.38 97.44 96.87
96.82 97.29 97.19 96.84 96.52
95.95 94.92 93.9 92.95 90.64
92.28 91.27 93.09 91.52 92.01
95.27 95.11 95.27 94.42 94.82
95.67 95.93 96.34 96.95 96.72
96.4 97.12 96.48 95.45 95.71
95.45 97.38 96.18 96.72 97.35
97.2 97.18 97.74 96.91 96.42
96.1 95.61 94.28 94.17 93.32
90.04 90.71 93.68 91.52 90.63
93.99 95.61 94.32 95.11 96.03
95.42 95.42 95.32 94.3 95.02
94.63 93.72 94.83 95.64 94.15
93.94 95.09 94.72 93.99 93.06
92.24 92.46 91.65 90.79 88.47
86.21 87.39 85.31 79.34 74.04
71.06 57.98 52.47 51.37 44.42
36.99 43.54 42.13 35.34 40.98
39 35.72 41.83 41.88 38.76
38.19 46.69 35.78 42.35 37.66
39.86 45.03 38.07 35.34 37.44
39.65 45.92 39.35 50.45 40.4
42.47 40.16 37.46 35.51 36.94
36.4 37.53 41.59 42.44 38.02
38.95 38.53 36.54 40.13 41.02
39.63 39.48 34.66 35.19 33.76
33.19 31.7 34.93 34.05 36.72
34.93 34.23 35.89 39.48 38.26
44.16 47.2 49.49 57.25 66.17
67.2 61.71 75.29 74.05 62.94
69.64 72.54 65.95 58.91 56.62
66.74 51.09 58.12 52.63 53.61
51.96 49.54 48.29 54.19 43.82
43.13 40.55 37.55 39.65 37.73
38.44 34.25 37.86 32.55 33.17
34.71 32.58 33.91 35.14 34.81
29.82 35 38.87 34.48 44.38
41.54 46.79 55.53 62.87 56.46
67.84 72.86 65.17 70.8 74.15
73.79 70.75 74.57 76.57 69.52
69.96 66.82 56.18 47.03 49.25
47.35 47.16 42.67 41.41 40.64
34.69 35.8 35.79 37.77 39.71
39.55 36.81 37.48 39.57 35.27
35.29 35.16 37.44 37.57 33.23
38.27 36.93 38.24 37.85 31.09
36.49 32.78 33.39 30.75 34.17
28.93 32.76 32.43 35.14 36.25
35.29 36.32 37.37 33.27 37.14
37.99 30.05 31.06 35.99 38.91
34.46 32.12 29.54 35.5 25.3
27.44 28.01 28.11 30.43 30.26
38.42 34.16 35.52 46.39 39.5
33.71 42.6 37.99 35.72 44.07
36.69 42.53 39.57 37.89 38.45
38.83 30.73 41.01 33 47.21
33.52 35.82 33.97 34.16 39.14
37.92 48.43 38.34 40.44 37.21
38.28 38.83 36.45 41.84 37.32
35.17 35.9 31.62 37.04 36.36
44.15 36 37.94 39.53 38.18
37.2 32.81 38.88 35.09 33.01
37.11 32.18 45.6 29.33 35.04
32.51 33.89 30.33 32.03 30.46
32.4 30.99 37.18 32.7 41.64
35.44 42.81 37.94 42.93 39.49
42.49 43.14 33.48 45.35 37.71
40.36 39.05 43.79 46.67 46.14
35.29 42.07 40.72 37.38 36.89
36.67 40.93 39.67 42.25 34.11
40.15 29.89 33.17 31.14 27.22
31.32 30.37 31.39 27.33 25.8
32.25 31.02 31.82 34.96 35.66
38.68 40.55 42.46 41.47 41.53
38.63 39.28 37.75 37.65 35.77
31.2 31.17 34.39 28.49 30.28
28.81 29.65 29.4 30.63 29.08
30.96 31.42 32.55 31.74 39.63
28.89 37.4 30.93 34.6 40.88
29.05 40.71 28.39 30.54 30.76
33.86 28.99 28.24 30.94 30.84
33.33 31.33 30.79 35.5 32.28
33.87 32.23 36.19 37.31 34.64
37.06 32.03 34.73 30.71 36.83
33.99 36.24 35.46 35.62 35.09
37.25 38.09 35.24 42.08 34.94
43.03 36.97 42.55 40.06 37.89
36.55 46.14 38.8 39.65 41.16
39.46 46.41 41.41 43.8 43.94
42.28 43 45.62 49.13
