32.83 32.1 29.89 31.4 38.04
30.01 32.75 35.05 33.01 33.93
36.05 31.58 29.13 33.81 37.21
39.59 38.31 40.48 45.63 42.43
38.36 47.69 46.79 46.38 49.93
45.06 48.73 48.35 47.83 42.43
44.56 46 37.04 45.18 40.77
39.84 39.49 45.75 54.79 58.28
59.92 63.5 60.62 64.54 63.97
65.18 61.5 58.62 64.09 66.92
61.84 63.41 68 51.63 59.92
65.17 61.83 58.76 62.19 68.06
58.45 63.16 61.21 59.21 55.31
58.2 49.69 54.24 56.86 53.35
47.85 42.38 49.6 44.13 39.29
45.29 44.17 36.39 43.28 46.56
48.66 57.75 55.69 54.98 53.25
55.36 56.08 53.78 51.2 51.58
51.17 52.18 45.82 45.13 48.08
44.88 44.16 48.05 52.06 54.37
53.78 56.53 53.64 62.01 61.43
61.01 62.49 70.98 65.46 63.35
68.36 68.22 61.25 63.93 72.43
74.63 61.53 68.73 72.59 67.47
66.82 67.05 69.88 57.92 59.88
53.89 54.87 54.61 51.37 52
50.77 52.89 49.3 53.7 54.24
51.52 50.52 48.72 53.58 51.78
56.06 63.8 65.13 74.76 70.68
68.04 72.92 75.53 78.25 72.81
72.17 77.28 77.32 72.72 71.77
73.08 65.67 72.62 74.05 72.33
69.05 75.44 69.82 62.57 71.65
72.79 69.68 68.73 73.77 72.04
68.75 72.26 70.04 63.75 62.23
76.04 69.73 67.4 65.83 74.71
63.7 66.48 76.21 66.71 69.61
70.01 75.3 68.38 71.4 76.75
73.98 74.31 73.34 78.16 72.43
72.33 76.59 69.63 59.67 67.87
60.53 58.44 52.71 47.59 50.68
47.9 48.39 47.24 43.7 41.14
40.09 43.29 39.57 40.02 41.89
42.42 39.37 43.89 41.89 43.34
40.01 37.52 37.87 36.09 34.99
41.68 34.45 35.18 36.59 28.89
32.77 43.09 31.81 40.98 51.82
41.15 49.88 51.29 47.46 52.29
53.95 47.38 45.19 45.24 39.93
43.14 50.3 48.79 49.67 41.84
40.01 41.29 37.34 38.51 43.09
42.52 46.46 43.75 43.23 42.17
48.12 39.36 37.78 38.12 33.02
46.04 41.75 41.96 29.11 39.43
37.83 36.11 37.71 35.31 51.17
42.41 35.53 43.24 42.68 44.95
40.76 35.88 39.27 34.49 45.19
44.94 32.94 35.81 37.1 34.6
37.11 34.93 39.17 41.98 42.29
36.32 39.57 41.11 41.34 37.81
41.84 42.18 47.21 39.88 40.54
43.03 35.2 33.08 38.59 35.59
30.04 33.83 34.74 36.51 40.73
39.25 56.7 39.19 33.66 44.26
36.87 43.45 39.66 44.16 41.48
37.9 40.81 45.02 39.07 33.34
34.05 39.28 42.94 38.95 42.1
60.68 44.15 46.55 53.24 48.84
50.99 39.93 46.09 44 47.55
42.43 45.5 44.68 42.94 38.78
47.58 36.97 35.13 37.49 38.22
39.58 37.54 42.58 38.36 38.47
47.61 42.13 48.34 42.8 52.46
50.55 53.72 57.94 54.01
