72.21 81.37 85.9 87.59 88.44
89.17 90.16 90.1 90.31 88.35
86.74 84.34 83.08 82.08 79.68
78.6 73.15 71.48 66.18 63
59.63 57.46 57.17 53.3 59.28
62.86 65.99 61.44 60.26 66.63
68.03 67.13 66.78 65.85 66.5
64.62 57.27 55.54 59.04 53.89
51.22 53.88 56.99 56.06 54.66
58.18 55.77 62.21 55.69 55.56
56.94 59.51 61.66 60.82 64.41
69.28 80.08 80.03 80.55 82.07
86.5 85.85 89.07 91.25 90.91
92.77 92.52 93.12 92.87 92.04
90.02 90.57 87.63 86.02 82.14
81.86 78.67 70.51 59.89 58.85
57.56 55.54 52.89 54.13 52.52
56.07 61.24 54.9 50.62 55.97
