63.68 81.25 90.33 90.95 91.28
93.43 94.33 94.39 94.04 94.17
94.94 93.77 92.73 92.78 90.76
86.86 88.5 76.59 82.32 83.2
79.45 76.19 78.8 76.48 70.05
66.19 68.39 62.52 66.8 80.84
83.95 86.77 89.52 92.25 92.66
93.13 93.64 94.22 94.94 95.06
95.47 93.92 93.87 93.54 93.07
93.15 92.19 92.37 92.02 91.46
90.5 92.22 92.1 91.04 90.13
92.71 90.65 88.76 89.51 91.66
88.49 85.77 88.81 89.16 84.63
83.55 84.92 83.88 81.21 80.4
77.84 74.71 71.07 58.09 53.96
59.55 60.61 64.43 68.31 79.69
82.55 83 87.74 87.52 86.72
88.72 89.71 86.33 85.07 84.62
81.23 73.88 64.05 61.6 55.06
50.19 49.27 53.58 51.1 51.12
52.31 54.21 49 55.71 54.53
52.73 55.5 51.01 51.44 55.54
51.87 41.42 44.35 47.28 38.23
41.23 39.08 33.89 35.91 34.2
41.21 34.88 40.42 44.13 33.84
39.14 32.54 40.06 35.37 46.58
31.97 41.91 41.47 30.29 40.18
34.35 37.1 38.58 33.71 41.9
33.72 41.88 31.33 43.2 37.69
33.85 43.58 38.16 39.21 41.96
43.03 39.28 38.7 35.88 34.77
41.64 34.78 41.28 36.56 38.88
39.49 38.34 39.54 36.28 38.85
41.15 42.18 50.75 50.26 46.86
35.6 55.29 51.95 39.33 44.67
40.83 43.8 43.53
