41.01 51.05 49.82 50.47 56.06
55.42 56.04 61.17 58.01 69.84
66.5 67.2 67.89 66.86 66.9
63.43 60.39 59.18 59.27 60.12
61.9 55.86 62.6 69.06 65.25
66.17 61.26 68.24 62.66 60.16
56.39 53.32 49.56 43.59 48.55
48.85 51.22 43.9 45.42 51.95
57.61 57.04 49.53 54.91 52.81
52.36 57.62 49.61 51.87 50.08
51.68 45.38 47.45 45.2 45.84
39.33 46.18 45.95 49.41 48
38.52 38.41 52.63 49.54 49.86
48.61 52.43 60.39 47.87 39.38
47.76 43.22 45.98 52.47 47.25
45.91 41.69 49.16 49.24 52.99
57.2 46.53 44.11 51.31 48.89
53.9 61 73.42 81.42 80.73
83.44 84.48 83.7 81.45 82.92
87.8 86.64 86.19 79.46 79.74
81.17 78.29 81.66 83.61 86.43
84.99 81.95 75.43
