41.26 42.6 42.46 47.34 47.07
47.71 45.33 46.23 46.78 48.58
49.54 48.26 53.85 53.42 61.99
65.91 68.18 70.56 74.27 76.26
78.14 82.53 83.46 86.63 88.4
88.44 88.31 88.93 89.39 89.88
87.7 86.99 86.95 86.09 85.93
88.18 88.53 89.42 89.65 90.47
89.71 89.18 91.15 91.56 84.75
92.13 91.53 91.14 91.54 92.65
95.33 97.33 97.95 98.35 98.42
98.58 98.53 98.79 98.71 98.45
98.67 98.65 98.25 98.06 97.56
96.93 98.42 97.78 98.61 98.81
98.91 98.84 98.49 97.12 95.95
95.51 95.76 97.95 98.24 98.52
98.34 98.65 98.44 98.7 98.79
98.5 98.4 98.28 98.27 98.64
98.53 98.73 98.74 98.54 98.75
98.23 98.38 98.69 98.62 98.8
98.89 98.91 98.89 98.92 98.91
98.78 98.71 98.56 98.2 97.24
97.36 95.17 91.11 92.02 98.4
98.78 98.93 98.91 98.85 98.58
97.71 96.11 95.06 96.49 97.41
97.76 97.97 98.31 98.62 98.44
98.35 98.72 98.77 98.55 98.4
98.28 97.83 96.36 95.82 96.34
97.83 98.22 98.75 98.91 98.9
98.88 98.28 97.38 96.8 93.8
92.64 91.2 88.16 87.9 86.71
86.02 88.41 85.74 88.1 87.46
91.22 89.99 92.76 94.58 96.07
96.41 96.89 97.06 98.22 98.31
97.86 98.07 98.67 97.58 98.4
98.33 98.41 98.15 98.22 95.87
96.83 97.96 96.67 98.02 98.71
98.67 98.42 98.77 98.82 98.54
98.64 98.73 98.39 98.1 98.26
98.55 97.53 97.14 96.29 95.73
97.77 98.07 98.8 98.91 98.83
98.85 98.58 98.46 97.73 96.81
96.63 97.97 98.26 97.81 97.18
96.7 95.17 95.25 95.36 94.39
92.09 89.43 87.97 84.33 79.91
79.94 79.93 75.32 77.78 84.64
90.13 89.09 88.88 88.46 88.36
90.22 89.67 90.08 90.86 91.7
92.84 91.93 93.31 93.88 94.97
94.38 95.61 95.95 97.45 96.23
95.29 95.89 95.29 94.7 94.33
95.44 96.39 97.26 96.36 96.97
97.8 96.73 96.41 95.6 97.27
97.33 97.59 97.69 97.95 98.06
98.22 98.04 98.61 98.48 98.63
98.7 98.69 98.36 98.42 98.21
97.88 97 97.54 97.11 97.93
98.32 98.63 98.62 98.68 98.59
97.22 96.11 96.82 97.63 96.82
95.92 93.11 94.69 96.61 96.39
96.95 97 98.05 98.46 98.24
98.02 98.26 98.11 97.29 97.35
97.27 96.8 98.2 98.26 98.23
98.22 97.92 94.61 93.76 95.5
97.46 96.55 96.48 98.26 97.98
95.19 91.96 90.59 96.27 95.62
97.25 97.41 97.38 95.06 94.56
94.98 96.18 95.64 96.69 97.88
98.06 96.88 97 98.04 97.95
98.64 98.69 98.73 98.68 98.56
97.72 96.37 95.98 96.58 94.47
93.46 91.71 94.45 94.51 95.57
96.3 95.81 95.38 96.78 94.43
91.92 93.83 97.53 98.42 98.52
98.73 98.62 98.71 98.36 97.47
97.04 96.58 96 95.66 97.25
97.31 96.74 96.79 95.77 93.56
89.81 87.77 95.08 95.9 97.26
97.83 98.26 98.2 98.45 98.15
98.03 98.29 98.39 98.12 98.12
98.67 98.48 98.39 98.46 98.35
97.98 97.81 97.8 97.76 93.84
91.09 94.5 93.29 94.47 90.45
92.67 96.57 97.35 96.62 97.56
98.02 98 97.2 97.9 97.48
95.93 96.66 97.66 95.46 94.32
96.34 95.82 95.23 95.35 96.64
95.96 95.74 94.77 94.57 90.91
93.55 91.69 93.28 96.96 97.91
97.67 97.47 97.99 97.73 98.16
98.24 97.51 97.82 98.11 97.21
96.18 96.88 96.79 96.1 95.65
96.7 98.05 98.6 98.59 98.68
98.18 97.54 89.36 87.56 92.93
96.21 95.82 93.98 96.08 96.75
93.92 93.91 95.59 96.54 96.22
97.1 96.13 95.83 96.38 96.3
97.24 97.72 98.22 96.93 95.48
93.38 92.49 94.33 92.19 95.19
96.82 97.6 98.55 98.56 98.73
98.84 98.87 98.89 98.9 98.75
98.76 98.77 98.58 98.24 97.64
97.69 97.24 98.01 98.23 98.78
98.66 98.7 98.64 98.56 98.15
98.03 97.25 97.69 98.53 97.04
97.82 98.54 98.56 98.48 98.79
98.78 98.71 98.83 98.83 98.76
98.28 98.41 98.18 98.45 98.41
98.51 98.21 98.74 98.79 98.76
98.55 98.38 97.29 97.36 96.06
95.75 94.69 92.9 93.73 93.82
91.31 90.9 92.96 94.14 92.54
92.88 95.15 96.45 96.66 94.98
97.35 96.49 96.54 96.72 97.05
96.78 97.57 98.18 98.48 98.68
98.71 98.77 98.66 98.71 98.75
98.61 98.56 98.54 98.67 98.75
98.69 98.69 98.67 98.63 97.6
95.9 95.8 96.36 95.1 95.62
97.1 98 98.21 98.29 98.52
98.48 98.39 98.29 98.46 97.92
98.33 98.45 98.23 97.44 97.94
97.52 98.47 98.8 98.88 98.89
98.85 98.8 98.71 98.63 98
94.92 91.68 92.92 90.98 92.7
91.64 86.95 80.55 79.02 68.72
64.67 53.45
