52.93 64.41 73.03 76.72 71.38
68.8 72.77 71.05 58.56 58.49
57.8 57.54 51.18 51.93 53.97
58.12 61.25 68.88 86.29 93.18
93.81 93.3 88.29 80.78 71.06
61.24 75.16 78.21 87.64 80.73
87.15 94.75 95.59 95.72 92.84
91.43 85.69 80.09 84.22 89.61
92.73 93.14 95.16 95.19 93.8
91.29 88.43 85.85 90.79 81.53
82.91 85.45 93.18 91.9 87.35
93.63 94.26 91.2 90.78 92.22
91.44 88.83 86.59 83.94 77.05
79.66 71.23 68.22 80.67 69.6
78.66 76.67 77.14 69.5 72.12
68.97 84.48 85.33 84.01 87.1
90.58 91.25 92.73 92.05 91.61
89.26 89.77 87.58 91.2 86.91
80.11 83.6 87.56 81.66 87.6
90.25 85.21 85.35 90.33 89.98
90.42 85.18 82.77 84.34 84.14
82.82 84.47 81.41 85.05 86.51
89.55 78.64 86.74 90.14 93.59
89.34 89.19 81.24 86.93 71.16
69.97 56.06 45.78 40.46 30.33
35.91 29.13 35.11 30.65 32.11
29.21 33.09 27.6 34.62 34.72
27.77 29.7 35.95 33.14 26.57
33.43 29.87 31.03 28.01 27.55
26.2 29.6 30.95 36.87 26.54
29.04 29.79 32.92 37.63 28.87
31.9 29.01 35.82 36.59 37.87
38.54 38.28 34.02 35.58 34.82
44.16 31.85 33.04 36.75 36.7
34.22 37.01 30.56 33.27 35.2
34.59 30.77 33.32 35.6 31.16
30.22 32.89 28.22 32.12 24.88
29.97 30.2 32.55 25.66 27.91
27.01 26.76 33.04 39.34 46.47
55.42 81.86 92.78 93.26 91.71
90.61 82.02 69.85 57.03 62.72
72.91 79.68 81.54 89.72 96.39
96.23 96.11 93.87 91.98 88.01
81.93 84.96 89.93 92.49 94.23
96.4 96.42 96.46 95.89 94.17
86.01 94.39 87.45 83.99 87.29
94.67 92.83 86.96 93.47 94.01
88.52 87.32 90.68 88.96 80.55
77.61 78.08 75.28 77.03 73.85
74.26 88.31 79.38 88.2 88.14
89.09 81.12 86.06 86.64 90.32
90.78 89.49 90.47 93.17 94.52
94.32 93.84 95.17 94.41 93.85
90.49 92.94 83.5 76.3 71.57
89.02 79.93 88.82 93.17 90.58
90.77 93.11 91.99 92.35 90.99
89.46 88.76 87.45 89.4 87.63
91.92 94.02 93.01 96.87 94.75
96.04 96.85 96.52 92.59 92.27
78.96 79.48 61.05 58.51 54.15
47.76 51.72 67.46 87.13 86.08
86 79.69 75.36 59.3 49.72
55.48 55.24 75.75 72.55 79.27
93.09 94.65 93.31 88.1 77.83
70.06 62.8 61.51 72.75 83.53
90.06 94.35 95.19 95 94
91.9 88.97 92.8 86.35 87.25
89.45 94.08 93.03 88.27 90.94
91.48 86.67 85.16 84.64 81.77
72.03 74.42 77.43 77.75 85.36
83.89 77.99 88.41 79.45 87.45
83.17 85.48 77.62 73.96 73.86
86.87 84.7 82.91 87.5 90.69
92.92 90.78 92.16 94.32 92.94
90.98 89.77 90.54 87.93 82.14
81.2 85.49 72.76 76.65 86.5
79.29 79.48 88.07 90.5 89.31
88.77 84.45 83.45 83.62 87.69
90.75 91.45 92.35 91.11 94.45
88.26 93.1 93.73 95.62 91.43
90.09 81.82 83.46 74.01 63.72
46.5 41.94 33.27 29.96 30.07
31.8 30.91 27.96 32.53 28.3
30.87 29.26 31.93 28.72 35.36
32.48 35.61 36.51 34.43 32.9
31.81 34.76 33.91 34.94 35.77
37.58 38.91 31.91 28.79 29.7
32.03 29.47 36.27 34 38.15
36.55 33.86 39.83 29.39 39.18
35.61 39.5 41.86 37.84 32.22
30.28 30.17 30.51 29.14 26.99
30.33 34.75 43.04 49.88 60.19
47.8 40.94 43.27 42.84 60.45
85.12 92.59 92.65 90.91 85.35
73.2 69.21 69.37 75.73 81.26
87.8 85.18 88.37 92.55 94
94.45 92.99 91.14 86.58 84.32
82.28 80.93 89.57 89.15 93.14
94.07 92.29 90.08 88.47 86
90.88 88.88 88.42 92.44 94.31
92.7 91.87 94.45 94.17 93.03
91.21 93.27 90.22 88.99 88
87.3 86.11 86.54 75.6 61.43
53.55 49.49 46.85 47.28 54.4
52.5 61.56 72.2 63.02 73.55
70.98 72.79 82.02 86.5 89.83
94.51 93.5 93.62 92.47 93.44
91.76 95.15 92.95 87.55 90.73
93.51 86.8 90.14 92.99 89.29
91.37 94.16 94.12 92.69 90.37
90.04 90.2 85.6 89.19 89.14
87.58 86.77 79.93 82.92 76.35
86.56 87.77 90.47 88.46 90.94
88.92 91.32 79.91 62.61 48.92
39.15 28.95 35.32 31.69 32.73
31.8 30.13 33.98 30.39 31.95
33.03 27.57 30.89 28.15 33.12
29.71 30.64 33.94 28.47 32.68
31.66 31.03 31.15 33.07 30.16
32.37 32.36 32.91 30.92 31.79
30.34 33.68 30.61 37.7 27.32
30.64 28.89 33.69 31.5 31.77
31.91 34.83 32.94 34.07 34.35
35.58 33.8 33.77 32.16 31.9
38.17 28.93 31.4 25.45 34.12
30.06 26.71 27.02 28.29 26.35
26.08 30.45 26.55 29.57 29.4
32.11 34.01 36.14 32.98 32.82
33.93 34.09 31.95 37.87 37.73
32.87 37.73 35.72 36.52 33.27
38.01 32.37 32.41 32.28 33.31
31.73 43.49 41.67 32.63 33
34.13 28.52 35.51 33.64 34.98
35.92 34.22 31.95 32.84 32.09
32.28 33.67 30.17 32.18 31.95
38.97 29.5 30.1 30.88 30.82
29.6 31.42 27.67 32.48 29.13
29.1 30.74 32.35 36.21 31.22
29.38 30.15 30.56 29.61 30.59
30.62 28.73 32.12 26.39 33.33
30.08 29.68 33.14 29.55 29.77
26.61 27.21 29.82 32.22 29.35
37.41 28.52 33.16 27.71 27.78
26.12 27.34 27.95 31.6 30.6
36.33 28.91 27.3 26.62 28.7
27.48 26.54 29.96 30.04 29.93
29.21 27.93 35.53 33.36 30.72
28.13 24.89 30.56 32.71 32.16
27.31 28.08 29.1 35.44 35.42
30.62 35.05 32.92 43.36 36.71
33.89 40.75 39.07 32.75 31.71
43.94 30.9 27.21 37.23 26.48
29.3 30.12 26.18 31.28 26.36
30.38 33.69 48.1 56.52 80.89
85.82 91.62 92.15 91.08 86.93
80.77 72.87 60.95 69.36 82.48
85.96 84.15 88.16 92.71 94.18
94.51 93.71 90.64 84.9 81.34
81.97 87.92 91.08 92.32 93.92
94.13 92.43 90.51 88.75 85.57
88.9 83.72 83.7 88.1 92.77
91.08 88.78 93.2 93.22 90.96
89.61 92.56 89.01 86.13 84.83
82.61 79.53 78.1 69.18 51.83
51.11 53.49 55.66 58.82 56.57
61.31 71.43 69.49 78.71 81.11
81.4 85.61 90.74 92.31 93.72
93.19 92.94 91.58 91.99 89.72
93.05 87.53 83.77 85.43 91.34
84.94 90.4 92.37 90.75 90.79
92.57 91.36 89.16 84.22 85.6
87.66 87.59 88.97 89.32 90.02
89.22 88.61 90.57 82.33 88.71
91.58 91.6 88.96 87.67 84.33
85.88 69.8 60.88 42.25 42.29
33.16 31.32 30.45 35.88 30.96
31.34 28.61 31.03 28.79 31.93
28.37 27.6 29.72 28.41 28.34
32.62 27.25 33.2 28.66 28.58
27.5 25.76 27.15 28.7 31.2
30.19 34.57 33.61 29.66 29.5
29.54 29.8 34.53 23.12 26.62
27.26 26.61 29.94 30.4 36.18
27.29 30.16 28.29 31.58 36.5
31.95 28.24 28.32 29.87 31.84
41.36 29.11 32.22 34.42 34.56
36.88 36.19 33.52 36.58 35.46
32.32 41.87 32.94 33.84 31.48
30.93 33.27 35.38 31 31.82
32.95 31.04 31.87 33.17 32.43
33.82 33.5 36.67 32.98 32.18
31.79 34.69 27.17 29.64 38.95
28.32 29.57 31.68 31.97 33.21
32.66 27.47 30.68 29.52 39.39
28.32 32.1 42.76 34.49 26.01
25.24 27.83 29 31.7 32.67
35.64 34.55 34 30.72 37.02
33.1 30.25 35.85 27.39 34.25
26.83 32.41 29.98 39.09 33.33
27.19 32.82 31.61 33.21 32.5
30.65 33.86 36.45 35.8 36.39
32 37.95 34.91 41.9 37.5
42.15 35.47 36.24 39.44 41.81
33.68 43.18 42.18 35.83 40.09
34.37 35.3 36.06 36 38.25
37.5 35.19 35.04 33.54 31.06
34.21 37.03 35.68 31.67 31.04
32.23 30.08 31.08 33.4 34.19
33.73 32.11 34.94 35.47 40.54
30.58 33.1 31.64 44.09 39.16
30.46 33.53 34.07 35.21 29.15
27.83 30.47 33.28 33.44 36.52
33.65 30.99 30.68 27.39 29.35
34.07 34.48 27.98 28.25 27.62
25.81 27.84 33.46 36.62 32.9
31.05 32.99 34.91 31.34 36.26
28.82 36.22 30.12 37.89 32.98
37.12 31.65 39.35 37.72 38.01
36.52 40.82 30.69 34.87 47
35.03 34.48 33.72 31.08 30.92
35.13 41.52 32.3 30.28 37.77
29.18 30.05 28.95 29.17 29.94
29.2 33.02 43.2 31.38 32.96
40.99 35.19 35.12 33.56 43.99
28.37 32.63 32.94 34.43 39.11
28.51 29.91 26.92 27.98 40.97
38.66 30.45 29.53 28.77 31.8
30.45 32.12 34.87 30.37 28.44
31.73 30.74 38.97 40.38 43.95
38.75 49.95 39.52 43.81 44.71
42.35 33.24 34.39 36.21 44.22
42.94 42.18 31.44 33.93 31.71
40.07 33.45 39.61 26.8 25.55
26.69 27.66 37.23 34.32 28.82
34.22 37.59 32.3 28.57 36.5
32.22 26.36 35.94 40.15 41.06
41.1 31.28 32.74 33.92 45.14
39.35 44.18 38.58 30.88 36.21
27.05 34.26 26.59 28.59 27.75
37.41 35.05 41.27 36.89 27.4
27.82 34.19 32.94 38.64 34.73
29.05 27.94 27.55 31.7 30.18
34.98 33.66 32.43 31.13 35.09
39.39 42.38 40.01 30.63 30.15
33.35 37.05 38.79 40.75 31.07
32.45 27.19 35.11 35.34 34.15
28.42 32.44 27.95 37.64 29.31
24.88 27.26 36.11 33.74 40.35
34.14 28.89 28.28 35.89 37.94
41.88 40.99 33.55 31.86 35.43
28.94 38.64 27.95 31.07 28.44
34.68 32.75 37.02 37.11 28.48
31.25 33.28 32 34.01 36.06
31.4 28.44 28.35 31.15 30.62
35.16 29.54 28.65 30.6 31.66
29.84 35.22 29.3 29.26 29.8
32.65 32.92 32.17 32.27 33.21
34.14 33.86 34.15 34.82 31.73
32.17 34.16 33.64 30.82 32.28
29.82 27.52 31.22 29.44 29.31
30.38 28.22 28.13 29.87 31.27
36.5 36.8 28.42 27.77 32.58
37.04 39.88 34.89 27.46 29.26
32.56 36.97 36.25 33.82 32.29
31.21 30.75 33.64 33.27 32.3
30.51 32.96 31.41 38.56 34.24
31.98 33.83 41.95 37.4 37.41
37.41 33.16 33.76 36.25 34.91
34.68 39.53 35.28 32.18 31.92
31.53 29.99 28.61 29.68 30.02
30.56 39.23 27.33 34.86 32.91
38.08 28.5 38.94 30.86 35.91
28.77 31.98 33.68 33.11 29.75
27.73 24.81 25.58 28.42 34.78
37.69 38.39 47.45 40.17 32.83
38.41 35.03 36.81 37.57 37.15
44.65 37.57 38.39 38.13 38.74
35.26 38.89 34.43 33.01 32.14
32.22 33.59 40.28 31.46 31.3
29.77 29.87 28.15 27.91 27.25
26.46 29.29 29.71 35.18 26.38
26.24 27.23 27.91 27.94 29.48
28.06 37.6 36.78 35.04 32.6
35.41 37.68 41.17 35.13 36.34
34.27 36.55 42.38 38.73 27.95
34.39 28.77 37.31 31.15 27.85
29.54 29.04 27.76 27.62 26.66
26.54 34.68 33.79 38.97 33.16
25.08 28.27 34.94 34.87 27.41
29.8 33.71 38.5 30.37 36.7
34.48 39.42 42.02 34.61 32.74
41.82 34.52 29.55 33.13 29.83
39.79 32.47 36.74 32.77 33.69
29.08 35.81 32.01 42.45 36.16
32.19 38.53 30.27 37.96 36.13
40.18 40.15 46.68 47.67 33.62
36.46 35.23 33.6 38.34 39.73
49.33 57.81 59.06 65.33 71.12
72.61 73.29 75.33 78.93 75.66
74.71 82.13 82.14 79.57 80.95
82.71 82.12 79.77 81.95 83.88
83.38 82.58 85.52 86.24 82.05
84.81 87.83 84.32 82.02 85.38
85.68 84.55 85.4 83.59 82.2
79.76 82.09 82.61 81.72 80.58
81.1 80.4 73.61 78.68 78.34
74.07 73.18 76.72 72.77 71.94
69.51 76.13 71.79 68.11 73.27
70.98 71.35 72.68 72.99 69.65
62.93 68.05 61.69 54.53 45.18
41.25 41.26 39.04 38.2 41.12
39.78 40.1 40.48 37.17 37.5
36.06 40.11 36.09 35.59 34.88
35.69 37.27 41.01 36.88 32.95
35.58 39.11 35.62
