57.86 63.7 62.74 65.09 72.91
71.62 73.29 79.6 80.89 78.96
86 86.36 86.18 88.96 91.66
92.58 93.53 95.14 94.74 96.02
96.63 97.49 97.65 97.37 98.2
98.5 98.35 98.24 98.62 98.61
98.47 98.47 98.76 98.78 98.72
98.75 98.68 98.81 98.7 98.7
98.62 98.73 98.66 98.5 98.38
98.55 98.61 98.38 98.21 98.64
98.37 98.64 98.43 98.7 98.54
98.39 98.56 98.51 98.28 97.74
96.92 96.64 95.86 96.22 96.8
97.9 98.08 97.82 98.15 98.53
98.24 98.3 98.46 98.48 98.45
98.51 98.02 98.46 98.29 98.37
98.49 98.36 98.48 98.64 98.53
98.58 98.67 98.84 98.73 98.81
98.85 98.71 98.72 98.77 98.84
98.77 98.53 98.56 98.54 98.14
97.73 97.87 97.16 97.55 96.78
97.01 97.02 96.36 96.34 96.32
96.14 95.29 95.49 95.41 95.7
94.51 93.39 95.48 95.33 92.32
93.31 95.05 94.35 92.62 94.67
94.71 93.57 93.79 93.87 94.02
93.56 94.25 92.89 93.08 92.5
93.58 89.54 90.4 92.45 92.76
93.72 94.25 93.95 94.26 95.26
95.36 94.75 95.91 96.55 95.71
96 96 96.72 96.06 94.63
96.21 96.38 94.24 93.45 96.06
95.33 93.16 92.88 94.41 94.47
92.38 93.72 94.48 94.67 94.33
95.68 96.49 95.98 97.06 97.14
98.02 98.32 98.42 98.4 98.21
98.65 98.71 98.73 98.74 98.71
98.76 98.81 98.79 98.77 98.82
98.64 98.73 98.37 98.67 98.62
98.65 98.18 98.53 98.63 98.29
98.44 98.46 98.6 98.31 98.35
98.34 98.09 97.44 98.05 97.82
96.72 97.48 96.32 96.67 96.54
94.76 95.37 95.69 94.29 92.29
92.65 93.91 91.29 89.63 88.48
79.3 61.05 56.68 54.3 54.92
53.94 55.25 54.56 58.75 57.87
60.64 62.34 64.04 61.76 61.55
63.33 58.27 54.88 52 52.87
52.58 49.44 46.76 49.22 48.34
45.87 46.54 41.96 48.95 48.28
44.88 50.3 42.87 49.26 47.79
39.41 37.68 40.11 36.89 40.77
40.29 36.67 42.11 44.26 40.3
43.74 47.28 41.01 48.16 43.56
53.05 51.5 46.83 54.14 40.98
50.08 44.47 46.24 45.55 44.74
48.17 53.03 54.64 49.09
