57.64 43.82 52.43 48.41 58.77
44.86 38.07 43.5 45.71 47.22
39.15 41.94 41.79 39.7 44.46
40.57 44.48 40.88 35.82 47.29
37.81 47.48 39.42 31.83 41.5
38.94 44.03 31.36 38.77 39.9
35.23 45.67 40.94 36.61 40.25
43.89 35.96 41.24 38.29 38.98
40.19 37.84 39.21 48.35 41.58
46.81 43.9 48.55 38.12 49.87
38.43 47.1 38.04 42.55 41.3
32.77 41.28 36.74 38.05 35.4
37.05 36.73 35.8 39.92 36.04
32.72 39.34 36.5 35.95 44.1
39.34 37.9 41.17 35.36 38.26
36.38 37.69 43.67 42.74 37.5
35.43 34.96 34.55 35.85 32.32
38.21 32.63 33.32 40.81 41.79
47.12 44.73 51.18 45.1 45.89
48.2 40.93 38.22 41.49 34
42.86 36.58 42.41 38.34 43.82
42.95 39.91 38.17 45.28 40.51
40.93 43.87 43.18 48.87 49.51
52.07 52.68 50.04 40.52 52.47
47.52 51.94 50.87 48.95 53.78
65.21 51.61 66.39 54.65 73.34
67.48 64.24 69.92 53.94 47.77
48.53 48.5 44.97 52.66 51.29
58.65 63.6 53.04 69.39 58.39
49.14 55.71 56.98 60.66 53.59
55.35 62.11 65.02 66.33 59.01
64.47 54.73 45.85 50.75 44.08
39.76 39.53 42.21 41.95 43.37
38.36 40.93 45.7 42.82 39.59
39.11 40.94 37.78 36.8 42.67
42.58 36.13 44.16 39.44 39.47
43.02 38.94 39.48 39.31 38.18
41.51 46.98 43.71 41.71 42.05
38.49 41.35 35.42 38.8 39.74
36.03 43.46 40.4 37.85 40.83
38.21 39.12 39.18 38.53 50.96
43.21 46.73 45.7 46.4 43.42
41.16 45.42 42.31 43.72 39.83
48.06 44.08 43.05 45.73 46.65
45.49 46.49 43.9 43.45 37.65
34.15 44.31 38.19 44.58 41.99
38.71 40.97 45.92 43.57 42.9
38.15 46.86 40.66 50.76 44.14
49.26 44.38 54.22 44.8 54.88
55.32 56.62 55.21 55.98 55.33
57.37 58.59 61.19 63.82 76.36
74.35 82.62 87.26 86.18 89.53
92.66 92.38 93.52 95.24 96.23
95.72 96.13 96.19 96.6 96.97
96.99 97.16 96.6 96.78 95.95
95.04 94.65 93.27 90.88 88.78
86.7 85.99 82.57 77.73 67.94
61.26 56.16 55.72 54.55 55.59
60.98 78.44 86.08 86.68 85.63
85.55 89.52 84.31 83.8 76.81
76.18 80.05 81.84 87.56 86.91
90.02 88.83 90.71 88.03 91.43
93.63 94.7 96.25 95.1 95.08
96.29 95.28 94.62 95.82 95.75
94.57 94.28 94.19 91.15 91.79
91.51 92.51 92.11 86.05 80.51
68.41 56.75 54.26 54.76 54.94
55.53 53.12 56.02 53.43 55.12
54.94 53.59 57.27 59.11 65.27
81.17 89.61 93.25 89.83 91.12
90.07 90.16 90.03 86.54 84.12
84.39 87.03 88.05 89.21 90.03
89.1 85.99 86.14 85.84 85.05
82.19 79.82 78.79 76.64 76.98
78.55 78.8 69.89 64.59 54.05
55.43 58.85 66.95 72.3 81.81
86.55 91.37 92.38 89.96 89.3
84.96 81.42 75.36 71.71 76.63
82.77 86.23 90.12 91.01 92.17
93.74 93.75 93.45 94.09 92.55
92.88 92.48 90.37 91.62 89.13
87.9 81.98 71.52 55.32
