58.49 67.16 71 77.25 76.37
80.22 81.77 83.58 82.64 83.28
81.9 81.55 82.19 83.5 83.88
83.37 86.77 87.48 87.13 91.18
87.28 88.65 91.19 89.55 88.44
90.09 91.58 88.46 91.09 92.51
93.77 95.7 95.88 96.86 97.38
96.5 97.05 97.76 98.37 98.15
98.25 98.24 98.4 98.23 97.95
98.39 98.46 97.41 98.03 98.28
97.83 97.08 97.16 97.38 97.33
97.41 96.86 96.77 98.18 98.43
98.25 98.31 98.19 98.66 98.26
98.49 98.61 98.46 98.57 98.69
98.65 98.63 98.63 98.72 98.66
98.59 98.61 98.64 98.65 98.5
98.46 98.51 98.35 98.1 98.21
97.74 97.2 97.74 97.25 95.39
94.73 95.35 93.55 92.74 93.39
93.85 92.93 94.43 95.76 96.55
96.94 97.15 97.29 97.53 97.86
98.32 98 97.82 97.9 98.41
98.23 97.73 98.17 98.17 97.76
97.78 98.01 97.88 98 98.11
97.85 98.33 97.93 97.83 96.9
97.45 97.01 97.42 98.11 97.4
97.26 98.47 98.03 97.09 97.87
98.43 97.6 98.02 98.45 98.14
98.39 98.51 98 98.22 98.31
98.24 97.85 98.05 97.52 97.79
96.08 96.21 94.95 95.72 93.77
90.8 90.41 89.5 77.94 59.99
54.78 49.59 49.63 47.73 42.57
52.4 49.57 45.38 46.85 50.17
60.89 69.91 65.47 62.35 69.86
72 71.47 63.5 59.47 61.22
54.24 54.51 52.37 43.09 47.68
49.69 56.35 43.69 51.31 47.14
41.72 38.38 37.84 40.26 46.75
55.81 45.9 41.65 46.25 51.22
59 61.02 55.79 56.89 52.57
50.16 45.8 47.87 48.55 48.61
48.48 48.84 53.57 48.88 55.15
48.71 50.19 47.71 46.69 43
41.84 40.15 47.77 48.88 50.88
50.97 46.44 47.67 47.49 41.53
46.7 43.1 43.19 40.16 35.85
43.53 40.19 39.64 40.6 42.97
47.47 46.01 45.25 40.15 47.25
42.11 34.98 41.77 41.4 33.95
38.52 38.38 38.35 39.39 34.97
41.3 39.75 38.94 40.74 34.03
39.91 38.55 36.87 38.48 42.75
43.17 62.96 50.99 42.49 46.52
40.87 41.39 46.81 44.56 40.8
45.08 40.6 39.88 43.35 44.28
40.81 41.48 40.91 44.14 53.8
44.16 46.6 40.36 39.68 42.15
46.24 52.47 44.44 53.19 40.11
41.63 53.11 40.35 38.96 39.7
42 42.97 44.78 34.97 41.37
34.09 36.52 42.26 43.25 53.26
38.28 49.13 43.35 39.1 45.09
39.56 42.62 51.94 39.71 39.76
42.16 38.17 39.43 43.97 42.59
45.05 40.4 43.69 50.46 36.03
43.89 52.22 53.03 43.81 58.89
47.77 52.06 53.57 45.97 62.34
47.48 51 37.44 47.63 56.89
63.06 60.07 56.31 58.78 54.89
47.78 49.51 56.88 53.26 44.11
