38.35 37.36 34.24 44.96 39.38
37.04 36.26 39.9 42.84 37.07
47.94 47.83 51.17 54.26 58.75
58.84 58.25 55.14 52.46 55.68
62.04 68.82 76.06 83.5 87.64
87.68 87.99 88.71 88.12 89.3
89.8 90.12 91.06 90.63 90.39
91.12 90.36 91.03 91.87 93.95
94.36 93.93 95.71 97.35 96.74
97.23 98.29 98.41 98.33 98.62
98.58 98.52 98.71 98.54 98.58
98.7 98.64 98.55 98.41 98.49
98.23 98.07 97.33 97.68 96.91
95.88 95.34 95.43 93.69 94.72
95.55 95.32 96.17 97.33 97.55
97.6 97.55 97.9 97.73 96.94
97.61 98.14 98.23 98.14 98.3
98.43 98.5 98.63 98.64 98.34
98.27 98.03 97.65 95.92 95.87
96.64 95.22 93.57 91.53 92.58
93.17 90.85 90.47 87.37 88.33
87.28 82.45 78.42 84.25 84.58
83.82 83.45 87.64 90.78 90.23
89.98 90.87 90.01 90.1 90.35
85.64 87.96 90.92 90.59 92.43
93.54 94.8 95.6 93.63 94.16
96.78 97.55 98.06 96.05 96.81
97.8 97.41 95.53 97.31 98.33
97.13 95.97 97.77 98.34 97.84
97.98 98.59 98.43 98.35 98.3
98.3 98.28 97.98 96.84 96.12
97.46 97.24 96.78 94.67 95.54
96.87 96.71 95.05 95.19 95.6
97.13 96.88 97.47 97.63 98.01
98.23 98.36 98.45 98.08 98.38
98.41 98.42 98.21 98.08 98.24
97.96 98.25 97.32 98.26 98.4
97.83 97.81 98.09 97.45 96.77
96.23 93.2 94.42 95.4 96.37
97.15 97.52 97.88 98 97.6
97.94 98.03 98.16 97.22 97.68
97.36 97.66 98.23 98.34 97.74
95.83 94.48 96.27 95.81 93.52
94.14 93.16 88.66 86.59 79.09
82.13 83.57 89.02 93.82 96.7
97.3 98.24 98.04 98.4 98.31
98.17 98.36 98.39 98.33 97.11
97.9 98.13 96.9 97.43 97.65
96.87 97.75 97.06 95.22 97.1
96.34 96.68 96.57 97.14 96.5
96.72 97.3 97.33 95.8 94.63
92.72 93.17 92.76 91.43 89.5
88.45 85.91 84.79 86.89 83.97
82.42 84.16 82.67 74.28 64.76
