34.13 33.24 36.47 37.95 36.63
37.06 34.2 34.79 33.94 34.72
29.26 30.74 32.77 26.42 33.83
30.43 35.75 30.81 31.76 33.08
34.36 33.4 37.5 35.87 32.8
31.82 29.57 29.58 29.22 28.75
31.39 30.05 32.16 31.24 33.63
42.17 45.06 50.25 65.86 79.05
88.64 85.06 80.92 85 82.06
72.12 55.34 32.1 26 27.17
28.45 28.82 24.39 24.27 30.06
26.92 24.01 26.49 24.42 24.5
25.54 25 29.23 27.49 28.91
29.41 26.91 33.09 31.46 36.23
49.21 58 73.74 81.49 87.99
89.43 91.08 89.86 88.98 91.39
91.84 91.11 91.81 90.76 90.66
86.71 84.33 86.12 86.59 86.9
85.16 85.6 84.93 79.71 80.74
82.24 73.29 80.5 78.37 81.88
84.6 80.74 84.96 88.27 87.96
89.79 91.34 91.17 91.04 92.92
92.66 92.45 93.97 91.81 89.33
88.84 92.5 90.59 90.61 93.99
93.77 92.63 92.89 92.52 92.57
91.84 89.8 88.44 87.01 87.74
88.02 89.29 90.87 93.35 92.98
92.71 93.74 93.69 93.49 93.36
92.62 92.86 91.66 91.34 92.73
93.07 92.57 91.09 93.6 94.59
94.85 92.48 91.19 93.2 94.21
95.86 96.03 95.85 95.06 93.03
90 81.7 72.6 58.15 51.7
46.66 44.77 49.53 53.27 66.7
85.61 92.11 94.01 95.63 95.02
95.1 93.63 93.45 90.94 89.69
91.99 91.54 93.37 90.98 91.35
93.7 92.44 94.28 93.61 89.95
82.36 79.85 76.75 83.97 89.97
92.98 93.97 94.75 95.19 95.99
95.73 96.06 96.61 96.72 96.05
95.7 95.32 94.47 93.22 91.57
90.14 87.44 88.18 91.05 92.42
91.31 89.91 85.13 86.8 87
81.82 80.94 84.35 85.38 80.77
81.67 86.84 88.32 90.3 92.72
93.35 90.66 90.95 93.02 91.61
90.63 90.63 93.82 89.94 87.63
88.42 88.6 84.01 82.87 82.14
82.83 85.51 87.41 88.94 88.54
88.43 90.17 91.84 88.86 88.26
89.28 87.6 84.19 85.24 83.86
77.52 74 74.09 77.08 75.05
80.57 77.05 74.55 67.74 66.29
68.99 73.51 73.03 82 82.18
87.85 83.58 77.26 76.36 76.61
76.93 76.57 73.07 68.77 80.26
85.75 91.38 92.07 90.49 87
90.11 88.53 87.98 90.07 92.15
90.14 89.84 91.7 90.96 89.02
88.43 89.55 87.02 84.59 84.22
83.59 70.67 58.5 52.09 45.29
47.84 39.85 41.43 44.44 35.29
40.98 39.51 38.02 34.23 36.08
41.38 39.06 47.87 60.75 69.03
76.59 77.95 83.89 84.87 79.73
83.09 86.93 82.4 78.17 82.92
83.72 77.66 72.6 79.32 76.94
64.56 73.31 73.45 83.2 83.19
86.7 91.22 89.53 91.57 94.31
94.08 92.01 93.63 95.52 93.73
90.95 92.49 93.3 91.41 86.8
86.3 87.85 86.66 91.33 92.97
91.4 92.1 94.6 95.68 95.04
94.55 95.1 95.6 94.53 93.6
93.21 92.62 90.69 88.55 87.6
87.54 90.72 90.21 86.02 88.4
90.15 87.97 82.03 81.16 82.04
77.32 65.76 53.28 45.86 39.69
37.43 36.71 31.9 29.12 27.36
29.61 30 29.7 31.62 36.48
46.7 55.05 60.91 68.98 71.16
73.05 79.86 83.84 81.01 83.79
88.55 87.21 85.59 90.23 92.99
90.66 91.47 94.7 95.43 93.58
95.88 96.68 94.74 93.48 93.18
93.12 91.27 90.17 88.5 86.04
86.99 84.47 84.59 86.28 85.64
89.33 88.85 90.48 91.74 92.73
93.54 93.1 94.3 92.9 93.27
94.15 91.77 89.96 90.66 89.01
86.01 85.49 84.55 80.55 76.44
67.68 59.85 56.97 46.77 54.65
55.14 57.54 60.04 63.42 65.84
68.31 84.08 84 88.86 93.28
89.36 88.96 92.16 91.58 88.43
89.67 90.08 85.64 86.64 84.9
87.29 82.59 82.25 83.24 86.16
84.61 84.64 81.01 75.53 81.85
83.7 78.78 67.55 59.66 54.67
50.39 40.81 34.44 34.66 34.94
32.53 34.44 30.73 29.05 28.86
30.38 29.99 29.62 29.27 30.38
27.82 29.29 30.74 28.1 32.14
29.47 30.67 28.68 31.59 31.31
30.33 32.39 33.12 32.32 31.25
36.6 31.35 35.67 33.94 37.04
34.89 33.26 42.24 35.9 35.1
34.68 38.76 31.92 35.98 38.62
33.23 34.25 29.92 30.79 29.29
32.65 30.07 31.77 31.82 33.04
36.94 30.82 25.3 27.65 29.04
32.48 41.16 34.01 31.88 26.35
33.16 36.86 30.01 42.38 28.8
28.34 25.71 25.74 23.79 25.47
29.25 32.99 40.86 30.6 36.04
30.3 30.91 28.38 28.78 28.01
26.35 29.49 29.58 30.5 30.05
29.55 28.89 27.47 29.31 28.99
30.92 29.05 28.6 33.07 30.79
30.74 30.74 28.01 25.93 27.56
24.43 29.14 25.76 28.3 32.43
26.02 33.78 26.82 29.48 27.35
32.66 30.29 29.39 31.77 29.2
31.9 28.36 31.66 28.27 31.42
27.1 29.69 25.47 26.27 26.2
26.3 27.18 29.48 25.07 27.7
25.11 28.37 27.66 23.95 29.08
33.28 29.03 34.18 32.39 32.73
35.93 29.32 32.27 29.55 33.15
28.55 33.01 31.84 32.23 31.87
38.67 33.94 34.73 34.19 34.05
38.07 35.94 40.74 40.12 32.41
35.42 34.62 35.86 34.97 36.95
33.92 29.94 32.18 30.98 28.72
31.33 32.39 34.52 38.01 35.09
43.76 37.75 29.34 35.41 30.69
35.92 32.3 51.97 36.13 30.1
32.96 33.79 34.78 28.13 26.89
24.45 23.16 23.5 24.54 26.91
29.66 34.66 39.12 32.48 35.08
34.02 35.19 32 34.96 30.22
33.44 35.4 37.2 32.14 34.1
30.94 29.75 32.4 34.05 33.49
27.14 30.44 27.35 30.13 27.05
28.4 32.02 32.23 28.14 27.38
31.23 30.56 27.89 28.63 26.38
31.33 27.78 31.38 32 30.64
30.47 33.7 32.18 36.82 33.64
35.35 34.76 31.12 27.99 31.65
31.09 28.1 30.92 36.01 47.15
61.36 66.93 73.2 59.46 60.29
62.22 63.69 65.07 67.58 61.33
59.38 69.64 77.24 83.48 84.65
86.11 88.08 90.93 91.82 90.91
92.64 94.26 93.26 92.78 93.26
93.36 92.6 92.08 89.38 89.57
87.73 89.26 90.15 92.6 92.46
92.92 93.23 94.76 95.13 93.41
94.52 95.23 94.89 92.06 91.67
92.72 92.06 87.34 85.23 84.24
77.09 80.68 69.24 62.9 48.85
48.25 41.43 37.2 41.21 35.93
40.35 36.43 34.53 40.17 51.62
56.07 68 79.6 81.55 84.22
87.29 87.94 85.47 89.26 92.02
90.9 90.42 92.7 94.16 91.92
93.93 95.4 94.93 94.37 96.11
94.85 93.11 93.24 93.67 90.33
88.05 87.34 86.88 89.22 90.69
91.76 91.56 93.88 93.79 93.83
94.24 94.79 93.72 93.05 93.25
93.01 92.1 89.75 87.89 85.98
88.77 87.11 88.1 89.11 84.27
84.33 86.38 82.9 86.98 91.92
91.31 90.33 92.55 92.62 92.08
93.37 93.09 91.98 91.78 94.65
92.72 91.41 91.75 91.33 88.61
86.75 86.59 83.85 83.1 82.24
84.11 84.35 89.06 88 88.66
90.05 89.66 92.46 92.26 92.14
92.74 92.57 89.93 89.71 90.63
87.36 80.23 78.61 72.26 60.65
55.63 57.11 72.45 78.12 86.51
88.89 90.19 91.95 92.71 93.14
93.09 92.89 92.66 92.39 92.15
88.24 87.1 87.71 80.36 64.09
48.95 45.83 43.83 45.19 42.93
43.88 48.17 45.42 48.95 47.95
50.92 58.41 61.17 71.39 67.13
82.93 86.95 87.77 90.28 92.13
91.63 93.85 93.8 93.53 94.09
93.19 91.91 91.64 91.04 87.85
87.45 84.47 82.81 83.15 84.17
83.38 86.02 81.75 83.3 87.93
89.19 91.17 91.98 91.94 90.43
90.48 91.76 91.14 90.65 91.7
91.94 92.74 91.69 94.02 94.2
92.72 92.09 92.85 91.75 90
89.08 90.42 89.06 87.69 89.71
88.69 91.63 92.45 92.49 90.97
92.02 93.37 90.43 89.58 89.57
89.79 86.95 70.52 61.21 43.22
43.29 36.48 36.4 42.78 28.48
28.65 28.9 27.33 30.89 28.43
30.35 30.73 30.03 25.38 25.86
30.59 29.19 30.87 32.85 29.76
31.75 33.43 31.93 32.22 33.06
33.97 32.81 32.18 32.44 26.6
29.93 38.88 32.69 31.15 35.14
34.04 30.51 34.85 26.78 32.1
25.1 25.28 26.16 26.54 28.76
31.16 35.17 43.03 35.19 35.58
39.61 40.85 36.23 38.31 38.17
36.63 36.47 35.76 42.88 33.85
45.82 34.89 35.31 34 30.92
33.09 30.53 29.78 32.22 34.43
34.95 27.17 32.64 31.51 36.62
32.9 30.24 35.74 24.84 26.69
33.85 34 37.85 34.92 34.4
34.65 31.31 30.38 26.05 33.79
28.46 29.51 24.01 24.7 27.16
24.28 23.99 30.21 30.24 26.35
27.24 27.52 27.36 24.59 25.68
24.44 25.11 26.45 25.32 27.16
26.76 26.56 29.33 25.71 26.39
27.85 28.53 29.49 33.18 26.63
30.38 27.75 32.68 30.98 30.48
29.5 27.39 31.02 29.31 32.31
28.12 31.8 29.96 32.47 32.96
34.18 31.67 35.44 35.56 36.55
30.34 39.99 35.21 33.23 32.06
34.85 36.44 39.06 34.55 34.17
32.26 29.12 31.33 30.42 38.99
33.74 30.82 31.24 28.56 27.27
27.59 28.08 28.25 33.18 30.24
33.64 29.73 29.69 32.58 31.25
33.67 30.95 34.58 31.77 34.5
30.83 32.82 26.82 26.98 27.75
28.49 29.43 31.64 33.15 27.57
29.11 29.44 31.09 29.77 32.49
29.28 32.15 33.54 31.01 34.56
31.36 35.59 28.47 31.24 28.52
27.28 28.6 29.49 27.62 25.83
26.78 29.82 31.28 43.26 55.21
60.91 70.84 66.92 75.24 71.83
75.12 79.09 80.47 83.26 82.42
84.53 87.6 87.6 86.92 90.3
91.83 90.62 89.37 91.8 91.91
90.21 89 90.52 89.15 87.08
84.69 82.97 76.97 65.78 67.08
60.09 53.11 48.38 35.87 42.94
39.78 41.34 32.16 37.13 34.58
31.69 36.68 30.29 29.98 40.82
49.65 57.28 72.62 83.6 86.55
88.92 89.55 90.02 90.86 92.8
92.37 92.97 92.24 92.45 91.4
91.53 91.35 89.99 88.72 87.92
85.56 85.38 87.84 82.52 80.15
79.24 72.52 74.84 80.84 78.27
77.78 78.01 71.28 68.18 80.76
81.09 85.45 89.2 88.52 90.11
90.92 91.45 89.8 90.24 91.68
90.15 87.6 88.01 90.2 91.85
91 92.55 93.89 92.84 90.61
92.78 92.44 87.65 87.64 90.98
84 80.57 87.24 90.48 89.47
90.68 90.57 92.12 92.87 92.48
92.14 93.16 93.83 92.43 92.11
92.43 91.24 89.22 86.4 86.3
86.75 89.53 90.95 91.37 92.4
93.09 93.23 94.82 94.6 94.14
93.85 94.5 94.02 92.95 91.56
92.71 90.76 89.54 90.57 87.37
87.72 89.46 88.83 87.58 90.19
91.82 91.88 90.3 91.57 92.76
92.32 90.86 89.64 92.17 91.07
87.69 87.99 89.27 89.72 89.99
90.72 93.3 91.74 92.66 93.52
93.66 92.32 93.09 93.51 92.53
89.84 89.46 89.19 85.01 74.31
76.98 79.66 87.09 86.16 87.15
87.87 90.12 92.42 93.21 90.8
93.06 93.95 93.83 92.54 93.45
92.44 91.08 89.97 88.54 87.2
83.77 81.09 72.68 58.75 44.23
32.51 31.4 33.91 29.19 33.01
32.48 28.23 28.68 29.6 31.42
27.03 26.24 29.99 30.31 29.19
31.26 31.88 28.19 27.63 29.65
32.28 33.08 33.02 31.33 31
32.18 37.37 33.8 32.58 32.71
31.5 33.99 37.36 29.95 31.89
29.35 33.12 32.86 25.06 30.43
25.17 28.6 26.23 24.88 29.12
26.68 28.9 25.32 30.09 27.28
28.76 28.44 27.19 29.04 26.38
28.98 27.7 25.97 28.28 25.25
31.26 28.15 30.6 31.01 34.19
32.2 31.51 30.53 28.36 28.18
29.44 27.33 29.44 25.87 25.88
33.71 33.24 26.5 32.31 27.81
36.76 30.16 33.6 34.94 34.7
31.12 27.41 26.59 36.38 24.62
24.61 29.9 24.79 28.76 28.57
29.8 34.25 30.3 28.68 33.13
30 27.6 36.01 29.8 29.82
34.35 28.06 34.91 30.41 34.41
29.9 37.28 32.34 34.47 29.3
29.3 30.95 30.77 28.81 27.04
30.94 26.66 28.11 32.73 32.07
31.79 29.67 30.57 35.12 24.96
28.89 29.99 32.07 26.33 28.68
28.07 35.1 34.99 26.09 26.25
25.96 25.86 26.73 25.92 29.51
25.67 30.39 26.69 28.85 31.98
29.53 32.78 32.51 31.06 29.41
28.95 29.43 30 31.51 31.72
30.77 27.42 29.2 33.51 33.53
29.1 31.42 27.77 29.88 29.22
29.01 29.48 29 24.93 24.93
26.4 28.59 28.81 25.31 25.99
26.24 25.69 26.68 24.19 28.48
25.82 32.42 27.28 32.83 26.82
26.36 31.43 26.09 27.89 26.32
27.65 30.94 25.31 31.24 30.59
25.44 27.81 24.51 25.73 24.95
29.09 25.71 35.95 29.82 31.11
31.26 33.04 30.73 32.14 40.72
44.65 40.03 31.57 34.19 31.25
32.96 29.42 33.67 32.67 44.47
53.98 64.39 72.75 75.42 78.03
84.77 88.36 90.96 91.4 90.84
91.77 94.24 94.69 93.45 93.16
93.52 93.47 90.87 91.96 90.92
88.04 85.16 86.01 81.31 80.36
73.81 62.46 57.94 51.7 47.8
54.68 53.96 58.81 61.55 71.15
75.75 78.02 79.96 80.21 81.52
85.8 88.1 89.65 91.33 91.55
90.66 93.45 93.51 91.49 89.63
90.9 90.98 88.19 86.33 87.67
85.99 84.3 86.75 90.21 88.87
87.43 88.99 93.41 90.91 88.72
88.65 91.28 89.26 86.4 83.42
87.96 84.63 88.13 89.1 90.61
89.74 90.58 89.29 89.51 89.71
87.83 86.26 85.44 83.78 80.65
80.65 73.53 72.26 64.83 63.02
65.16 66.78 66.24 68.97 71.38
73.37 72.06 73.24 78.87 82.03
81.76 83.69 84.98 86.34 89.85
89.03 88.43 90.44 91.36 90.14
88.84 88.99 90.83 88.22 86.37
87.54 87 83.24 82.42 83.43
81.53 79.36 76.56 81.01 82.04
80.66 82.13 82.84 85.89 85.35
84.88 87.62 87.15 86.11 86.07
87.91 86.09 86.63 88.85 88.07
85.31 85.96 89.19 86.98 81.3
81.27 76.46 80.71 81.63 85.07
84.66 85.29 88.45 86.07 85.06
84.15 85.6 83.01 82.61 82.12
81.88 77.27 71.71 65.58 66.76
70 74.64 78.91 83.14 83.02
82.5 83.57 82.82 82.17 82.06
77.6 73.64 71.4 67.13 55.54
48.88 41.47
