47.82 54.24 50.05 55.25 70.5
76.1 73.14 78.59 81.58 82.99
87.42 87.54 85.54 88.17 91.94
90.96 82.89 88.08 86.53 84.93
77.99 80.77 79.53 75.15 62.55
53.33 44.34 37.46 44.87 35.11
33.99 38.16 38.3 45.16 39.43
45.02 40.78 42.99 45.89 36.07
38.31 35.81 50.35 39.53 35.14
36.03 36.54 41.76 35.56 36.79
41.61 40.55 42.9 42.34 37.88
40.1 44.36 42.84 38.8 40.8
37.45 41.33 45.03 36.74 48.49
40.87 44.49 50.84 52.11 55.01
59.5 58.36 58.73 64.75 68.27
70.22 68.89 76 80.26 80.66
85.77 85.06 89.28 90.06 88.56
88.94 91.11 92.37 92.54 93.97
93.79 92.9 94.95 92.12 92.5
93.47 95.07 92.59 93.46 95.43
93.83 92.41 92.21 94.25 92.36
92.49 92.13 92.12 87.3 92.41
94.46 92.42 88.82 92.77 92.61
89.83 87.9 92.61 91.04 86.75
92.69 91.48 89.89 89.96 90.59
92.76 89.31 93.27 93.01 91.44
89.26 91.69 91.67 89.66 90.49
92.21 89.34 89.81 89.67 86.81
85.27 84.69 87.95 84.4 87.85
85.9 83.17 83.62 89.37 86.95
84.43 88.77 90.63 85.36 83.6
92.28 92.03 91.3 90.82 92.15
92.14 93.03 94.65 93.39 91.62
92.56 94.9 93.8 94.16 94.37
95.33 93.73 93.88 93.7 92.58
91.02 90.75 89.94 86.76 85.3
86.18 81.36 71.51 70.83 70.45
63.24 62.28 56.23 63.73 59.58
69.44 79 83.33 83.91 88.27
89.97 92.13 93.03 92.52 94.49
94.9 94.45 94.96 94.2 92.71
94.29 94.45 91.92 94.03 93.79
94.11 93.87 93.8 93.13 91.23
90.19 92.38 92.21 88.65 90.57
91.01 86.2 86.8 91.3 88.18
80.93 87.73 90.69 83.83 87.22
90.24 90.53 81.31 88.29 91.28
88.47 81.29 91.81 89 86.27
87.66 94.13 91.98 87.26 91.43
95.2 93.53 87.6 94.49 94.2
86.95 83.55 92.9 91.14 88.63
90.89 92.92 92.42 93.31 92.08
91.83 94.66 93.19 93.11 91.99
95.02 94.5 95.12 92.53 95.02
94.35 94.68 92.85 93.98 93.04
90.6 89.02 90.34 84.25 86.26
80.95 78.9 67.48 63.21 42.06
49.79 56.57 51.12 47.45 42.81
39.29 47.36 34.78 51.02 51.62
61.97 62.23 73.56 70.93 76.45
82.93 83.24 85.82 87.65 91.18
89.25 90.55 92.12 93.48 93.28
92.13 92.77 93.88 94.08 94.25
91.86 92.25 94.08 94.46 93.47
92.81 93.55 91.84 92.3 90.1
92.53 93.44 91.01 92.28 90.15
87.7 90.4 90.04 93.95 89.77
90.14 91.2 84.89 88.74 90.92
93.72 88.84 90.37 91.7 86.41
89.44 89.71 93.86 87.15 89.56
88.96 84.19 83.03 83.96 87.21
79.4 77.99 74.29 65.74 60.22
55.42 56.13 50.31 52.25 56.14
57.33 62.78 63.32 62.7 69.31
71.33 67.56 72.88 76.62 75.19
74.17 76.13 80.1 75.3 74.56
83.13 80.15 74.88 82.82 81.63
77.82 78.79 81.34 81.26 76.39
77.9 80.07 75.02 71.97 75.26
72.65 65.58 66.38 66.88 59.64
55.6 53.65 34.79 46.02 38.67
39.62 41.89 43.39 40.93 38.24
42.83 42.64 40.71 40.22 50.27
46.91 52.9 55.64 65.86 68.26
73.48 77.59 74.02 76.46 80.96
78.72 76.42 80.79 84.06 78.23
81.34 83.46 78.8 77.69 80.79
86.16 78.13 77.5 77.53 80.05
72.41 77.09 76.87 74.53 74.57
77.25 74.03 71.65 65.72 66.15
67.86 64.29 60.28 55.89 54.6
51.06 54.92 50.46 44.83 41.38
40.28 36.99 44.75 41 46.59
40.45 44.68 44.2 50.49 45.9
41.73 41.03 43.42 47.13 50.54
45.69 42.71 48.74 55.24 50.28
51.99 54.74 58.91 53.23 49.86
52.23 49.01 47.17 46.21 46.75
52.73 43.87 42.22 45.13 42.88
45.45 43.41 39.64 40.2 43.37
40.47 40.21 49.7 42.61 38.29
38.29 46.63 39.66 41.05 35.61
40.05 37.44 45.14 36.66 42.99
38.92 41.25 44.93 42.5 40.15
41 40.28 41.14 43.12 35.48
46.9 41.04 31.35 39.89 35.07
33.58 38.12 38.9 47.21 36.22
38.71 35.79 40.79 42.85 38.98
36.75 34.28 37 35.62 36.07
37.96 49.52 37.49 39.01 43.22
36.02 50.33 37.29 39.29 44.82
37.86 37.62 38.69 35.9 40.79
36.16 36.33 35.15 38.44 39.91
38.93 42.1 42.47 39.88 43.8
42.54 40.3 36.57 37.66 34.74
43.09 33.13 37.21 36.05 36.67
36.17 37.99 33.17 37.4 34.48
34.31 32.42 36.07 34.71 38.25
42.99 38.92 33.57 37.03 34.99
38.06 37.12 38.57 47.33 35.16
35.72 36.61 33.17
