71.05 83.64 85.55 88.7 90.51
89.87 90.8 93.7 94.55 93.96
95.21 96.13 95.46 94.94 95.04
94.53 91.7 90.4 89.75 84.67
83.89 83.16 81.96 71.81 66.47
57.61 58.48 47.49 41.52 41.59
43.34 35.69 43.63 43.31 37.58
38.29 39.01 38.23 38.71 37
38.8 39.75 38.02 33.51 41.01
38.73 37.65 33.57 40.69 33.65
36.86 34.75 36.53 36.2 36.47
35.81 38.85 37.42 35.91 35.64
34.35 28.74 32.67 35.39 33.43
34.6 35.76 36.06 33.77 28.01
34.26 34.93 28.27 33.71 32.44
34.54 29.7 34.04 30 35.22
30.76 31.89 31.65 33.15 25.84
31.43 28.62 28.81 29.38 28.41
29.63 27.09 29.72 30.23 26.98
31.72 28.56 31.18 30.49 41.73
35.18 31.55 38.75 35.21 41.37
39.81 44.41 46.88 40.97 49.12
37.63 38.33 43.04 38.26 40.14
40.49 36.79 46.74 40.58 40.11
37.05 36.01 33.72 33.05 42.31
37.69 42.98 44.3 47.84 42.45
44.35 46.25 48.59 44 51.96
39.85 37.4 37.37 35.56 39.39
36.32 37.23 37.78 33.8 33.6
32.49 33.87 33.66 33.22 26.31
28.15 26.99 34.03 30.81 29.15
40.47 36.73 39.89 40.07 40.13
35.02 35.94 44.31 39.75 39.79
37.33 31.61 34.05 28.11 27.45
35.68 31.05 30.89 32.98 31.27
38.9 33.3 34.57 32.44 28.46
32.16 30.37 37.73 32.86 37.69
31.05 40.9 36.32 33.79 34.83
37.22 35.54 37.95 33.36 29.67
33.21 28.52 37.59 31.64 36.94
34.66 30.57 36.51 36.61 30.24
34.41 32.19 38.92 38.26 37.87
34.46 44.58 38.6 41.05 38.68
43.22 45.76 53.27 53.76 57.35
66.89 80.56 84.66 87.71 90.2
89.07 89.03 90.04 88.64 86.1
82.12 84.32 82.88 77.82 77.79
79.59 83.09 87.86 88.87 89.06
85.52 85.52 80.18 76.96 65.76
63.86 65.03 61.7 75.52 74.1
83.57 79.09 79.81 79.83 81.87
83.07 82.69 83.57 81.58 75.17
71.26 74.46 62.34 48.08 54.14
52.94 47.43 41.41 48.06 48.45
37.95 41.65 49.97 47.33 45.31
43.5 45.24 47.22 46.82 38.93
45.04 48.59 48.51 42.5 41.14
41.09 48.73 45.85 42.8 43.45
41.72 47.51 50.13 59.17 79.02
84.14 87.37 88.3 87.16 87.85
88.71 85.37 84.29 82.65 86.01
85.38 82.46 84.91 84.54 87.63
88.38 89.3 89.48 89.28 91.29
89.87 90.69 90.81 94.81 96.4
96.48 97.7 97.35 97.25 97.24
97.06 96.12 93.8 93.05 92.64
89.47 87.62 88.69 92.92 93.97
95.78 96.06 96 95.31 93.77
92.57 92.33 94.27 93.68 94.48
95.79 94.56 97.13 94.96 94.68
95.71 94.45 89.48 89.32 87.13
91 91.93 92.66 90.06 90.19
90.91 94.76 92.83 93.9 96.58
95.32 96.55 97.82 97.7 97.06
96.4 92.21 89.88 81.89 77.67
77.77 78.75 80.08 87.48 89.42
92.62 95.52 96.97 97.33 98.07
98.26 98.14 96.08 95.04 94.83
96.43 97.22 98.16 97.96 97.27
95.92 95.53 94.65 95.82 97.28
96.69 95.93 95.83 94.86 92.79
89.2 90.32 88.47 85.01 84.97
83.3 86.37 82.08 83.56 86.84
87.6 85.93 88.05 92.25 91.04
89.75 90.34 90.7 89.4 86.9
87.98 86.35 81.52 90.22 92.02
93.28 91.73 92.16 94.23 92.14
90.61 91.68 94.6 96.24 95
95.15 92.65 93.42 95.32 96.06
96.48 95.7 95.28 95.64 95.79
95.78 96.42 95.17 95.49 94.79
94.33 93.5 92.2 91.2 89.47
87.12 79.35 72.92 58.74
