43.1 41 42.45 36.89 36.83
41.34 42.26 40.37 42.19 40.05
38.5 43.02 34.63 31.41 41.63
30.1 32.63 42.02 28.68 51.89
31.52 38.17 33.36 31.62 33
37.7 31.12 41 34.08 32.41
49.68 35.82 31.17 34.34 32.87
40.63 28.98 32.85 35.79 29.59
50.7 31.87 35.94 36.37 32.05
32.48 28.33 36.83 28.96 35.58
30.54 26.95 32.74 26.85 28.85
32.21 32.56 31.61 33.24 33.69
29.29 28.3 30.5 31.94 30.01
34.09 29.2 37.24 28.77 37.12
30.51 34.45 36.32 33.15 40.47
40.89 35.79 41.35 35.8 33.69
39.65 40.27 42.68 49.29 42.8
38.79 41.8 45.11 42.07 46.13
43.33 39.41 43.89 44.88 41.5
41.08 49.28 47.99 51.02 52.93
53.41 59.56 63.13 62.63 66.57
79.24 83.04 84.34 87.18 88.68
86.33 88.34 89.81 91.99 91.34
89.01 84.45 78.7 70.84 70.89
67.31 70.87 82.36 87.53 88.86
92.37 92.29 92.34 91.07 88.7
89.5 88.91 84.59 74.59 79.5
80.28 84.63 86.25 88.93 88.97
88.53 91.07 93.77 93.78 91.92
93.05 94.68 93.79 92.69 91.32
88.95 90.01 87.33 88.01 91.15
91.72 92.07 91.49 93.56 92.81
90.53 92.14 90.08 89.98 88.58
86.88 87.41 85.01 84.63 75.91
74.38 60.98 57.23 42.39 42.04
36.3 38.63 34.92 33.18 30.39
27.59 34.88 25.58 32.99 28.05
25.6 33.57 29.8 32.85 30.45
30.16 28.61 28.89 28.05 25.78
26.43 30.34 36.32 34.81 30.15
33.33 32.13 28.69 29.83 35.51
26.15 26.93 36.29 38.63 36.57
28.17 38.72 32.62 34.32 29.11
42.1 34.35 33.31 30.81 33.13
26.07 34.42 35.22 33.73 39.41
34.79 30.31 32.22 36.57 39.2
35.29 38.01 39.16 39.55 38.59
37.74 38.08 35.53 38.39 39.44
37.66 39.43 40.15 41.43 44.64
43.08 44.34 52.81 53.81 53.03
56.49 67.19 63.88 66.89 76.56
69.22 76.39 79.29 77.67 76.06
78.41 84.56 83.85 79.95 83.51
84.32 82.63 81.9 85.88 80.1
79.23 76.4 83.25 87.28 86.7
87.55 83.2 78.55 82.63 77.83
80.21 85.8 89.73 89.39 90.12
85.88 82.33 85.06 83.44 87.11
88.55 84.62 79.34 78.68 82.14
79.2 84.49 84.39 85.91 85.84
84.95 87.4 88.96 84.84 85.74
87.46 86.41 82.91 83.14 80.12
79.17 75.47 77.89 80.36 83.09
80.1 83.78 82.59 80.02 78.47
82.87 76.06 81.8 80.05 72.77
68.12 63.47 55.54 47.41 49.24
48.52 46.97 49.55 55.03 55.99
53.95 51.09 50.56 37.04 38.91
39.48 31.79 40.08 39.47 38.71
36.02 33.23 35.92 32.64 28.92
34.71 34.92 25.22 34.23 28.17
33.02 27.33 27.97 27.53 30.4
28.21 30.23 25.51 35.12 33.82
32.91 33.91 31.13 36.51 31.57
37.88 36.32 30.23 36.68 35.61
29.78 34.18 32.24 23.51 29.1
27.79 36.89 28.25 25.77 38.07
27.55 29.94 34.08 28.68 33.79
24.78 32.92 24.63 33.26 31.21
25.51 32.01 25.74 32.4 27.29
32.05 31.23 30.39 31.6 34.91
28.69 30.61 36.72 40.26 40.7
37.26 40.93 40.29 43.52 49.39
53.65 55.1 56 65.6 67.71
71.35 71.15 74.75 70.81 74.54
73.41 79.43 80.48 81.05 74.89
67.36 57.73 54.27 54.44 60.1
74.76 81.94 81.82 83.93 77.1
77.12 77.64 73.49 79.5 80.81
76.48 71.26 74.06 75.79 76.91
76.19 79.22 81.78 79.63 79.94
84.67 85.73 81.59 80.18 85.08
81.8 81.37 75.17 70.74 72.05
66.47 66.33 66.92 73.15 71.88
75.01 72.73 71.96 75.95 78.04
71.75 75.7 74.99 74.77 67.62
67.05 75.44 65.36 59.84 68.62
65.25 58.48 61.22 67.58 64.1
45.53 49.9 41.92 38.49 41.04
39.94 39.3 45.91 39.54 34.23
41.11 34.22 36.74 36 34.81
32.57 34.78 36.14 34.63 44.28
34.76 44.96 30.76 32.69 29.82
36.52 32.23 32.82 32.62 27.94
33.97 33.14 28.12 32.03 27.97
33.45 30.81 31.81 31.57 29.21
34.58 37.52 35.72 31.38 40.89
29.04 31.94 36.47 31.25 31.11
31.93 30.89 33.88 35.31 33.6
31.71 37.01 36.2 36.39 36.79
40.49 32.65 39.46 31.28 41.77
37.82 33.08 43.92 41.92 39.11
49.48 51.73 55.25 58.71 61.73
59.94 59.83 56.33 47.5 47.59
39.17 39.32 44.21 44.92 50.08
52.13 55.86 58.31 62.44 73.68
83.53 83.49 86.49 87.6 91.38
90.42 89.68 90.95 92.66 94.07
92.48 90.25 88.4 81.68 72.77
73 68.61 73.52 86.1 90.61
91.08 93.82 92.55 92.83 91.83
87.91 90.03 90.48 89.67 82
85.4 87.46 89.54 91.07 92.8
91.81 92.53 94.26 96.24 95.84
94.91 95.37 96.31 96.15 93.61
93.7 91.95 90.78 88.62 89.94
92.48 93.69 91.06 91.61 92.48
93.74 92.01 93.92 91.28 91.8
90.28 90.58 87.07 84.25 82.96
77.72 72.62 69.05 65.48 59.7
58.78 46.87 42.8 41.34 36.23
30.71 28.91 36.19 35.17 31.18
36.08 32.1 36.4 34.81 35.57
35.92 29.59 38.26 37.7 37.55
33.83 30.18 30.66 30.67 30.13
30.77 30.77 34.59
