32.82 31.46 34.49 27.23 36.73
41.54 35.78 41.28 45.38 47.76
52.59 51.82 52.81 52.62 62.93
72.49 69.09 75.27 75.32 69.73
73.65 81.02 73.49 69.13 72.88
76.09 67.04 66.58 69.84 67.25
58.9 50.2 38.92 41.11 41.88
51.81 49.58 55.08 56.37 62.9
63.29 64.8 62.72 64.2 58.33
56.95 56.54 53.05 49.87 49.33
50.1 44.96 49.69 45.47 38.19
36.81 39.94 39.74 43.67 45.11
44.17 48.12 41.49 46.77 47.95
43.93 44.49 48.64 48.2 55.65
47.76 57.77 50.76 53.61 52.73
53.11 59.63 64.93 64.63 63.7
66.55 66.83 68.41 65.62 68.66
69.39 71.62 68.94 68.41 69.3
59.57 63.59 68.28 63.74 63.12
64.13 68.79 68.66 62.02 63.13
64.74 61.74 63.59 59.01 65.06
64.05 57.55 56.72 49.61 45.26
48.26 44.48 44.55 42.83 42.37
33.95 43.14 43.82 47.78 49.19
51.36 43.99 49.23 47.37 45.53
42.86 45.96 44.42 46.35 40.6
45.54 44.98 39.16 42.79 41.57
37.49 36.72 38.6 35.29 38.29
40.95 33.61 33.86 40.38 33.58
33.78 29.91 33.37 35.06 32.93
34.84 34.47 41.85 50.63 53.93
52.9 61.25 68.1 66.1 66.08
70.29 77.69 72.35 72.1 76.16
75.87 73.93 71.15 79.56 83.09
73 74.52 76.88 77.53 71.87
69.48 73.2 60.59 60.1 56.03
54.58 54.97 51.78 51.16 46.25
48.2 46.67 48.46 49.78 53.08
43.54 44.56 41.65 48.22 48.64
61.44 67.82 73.17 72.99 78.24
86.49 78.89 84.16 88.2 89.1
85.59 89.23 89.61 88.11 86.73
85.75 86.85 80.58 79.33 83.85
75.89 72.51 74.74 69.18 71.7
64.59 67.63 64.57 61.88 60.95
59.61 60.99 57.63 55.86 57.67
60.15 56.68 58.48 58.42 53.66
55.44 52.41 53.71 51.48 48.24
48.84 49.45 52.17 49.76 47.67
42.1 48.12 42.44 44.47 53.85
38.38 44.99 52.68 46.37 52.79
54.57 51.5 55.76 57.29 55.9
50.86 52.22 48.55 47.36 55.53
58.53 59.12 52.3 44.79 40.31
37.78 37.75 35.11 39.27 34.73
41.49 39.73 39.47 38.4 35.48
32.65 38.32 33.59 35.17 38.47
30.12 37.29 36.61 33.31 37.7
39.02 35.04 40.35 40.05 36.41
47.99 40.22 46 41.8 50.09
42.95 35.43 37.62 42.65 32.39
35.89 42.93 39.67 49.22 47.3
46.08 44.42 40.03 48.79 42.09
34.98 40.44 37.64 44.09 35.07
36.16 41.43 39.95 36.75 38.71
35.55 36.51 43.32 37.92 44.27
49.1 48.98 51.22 50.06 53.78
52.05 37.39 46.45 40.91 46.82
43.39 46.37 43.96 38.01 37.18
42.84 39.26 40.69 36.29 41.2
37.18 41.93 39.96 47.19 41.8
49.4 45.99 51.2 48.89 46.42
41.95 34.73 34.24 37.81 33.11
41.62 34.62 39.28 38.57 38.9
35.96 39.98 41.72 37.9 42.29
37.37 43.26 35.55 41.21 36.15
37.16 37.96 35.6 33.31 31.39
39.89 40.88 40.98 35.27 42.8
40.98 40.78 32.92 34.29 34.63
33.86 35.5 32.56 38.55 38.06
36.12 40.68 42.47 37 43.72
39.02 34.57 37.99 39.39 36.48
36.15 35.23 44.35 34.07 35.06
35.97 35.34 36.59 37.15 37.37
43.65 36.75 45.38 48.04 51.57
