51.3 52.08 47.89 49.73 46.94
49.76 48.6 48.23 45.31 45.57
51.69 50.45 46.48 40.45 47.11
41.44 48.92 57.33 43.78 48.25
55.59 50.57 56.07 57.76 53.18
60.53 63.31 60.47 54.81 55.56
50.94 44.92 56.19 56.98 54.22
48.94 41.02 39.96 30.54 34.37
35.28 41.14 42.14 39.45 39.8
37.99 43.23 38.23 33.05 37.54
38.57 37.87 42.78 33.23 37.01
33.83 40.6 39.9 40.6 34.71
42.46 43.34 41 37.26 36.53
44.08 32.88 42.63 38.22 46.54
40.78 33.83 37.57 30.88 39.36
31.94 37.66 30.27 34.35 31.57
35 34.26 37.56 47.53 36.01
35.84 34.87 37.44 36.05 40.15
32.68 39.09 41.8 46.41 50.38
40.18 37.8 35.68 42.48 42.76
43.09 46.29 61.43 42.65 48.89
52.12 53.92 48.65 41.34 47.17
44.65 47.77 41.13 48.75 44.61
45.77 37.29 48.34 39.76 37.86
38.78 43.66 40.6 38.46 41.54
38.54 39.15 47.59 47.6 44.37
42.72 51.02 48.28 49.52 48.74
49.31
