56.02 40.67 53.52 52.53 51.6
55.84 56.17 61.43 61.15 52.71
58.6 63.53 70.68 65.33 63.98
57.25 48.01 51.41 47.38 50.72
48.89 46.28 53.1 55.07 64.22
72.27 75.84 72.87 75.93 79.05
82.75 82.9 86.17 85.99 86.61
87.78 89.43 88.8 85.19 87.71
87.38 85.26 84.47 86.65 85.42
76.43 73.72 67.18 65.17 66.03
62.86 57.61 50.39 61.34 67.11
63.86 60.25 64.51 61.04 59.35
60.4 59.17 58.5 60.67 61.13
67.81 68.44 78.06 77.88 84.08
88 88.93 90.03 92.72 94.92
92.75 93.66 96.07 96.52 96.92
96.51 96.46 95.99 95.42 94.54
93.33 89.64 91.66 90.88 87.59
87.32 84.6 83.31 76.34 78.41
71.64 72.27 74.05 71.43 64.41
64.74 66.7 65.22 61.03 66.56
68.43 64.8 61.32 57.75 52.2
47.49 44.25 38.95 42.93 41.8
47.47 40.18 47.89 46.31 43.5
49.45 50.81 52.46 52.59 53.92
55.97 54.5 51.43 50.73 59.3
51.91 46.44 62.74 54.94 52.11
64.56 52.46 66.65 54.83 69.12
53.05 61.52 59.76 50.61 56.57
43.69 53.5 40.93 50.29 45.04
43.76 43.66 39.05 48.1 43.79
40.36 45.33 36.93 46.81 41.62
46.74 42.29 52.19 43.41 48.12
55.87 55.53 56.52 59.76 70.78
71.49 74.84 80.65 82.74 86.99
86.48 86.32 81.99 81.68 77.47
77.86 67.29 53.52
