34.28 35.02 36.73 32.65 34.51
32.69 25.84 28.67 28.75 26.6
28.97 24.72 28.08 26.5 25.53
29.56 27.18 26.91 27.02 27.13
27.38 34.05 32.92 34.01 36.3
36.38 36.14 36.86 35.42 39.03
35.23 37.99 39.22 34.22 30.63
31.42 32.33 34.51 27.14 33.84
28.01 29.36 30.53 29.4 28.74
28.96 30.76 25.95 28.41 25.87
28.85 25.88 29.76 29 27.75
34.65 30.42 37.54 35.1 40.9
41.22 40.37 43.31 49.98 50.38
55.26 60.12 60.45 59.82 62.43
63.96 65.84 67.12 72.92 64.66
68.07 72.08 76.3 74.58 75.65
81.98 80.46 80.23 82.74 85.17
83.16 83.49 85.16 89.12 88.76
85.68 87.18 90.43 88.64 85.88
90.76 91.84 90.28 89.72 92.92
91.01 89.27 92.52 91.82 91
87.91 85.96 85.08 85.84 85.75
82.31 86.32 87.71 86.32 84.45
86.04 87.45 84.04 84.38 85.91
87.99 82.45 84.27 83.96 84.79
82.33 84.42 83.31 80.87 81.57
83.03 77.55 68.39 67.56 66.68
60.2 58.68 58.79 57.13 52.98
50.27 54.47 52.28 55.14 60.71
70.79 77.13 78.13 78.98 81.1
84.64 83.16 82.86 86.95 87.89
86.92 83.85 88.76 88.1 84.46
85.51 88.17 86.12 82.2 84.26
87.17 83.8 78.49 82.11 83.33
79.01 78.55 80.07 80.92 81.64
82.03 82.93 87.97 89.18 93.06
94.24 92.33 93.27 96.05 95.63
95.76 97 97.18 96.14 96.36
96.6 97.06 96.71 96.05 94.66
96.17 93.73 94.15 93.25 92.96
94.82 94.96 89.54 93.8 93.4
93.57 95.42 94.02 94.98 96.42
95.8 94.36 95.06 96.74 94.4
94.01 94.17 94.48 92.72 92.8
92.35 90.8 88.08 90.59 89.44
90.43 90.61 89.39 90.87 90.17
91.15 90.56 90.62 90.4 89.98
90.43 91.57 88.55 88.05 90.65
89.81 85.65 88.55 92.88 91.57
90.16 93.75 93.23 93 94.27
95.55 95.47 94.64 92.1 91.69
91.35 91.53 87.03 85.99 81.82
85.6 75.99 84.32 89.54 84.97
85.26 88.52 91.9 89.72 88.12
91.3 91.36 87.36 86.66 90.95
90.91 85.65 87.67 91.16 89.59
84.82 87.95 88.8 85.29 87.85
87.63 87.06 88.21 90.29 91.08
89.12 90.19 92.56 92.54 90.81
92.28 93.94 92.11 90.09 91.99
92.96 88.82 91.9 91.09 89.01
90.58 93.42 93.98 92.56 93.99
95.97 94.54 92.75 95.01 93.87
89.03 86.61 87.98 91.5 84.4
82.51 89.23 89.13 84.72 81.85
87.98 84.17 86.35 89.3 90.34
91.46 91.78 93.68 95.39 96.01
96.49 95.79 96.22 97.42 97.25
96.77 97.24 97.84 96.99 95.99
97.18 97.17 94.91 92.1 88.04
82.91 78.08 84.78 86.83 80.66
85.02 90.4 89.85 85.09 86.93
88.58 93.58 91.34 91.59 91.77
93.57 94.27 92.45 93.98 95.83
93.93 93.91 96 96.92 96.49
96.97 97.68 97.92 97.15 97.42
97.82 97.8 96.58 96.93 97.41
97.17 95.93 94.68 93.7 90.89
86.34 85.98 82.33 78.39 70.65
61.27 53.3 51.07 54.95 64.05
61.7 64.45 61.94 62.03 62.31
70.9 78.22 85.32 90.76 90.85
91.9 93.22 91.09 93.07 94.12
89.79 86.6 91.39 91.57 82.99
84.55 89.2 82.45 80.5 85.9
87.94 80.5 80.04 86.11 87.55
79.54 78.4 86.23 86.1 79.87
84.11 91.35 87.7 85.31 91.79
94.82 92.66 93.41 95.18 95.61
95.6 95.37 95.12 95.94 95.05
94.19 93.87 94.67 92.37 89.75
87.96 84.93 92.74 93.09 91.39
91.36 91.92 94.47 93.72 93.4
94.54 96.21 96.65 96.73 96.46
96.86 97.17 96.71 95.79 95.28
93.47 95.73 94.22 93.55 93.86
95.61 96.54 95.84 96.1 97.38
97.36 95.81 96.85 97.34 95.24
93.07 94.83 93.87 90.28 87.43
91 93.21 89.16 89.65 94.62
94.69 90.93 92.04 96.1 94.05
94.29 95.45 94.77 93.51 94.59
94.28 91.67 91.68 88.18 90.05
88.84 89.94 89.52 88 86.21
84.12 86.11 91.87 92.83 94.37
95.12 93.19 92.46 93.3 95.71
96.23 95.1 96.76 97.6 97.05
97.23 97.7 97.42 96.45 95.71
94.93 96.15 94.15 90.32 85.81
91.09 90.61 87.31 88.44 91.32
89.16 86.11 86.41 89.14 88.82
86.42 86.13 91.57 89.72 94.64
93.8 90.18 94.19 94.9 93.76
90.84 94.2 95.49 95.15 95.45
96.93 97.63 97.06 97 98.04
97.61 97.22 97.72 98.22 97.4
97.96 98.02 97.28 97.64 96.81
95.56 95.19 94.31 92.86 91.86
90.36 84.87 82.32 76 65.73
57.11 66.46 76.64 84.16 86.77
83.48 84.88 86.3 86.59 84.69
84.14 81.37 83.67 82.44 86.18
86.24 88.48 86.06 86.78 88
87.58 87.43 89.26 89.35 87.3
87.18 86.32 86.44 84.11 77.59
64.32 57.16 59.54 68.07 73.65
76.55 79.27 80.44 82.49 84.14
85.07 87.39 88.62 88.79 87.05
85.1 86.55 79.21 76.75 76.96
74.31 80.44 69.1 59.81
