40.81 41.03 43.39 49.09 45.09
47.24 46.49 48.79 51.39 50.72
54.02 45.91 44.18 43.37 43.84
42.4 42 41.66 38.93 40.17
37.02 34.12 35.98 38.44 38.74
34.77 35.18 36.3 34.46 36.26
39.81 41.54 50.03 73.23 90.62
94.48 90.51 89.09 91.42 94.78
94.98 96.31 96.15 95.8 96.04
94 94.01 93.79 95.55 96.19
95.66 95.2 96.31 97.29 96.17
95.59 96.94 96.97 97.63 98.39
98.62 98.64 98.54 98.44 98.27
97.77 97.09 96.23 96.22 97.75
95.17 95.71 97.38 96.56 95.58
96.76 96.52 96.02 97.44 98.1
97.73 98.02 98.57 98.32 97.75
98.09 98.07 96.39 95.79 97.77
97.03 96.65 97.36 98.22 98.08
98.46 98.34 97.87 97.26 97.45
97.2 95.08 90.79 89.68 93.11
95.45 93.95 95.61 96.05 97.28
97.12 95.47 96.72 96.61 97.64
94.21 97.07 97.53 97.28 98.24
98.54 98.41 98.54 98.33 98.17
97.72 97.23 96.03 94.63 93.7
92.7 95.29 96.35 97.04 96.65
97.5 95.95 95.48 89.09 87.24
93.83 96.8 98.17 97.91 98.2
98.51 98.6 98.33 98.45 98.67
98.53 98.04 98.07 98.31 97.42
96.7 96.73 88.37 89.36 94.48
97.09 97.16 96.3 95.61 97.17
96.35 96.48 97.62 96.02 97.51
97.42 95.89 94.91 93.27 93.91
95.74 93.48 92.69 96.55 96.34
95.04 94.88 94.31 92.89 93.78
95.76 97.89 98.17 98.5 98.55
98.69 98.62 98.42 97.89 94.84
95.07 97.71 98.36 98.42 98.42
98.63 98.71 98.62 98.45 98.4
97.99 97.07 95.62 94.3 94.55
92.33 94.53 96.99 97.67 98.35
98.4 98.34 98.47 98.23 97.28
97.2 96.6 95.32 95.91 96.21
97 96.21 95.48 95.44 96.12
97.43 95.71 96.19 96.94 97.75
98.43 98.62 98.26 98.07 97.68
96.89 94.92 93.74 92.46 95.06
96.47 96.64 97.23 97.22 96.44
96.46 95.26 95.58 97.57 97.6
98.18 97.43 98.14 98.45 97.64
96.84 97.81 97.6 95.64 95.2
95.25 92.13 89.14 89.87 89.34
88.95 81.09 70.63 66.54 56.48
51.34 47.61 39.09 41.15 37.74
34.48 37.74 35.89 42.93 53.58
57.44 65.68 73.78 87.01 89.49
90.72 92.91 92.23 92.78 94.83
94.92 96.45 97.62 97.99 97.56
96.89 95.95 97.67 98.14 97.72
97.21 98.34 98.33 97.94 97.97
98.47 98 96.74 96.63 98.19
98.15 97.15 97.41 97.96 97.33
97.76 98.2 97.98 97.76 97.96
98.28 98.47 98.16 98.36 98.55
98.32 97.68 98.53 98.44 97.66
97.41 98.16 97.39 95.13 96.29
97.59 94.6 89.12 92.92 94.7
95.74 97.04 96.99 97.58 98.35
98.44 98.2 98.37 98.44 98.43
98.44 98.47 98.14 97.48 97.92
97.08 95.43 94.57 95.42 97.88
98.28 98.06 97.7 97.37 98.05
98.29 97.68 98.15 98.12 98.21
97.81 97.98 97.96 97.33 96.92
92.51 94.56 95.06 94.51 89.31
88.48 90.94 93.7 94.27 95.62
95.87 96.54 97.93 96.76 94.99
94.43 91.63 90.88 93.14 95.82
97.06 96.86 98.17 98.47 98.65
98.5 98.65 98.78 98.68 98.73
98.73 98.76 98.18 97.83 97.25
96.83 95.08 93.77 93.26 89.42
82.48 70.43 67.32 69.67 66.64
67.91 75.67 69.98 66.28 76.2
72.93 70.88 79.08 89.96 96.2
97.35 96.96 98.05 98.55 98.42
98.33 98.74 98.62 98.06 98.33
98.62 98.39 97.34 97.77 96.33
95.62 97.24 97.82 97.15 97.49
98.34 98.31 98.14 98.21 97.62
97.69 97.74 97.44 96.43 94.21
94.42 93.31 89.93 92.04 92.74
94.16 94.97 96.35 97.36 97.93
97.99 98.46 98.64 97.94 98.48
98.72 98.18 97.77 98.29 98.08
97.19 97.51 97.59 97.27 96.21
96.12 93.99 95.91 97.72 96.83
95.82 96.47 97.21 97.69 97.99
96.02 96 97.85 97.39 94.63
92.54 93.56 95.9 96.04 93.3
95.13 95.78 92.37 81.35 68.17
64.09 62.88 69.74 72.72 70.3
84.74 93.21 95.63 95.76 96.11
97.36 97.99 98.05 97.99 98.41
98.54 97.87 98 98.35 98.4
96.88 95.87 96.38 97.89 97.36
96.22 92.33 79.9 67.95 55.44
48.67 39.88 33.96 32.42 33.46
32.46 32.92 33.69 35.19 36.42
37.11 36.46 38.25 33.72 37.81
33.99 36.8 33.1 34.26 34.04
29.96 33.59 30.81 32.22 33.15
29.77 33.24 30.7 34.5 31.5
36.52 30.78 38.32 33.72 42.57
38.91 37 39.78 37.14 33.29
38.07 37.7 35.19 41.69 33.65
38.61 38.26 36.17 40.97 36.55
39.11 35.38 40.04 35.6 35.19
38.41 36.79 34.49 39.63 35.11
45.31 40.74 38.56 31.65 37.61
37.26 35.09 32.62 34.12 33.02
36.05 37.47 33.18 36.11 32.75
37.32 42.78 31.29 34.6 29.71
28.9 28.32 30.8 30.75 28.51
30.31 28.63 27.13 30.16 28.66
36.69 29.06 28.72 27.02 28.89
26.97 31.8 30.33 33.39 38.53
39.08 34.21 34.91 38.01 33.82
33.38 35.67 34.47 36.51 34.44
34.67 33.44 36.21 37.02 34.26
31.15 31.55 36.12 32.82 39.05
36.3 36.68 29.85 32.9 29.52
35.52 32.65 29.07 34.48 34.82
33.48 35.84 31.87 35.04 34.36
38.54 35.57 36.33 35.18 31.62
33.42 30.22 33.9 32.88 29.07
34.39 30.67 33.21 30.87 35.69
30.61 35.22 35.21 32.16 36.7
37.24 30.95 29.65 33.12 32.94
44.52 48.75 51.52 56.53 68.44
75.82 77.01 77.94 84.95 88.31
89.61 91.09 88.5 91.72 91.92
94 94.28 94.62 93.47 93.48
92.6 93.62 92.89 91.32 92.55
89.11 87.96 86.41 86.74 83.61
84.39 78.87 76.42 66.51 60.22
56.64 54.73 46.3 49.69 37.63
44.86 36.89
