37.09 29.21 34.58 30.46 34.2
30.1 34.26 31.05 35.12 36.03
34.79 38.11 41.26 47.91 56.31
65.05 79.57 81.3 86.65 89.25
91.31 93.1 94.85 93.66 93.51
92.63 90.94 88.81 79.09 75.91
63.37 55.89 53.16 48.9 56.61
57.9 68.85 74.93 87.46 89.39
93.26 94.63 95.21 95.13 93.64
92.2 90.3 83.35 80.87 76.32
75.83 80.63 87.88 91.17 93.64
91.76 88.69 90.06 86.96 83.06
75.71 69.12 75.02 83.31 86.03
89.63 90.75 89.51 89.98 92.08
91.71 91.35 90.36 88.49 88.62
86.87 82 85.31 90.58 92.35
93.83 94.65 95.62 94.22 93.05
92.32 88.41 83.41 75.51 69.81
69.21 77.04 86.89 87.05 88.92
87.58 90.22 93.55 94.02 93.24
93.31 92.7 90.58 85.55 87.27
86.46 83.3 81.77 81.69 77.66
73.55 70.79 71.02 77.54 80.27
81.75 85.81 92.23 91.64 93.34
93.01 92.31 91.49 90.6 86.14
78.67 72.26 68.72 69.94 72.59
78.39 84.16 83.74 80.11 88.17
92.87 93.67 94.96 95.04 93.71
91.21 87.73 75.3 62.72 57.28
57.7 48.91 48.89 34.08 32.11
35.52 35.49 31.47 31 27.07
28.12 33.57 29.09 33.39 29.62
32.25 31.95 34.27 37.68 30.56
36.22 31.34 38.17 37.61 37.15
39.33 37.23 40.21 36.54 49.6
41.39 42.32 41.21 44.97 40.8
44.27 48.94 43.65 38.66 35.32
36.48 35.47 35.8 34.21 35.25
37.35 38.13 38.37 39.03 36.08
39.86 36.67 39.71 37.13 39.92
39.65 40.94 42.68 37.61 52.43
42.28 43.85 39.74 41.55 39.89
34.63 43.46 35.92 37.8 34.7
38.93 33.17 33.04 36.41 38.45
39.24 31.48 32.87 35.19 32.49
35.08 35.39 34.27 34.29 33.68
37.25 31.61 34.05 33.3 34.78
32.87 36.09 32.21 39.48 32.11
31.16 35.01 36.92 31.78 44.83
29.97 36.11 36.84 29.91 36.49
34.4 33.84 38 36.52 41.34
50.74 43.06 41.06 43.76 49.44
41.28 41.01 46.31 36.58 46.08
39.78 41.97 40.28 35.01 39.74
38.56 39.58 41.17 40.27 46.08
43.78 37.53 41.26 42.27 34.72
36.16 37.1 32.46 34.83 29.29
35.11 31.86 32.81 30.02 34.01
27.65 31.89 33.41 30.17 33.89
32.75 31.96 35.47 48.01 56.89
66.9 78.36 79.57 81.09 82.9
88.41 90.18 91.06 91.34 90.62
86.69 86.53 86.89 84.46 86.88
88.66 90.69 90.51 88.52 88.41
88.99 85.28 87.67 88.05 88.36
88.73 86.75 86.96 83.27 86.28
87.61 89.52 89.92 88.51 89.53
92.4 92.73 93.17 93.69 91.81
88.7 91.67 89.84 86.22 87.38
90.47 91.14 94.22 93.53 92.5
90.83 89.31 86.56 88.38 87.51
91.26 91.74 90.36 88.62 90.57
88.74 88.05 85.58 84.28 84.49
87.79 87.18 84.17 87.21 88.61
85.93 85.81 85.85 85.14 80.08
82.29 79.05 78.13 75.77 68.4
70.8 78.03 81.36 78.47 78.74
83.26 83.72 84.15 87.73 83.69
82.36 73.94 59.13 42.8 29.96
29.67 28.91 28.88 30.1 35.37
41.17 48.7 49.74 59.48 65.41
76.05 78.11 79.02 81.2 83.95
88.8 87.94 88.08 87.96 87.17
71.99 66.68 69.2 76.76 83.94
89.12 89.94 89.76 88.19 88.73
80.53 86.19 85.12 82.02 90.22
85.98 84.62 80.7 78.37 75.8
74.97 66.91 53.41 47.79 38.45
39.17 45.23 56.86 65.7 70.21
76.18 78.1 71.99 71.39 80.82
79.12 82.47 77.16 78.05 74.74
69.74 77.65 73.55 78.44 83.96
86.71 87.44 82.04 83.69 76.05
76.16 79.94 75.91 79.82 84.15
85.97 87.26 85.32 85.56 84.58
84.24 73.47 66.68 65.33 53.74
51.89 48.8 49.28 50.86 42.93
51.33 50.34 58.54 55.55 60.34
55.87 59.56 64.8 76.03 83.98
81.41 79.86 86.36 87.94 81.96
84.18 89.7 89.28 83.82 86.97
92.07 85.91 88.38 92.01 89.83
91.86 91.46 92.58 94.61 96.3
95.4 96.19 95.87 96.43 94.51
90.67 88.96 92.31 94.79 95.3
94.98 97.4 98.15 98.07 97.05
97.62 98.34 98.06 97.37 96.65
96.89 97.02 95.04 97.35 97.67
97.57 96.78 94.61 94.98 94.47
94.59 93.64 92.73 93.29 87.7
87.11 74.52 66.56 66.39 76.34
80.56 78.16 84.69 90.15 91.95
90.23 91 94.84 95.18 92.6
93.03 95.2 93.45 90.44 92.61
93.3 90.44 90.41 89.28 89.56
91.91 92.51 94.39 92.22 87.27
82.17 72.96 67.3 61.96 62.02
67.51 64.57 73.23 83.36 87.97
93.57 92.07 92.54 91.91 95.26
93.64 90.5 92.31 92.74 94.62
97.16 98.27 97.94 97.96 98.24
98.52 98.41 97.85 97.85 98.49
98.13 97.22 97.83 97.93 96.41
95.62 96.5 94.67 92.65 93.41
93.57 92.71 87.64 77.8 71.88
84.43 86.18 87.23 89.97 91.4
92.67 93.12 92.28 93.29 93.3
90.74 91.35 91.2 90.79 91.46
91.89 88.56 89.64 89.58 87.43
80.04 83.92 87.17 86.21 87.78
90.89 92.33 92.34 92.7 94.55
94.01 93.4 93.31 93.68 92.97
92.42 89.93 87.85 83.63 84.46
82.05 81.07 83.49 87.94 93.17
95.61 97.11 95.4 93.72 91.06
88.7 85.81 82.22 81.19 78.19
81.63 88.16 88.89 92.38 91.69
94.9 94.89 95.38 94.87 94.09
94.2 93.73 94.65 95.93 94.89
95.19 93.57 93.49 93.35 94.91
94.4 95.09 96.7 96.24 95.95
95.46 96.58 95.31 94.58 93.78
94.6 93.51 92.34 92.31 91.28
90.54 94.13 93.66 96.92 97.38
96.28 97.23 98.47 97.89 97.58
98.14 98.36 98.03 97.54 97.69
97.95 95.78 96.06 94.04 91.64
93.37 92.94 87.84 83.41 90.36
89.8 90.06 89.74 91.33 93.36
92.65 91.29 92.76 93.31 91.7
89.92 87.49 88.46 90.7 92.68
94.34 95.05 95.81 96.75 97.69
97.05 97.35 97.26 98.26 97.84
98.21 97.57 98.14 98.22 97.78
96.87 97.53 98.03 97.94 98.29
98.55 98.23 98.52 98.51 98.35
97.61 97.75 97.58 96.75 95.06
93.67 91 91.44 88.61 90.59
94.78 92.07 90.48 94.58 93.89
90.23 91.49 93.35 89.49 86.27
86.94 87.93 86.36 86.93 85.1
81.55 84.04 89.57 94.66 94.04
91.2 90.74 86.23 85 79.13
81 84.03 88.96 90.23 95.35
97.83 98.11 98.58 98.3 98.14
95.91 93.43 94.59 93.23 93.94
94.42 94.21 95.81 92.41 91.77
89.71 87.73 84.45 88.76 93.05
95.99 97.57 97.55 98.14 98.01
97.68 98.24 97.39 97.81 98.18
97.61 97.64 98.15 97.01 94.14
95.81 95.5 92.7 90.58 90.09
89.1 80.94 67.96 53.85 47.6
34.5 33.14 31.61 26.45 30.13
