45.82 43.61 47.92 55.48 45.77
46.04 43.51 39.22 48.3 37.63
37.85 42.42 40.81 51.11 40.51
43.31 43.49 40.77 45.24 44.51
41.88 46.99 53.62 48.63 43.19
44.11 47.22 49.22 44.84 44.72
43.52 41.46 39.17 44.88 38.4
44.47 40.13 38.29 45.89 38.07
46.51 38.41 56.18 53.31 42.37
46.33 37.39 48.81 36.21 41.58
42.8 38.04 45.02 36.99 43.44
46.06 45.38 44.99 54.14 55.88
56.61 57.7 59.95 60.09 63.36
68.38 77.92 82.89 86.07 87.42
89.39 91.31 89.97 90.47 92.5
92.89 92.25 92.6 92.35 89.94
91.11 90.03 91.5 92.95 92.02
92.12 93.56 93.72 90.97 90.2
91.49 90.33 87.92 89.98 89.34
86.58 85.55 85.75 78.34 63.1
61.09 62.89 54.34 54.34 54.57
53.09 46.26 44.24 53.26 61.94
63.29 69 72.94 73.59 80.89
81.33 82.87 86.13 88.56 87.29
87.16 88.37 87.42 87.17 84.8
84.42 81.7 76.5 69.94 70.75
64.07 65.93 66.59 65.69 72.16
74.39 80.33 86.42 88.89 92.1
92.66 91.36 93.71 94.49 94.04
92.07 94.82 95.47 92.74 92.27
94.8 92.71 89.35 91.2 92.04
89.38 88.27 90.93 89.02 86.32
87.95 90.69 86.5 87 89.39
88.98 87.24 87.43 90.87 89.59
88.58 88.98 90.73 88.95 88.66
86.3 87.68 85.31 79.56 69.15
59.21 55.81 60.16 52.86 56.71
58.56 53.75 45.78 47.41 45.42
44.1 44.68 40.61 43.83 40.47
47.65 46.64 45.45 41.96 48.83
42.58 39.07 40.84 43.53 43.06
36.69 40.52 40.56 42.24 35.09
45.26 36.61 43.63 36.15 44.64
40.54 45.68 50.45 45.22 49.33
41.82 45.18 44.57 42.04 44.76
45.97 38.82 47.95 48.5 41.33
55.17 42.19 46.08 39.86 42.86
42.28 45.23 47.26 52.55 46.84
48.82 55.92 45.59 54.42 46.73
62.96 47.2 54.13 45.9 51.03
59.47 45.8 53.5 45.42 58
50.04 52.39 53.21 48.15 55.14
53.51 55.39 52.96 55.72 59.92
61.46 58.68 56.7 55.64 57.63
54.7 54.48 45.4 42.62 46.37
54.12 63.9 82.34 89.42 91.47
92.45 95 96.17 95.46 96.29
96.75 96.99 95.23 96.73 97.28
95.39 92.75 94.62 93.53 90.68
88.99 91.33 93.51 96.49 95.76
96.61 95.8 97.09 97.34 97.4
97.47 97.46 97.52 97.46 97.34
97.06 96.47 95.83 95.9 96.31
96.3 94.83 95.69 97.15 95.93
94.91 96.72 97.19 94.28 94.78
95.06 95.27 93.2 92.57 89.19
86.72 82.39 84.28 79.68 79.53
79.43 78.79 78.17 74.26 71.26
64.11 62.05 58.22 53.57 46.94
49.15 50.12 40.07 52.37 54.72
45.84 43.7 43.17 46.65 48.53
40.31 42.49 38.31 55.64 52.08
42.52 41.94 38.75 39.09 43.68
41.63 43.19 41.54 38.56 45.3
48.41 43.69 51.69 48.25 41.44
41.79 51.12 39.79 52.47 43.71
55.11 36.9 51.29 39.34 39.99
44.16 49.84 50.06 41.29 37.78
