36.5 35.21 47.94 46.15 57.67
52.81 61.6 61.48 75.84 80.93
83.33 90.59 92.39 89.14 89.33
90.63 89.64 87.11 88.01 89.06
85.45 83.28 86.74 86.25 85.95
83.62 81.18 86.51 89.98 92.45
93.26 92.84 94.17 96.7 95.82
94.33 96.89 97.43 95.37 96.66
97.78 97.9 97.53 97.05 97.06
97 95.69 94.16 94.44 93.53
90.99 86.9 84.21 83.7 83.78
82.67 76.85 76.41 75.69 75.58
76.55 75.72 77.82 75.33 76.45
76.37 70.74 76.16 75.88 81.54
79.75 85.94 89.06 91.2 91.29
92.32 94.36 96.58 97.31 97.25
97.76 98.32 98.21 97.62 97.01
96.95 96.05 95.22 95.77 96.49
96.72 97.83 97.87 98.5 98.63
98.66 98.12 96.36 94.6 96.06
95.07 97.04 97.97 98.37 97.98
97.15 96 94.79 95.62 94.93
95.46 95.91 96.46 98.35 98.66
98.73 98.8 98.72 98.09 97.43
96.32 95.38 91.5 82.48 85.48
91.8 88.59 88.74 91.92 93
95.36 97.21 97.38 98.27 98.67
98.77 98.82 98.76 98.65 98.46
97.34 97.53 94.75 93.8 93.07
94.85 96.56 97.49 97.44 97.5
97.39 97.89 98.07 98.24 98.33
97.54 98.4 98.1 98.18 98.49
97.13 97.61 98.55 98.32 98.72
98.69 98.58 97.86 97.08 96.72
96.83 98.26 98.11 98.4 98.42
98.07 97.23 94.42 92.85 91.49
95.53 97.95 97.62 98.02 97.81
97.65 97.82 95.42 93.39 94.21
91.35 93.82 94.4 96.72 95.51
95.63 96.06 95.24 95.17 95.94
98.13 98.52 98.48 98.62 98.66
98.39 97.93 98.08 98.78 98.75
98.81 98.24 97.86 98.22 97.23
97.35 97.35 96.96 96.77 96.43
95.04 96.49 97.13 97.47 97.73
97.75 98.24 98.08 97.94 97.51
98.21 98.19 98.09 96.8 93.36
93.75 93.14 95.84 97.56 97.98
98.47 98.34 98.63 98.53 98.06
97.27 95.85 96.33 97.35 97.81
98.26 98.58 98.61 98.7 98.67
98.81 98.67 98.19 98.51 98.62
98.72 98.87 98.84 98.58 98.19
97.51 96.22 94.1 92.35 93.03
94.35 94.84 95.73 94.97 94.63
96.74 97.86 98.51 98.57 98.32
98.51 98.66 98.76 98.76 98.66
98.82 98.83 98.79 98.78 98.73
98.35 98.65 98.55 98.77 98.81
98.83 98.75 97.88 95.71 93.29
97.21 98.52 98.72 98.71 98.62
98.36 97.63 98 97.42 97.73
97.88 97.5 97.57 97.51 98.12
98.15 98.66 98.72 98.81 98.83
98.88 98.74 98.67 98.74 98.76
98.46 98.09 98.35 98.04 97.42
97.03 96.65 95.35 94.97 92.74
88.6 77.77 65.13 57.14
