90.83 92.84 95.4 95.54 96.16
96.27 96.48 95.35 95.72 93.11
92.69 90.55 86.32 88.65 91.08
87.35 87.27 90.85 93.95 95.81
96.61 97.72 97.77 97.69 96.42
97.24 95.37 94.35 91.89 91.54
89.42 89.65 91.01 93.29 94.85
92.55 90.98 90.97 94.69 94.28
94.42 95.79 96.75 96.12 95.86
96.31 96.73 95.91 95.92 96.09
95.67 94.59 95.03 94.38 96.3
97.14 97.19 98.01 98.1 97.57
96.78 95.81 95.14 92.88 92.69
92.66 92.44 88.66 86.09 87.29
89.02 87.38 86.69 88.6 86.56
83.67 88.04 91.82 92.07 91.51
90.14 86.71 83.98 83.64 82.52
86.17 79.04 77.21 72.24 72.26
