54.95 39.58 61.16 46.87 63.44
44.2 44.92 42.52 45.31 50.5
41.53 47.38 44.82 47.58 41.19
46.75 40.5 50.7 54.07 46.1
52.16 46.49 58.08 53.23 57.22
56.95 53.23 54.22 54.75 53.77
46.82 47.35 50.87 48.34 51.03
49.74 48.83 51.54 45.52 55.58
50.37 53.56 49.33 54.85 60.74
61.45 66.04 67.15 77.95 76.82
80.85 77.37 76.52 71.12 67.47
67.27 70.44 83.19 89.16 93.07
94.3 94.56 95.09 97.15 97.66
98.43 98.51 98.25 98.58 98.66
98.71 98.6 98.74 98.71 98.57
98.59 98.68 98.65 98.64 98.4
98.45 98.51 98.49 98.23 98.41
97.97 97.96 97.79 97.92 98.3
98.4 98.68 98.79 98.7 98.68
98.77 98.79 98.76 98.69 98.83
98.69 98.8 98.68 98.77 98.81
98.58 98.67 98.57 98.51 98.74
98.59 98 98.55 98.58 98.29
97.89 97.63 97.22 97.86 97.94
98.25 98.35 98.51 98.59 98.59
98.65 98.77 98.76 98.75 98.79
98.82 98.79 98.82 98.81 98.85
98.87 98.8 98.81 98.79 98.79
98.82 98.84 98.62 98.6 98.46
98.23 97.8 98.42 98.61 98.59
98.34 98.55 98.38 98.1 98.44
98.26 98.07 97.17 95.06
