44.51 40.29 40.81 40.7 40.12
39.41 40.02 41.19 44.19 43.65
44.33 40.34 38.14 38.88 37.89
38.35 39.74 43.43 47 44.96
45.92 46.23 58 46.29 54.68
55.87 52.15 57.33 49.4 53.03
63.63 57.53 64.18 73.38 70.03
74.45 73.12 67.56 64.32 82.16
77.25 77.87 79.18 74.33 76.52
80.63 78.04 74.89 74.28 73.6
68.68 65.74 66.88 63.91 54.81
48.43 44.83 36.95 37.23 35.84
33.99 37.78 33.02 43.83 37.48
37.86 44.32 35.16 36.64 45.2
43.29 52.01 49.98 58.43 64.96
69.76 76.21 75.23 69.68 75.13
77.26 73.21 74.24 82.87 82.22
77.51 80.98 82.93 84.3 81.35
84.98 84.99 86.06 85.88 87.68
85.92 86.21 87.09 86.26 88.01
85.91 86.19 79.58 86.31 77.28
71.5 71.61 76.5 63.06 78.92
80.45 82.43 83.59 78.24 76.1
78.68 80.25 73.42 63.08 52
45.01 37.68 35.35 28.79 34.04
31.23 31.79 33.81 36.83 38.35
39.64 34.29 35.39 39.49 38.02
35.61 35.57 37.08 39.07 42.79
49.47 44.87 41.16 39.93 40.32
43.55 41.26 45.64 52.03 46.9
51.1 56.27 58.05 64.53 70.23
66.05 68.1 65.84 71.62 73.84
73.11 76.18 69 75.58 70.9
68.69 79.01 77.7 78.02 76.67
78.18 80.27 80.43 77.21 80
77.16 75.14 75.5 74.45 68.37
71.29 73.97 67.77 65.83 64.63
67.22 65.72 65.8 65.24 62.91
58.41 55.51 54.73 62.04 67.77
71.71 78.84 77.53 84 80.26
83.16 83.95 82.88 82.74 84.73
83.83 80.63 82.1 83.88 81.42
78.43 79.78 78.9 73.47 75.36
74.42 70.28 65.36 63.21 59.54
56.79 55.6 56.65 57.2 53.5
51.98 50.94 52.23 49.62 54.15
59.42 64.2 76.33 78.43 82.25
84.52 88.71 88.23 90.49 91.44
91.27 91.4 92.17 91.07 92.21
91.15 88.39 86.59 87.17 91.4
91.96 92.77 92.67 87.37 84.73
90.14 89.77 87.18 85.64 78.87
76.46 79.94 89.18 91.11 93.97
94.37 95.48 94.89 94.44 91.22
86.17 73.24 62.87 52.64 53.78
47.74 51.44 48.66 52.42 54.01
62.88 75.76 80.95 87.48 91.34
94.4 95.17 96.11 95.35 95.11
93.05 90.01 82.99 72.66 63.28
58.81 55.05 52.68 54.68 57.95
60.84 67.03 69.12 73.99 70.3
70 65.97 68.42 70.41 70.53
68.2 69.9 64.71 64.89 65.4
63.26 56.12 60.45 62.16 71.69
68.79 72.41 77.62 78.4 83.58
86.37 84.5 87.34 91.7 91.99
91.68 94.91 94.97 94.35 96.15
96.91 94.94 94.58 96.99 95.27
95.14 95.14 94.81 96.14 96.77
96.65 96.32 95.1 94.74 92.49
92.1 93.51 91.82 89.62 90.37
94.03 95.6 95.43 95.92 95.56
96.39 96.28 94.7 92.62 90.38
89.99 93.61 95.07 96.18 96.2
96.37 95.35 94.37 93.1 93
92.46 92.45 93.85 93.61 94.36
95.63 95.45 95.9 95.97 96.93
97.26 97.03 97.15 97.41 96.91
96.95 97.32 97.49 96.66 96.11
96.59 96.7 95.59 95.25 94.7
94.96 95.61 96.26 95.98 94.43
94.1 96.68 95.61 95.22 94.84
95.81 97.46 97.3 97.15 96.16
93.8 94.12 96.57 97.54 97.94
97.79 96.45 94.32 94.7 90.42
90.19 94.09 93 91.42 90.13
87.49 86.85 86.89 88.47 91.36
93.59 93.23 94.89 96.35 95.85
95.38 97.36 97.01 96.46 97.06
97.35 96.68 96.18 96.29 96.57
95.45 94.04 92.52 92.87 94.41
91.44 92.41 94.65 94.5 94.22
94.27 93.66 94.06 95.63 96.04
95 94.94 95.53 93.28 91.85
87.07 87.27 87.17 85.75 81.33
79.19 86.81 85.61 87.57 87.97
88.92 89.05 89.46 89.08 89.49
88.75 88.05 87.41 86.96 83.68
79.64 75.46 72.02 66.14 62.16
62.19 59.57 56.52 51.47 49.6
43.44 42.54 42.04 43.22 46.08
45.06 47.58 46.27 37.36 39.95
36.05 38.49 45.81 44.86 42.34
49.2 41.45 47.76 49.19
