66.29 73.53 71.76 77.06 78.56
82.07 79.59 82.2 85.43 85.78
85.55 85.55 87.45 82.45 85.21
85.47 87.57 83.53 82.18 85.19
83.3 83.27 79.7 80.92 84.24
86.02 84.27 82.49 85.59 86.23
82.59 81 80.85 79.61 81.9
85.5 81.68 84.6 85.47 86.63
86.14 86.55 86.91 86.2 86.4
88.84 83.66 86.83 85.02 84.5
85.68 89.96 88.77 88.38 89.04
89.92 88.19 88.2 86.25 86.42
85.4 83.12 83.81 83.69 80.85
80.03 84.05 87.27 85.99 86.34
90.01 89.27 86.55 87.68 88.47
86.17 83.81 82.37 80.2 83.6
82.76 81.76 83.02 84.81 84.93
83.81 82.59 82.96 72.06 67.47
72.74 60.94 57.26 41.77 33.61
27.22 28.57 24.16 25 24.85
27.46 28.9 40.94 48.13 57
66.16 78.35 79.08 82.21 84.79
83.19 83.34 85.63 85.85 82.78
82.08 82.98 83.81 88 84.91
81.37 87.28 83.42 81.97 83.13
85.59 84.95 82.69 87.41 86.36
89.09 91.5 92.38 92.09 93.49
93.82 92.91 92.53 93 91.91
88.48 89.1 84.12 73.94 78.12
84.51 88.96 90.69 92.85 94.54
94.82 95.38 92.74 86.15 83.16
79.61 76.09 83.28 86.22 90.68
89.79 90.87 92.73 93.62 92.5
91.78 92.1 91.58 89.8 87.25
88.51 86.12 87.34 87.57 85.45
82.62 83.02 89.22 84.69 82.13
89.54 92.63 92.86 93.3 91.65
89.13 87.14 86.2 85.01 83.25
80.51 79 81.09 85.71 89.18
88.7 87.9 89.82 90.81 89.62
87.3 89 88.04 84.23 84.4
86.68 85.17 79.14 75.82 75.57
69.18 66.84 68.61 69.62 76.55
82.61 85.59 80.88 79.09 85.26
81.33 83.42 88.63 89.56 85.43
86.57 90.28 88.9 87.67 88.62
88.02 86.07 85.22 85.38 86.63
86.97 87.33 91.32 93.45 93.92
95.18 94.33 92.79 88.95 90.69
86.08 83.26 84.42 84.2 88.68
89.27 85.03 85.97 89.35 84.83
79.79 80.27 83.94 91.22 93.67
94.96 95.17 94.55 92.12 87.26
82.66 85 83.65 85.05 85.67
82.41 76.84 82.72 82.21 83.37
89.26 89.95 92.78 92.8 93.58
92.77 89.61 83.96 72.93 69.07
76.42 76.43 81.12 85.36 85.88
85.16 88.43 89.48 87.82 88.19
90.15 89.46 87.07 86.83 86.87
87.24 85.3 82.42 83.01 86.2
85.92 87.26 85.94 88.74 87.4
87.7 87.66 88.68 87.25 86.03
84.38 80.53 77.69 75.72 82.61
84.35 83.5 85.64 87.89 87.49
86.33 88.98 88.43 87 87.85
88.74 88.18 84.64 86.66 83.74
85.12 88.44 90.18 88.98 87.97
87.27 87.78 87.35 83.37 82.81
83.86 76.63 70.35 67.04 65.78
66.9 66.22 63.2 59.32 55.9
45.91 51.58 54.11 52.31 56.27
65.07 73.47 75.45 78.2 80.44
82.91 82.75 84.6 86.25 83.48
85.24 85.21 85.49 84.73 86.25
87.45 86.48 86.92 90.09 88.76
89.99 92.88 91.4 90.83 92.39
91.83 90.84 91.72 88.36 86.26
85.53 81.33 85.42 87.92 90.42
91.03 91.54 90.25 91.82 92.45
92.4 90.83 92.17 93.52 91.14
92.91 90.82 88.79 89.69 91.95
92.35 91.14 92.1 92.32 91.65
89.01 89.4 91.55 87.91 86.94
84.66 83.78 87.77 89.36 87.39
86.85 80.05 75.72 65.74 69.3
72.66 74.5 85.16 85.44 90.7
90.01 88.31 84.85 82.46 81.68
87.24 86.48 83.38 85.46 87.22
85.45 84.36 85.71 86.2 83.94
85.96 89.23 89.81 91.81 92.15
92.64 93.57 93.1 93.39 92.42
91.04 91.18 91.16 89.94 88.95
88.77 85.29 82.98 78.97 74.36
72.61 77.4 80.26 78.82 77.54
76.98 81.45 81.35 86.91 87.07
85.4 89.39 91.31 89.33 86.73
90.18 92.18 91.68 91.35 93
92.74 91.21 89.87 91.18 88.49
88.58 87.6 88.18 89.36 90.33
89.7 89.36 90.94 89.01 91.2
91.42 91.22 91.06 91.74 91.7
91.69 90.66 90.75 88.87 88.23
86.13 84.92 84.81 85.69 80.31
84.09 86.67 81.38 81.25 85.8
83.94 78.93 80.88 84.75 81.76
81.27 82.69 79.86 72.78 71.97
65.57 69.79 70.39 79.54 85.03
82.58 78.89 86.4 86.99 80.53
78.26 85.09 83.28 71.14 73.45
80.16 74.34 71.47 77.36 82.3
79.16 74.96 73.1 75.51 82.57
85.01 89.39 91.55 92.55 92.79
90.5 90.44 91.48 87.86 86.36
84.23 85.92 85.76 86.8 90.46
92.02 92.39 92.66 93.42 93.27
92.61 92.2 91.04 90.25 90.43
88.62 87.7 83.56 79.8 80.57
80.15 84.08 86.66 91.79 91.76
90.61 89.56 86.33 82.15 79.32
72.52 62.69 61.22 53.63 56.74
63.51 70.13 77.46 80.13 81.82
81.89 76.08 79.11 80.64 73.41
79.85 85.14 92.2 94 95.41
95.61 95.1 95.08 94.38 90.14
88.69 90.35 92.02 92.8 95.11
96.1 95.65 95.5 92.71 89.84
84.48 90.99 92.82 95.66 93.62
94.92 91.93 89.99 88.14 83.77
77.37 78.96 73.07 80.58 89.47
91.82 91 94.04 92.36 91.01
92.88 85.24 88.21 91.36 96.19
96.06 96.66 96.53 96.32 95.19
93.48 88.31 86.46 90.66 91.36
94.01 96.46 96.92 97.54 96.72
96.23 92.88 90.04 93.64 95.26
96.6 96.3 96.35 96.13 94.81
92.81 90.79 91.67 90.66 93.75
94.37 92.8 91.5 94.42 94.7
93.64 93.25 93.27 91.69 92.73
92.76 96.2 95.4 94.63 95.36
95.65 94.6 93.29 87.57 82.61
74.85 74.14 77.54 87.55 92.65
94.54 96.17 97.13 95.81 96.92
94.73 93.53 94.54 95.93 96.18
95.55 95.48 93.48 90.91 87.57
85.88 87.36 85.92 87.89 90.91
91.75 93.78 94.14 93.78 92.28
87.3 93.08 91.51 93.02 94.07
96.03 94.51 95.59 95.55 95.53
94.72 93.1 89.89 89.13 91.7
92.2 93.83 95.16 95.61 96.16
94.78 95.38 93.26 91.54 91.37
93.52 94.77 94.78 95.41 95.16
94.23 90.89 89.9 90.54 91.86
93.04 93.31 92.15 91.24 92.62
91.77 90.14 88.07 81.75 82.12
80.53 75.42 64.51 58.57 51.08
51.76 52.3 47.73 45.36 50.96
57.91 65.44 75.36 84.47 88.77
92.5 90.92 92.76 93.45 93.71
93.35 91.49 86 84.77 88.04
89.22 91.45 93.07 93.64 93.92
93.56 91.6 88.28 88.04 90.9
92.14 92.57 92.71 92.67 91.94
89.2 86.05 88.12 84.22 87.21
89.79 89.62 86.98 90.11 87.89
86.56 83.11 70.38 65.77 67.53
78.32 84.41 91.58 90.13 93.18
93.96 94.65 91.94 90.88 83.98
75.94 68.64 83.72 90.17 91.57
92.42 92.25 91.28 85.77 79.6
73.1 74.28 78.04 86.36 86.26
87.64 87.51 85.99 83.99 83.35
80.2 83.52 77.91 78.39 79.49
74.29 74.15 74.58 68.57 66.79
73.06 65.27 72.15 82.48 89.32
91.29 91.67 94.88 94.75 94.77
93.09 89.35 88.21 89.96 90.33
91.29 93.52 94.23 93.26 92.32
89.8 83.92 74.32 79.86 81.43
89.06 88.26 90.01 88 87.43
86.98 84.12 80.16 77.75 75.94
68.51 57.45 50.61 47.45 58.74
64.06 74.32 78.06 79.82 82.27
87.35 89.28 89.7 87.96 86.29
80.42 71.05 72 79.16 86.77
88.62 87.69 87.95 84.89 82.4
74.71 67.19 67.22 71.07 74.95
80.93 82.47 85.1 83.85 83.44
76.39 76.14 74.4 73.95 77.66
77.75 79.17 74.74 74.14 69.34
60.48 62.26 75.19 81.72 82.61
84.06 88.98 88.62 88.94 88.33
81.89 81.89 82.36 83.42 88.2
88.83 89.99 89.07 88.11 85.65
81.35 82.87 83.41 87.52 88.21
88.4 88.02 86.71 84.71 81.1
77.55 71.88 74.71 76.43 74.8
75.37 81.34 82.05 81.92 78.14
75.68 83.19 80.85 85.27 84.76
86.77 83.76 87.14 90.93 91.03
90.13 87.5 81.32 81.64 83.24
85.37 88.4 91.14 92.05 91.67
90.04 87.29 82.84 84.5 85.19
86.61 90.15 90.51 91.04 90.45
89.08 85.7 82.32 83.69 81.83
85.72 85.22 88.48 88.81 89.54
87.56 79.35 88.3 84.8 87.7
87.54 89.14 86.46 88.67 91.68
89.29 89 85.41 79.85 79
82.79 89.64 92.02 93.04 93.55
93.25 92.69 90.12 90.43 90.96
93.42 93.49 93.29 92.24 92.48
91.34 87.53 85.34 85.38 86.06
89.32 90.84 89.14 90.16 92.02
92.11 90.47 87.31 89.77 82.68
82.49 90.92 93.07 91.54 92.87
92.34 92.65 92.45 91.35 83.81
83.3 84.69 87.44 91.36 93.5
93.98 94.52 93.39 93.21 90.13
90.21 91.31 92.92 93.63 94.51
94.14 93.51 91.44 88.77 87.08
87.04 85.85 87.75 90.34 90.14
91.54 92.2 91.83 88.77 83.89
87.74 85.51 85.91 90.53 93.42
92.13 93.73 94.7 94.82 93.87
92.47 87.49 87.72 88.51 91.1
92.76 93.76 94.37 94.52 92.77
91.12 88.22 83.73 82.72 87.67
90.8 91.56 92.57 93.07 92.46
90.69 88.57 87.38 86.28 89.56
88.49 84.3 80.98 82.77 72.64
62.91 54.68 49.26 50.99 46
45.86 44.58 46.16 51.47 58.67
67.54 65.75 75.65 85.55 90.67
91 93.65 93.91 93.87 93.41
92.31 88.99 86.87 86.34 88.31
90.95 92.97 93.73 92.9 92.15
86.77 81.9 86.6 92.15 90.56
91.87 90.3 89.15 87.84 84.71
82.31 79.52 82.61 82.45 83.52
85.87 86.59 90.59 85.77 83.72
75.24 69.47 75.34 78.04 87.54
85.48 89.04 93.04 92.65 92.47
90.98 85.7 86.63 89.53 89.35
91.59 93.43 92.69 91.98 88.27
81.91 74.15 68.05 74.09 79.18
85.73 88.47 90.51 92.04 90.66
90.47 87.19 75.22
