47.43 45.63 45.56 55.76 70.28
59.04 67.03 68.5 70.93 67.04
69.07 72.54 66.08 68.94 72.69
70.02 58.57 70.98 71.11 61.64
65.02 68.88 67.76 59.89 63.15
63.73 55.86 54.82 52.44 53.01
46.47 42.29 40.18 38.03 30.28
34.02 29.63 33.21 30.36 28.58
35.1 33.18 31.06 32.94 29.09
38.8 33.82 35.38 35.64 38.21
35.04 35.19 38.23 38.96 47.78
39.4 42.32 40.84 39.97 40.7
49.64 43.64 38.27 46.1 43.02
40.79 53.08 41.32 33.77 40.05
35.36 38.13 40.24 33.46 39.44
29.64 36.75 33.27 28.62 34.28
35.14 31.49 34.75 37.5 44.68
54.32 48.96 56.85 63.14 69.57
69.8 65.44 71.4 74.83 69.44
69.05 74.62 76.34 70.94 75.49
76.18 76.68 84.09 86.3 90.91
92.13 91.26 90.14 85.33 86.67
92.37 92.6 94.15 93.65 92.97
91.71 89.68 91.79 94.59 95.21
96.61 95.56 95.04 91.67 88.53
81.75 71.01 67.24 60.32 51.72
59.41 71.46 82.31 87.29 91.97
94.39 96.73 97.43 97.09 96.04
94.52 94.75 94.36 95.12 95.36
94.64 92.64 91.92 86.87 86.76
79.1 79.04 77.37 73.19 70.32
73.46 74.84 70.62 68.25 70.82
71.18 68.02 68.92 72.56 69.1
68.11 75.13 74.69 75.8 76.02
77.54 81.46 82.29 82.96 89.74
92.63 94.52 95.77 92.76 91.32
88.79 89.66 90.31 89.75 89.03
88.92 84.78 84.74 80.99 83.31
85.77 84.43 88.56 88.22 91.76
91.07 91.27 92.76 93.18 90.45
90.91 92.23 94.39 91.27 90.32
91.98 93.15 90.85 90.28 90.3
90.45 91.16 95.72 97.14 97.52
98.45 98.22 98.41 98.6 98.63
98.61 98.63 98.76 98.67 98.32
98.03 98.42 97.91 95.59 95.18
96.36 94.37 90.5 90.26 92.17
90.24 84.65 84.28 83.37 84.11
86 85.75 85.12 91.75 91.46
92.9 88.19 90.78 94.44 94.84
96.02 94.32 93.96 95.46 95.9
97.07 97.87 95.48 93.29 86.3
72.22 66.28 54.82 55.63 49.94
49.19 48.77 44.17 45.64 45.56
40.19 37.65 40.62 38.73 35.77
38.74 36.53 37.7 46.47 58.16
71.82 82.55 91.44 90.76 92.68
92.98 90.49 88.6 87.24 86.25
86.35 85.91 84.61 81.16 81.85
78.48 75.92 75.78 82.48 87.68
92.3 95.37 93.09 94.24 98.13
97.82 95.82 98.09 98.44 97.72
97.52 98.59 98.13 97.5 97.9
98.12 96.68 95.21 93.53 93.27
92.09 91.09 84.57 87.12 87.79
85.72 86.76 84.21 86.01 89.99
90.12 90.3 90.57 92.66 92.55
92.24 92.17 93.67 94.54 95.81
95.55 96.82 97.3 95.39 93.7
94.38 94.99 95.97 97.81 97.97
97.93 98.02 98.66 98.48 98.4
98.78 98.67 98.44 98.54 98.59
98.44 98.29 95.7 94.84 94.51
94.6 97.2 98.23 98.14 97.98
97.99 97.35 97.98 98.44 98.3
98.36 98.64 98.24 98.69 98.6
98.48 98.36 98.52 97.55 97.16
97.65 97.34 97.87 97.7 97.88
97.49 97.28 97.54 96.15 95.09
94.75 93.22 91.79 91.1 88.87
81.35 70.09 55.73 38.64 42.32
35.08 36.3 34.52 46.35 39.81
47.71 44.72 40.83 57.65 58.14
46.45 57.69 58.48 49.53
