39.52 38.93 33.1 38.44 38.25
32.26 37.07 35.86 36.22 38.16
37.58 35.87 34.91 37.69 34.37
41.91 44.62 61.93 82.77 90.35
93.33 93.9 93.47 93.08 92.26
91.96 89.59 81.86 80.79 80.3
83.39 77.98 79.89 83.64 87.04
91.82 93.12 94.65 94.78 96.17
95.66 96.86 96.89 96.83 95.69
93.56 92.41 92.09 93.73 94.34
95.46 96.42 97.71 97.32 97.11
97.4 97.35 96.49 96.72 97.84
97.97 97.16 97.3 97.92 98.07
96.87 97.67 98.03 97.34 95.22
92.73 93.18 95.72 96.32 96.79
96.27 96.19 97.3 97.4 97.3
97.06 96.53 96.49 96.82 97.64
96.88 96.85 97.38 97.54 97.3
98.03 97.81 97.2 97.97 98.12
97.43 97.04 97.62 97.5 96.15
96.37 96.7 97.05 95.41 95.59
94.75 95.47 96.06 95 94.93
95.06 93.96 94.52 93.31 94.36
94.26 95.55 95.64 95.71 94.82
94.54 95.68 95.54 95.97 96.95
96.36 97.12 97.03 96.37 96.49
95.37 95.19 95.81 95.21 93.49
94.62 95.03 95.14 94.66 93.52
91.77 89.6 82.75 69.2 62.55
66.32 77.5 77.94 85.88 87.38
90.48 91.25 92.15 85.66 89.78
90.92 94.41 95.81 96 95.57
95.07 95.28 96.92 96 96.55
97.69 97.28 95.27 94.74 94.52
91.28 87.32 88.22 82.93 82.96
78.78 71.78 65.14 53.21 50.09
44.91 52.64 52.46 46.46 53.21
39.33 42.97 44.81 35.91 46.82
31.28 34.96 33.76 40 53.48
54.53 78 82 89.05 94.7
96.45 97.21 95.24 95.94 97.28
97.27 96.29 96.88 98.3 97.95
98.05 97.21 96.23 96.21 97.24
97.6 97.11 93.93 87.13 82.26
85.81 89.91 96.1 97.38 98.42
98.29 97.39 94.69 91.97 86.98
77.91 80.31 84.54 89.74 93.27
94.24 93.76 95.3 97.04 97.27
97.34 97.42 98.12 97.49 96.65
96.17 96.39 94.63 92.55 92.67
95.73 95.85 95.58 94.88 94.5
95.57 95.85 95.89 95.5 94.61
92.64 87.44 82.97 81.34 79.08
79.57 81.15 83.96 86.08 87.81
90.72 91.71 93.52 95.82 96.76
97.48 97.82 98.29 98.31 98.57
98.14 97.97 97.9 97.77 97.91
96.92 97.84 97.19 97.8 97.35
96.86 94.53 90.55 82.88 72.33
64.61 61.45 58.46 58.51 54.12
59.48 66.63 80.25 85.09 87.97
87.77 92.51 93.52 91.87 92.36
93.74 91.86 91.47 92 91.75
91.21 95.31 97.44 97.51 98.63
98.53 98.48 96.6 95.2 91.4
90.58 87.88 89.9 91.95 89.76
86.73 89.08 91.98 94.11 93.97
93.14 94.28 95.67 95.08 95.37
97.26 97.39 97.38 97.93 97.64
98.11 97.81 98.02 97.98 97.68
97.37 98.18 98.65 98.65 98.79
98.3 98.09 97.91 94.66 94.61
92.8 95.83 96.1 92.73 91.57
87.85 84.19 75.52 80.26 80.77
86.39 91.22 93.72 95.78 94.96
95.64 94.19 94.28 95.84 96.74
97.7 98.27 98.24 98.31 98.49
98.81 98.83 98.86 98.64 98.21
98.54 97.33 96.81 94.41 92.42
84.92 86.44 90.76 92.74 92.92
94.65 97.85 98.07 98.13 97.16
96.07 95.46 97.82 97.15 97.87
97.75 98.28 98.14 95.99 96.97
98.21 98.03 98.27 97.55 96.81
96.77 97.86 97.71 97.79 98.29
98.18 97.78 97.71 97.6 97.23
96.17 94.43 92.91 89.57 85.97
94.16 94.25 93.57 93.17 92.93
95.18 95.52 95.91 96.59 97.44
98.3 98.62 98.58 98.61 98.8
98.85 98.86 98.81 98.7 97.96
96.65 93.97 92.66 95.84 96.99
96.21 96.37 93.85 93.49 93.39
94.68 95.07 93.29 91.39 87.54
91.47 91.65 93.65 96.77 96.21
96.21 98.14 98.67 98.6 98.69
98.77 98.74 98.65 98.7 98.59
98.59 98.47 98.08 97.61 97.61
96.91 96.46 95.72 94.97 93.99
93.56 94.08 94.72 96.15 97.03
97.78 98.31 97.44 98.1 97.32
96 97.18 97.91 95.89 95.48
97.06 96.67 97.14 97.27 98.52
98.45 98.36 98.17 97.15 96.89
96.86 97.27 96.79 96.15 95.03
92.8 91.47 90.19 88.7 90.84
92.87 93.02 93.65 95.68 96.09
97.44 97.39 97.08 95.33 96.55
97.5 98.5 98.47 98.05 97.79
98.5 98.67 98.64 98.6 98.74
98.45 98.32 98.42 98.04 97.86
97.78 97.64 96.63 95.69 96.56
93.57 82.44 67.89
