42.79 54.42 62.75 69.07 79.15
85.37 87.07 88.8 88.82 90.17
89.25 90.55 90.17 90.89 89.8
90.05 89.61 91.88 93.19 92.13
90.96 89.1 84.44 81.88 75.98
60.29 52.5 50.25 52.14 61.72
65 65.9 66.94 75.15 81.12
72.54 73.13 81.79 78.8 67.6
73.03 77.96 71.16 63.67 61.69
54.76 56.44 60.82 71.08 82.88
88.33 89.25 89.6 93.29 94.42
92.84 92.39 95.55 94.48 90.16
91.34 93.35 89.06 86.5 89.32
92.25 94.42 94.28 94.62 96.4
97.68 97.03 96.03 97.33 96.89
94.56 93.62 93.39 92.62 89.9
88.72 88.18 87.03 82.06 77.22
79.98 76.22 78.67 83.83 86.2
84.31 84.05 91.13 91.97 92.55
95 95.72 95.01 96.91 98.03
96.56 96.4 96.77 97.32 95.7
93.72 94.9 93.61 95.1 94.92
94.87 96.01 95.78 94.57 96.26
95.25 92.52 92.89 92.88 90.87
88.94 89.97 88.37 83.12 84.51
84.43 78 62.64 52.36 46.89
45.33 45.31 46.76 58.85 72.6
80.9 82.06 85.53 88.19 88.17
87.97 90.97 91.8 89.69 90
89.72 86.93 84.71 81.91 80.17
83.93 86.97 88.7 89.24 90.69
92.76 93.02 92.3 93.14 93.29
91.21 90.06 91.34 90.57 84.66
87.42 88.67 89.9 89.63 90.58
87.95 90.66 93.15 92.73 91.08
93.53 92.98 91.81 91.27 91.5
90.82 86.3 86.45 83.21 71.76
68.48 62.26 60.66 65.42 68.04
69.73 72.68 83.53 89.7 91.32
93.68 94.67 93.4 93.41 94.54
95.62 93.69 88.58 90.08 86.58
88.83 92.21 91.21 93.2 95.48
95.57 94.09 95.11 95.79 94.29
92.97 93.64 93.48 90.3 90.68
91.16 93.62 95.84 96.43 95.68
96.4 98.04 97.67 96.77 97.77
97.61 96.09 95.34 95.39 95.62
93.67 88.73 88.8 84.69 83.47
83.78 84.39 91.05 92.58 90.48
92.46 97.12 97.01 94.68 97.36
98.21 95.7 93.12 95.44 94.27
96.71 97.32 97.5 97.53 97.86
97.79 97.5 96.28 94.96 94.65
92.57 87.96 88.76 87.83 77.72
78.68 83.83 78.1 78.37 80.62
81.46 86.8 89.83 85.1 90.14
94.79 91.85 89.64 94.08 93.68
87.94 90.75 92.37 89 86.45
87.7 85.76 83.7 81.88 80.39
67.23 62.23 61.37 60.69 69.12
64.23 73.2 78.18 81.41 85.85
87.94 86.74 86.37 91.53 91.64
86.62 86.51 92.05 88.33 81.92
86.94 90.04 81.16 77.96 85.85
82.1 73.62 77.09 79.8 66.26
67.15 62.33 59.7 56.34 61.99
63.89 61.41 60.17 63.69 63.82
59.88 61.45 60.79 53.95 49.9
48.78 49.59 48.98 52.08 53.76
51.87 49.56 55.67 54.27 55.21
55.98 58.58 60.99 63.13 55.51
54.31 63.67 64.67 58.38 61.4
66.82 62.75 59.59 65.33 65.55
57.83 57.68 61.04 61.2 50.74
55.05 53.35 55.12 60.39 58.26
58.62 65.04 62.68 64.71 67.19
69.12 66.06 65.61 70.13 65.56
64.01 65.92 66.95 56.79 54.64
54.44 43.49 39.59 37.02 35.89
34.71 32.9 35.26 31.61 30.84
30.25 33.93 34.36 34.34 38.53
34.48 35.67 35.94 43.17 48.31
51.56 56.9 56.68 52.96 59.05
63.89 73.56 76.32 76.35 64.03
73.24 77.61 67.57 66.65 74.47
73.99 62.91 67.35 74.42 82.3
81.81 83.73 79.84 78.52 81.47
83.69 84.37 83.41 79.56 82.8
82.4 75.79 73.3 76.11 71.09
69.23 66.42 61 51.99 52.41
62.18 51.38 56.98 46.42 50
56.05 47.49 42.13 41.54 41.33
42.05 41 40.02 35.5 32.55
29.11 27.47 27.71 27.47 25.86
26.19 30.63 28.49 26.19 28.67
30.12 30.42 25.79 36.4 27.12
30.68 25.45 30.07 30.03 33.5
31.03 33.01 37.46 40.84 47.66
