44.4 40.39 40.25 43.54 46.78
37.49 49.24 39.89 43.98 43.74
35.68 42.12 38.07 36.98 47.28
45.33 44.14 50.34 45.47 40.14
41.91 37.84 46.81 46.25 47.31
46.82 40.94 54.22 56.24 53.4
54.3 56.06 54.68 55.36 49.2
56.07 48.58 46.14 51.15 51.23
49.32 52.97 49.75 48.12 44.59
49.11 52.69 52.6 52.43 56.27
53.63 52.11 53.08 52.08 45.27
44.8 46.26 49.54 49.11 54.68
52.26 49.49 52.25 43.71 47.96
44.71 47.67 53.01 50.72 48.36
50.43 54.29 52.41 55.44 58.29
59.88 67.93 67.62 68.84 70.61
74.01 78.34 74.44 77.48 79.83
81.27 78.92 80.28 86.16 84.71
82.61 84.59 86.89 83.01 80.56
84.23 81.46 78.02 74.49 78.53
77.57 72.5 65.84 65.89 64.98
63.32 62.38 61.24 65.72 66.17
76.34 72.41 78.01 81.79 81.69
81.39 84.67 86.41 81.34 86.45
86.27 85.85 83.64 82.49 82.95
82.71 80.05 76.76 82.12 76.3
75.37 75.97 74.16 71.46 67.29
70.13 68.99 63.99 63.83 65.84
62.69 59.19 57.09 60.66 54.24
53.99 50.53 50.25 42.87 40.76
40.26 46.31 46.56 53.4 52.9
54.78 57.42 56.56 61.19 58.29
60.67 62.82 62.1 59.69 55.29
57.54 59.5 56.01 51.95 50.42
54.01 50.74 50.95 50.73 51.69
55.63 51.69 56.89 58.17 57.41
57.03 67.52 67.78 63.24 65.2
72.24 67.14 62.69 66.07 69.21
61.94 62.81 64.02 64.59 62.65
57.25 58.03 55.27 50.85 50.32
52.69 55.45 53.63 54.04 55.68
55.16 54.77 51.78 47.84
