42.45 34.63 35.32 37.83 38.37
37.29 37.85 36.91 33.18 40.27
34.24 36.58 31.86 32.83 31.35
32.66 31.3 31.41 36.22 39.94
42.71 47.41 47.72 70.34 73.99
75.61 78.77 82 83.92 85.52
87.74 87.71 87.09 88.7 86.98
85.76 87.56 87.38 84.79 83.7
84.24 86.93 80.74 83.67 80.44
81.11 83.97 83.84 78.43 83.8
83.5 81.52 81.51 86.07 86.94
85.81 87.39 86.87 86.51 80.66
80.75 81.72 81.77 77.04 82.84
81.65 81.5 79.89 83.15 82.8
78.89 77.97 79.7 80.35 77.98
74.51 79.82 75.91 79.21 79.19
82.73 81.84 81.9 79.28 81.85
82.98 82.93 79.08 84.71 84.21
80.06 77.9 82.12 78.49 69.85
69.39 67.04 63.15 62.51 59.93
50.44 47.36 53.58 61.32 72.26
88.56 88.69 93.4 94.38 96.82
96.32 96.11 93.34 91.8 89.72
89.47 92.97 96.69 96.65 97.9
97.41 97.31 96.11 96.2 96.76
96.7 95.04 92.78 93.21 93.76
95.58 97.77 97.59 97.53 96.93
97.66 97.45 97.41 96.59 94.22
96.11 96.65 96.72 95.32 93.85
92.55 89.73 89.09 93.55 92.93
95.15 94.24 95.54 96.13 97.56
96.86 97.94 98.18 96.89 96.34
97.84 97.49 97.66 96.1 94.72
97.74 97.92 97.79 97.72 97.18
97.44 97.23 97.36 97.43 96.97
94.96 94.77 93.79 91.34 93.8
96.31 97.52 98.07 98.12 96.46
95.42 92.8 91.63 89.82 89.96
89.76 90.13 93.35 93.06 92.4
91.22 94.43 94.85 92.55 90.62
93.49 94.26 91.86 92.3 94.89
94.6 95.09 94.74 94.82 94.15
93.76 94.51 94.81 95.61 95.5
95.24 94.25 93.21 93.19 92.69
91.44 90.09 88.56 87.05 83.81
81.85 81.72 76.82 73.12 71.9
70.91 60.32 56.8
