51.04 58.93 51.94 54.93 48.54
45.76 46.31 48.58 51.65 53.76
52.33 54.79 53.45 53.09 48.51
51.34 50.4 49.31 54.44 70.4
82.77 88.61 90.38 93.28 92.83
92.55 96.03 97.11 96.4 97.53
97.21 97.09 97.19 97.65 95.69
96.22 95.24 95.14 89.32 91.72
90.58 93.61 94.78 96.76 97.43
96.47 96.93 95.91 96.85 97.24
97.25 95.34 97.07 96.67 95.91
94.18 94.84 91.76 94.19 91.54
95.5 96.01 96.94 97.48 96.17
97.69 96.89 96.67 97.03 96.53
95.18 95.51 95.48 94.47 89.41
90.1 91.33 93.65 94.71 96.81
97.07 96.45 96.54 95.93 96.5
96.98 96.52 95.65 95.89 96.36
95.24 93.45 93.93 92.2 90.45
90.69 89.71 89.08 87.12 91.11
92.99 92.43 94.87 95.7 93.54
94.59 97.33 96.29 95.07 97.17
97.82 95.42 96.15 95.99 96.91
97.17 98.21 98.07 97.72 97.22
97.05 97.62 96.5 95.9 96.03
95.66 95.46 95.02 94.26 93.24
94.64 94.01 89.61 93.15 95.45
95.24 97.18 96.8 96.67 96.69
96.69 94.25 96.88 95.91 94.37
93.18 96.46 94.03 95.44 94.71
96.59 96.69 98.23 98.15 97.7
97.25 95.89 96.75 97.01 95.68
93.79 92.89 92.86 89.99 86.21
81.19 63.02
