32.9 28.39 34.57 26.15 36.24
29.14 26.28 27.08 28.23 27.64
25.74 23.97 24.46 27.14 22.99
29.09 24.43 23.33 23.62 24.76
24.4 27.73 24.16 22.64 24.43
24.26 25.93 24.71 25.32 23.17
21.24 28.48 26.92 31.98 31.33
31.73 29.36 27.31 31.69 32.34
30.62 26.98 28.81 36.31 36.37
33.71 44.76 41.63 45.81 41.57
44.46 45.41 61.25 68.92 76.56
72.73 73.34 75.42 83.09 83
85.64 85.67 88.73 89.04 87.69
86.72 91.32 92.17 92.47 93.82
93.96 95.68 95.33 95.26 96.23
95.59 94.52 94.17 94.6 95
93.52 92.97 94.46 92.19 90.91
90.7 90.72 86.87 84.75 86.81
87 83.6 80.57 83.69 77.67
79.66 73.88 66.23 66.17 66.43
64.75 64.53 65.14 67.27 70.11
70.64 74.71 74.03 72.77 77.66
78.52 77.74 72.27 71.91 68.68
73.84 75.01 82.62 82.53 82.14
87.11 88.96 87.99 87.18 88.79
91.4 91.53 91.12 91.49 93.81
94.51 94.83 95.04 93.99 92.29
93.03 94.57 95.01 94.68 95.83
94.92 94.98 94.86 96.01 97.26
97.19 97.78 97.21 96.11 95.86
95.28 93.87 92.57 89.21 88.52
87.32 92.16 88.99 91.07 94.32
95.32 95.35 95.28 94.55 96.75
97.57 97.15 97.29 96.84 98.35
98.46 97.91 97.81 94.61 94.24
94.86 96.03 97.94 97.41 96.2
96.58 94.39 92.85 91.93 93.56
93.28 94.38 95.9 95.99 97.6
97.49 97.6 97.83 98.18 97.72
97.68 97.83 97.44 96.67 96.73
95.18 93.36 91.17 92.15 93.91
92.62 91.45 88.79 91.02 92.34
93.39 94.99 96.1 96.66 97.28
97.53 97.57 98.34 98.6 98.42
98.61 98.53 98.57 98.58 98.09
98.02 97.86 97.4 98.24 98.43
98.45 98.35 96.22 97.05 95.69
92.86 92.4 92.25 94.97 93.84
96.4 97.28 95.48 93.01 95.97
97.74 96.52 95.58 96.67 97.48
96.45 95.72 96.71 98.23 98.54
98.76 98.72 98.62 98.38 96.68
95.44 97.35 96.03 95.51 96.94
97.95 97.47 97.6 97.42 98.08
97.71 96.79 96.66 95.81 97.55
97.89 98.19 98.08 98.29 98.54
97.46 95.92 92.85 96.13 97.14
97.66 98.18 98.5 98.56 98.47
98.18 98.41 97.78 97.17 96.84
95.33 95.74 95.53 94.47 95.45
90.72 89.68 91.44 92.71 95.37
96.11 97.55 97.14 97.71 98.51
98.78 98.85 98.74 98.65 98.42
97.99 97.99 97.07 92.74 91.39
91.14 95.03 95.92 97.19 97.1
95.68 97.24 96.55 96.77 98.06
98.04 97.51 98.26 97.86 97.83
98.04 97.84 97.18 98.41 98.62
98.83 98.82 98.76 98.69 97.92
97.76 97.82 97.74 97.75 95.32
95.41 96.02 94.01 92.46 94.39
95.54 96.29 97.37 96.96 97.29
96.12 95.9 95.51 94.77 95.37
95.7 97.07 95.86 97.25 98.48
98.58 98.65 98.49 98.25 97.71
97.86 98.15 96.55 97.31 96.81
97.24 95.37 96.44 95.73 96.4
97.65 98.24 98.47 98.49 98.23
98.29 98.21 97.82 97.59 97.77
96.7 96.75 96.08 93.22 92.09
92.94 90.6 87.22 86.09 85.92
89.76 90.55 91.23 92.34 93.82
95.59 96.62 97.72 97.61 97.51
98.25 98.28 98.14 98.28 98.54
98.06 97.82 97.99 98 97.35
97.28 97.06 96.25 96.21 93.19
92.86 94.51 95.53 95.2 95.81
96.15 97.3 97.48 97.75 97.28
97.91 98.3 97.32 97.66 98.39
97.69 96.57 97.97 98.26 96.82
95.63 97.7 97.48 95.18 94.89
96.22 95.69 96.8 96.08 96.13
94.83 94.59 94.85 94.04 95.16
97.09 97.51 97.92 97.87 97.64
97.79 97.26 96.97 94.71 93.7
93.01 93.13 96.23 96.6 95.82
97.78 98.5 97.44 97.33 98.26
98.47 97.41 97.35 98.06 97.8
98.41 97.45 97.43 96.61 97.64
95.49 92.46 89.77 86.6 85.55
88.18 89.98 90.38 91.83 93.03
95.65 97.57 98.01 97.33 98.23
97.58 98.15 97.99 97.82 96.78
98.09 97.75 97.46 98.29 98.26
98.68 98.67 98.6 98.58 98.74
98.63 98.58 98.68 98.5 98.54
98.51 98.05 98.11 98.14 97.54
96.53 96.62 95.11 92.57 90.98
83.58 74.93 55.27 52.41 38.64
34.71 38.84 30.24 31.44 26.77
32.67 30.04 29.24 35.61 31.25
30.07 30.22 32.49 28.28 30.74
29.48 33.98
