71.63 83.64 90.36 93.67 95.43
97.02 97.15 97.54 97.79 97.68
95.31 92.19 87.4 83.47 87.28
93.66 94.32 93.87 90.37 92.08
92.28 95.61 96.52 97.66 97.79
96.79 96.05 94.52 93.75 92.87
93.1 95.52 96.36 96.35 96.31
96.18 95.05 95.16 86.59 84.97
75.1 79.8 82.67 87.61 93.14
93.7 93.59 94.21 95.23 96.54
96.41 95.58 96.47 94.28 94.11
93.23 92.33 89.24 87.9 89.94
92.62 92.48 91.87 93.78 93.36
95.23 97.25 97.7 97.4 96.99
95.11 92.89 89.09 83.05 81.54
76.65 73.06 75.68 74.27 75.29
73.62 79.28 84.34 87 91.21
93.59 95.62 96.08 96.2 97.2
97.55 98.02 97.5 96.48 95.71
90.59 85.99 81.56 80.55 87.27
92.42 94.91 96.29 97.02 96.57
95.77 95.85 95.14 95.26 94.92
90.58 87.47 90.35 91.9 93.97
94.56 96.55 95.82 94.19 93.3
92.81 94.14 96.6 94.9 94.9
88.62 87.48 88.18 86.08 85.36
92.31 93.51 94.2 94.31 94.03
94.9 95.24 95.29 96.04 97.02
96.76 98.04 98.44 96.66 97.44
98.61 97.48 95.23 97.61 98.28
98.6 97.96 97.52 96.2 95.71
96.23 96.79 98.27 98.72 98.81
98.59 98.54 97.69 94.99 89.51
94.84 94.4 92.31 91.98 95.41
93.13 94 94.84 95.79 95.1
94.2 92.06 89.57 89.92 92.74
92.57 92.19 92.43 92.24 92.26
92.87 90.43 89.08 91.29 89.04
86.58 88.8 89.06 86.61 86.12
87.49 89.12 85.76 88.06 88.61
88.44 92.16 94.28 94.85 93.48
94.07 94.41 92.94 93.01 88.73
88.91 90.6 85.99 83.36 82.91
77.69 73.48 65.4 59.58 71.51
74.03 86.59 88.45 91.1 90.1
90.13 92.5 91.76 90.42 92.37
95.28 94.49 96.16 97.86 98.26
96.51 97.05 98.16 98.19 96.55
97.06 98.25 97.53 96.34 94.8
91.86 95.92 96.81 97.02 97.37
98.52 98.55 98.4 98.4 95.9
96.86 97.23 97.48 97.15 98.1
98.28 97.3 98.23 97.49 96.38
96.74 97.91 96.52 95.13 92.3
93.06 93.35 89.39 88.86 89.57
95.03 95.78 96.54 95.99 96.28
96.68 96.69 96.37 94.16 95.61
95.9 98.11 98.55 98.79 98.85
98.65 98.73 98.45 98.32 98.77
98.43 97.42 98.37 96.96 98.27
98.22 98.29 97.89 96.26 95.78
97.02 97.95 98.33 98.69 98.53
98.55 98.69 98.84 98.85 98.89
98.85 98.66 97.52 95.95 91.68
88.44 85.45 81.98 87.97 91.73
97 97.66 98.44 98.41 98.81
98.9 98.78 98.74 97.9 98.05
97.62 96.92 94.88 92.86 94.85
96.66 97.61 98.62 98.64 98.65
98.3 97.12 98.03 97.49 97.63
97.29 98.54 98.42 98.29 98.49
98.81 98.72 98.64 98.72 98.83
98.4 98.51 98.82 98.24 98.15
98.57 98.47 98.14 97.71 98.31
98.32 97.7 96.61 97.77 98.61
98.15 96.98 98.05 98.74 98.76
98.83 98.82 98.92 98.86 98.86
98.84 98.93 98.89 98.67 98.6
98.77 98.65 97.14 95.21 95.41
98.19 98.48 98.85 98.68 98.29
98.79 98.85 98.06 97.48 98.43
97.37 95.98 95.96 98.04 98.31
97.3 95.41 97.55 97.56 95.09
95.55 96.54 93.34 91.91 94.13
95.08 94.55 94.75 93.89 95.39
95.3 97.11 96.13 95.74 97.36
98.31 98.17 98.59 98.11 97.18
97.53 98.4 98.08 98.21 98.4
98.57 98.71 98.42 98.15 98.25
98.14 96.6 94.36 95.72 94.97
97.91 96.47 95.81 97.94 98.76
98.63 98.74 98.57 98.35 98.7
98.41 97.51 97.89 98.03 97.82
97.2 93.43 94.35 93.87 94.15
97.23 97.99 98.46 98.36 98.65
98.82 98.79 98.86 98.9 98.93
98.91 98.9 98.94 98.94 98.92
98.86 98.88 98.93 98.89 98.81
98.76 98.75 98.31 98.17 97.94
98.15 95.99 97.65 98.62 97.9
97.6 98.46 97.84 96.34 97.92
96.88 98.45 98.77 98.76 98.81
98.89 98.93 98.91 98.87 98.89
98.84 98.74 98.78 98.56 98.41
98.04 97.99 96.84 96.48 95.63
97.56 97.56 98.08 98.2 98.31
98.68 98.72 98.25 98.73 98.61
98.67 98.78 98.91 98.95 98.87
98.92 98.96 98.95 98.83 98.92
98.91 98.81 98.7 98.65 98.32
98.32 97.59 96.97 96.25 96.22
95.14 94.01 91.03 91 92.84
91.43 91.25 89.15 90.07 88.44
90.97 89.8 92.28 95.11 95.48
97.36 97.44 98.45 98.57 98.23
98.32 97.89 97.89 97.63 96.96
96.75 97.08 96.26 95.16 96.75
97.05 95.45 95.56 96.94 97.14
96.52 97.03 98.17 97.47 97.49
96.44 95.24 95.19 95.64 94.37
92.61 93.02 94.24 91.47 90.43
91.88 91.53 89.32 88.7 86.37
83.4 80.42 80.38 80.85 84.95
88.96 91.03 94.28 96.34 98.04
97.56 96.35 95.98 93.58 94.65
94.87 95.87 96.76 93.84 95.82
97.2 98.23 98.4 98.11 98.58
98.66 98.67 98.56 98.75 98.83
98.79 98.82 98.83 98.91 98.86
98.87 98.9 98.88 98.85 98.78
98.78 98.68 98.69 97.78 98.18
97.5 95.43 94.91 92.59 94.55
96.27 96.64 96.14 95.31 97.77
98.41 98.49 96.5 94.73 96.56
95.61 95.12 96.02 94.92 88.11
76.75
