46.91 58.25 57.55 68.17 79.94
83.2 82.65 83.53 86.84 86.96
85.3 87.28 87.27 84.94 85.84
87.52 84.51 84.61 84.58 86.52
84.76 82.22 82.49 86.67 87.65
86.98 90.12 92.27 92.45 93.03
94.84 94.68 92.3 93.55 93.85
92.18 93.81 93.79 93.44 92.24
93.88 93.21 90.84 91.58 93.55
91.22 90.27 92.4 92.98 91.25
90.55 92.92 93.42 91.1 91.81
93.12 90.7 89.21 89.43 89.41
88.26 90.28 90.45 92.94 92.2
93.14 94.17 94.19 93.71 94.4
95.15 94.65 94.26 95.54 95.75
94.96 95 95.59 95.57 95.39
95.19 95.04 94.63 93.31 92.04
90.5 85.12 84.7 88.63 89.32
91.48 92.41 94.68 93.98 94.06
94.77 95.42 94.93 94.52 94.39
92.76 92.67 92.08 91.05 90.69
89.98 89.07 88.05 83.62 79.38
77.67 78.87 83.28 79.8 79.44
80.09 84.47 83.06 83.21 86.12
86.6 85.53 89.16 90.44 87.73
89.3 92.15 89.76 87.54 89.94
89.53 85.53 85.05 83.82 79.58
67.76 64.12 53.68 49.61 48.04
44.81 45.73 46.84 51.05 44.78
46.2 48.49 44.67 50.9 46.93
54.85 64.12 71.12 70.67 75.04
77.76 78.37 82 83.47 84.35
82.24 84.25 86.44 83.3 85.96
87.22 84.28 82.82 85.91 84.34
80.2 80.25 78.73 72.53 70.69
76.28 74.43 84.41 86.93 85.81
84.59 87.63 88.27 87.28 87.91
90.44 91.15 91 91.08 92.4
92.22 91.48 91.43 90.05 89.18
88.03 86.64 81.42 82.84 84.08
85.36 87.41 88.37 90.72 91.73
91.93 92.71 92.58 93.96 93.27
92.94 92.22 93.16 92.42 89.5
92.18 91.44 87.85 84.94 85.89
87.27 85.94 85.74 85.98 83.9
81.71 79.97 78.6 79.62 79.44
82.4 85.27 85.4 84.89 87.75
88.96 86.8 87.54 92.12 92.3
87.75 91.6 93.56 92.48 91.36
93.85 93.16 91.65 92.33 92.42
89.52 88.35 87.84 84.44 80.65
74.57 68.2 65.25 63.19 63.34
71.37 68.52 71.88 65.82 66.49
62.59 60.47 56.7 51.01
