51.42 67.84 87.24 96.31 98.42
98.55 98.8 98.67 98.72 98.16
98.11 98.11 98.37 97.88 98.4
98.79 98.81 98.86 98.89 98.87
98.89 98.87 98.84 98.67 98.66
98.4 97.87 98.18 97.94 98.63
98.31 98.48 97.98 98.4 97.97
96.47 96.83 96.47 96.76 97.32
97.41 96.69 96.82 96.66 96.39
95.65 93.96 91.4 94.6 97.47
96.98 97.51 96.74 97.06 98.33
98.66 98.65 98.74 98.17 98.12
96.57 95.79 97.02 97.22 98.5
98.56 98.37 98.44 97.83 98.45
98.83 98.85 98.47 98.68 98.67
98.67 97.86 97.91 98.02 97.91
98.65 98.36 97.77 97.27 97.74
98.27 98.39 98.15 98.53 98.62
98.37 98.77 98.65 98.58 98.74
98.8 98.56 98.37 98.72 98.3
98.36 98.29 98.22 98.18 98.04
97.59 97.83 97.38 97.73 96.67
96.38 96.37 95.07 92.05 93.42
97.19 96.49 94.49 96.71 97.48
97.31 96.75 97.27 97.16 98.11
98.02 98.22 98.59 98.38 98.15
97.97 98.63 98.71 98.53 98.26
98.35 98.05 97.75 96.99 96.78
95.85 92.76 90.58 83.46 89.84
91.52 97.55 98.1 97.78 95.42
95.01 95.89 98.43 98.77 98.84
98.82 98.88 98.88 98.86 98.88
98.85 98.74 98.78 98.72 98.39
98.19 98.11 97.75 96.59 95.48
97.07 96.56 95.83 98.09 98.27
97.87 97.92 98.27 97.32 97.65
98.23 98.03 96.85 97.78 97.81
97.87 97.4 98.27 98.43 98.31
98.22 98.57 98.61 98.78 98.65
98.57 98.73 98.56 98.06 96.84
96.04 98.3 98.28 98.53 98.44
97.5 97.09 96.93 96.48 96.11
97.03 97.67 97.03 96.54 97.46
97.44 96.01 95.77 97.31 95.82
86.78 68.3
