63.83 71.39 75.46 75.74 74.32
67.17 58.37 59.4 52.28 54.58
62.9 72.53 76.93 80.75 79.35
80.18 75.35 77.71 77.1 75.01
70.91 68.84 71.66 68.95 73.46
74.85 78.96 82.25 83.78 79.95
83.39 85.66 86.91 83.99 87.92
86.29 87.75 88.24 91.45 91.1
92.16 93.14 92.59 93.15 92.71
94.02 92.1 89.43 90.33 89.55
86.08 87.56 87.95 86.25 84.71
84.62 84.54 77.43 67.84 68.21
67.69 72.82 79.04 79.27 78.74
79.74 82.15 85.57 85.81 83.95
87.72 91.18 89.55 89.53 92.98
92.45 90.24 92.9 94.33 92.95
93.5 93.73 92.3 89.31 91.18
91.41 87.22 89.12 90.02 88.5
84.69 86.44 85.58 80.43 81.48
82.61 79.59 71.86 67 69.18
70.31 76.21 82.88 83.9 82.93
86.28 88.1 88.18 88.54 91.31
92.26 92 91.94 93.57 94.08
93.7 93.62 93.25 92.54 91.7
92.39 91.27 89.34 88.42 89.42
87.45 87.56 85.45 83 78.16
79.89 78 78.91 83.17 84.76
88.36 89.96 89.47 88.29 92.99
92.89 90.42 90.79 92.32 91.91
88.21 90.78 90.22 88.71 85.76
87.63 88.9 88.11 85.87 85.25
85.36 83.81 81.2 83.08 83.37
79.79 77.85 77.91 76.51 78.54
69.91 78.45 83.94 87.2 84.35
86.61 89.28 89.98 90.4 91.21
92.5 91.83 92.07 93.82 94.25
92.59 92.63 92.7 91.74 90.73
89.52 88.84 85.77 82.1 82.01
76.55 78.31 74.22 70.8 71.1
67.57 62.01 58.98 56.03 53.44
54.04 60.28 66.09 68.31 80.08
79.82 82.1 84.26 82.98 76.8
74.06 80.1 81.13 83.64 84.09
87.31 87.37 86.84 90.22 92.53
90.78 90.58 92.7 92.09 90.51
91.88 90.71 92.19 91.35 87.67
87.53 89.74 86.96 83.84 86.5
85.74 81.68 85.35 87.76 89.34
90.49 87.42 86.55 84.86 83.44
84.75 87.68 90.74 91.96 91.86
92.31 93.43 94.21 93.55 92.87
93.58 92.37 93.33 92.29 92.41
89.86 90.23 88.4 85.72 85.53
83.87 80.31 76.92 75.56 69.03
66.71 64.47 61.76 58.93 53.29
46.48 47.97 44.09 37.93 39.51
45.14 51.07 49.95 48.24 51.05
52.99 51.32 47.1 40.36 42.12
40.16 43.08 44.89 50.62 60.89
69.72 77.84 85.94 89.72 89.54
89.7 90.35 90.65 88.93 89.47
88.95 90.01 85.29 85.4 85.47
86.46 89.34 89.72 90.43 91.67
92.93 93.32 93.42 94.44 93.45
92.82 90.81 92.12 91 88.54
91.09 91.78 86.09 88.5 91.36
92.2 90.58 91.19 91.78 90.65
89.36 88.6 88.85 87.61 85.19
85.12 78.51 80.21 81.79 83.36
84.08 85.25 87.29 88.35 91.01
90.45 91.65 91.7 91.77 92.34
91.73 92.8 91.03 91.55 89.85
90.73 91.27 91.34 90.61 91.95
93.67 91.54 92.86 92.57 93.83
92.22 92.32 91.61 93.28 92.48
91.37 91.31 92.42 92.17 92.35
91.76 93.12 93.93 94.18 94.28
93.6 94.08 94.17 93.57 93.92
94.08 91.81 91.07 90.39 89.81
87.24 83.91 78.78 76.02 75.94
73.56 70.93 72.91 73.46 76.91
75.27 72.17 78.93 83.73 84.77
85.67 87.81 87.38 85.84 86.98
89.64 90.92 89.04 88.16 89.47
90.35 86.08 88.41 89.09 85.58
85.96 87.49 89.26 87.43 87.74
92.03 91.5 88.97 90.87 92.77
91.32 89.4 91.92 92.04 90.33
90.08 92.91 92.12 90.7 92.9
91.31 88.5 89.53 89.74 90.88
90.69 89.75 89.91 90.23 87.52
83.95 87.59 87.97 81.79 81.07
84.44 80.67 78.67 82.29 81.41
78.35 77.09 82.98 81.73 76.42
81.81 85.4 81.52 78.89 86.5
88.53 81.92 84.73 90.61 88.82
87.24 90.33 91.3 89.33 86.8
88.72 93.35 89.2 85.43 88.45
89.89 86.19 85.06 90.14 86.99
81.41 86.07 89.41 88.1 89.51
91.1 91.78 90.65 90.01 91.68
92.47 92.77 92.43 91.47 91.89
92.96 92.97 91.78 94 94.16
94.05 94.32 96.18 95.43 94.46
94.49 94.01 93.71 92.57 90.66
91.45 89.72 87.31 86.98 87.69
86.61 83.16 84.4 80.27 79.59
77.58 82.66 80.11 76.67 76.04
79.69 80.75 77.37 80.19 85.99
86.7 83.68 87.51 90.28 90.26
86 88.43 90.48 88.64 85.24
86.1 87.68 83.2 74.76 77.78
82.81 80.98 84.59 86.11 86.91
89.71 88.96 88.2 88.36 89.41
89.18 83.62 84.96 88.21 84.87
80.02 83.98 83.58 78.11 76.16
81.89 76.8 72.35 77.96 72.7
71.62 71.87 79.08 76.65 75.65
80.24 84.82 81.63 83.13 86.91
87.71 88.95 90.38 91.45 90.05
89.91 91.3 91.28 88.39 90.19
89.73 87.01 85.3 83.42 86.39
83.46 80 75.81 76.88 79.33
82.05 82.8 77.63 68.65 67.54
70.37 71.5 73.37 80.12 86.18
87.51 91.28 90.71 90.97 89.58
88.35 87.93 92.02 90.71 89.47
82.03 80.31 74.95 77.31 80
84.52 86.58 87.31 90.78 89.53
85.24 88.13 90.32 90.55 89.89
90.89 89.39 89.44 89.55 91.74
93.94 93.84 93.16 92.16 89.67
83.24 79.13 78.29 74.71 82.92
83.77 87.82 87.42 90.06 92.2
92.34 89.7 90.36 91.38 89.37
87.65 86.31 88.08 84.89 89.34
87.81 89.67 86.11 88.74 90.04
89.56 87.96 85.58 85.2 90.37
92.37 94.38 94.86 94.67 90.02
86.08 82.36 84.99 88.99 86.93
83.4 78.05 80.42 86.26 89.43
92.02 90.78 91 93.73 93.52
92.31 86.21 87.98 90.8 91.41
92.67 91.73 93.35 91.64 93.95
93.21 92.82 93.94 93.68 94.03
92.65 93.06 91.28 90.63 90.46
83.88 84.14 84.74 82.97 72.5
75.78 68.88 72.34 84.15 86.24
85.27 78.98 74.86 74.21 63.88
49.72 47.21 55.34 66.46 66.82
71.15 73.19 70.17 78.51 86
85.8 87.65 91.92 92.43 93.11
94.32 94.77 94.78 94.46 94.6
94.87 91.77 91.11 92.01 91.95
93.64 95.55 95.09 94.55 91.75
87.9 86.96 86.05 76.21 72.31
75.79 73.23 70.44 78.63 82.49
83.6 85.92 89.63 91.58 91.32
91.25 92.99 93.22 93.01 90.31
87.66 88.5 87.95 91.2 92.22
88.24 87.42 92.54 94.22 95.1
94.44 94.58 92.47 86.4 80.24
73.73 80.62 80.75 84.15 86.12
86.42 86.38 88.85 90.15 89.18
91.49 91.41 89.96 88.1 83.82
81.4 82.6 88.47 88.54 86.15
87.02 88.54 86.35 87.58 86.56
84.57 85.49 84.35 82.87 81.51
78.56 73.66 78.34 76.48 80.35
77.04 75.43 73.57 76.34 69.66
66.68 62.56 57.07 46.27 36.73
32.92 35.66 32.41 32.17 34.98
33.94 34.4 35.72 33.61 33.97
36.08 35.32 31.25 31.97 30.49
30.28 28.76 27.95 29.5 25.55
29.07 27.38 25.04 30.55 26.87
25.25 27.87 25.59 25.73 25.61
25.53 26 25.81 26.22 25.11
29.07 26.04 31.57 28.38 30.62
28.64 32 32.25 32.55 40.89
41.84 37.16 35.3 37.21 36.8
36.75 34.91 31.12 34.85 34.36
33.67 32.68 32.18 30.98 29.42
27.17 28.23 27.21 27.55 27.15
31.72 26.96 32.5 30.41 27.46
31.96 30.46 29.4 28.98 29.46
25.27 29.59 24.3 26.99 25.37
27.12 26.63 28.79 35.66 39.74
44.22 45.93 48.83 51.25 50.99
46.15 46.67 43.93 43.3 48.09
52.72 59.03 64.59 72.08 80.55
84.33 88.35 89.91 90.58 92.46
90.47 93.69 93.06 93.35 93.58
93.64 92.15 89.84 91.81 91.24
90.46 92.19 92.73 92.33 91
93.9 94.65 91.43 93.08 93.67
91.7 90.78 92.85 92.44 88.69
90.66 91.72 89.25 87.47 90.02
91.27 88.34 89.11 87.18 87.46
87.42 83.64 79.19 67.15 62.59
63.79 59.02 57.95 57.78 63.13
62.9 76.56 78.35 82.31 86.87
86.31 85.69 88.56 91.1 89.07
89.01 91.95 91.78 87.91 88.17
91.85 90.63 87.98 90.26 92.97
88.68 89.68 92.52 91.41 89.63
91.2 92.76 92.55 89.96 91.72
93.25 92.79 93.24 94.12 94.9
94.29 94.97 94.72 94.9 95.68
94.54 93.83 94.79 94.94 92.92
93.93 93.26 92.23 92.5 91.98
90.07 86.8 81.66 85.44 83.5
72.2 68.31 69.82 69.43 71.22
65.29 69.77 82.63 84.1 79.79
86.64 90.82 88.94 82.14 88.73
93.83 92.69 89.64 93.29 92.52
87.38 89.55 91.07 91.13 88.94
89.28 91.52 88.96 88.1 90.39
90.68 87.52 88.04 90.15 90.77
87.19 87.22 89.44 88.99 86.87
87.37 90.1 90.05 88.97 88.8
88.04 85.96 85.82 86.18 86.6
89.03 86.93 91.06 90.56 88.87
89.47 92.31 90.4 87.45 90.79
89.14 86.82 85.68 87.87 86.03
82.08 84.71 87.8 85.84 77.06
82.59 87.33 82.58 74.67 83.02
85.85 76.95 75.73 81.98 83.92
74.95 73.12 78.99 78.18 71.73
80.07 86.34 84.76 78.68 86.93
89.15 83.69 83.7 90.26 86.71
83.32 87.17 88.7 88.29 92.6
92.46 90.51 90.71 91.72 88.92
90.16 90.85 92.37 91.25 93.17
93.8 93.62 92.73 92.75 94.24
92.8 90.83 93.59 93.65 90.31
91.12 92.29 91.59 88.21 89.48
92.31 92.18 90.29 90.82 92.33
90.49 87.92 91.37 92.38 89.22
89.44 90.37 89.37 88.08 89.79
91.12 90.34 89.15 90.62 92.48
90.34 88.65 92.41 92.47 89.98
90.01 91.69 90.9 88.02 89.7
89.45 85.44 84.26 81.37 83.72
82.93 84.52 85.91 86.06 88.48
88.02 87.51 88.81 90.26 88.29
86.98 87.96 88.19 83.77 82.18
84.51 81.35 80.82 82.29 82.52
79.19 81.13 83.85 78.68 76.46
84.84 82.74 73.24 76.08 85.57
79.08 70.44 83.29 89.09 82.33
85.82 91.61 88.61 85.53 90.47
89.67 86.4 87.77 89.48 87.68
87.49 87.08 89.84 90.98 90.44
91.64 92.05 90.57 90.8 85.55
85.22 86.57 88.48 87.62 86.49
82.75 82.46 89.38 90.29 85.63
87.85 89.45 93.51 94.25 95.13
94.21 93.68 92.4 92.62 92.5
89.98 85.58 73.98 72.38 70.34
73.17 75.01 80.88 85.62 86.28
90.7 91.05 89.31 90.63 92.34
92.43 94.27 93.92 92.54 90.74
88.4 91.59 91.94 93.4 91.96
92.26 89.78 84.04 75.97 69.93
70.17 81.7 82.65 86.72 84
87.57 90.25 89.34 90.04 91.36
91.97 93.09 92.57 90.93 88.13
88.35 89.61 88.88 90.9 90.91
93.73 93.91 94.61 93.51 91.45
88.3 91.47 92.02 91.49 90.08
89.77 91.19 92.04 92.29 91.47
90.64 92.43 93.28 88.37 89.34
91.39 92.22 91.59 90.02 84.74
79.8 74.68 82.25 84.34 87.46
86.85 83.64 84.96 91.37 91.69
93.37 91.43 91.74 92.64 91.85
89.38 88.04 87.84 86.07 90.61
92.34 91.13 92.6 92.26 93.31
94.07 92.89 91.98 92.41 91.94
89.13 88 86.65 88.06 88.65
87.08 87.6 89.36 88.06 87.73
86.99 84.24 85.9 90.44 90.39
91.1 89.99 87.27 84.67 77.5
67.4 68.71 72.15 67.63 81.64
78.68 78.72 73.52 74.79 85.55
86.4 84.58 89.07 91.26 89.74
89.85 92.01 91.54 89.82 90.69
90.66 87.24 83.23 87.04 90.43
92.99 93.06 92.75 90.41 87.03
79.11 71.39 69.16 63.31 61.19
68.35 69.3 68.81 69.15 70.46
75.23 76.86 77.41 78.78 79.55
82.87 84.81 82.84 83.04 84.87
86.88 85.11 83.83 85 90.65
93.05 92.48 93.15 91.87 89.22
76.87 74.5 74.07 81.26 81.27
79.42 85.82 85.25 86.14 89.14
91.48 93.94 93.2 93.38 92.27
89.6 87.52 83.32 82.43 90.01
91.14 90.4 91.51 92.99 92.14
91.63 89.43 88.92 90.86 88.96
88.33 88.31 86.62 85.79 86.29
85.38 87.05 87.24 83.27 82.56
82.75 81.53 74.5 70.67 76.39
75.18 59.1
