44.7 51.29 52.96 56.37 58.03
62.45 68.54 75.23 80.9 84.1
83.05 82.66 86.69 87.63 85.06
85.96 89.99 89.36 85.88 88.99
91.87 89.34 89.99 91.95 93.83
91.9 93.56 95.24 94.63 94.33
94.35 94.53 93.67 93.36 93.03
93.1 92.38 91.99 91.97 90.07
89.82 87.77 86.28 83.7 85.18
82.15 78.18 74.26 75.25 67.94
67.04 64.05 64.95 72.12 75.83
79.93 82.96 82.1 84.51 88.27
88.39 88.26 90.86 91.54 91.34
91.69 93.59 93.33 93.61 94.94
95.57 94.81 95.37 96.57 95.29
94.4 95.32 95.14 93.8 92.53
92.33 91.32 88.65 89.94 90.25
86.83 86.41 87.3 85.35 82.18
83.55 83.18 85.24 82.72 87.01
86.52 86.61 85.17 82.86 88.16
87.62 89.51 91.63 88.57 91.29
93.52 91.86 92.47 94.58 94.16
93.77 94.6 93.47 92.64 91.55
89.93 89.92 89.24 83.5 80.2
72.93 63.66 59.39 53.23 53.79
53.64 50.96 43.5 48.61 41.49
37.39 35.08 36.68 33.92 40.14
33.68 31.39 34.7 32.23 35.03
37.52 43.32 49.63 57.04 62.92
67.98 74.94 77.63 82.34 82.44
86.3 87.25 86.77 89.38 89.58
91.06 91.19 90.47 93.49 91.69
90.61 91.14 91.33 88.03 88.53
88.04 87.45 84.69 83.41 83.38
80.73 73.64 74.58 68.56 71.51
78.75 76.44 80.13 79.59 75.42
77.74 77.91 78.48 76.85 80.54
80.4 76.91 75.03 67.57 67.37
72.34 74.94 77.51 80.8 81.47
81.9 85.22 84.64 83.03 85.1
84.28 85.58 86.76 89.17 89.37
89.82 89.5 90.93 91.62 91.88
91.57 92.26 93 92.42 92.71
92.49 91.91 91.96 91.89 92.22
91.06 91.18 90.7 87.85 86.45
86.35 85.28 80.1 75.14 71.27
58.71 53.89 54.53 51.26 58.08
72.66 81.39 85.88 88.48 89.7
90.73 92.18 91.99 92.88 92.91
93.74 94.12 93.9 93.34 93.98
94.72 91.84 90.95 88.1 89.03
87.13 87.87 88.05 84.3 86.24
88.71 86.99 88.97 91.7 92.55
91.86 92.57 94.17 94.11 93.8
94.71 95.24 93.43 94.99 95.27
93.5 92.7 92.96 94.61 91.84
92.47 94.11 93.05 91.54 92.47
93.28 89.51 87.62 91.78 90.57
86.58 89.4 87.51 90.94 91.03
90.4 89.26 93.4 91.67 91.79
93.43 94.17 95.11 94.31 95.11
95.76 95.9 95.49 97.3 96.29
95.72 96.7 96.97 96.79 97.5
97.83 97.27 97.68 97.23 97.17
96.04 96.91 96.62 95.45 95.1
94.76 95.75 94.24 94.38 94.18
93.33 90.04 90.57 90.01 93.07
92.68 93.1 94.36 94.6 94.95
95.01 96.31 96.66 97.42 96.72
96.92 97.32 97.4 96.87 96.43
97.33 97.16 96.65 96.49 95.81
95.91 94.87 95.42 93.88 94.04
91.9 89.6 89.57 86.91 84.82
83.16 83.52 77.33 79.38 81.14
83.29 82.82 87.79 87.03 87.58
92.56 93.31 92.68 93.46 94.89
95.24 95.39 94.6 95.32 95.87
94.96 95.59 95.13 95.24 95.42
95.95 95.86 95.62 95.85 95.53
95.44 94.97 96.02 95.39 94.57
94.43 94.4 94.78 93.26 92.91
92.95 91.04 90.47 90.68 87.53
85.78 85.01 81.61 78.18 63.17
55.76 54.58 47.09 47.74 48.2
46.5 50.82 47.37 45.44 48.68
40.47 42.43
