69.47 88.82 92.73 93.53 95.32
95.78 94.57 94.84 94.82 93.78
93.52 91.66 90.43 89.1 89.61
91 93.52 93.36 94.33 95.43
95.51 95.15 94.11 95.38 94.36
94.14 94.28 92.08 90.86 88.64
84.82 83.8 69.3 70.63 66.9
72.91 72.73 82.73 89.39 91.84
91.51 93.08 93.5 94 92.95
88.76 88.38 91.17 92.76 93.14
93.32 93.61 92.84 92.05 93.93
93.42 93.66 93.55 91.92 89.04
81.03 70.55 59.6 56.54 48.34
48.91 38.29 43.46 34.47 42.49
39.05 44.25 30.93 35.48 39.71
39.94 45.55 41.36 41.41 46.03
45.16 42.41 46.6 43.87 47.53
41.8 45.06 41.02 39.17 42.3
46.83 41.31 49.68
