48.66 60.22 81.85 91.36 95.25
97.16 97.52 97.84 98.32 98.3
98.11 98.15 98.58 97.97 97.67
98.39 98.33 96.45 96.78 97.72
96.63 93.94 92.64 95.21 96.05
97.42 97.64 97.91 98.3 98.41
97.98 96.58 93.19 85.24 75.77
67.33 57.4 58.12 47.28 47.61
44.12 50.41 44.5 46.42 47.55
49.38 46.94 50.85 59.9 68.26
80.89 91.23 94.94 97.33 97.19
97.84 98.05 98.43 98.44 97.62
97.09 94.13 81.39 80.94 80.22
74.22 74.25 81.09 89.08 90.25
90.36 91.61 93.09 93.94 94.11
95.28 96.45 97.16 96.55 97.76
97.73 97.63 96.29 97.35 96.5
95.88 97.07 96.86 97.47 96.6
97.26 97.87 98.13 97.91 96.97
95.95 93.53 93.34 91.62 94.25
95.1 94.97 96.47 96.73 94.56
93.4 92.39 95.63 96.01 94.04
94.41 96.17 95.04 92.99 94.83
93.8 92.34 90.31 92.01 88.53
90.42 94.3 96.24 97.71 97.98
97.7 96.64 95.44 93.58 94.01
93.59 91.36 94.11 94.41 95.39
95.19 93.71 93.39 93.75 93.22
95.81 95.82 96.54 96.61 93.18
90.97 86.2 85.58 85.23 91.77
95.36 94.71 94.53 92.92 90.3
86.34 85.68 88.38 90.4 94.54
95.03 93.96 95.62 95.79 97.06
97.86 97.82 97.86 98.19 98.5
98.23 98.32 98.44 98.55 98.19
97.95 97.58 97.87 98.28 98.02
97.92 97.65 98.61 98.5 98.09
96.55 95.79 96.61 96.6 92.46
93.45 97.21 95.8 97.5 98.15
98.02 97.86 97.67 98.47 97.64
97.36 98.3 97.99 97.94 97.86
97.96 96.77 96.72 95.69 88.99
