44.49 48.59 53.5 50.35 47.9
46.57 46.51 54.68 50.3 46.81
55.61 50.34 53.35 43.34 52.56
41.53 46.07 47.19 53.63 50.27
54.87 46.8 50.14 47.92 48.22
40.9 51.73 46.73 44.91 52.09
47.8 55.31 58.56 67.02 70.66
75.02 80.17 83.2 85.35 88.83
89.28 91.36 92.12 94.44 94.07
94.8 94.22 94.81 95.2 94.51
96.27 95.63 95.96 94.74 95.32
95.66 94.42 94.81 93.95 93.28
90.18 90.62 88.34 86.64 83.03
79.41 78.31 64.87 69.38 61.25
57.4 56.3 55.58 55.51 60.41
55.29 56.52 57.02 57.95 60.46
60.03 60.05 58.55 60.73 57.21
54.27 54.01 53.17 51.31 56.65
70.25 83.73 93.05 97.46 98.39
98.73 98.8 98.81 98.75 98.04
97.36 95.46 95.24 96.78 95.29
92.38 89.22 88.14 87.99 92.46
97.22 97.8 98.21 98.63 98.52
98.37 97.68 97.38 97.24 98.01
98.58 98.59 98.3 97.55 96.26
97.96 98.21 98.67 98.03 96.97
98.01 98.68 98.65 98.66 98.41
96.52 97.1 97.95 98.07 98.65
98.79 98.84 98.86 98.88 98.76
98.59 97.95 97.62 95.28 93.34
91.01 89.86 85.08 82.51 78.83
80.68 81.98 81.76 83.74 86.03
91.14 92.74 96.03 97.83 98.34
98.76 98.72 98.7 98.5 98.26
96.77 97.24 97.64 96.89 97.25
97.72 98.51 98.43 98.62 98.56
98.39 97.3 94.81 90.59 89.11
84.04 82.8 77.51 74.67 73.22
72.37 73.85 69.54 75.5 82.4
89.23 90.64 92.55 93.76 95.04
97.34 98.43 98.11 98.64 98.65
98.75 98.7 98.56 98.62 98.45
97.89 97.72 98.52 98.65 98.81
98.71 98.61 97.88 96.54 93.76
90.81 92.89 90.31 92.51 95.28
95.74 95.36 94.55 94.64 96.26
97.28 97.62 98.28 98.77 98.83
98.84 98.84 98.57 97.91 95.88
