45.53 41 41.95 44.17 41.34
47.98 51.49 46.48 43.48 41.83
39.8 44.18 35.01 36.66 39.57
37.37 44.55 40.43 35.66 41.41
38.02 30.06 32.84 31.92 34.87
31.6 41.53 34.26 44.26 34.76
37.4 36.67 37.23 33.39 33.54
35.06 39.33 33.13 42.36 33.9
42.69 37.1 34.21 40.14 32.22
35.35 32.29 37.69 30 34.21
35.26 27.47 36.78 35.21 34.67
33.45 32.09 34.4 35.1 34.44
28.09 31.72 35.41 30.39 38.97
34.78 36.1 48.07 51.83 51.66
57.77 51.14 53.04 57.09 58.12
51.37 56.36 55.63 54.13 50.52
43.78 45.98 42.93 41.62 39.48
42.44 37.05 37.52 38.8 40.07
35.37 37.52 37.34 29.81 39.97
33.79 31.64 35.54 31.75 39.13
38.12 37.7 41.22 43.47 52.19
61.09 54.89 53.66 50.58 39.06
41.93 39.7 45.38 45.18 49.55
41.5 47.37 56.92 61.78 80
82.22 83.05 81.44 83.91 89.92
93.29 92.39 91.48 92.82 94.15
91.52 89.84 91.16 90.39 93.13
95.1 95.34 94.92 96.3 96.04
94.62 95.85 95.8 94.89 93.25
92.08 92.56 94.06 94.54 94.69
96.37 96.25 95.83 97.11 97.21
96.33 95.68 96.01 95.53 94.85
95.82 94.5 93.34 93.73 93.56
92.5 92.41 92.45 89.6 90.22
90.38 87.46 86.34 86.07 82.45
81.56 77.01 72.7 58.75 58.31
48.18 51.04 46.07 38.25 48.48
41.8 40.44 44 40.62 40.59
38.23 36.37 34.44 34.53 36.5
37.33 37.54 37.4 36.08 31.39
33.78 34.25 36.85 32.3 39.62
33.37 36.83 36.24 34.34 37.98
27.47 38.23 30.55 36.56 26.89
30.35 28.5 32.8 28.89 33.04
28.92 33.63 35.01 31.21 35.51
32.97 31.31 30.38 29.76 30.24
26.67 33.33 30.89 26.68 29.44
26.27 30.83 26.84 28 31.16
29.21 29.26 24.49 28.99 29.79
29.7 29.7 32.47 27.66 30.95
25.98 32.87 27.78 31.37 28.62
32.04 30.18 31.19 28.15 31.42
29.79 29.7 32.3 33.1 31.66
31.81 38.58 36.12 36.51 36.14
36.31 39.82 39.43 35.05 34.61
39.65 34.48 42.62 49.36 48.84
62.1 70.19 66.32 75.31 79.22
81.43 83.91 85.21 88.71 89.05
88.15 89.42 91.98 93.18 92.88
93.44 94.31 95.36 94.56 94.7
95.1 95.55 94.99 94.79 96.18
95.18 92.55 90.31 90.41 92.36
90.26 88.95 90.67 94.01 91.28
92.57 94.17 92.71 93.72 93.65
95.41 93.96 93.9 94.77 93.61
92.72 92.38 92.18 88.95 80.83
75.71 75.54 76.55 82.41 89.05
90.75 91.43 93.83 94.33 96.35
94.98 94.4 95.81 96.08 96.07
95.67 96.42 97.09 95.96 94.73
95.87 95.82 93.26 93.3 93.74
94.27 91.73 92.18 93.91 90.92
87.68 90.21 89.71 91.8 91.84
90.1 90.13 92.23 91.77 90.29
90.19 90.09 91.06 89.61 86.36
81.64 85.02 89.63 91.09 92.86
91.34 91.52 93.51 92.78 89.24
89.09 86.21 88.95 92.26 94.61
94.76 96.14 96.73 95.55 95.73
97.06 95.89 95.09 94.43 93.42
91.96 93.36 94.83 94.39 94.74
95.6 95.38 96.28 95.51 93.94
95.05 95.05 92.82 92.15 94.02
93.21 90.46 90.49 91.74 91.07
89.68 89.18 84.18 80.99 85.97
88.96 90.73 91.39 91.7 92.46
93.77 94.64 94.09 94.28 95.52
94.23 94.76 95.21 95.1 94.37
95.13 95.17 93.63 90.27 88.52
88.75 90.16 87.14 88.49 89.42
90.07 85.2 88.17 87.11 88.52
91.53 91.95 92.91 92.32 93.83
93.42 93.49 92.69 93.41 93.06
89.2 89.68 79.81 82.9 88.12
92.12 91.93 90.19 90.61 92.82
94.4 92.15 91.57 93.39 94.14
91.37 91.36 94.02 93.3 91.03
92.2 94.51 92.58 90.7 92.55
94.79 94.42 93.51 94.42 96.17
94.5 93.15 94.69 94.98 94.75
95.1 92.56 93.71 93.62 92.64
91.25 91.08 89.21 86.82 85.42
83 72.61 65.68 55.61 50.32
52.67 42.57 47.37 34.34 30.49
26.78 33.74 31.85 36.73 34.4
30.77 37.05 32.54 37.36 38.46
34.22 43.77 40.74 39.51 39.15
39.86 39.41 42.42 34.27 35.02
37.24 32.11 32.89 37.49 36.22
28.98 41.81 31.04 33.57 35.29
33.58 40.4 35.12 35.63 40.34
42.1 45.59 45.53 41.74 39.86
44.82 37.91 38.68 37.39 43.51
46.78 50.22 49.47 56.44 62.11
56.79 54.09 65.7 65.06 65.92
64.08 58.73 64.09 54.82 55.15
55.51 49.7 50.73 54.89 52.42
56.6 60.41 65.37 78.82 80.83
74.4 73.19 75.91 66.49 69.88
66.25 73.72 69.94 72.5 62.63
50.69 47.62 48.68 45.28 49.46
42.81 38.88 41.82 34.64 43.67
33.57 35.75 39.27 42.01 44.92
44.04 50.02 47.22 42.9 49.24
51.47 43.44 45.98 42.22 39.63
42.79 51.84 59.43 67.58 72.79
70.23 71.07 76.23 79.26 75.74
77.63 81.59 80.34 78.96 83.16
83.44 82.28 79.33 83.28 83.42
79.93 78.74 81.32 75.46 69.14
61.98 58.26 49.61 46.79 44.56
40.17 40.49 44.85 40.88 52.12
42.47 39.44
