45.66 42.35 42.82 42.94 42.57
43.46 42.67 50.57 59.46 61.57
67.97 78.31 79.74 81.69 83.98
86.03 89.67 92.01 91.94 92.93
94.09 95.65 96.93 96.58 96.76
97.41 97.07 95.62 97.15 97.44
95.28 95.32 96.6 95.23 90.37
94.33 96.84 96.9 97.6 98.13
98.33 98.26 98.3 98.55 98.62
98.55 98.52 98.66 98.79 98.56
98.32 98.4 98.26 97.6 96.78
96.47 93.95 94.4 95.85 94.53
93.27 90.71 89.24 85.85 88.74
86.77 86.59 88.15 87.59 91.33
95.08 95.25 95.26 96.67 97.91
96.94 97.5 97.63 97.48 96.53
96.55 96.9 96.47 93.84 92.99
94.59 93.82 92.97 94.67 97.37
97.73 98.05 98.27 97.87 97.06
98.21 97.24 96.19 95.5 95.31
96.5 98.25 98.67 98.65 98.5
98.32 96.93 91.82 90.67 92.18
92.15 92.15 93.76 90.99 91.85
94.17 92.51 92.37 91.4 89.22
90.18 92.82 90.42 94.97 97.41
97.78 97.91 97.67 98.33 98.41
98.13 98.59 98.64 98.7 98.61
98.49 98.29 98.13 97.58 96.91
95.35 94.6 94.22 95.41 96.96
98.33 98.36 98.62 98.29 98.1
97.47 97.29 96.28 95.8 94.81
94.35 93.28 95.16 93.52 94.72
97.76 98.34 98.57 98.58 98.61
98.44 97.96 97.24 95.61 93.58
93.16 85.78 73 57.9 56.69
52.48 54.63 49.76 39.67 37.13
