36.57 48.12 57.45 69.17 84.52
87.96 91.42 90.58 91.43 87.36
81.71 86.83 86.33 88.63 87.4
75.89 77.05 82.04 85.89 90.71
90.32 91.64 93.08 91.06 88.95
87.06 92.56 92.69 92.95 92.64
91.49 87.44 83.11 87.62 70.7
74.06 75.27 85.21 90.23 90.72
93.3 93.45 92.43 90.88 91.13
88.91 91.62 93.01 92.41 92.53
91.08 84.12 87.27 85.33 88.96
89.42 85.25 84.97 69.07 54.37
46.18 41.24 36.37 39.23 31.97
31.53 39.69 39.15 40.86 32.41
37.51 33.28 44.58 45.51 43.41
38.02 41.94 33.87 41.13 38.11
38.05 38.99 36.57 43.92 38.94
44.51 39.67 36.4 35.15 31.34
32.52 28.84 26.58 28.72 27.71
28.69 28.37 29.05 28.9 26.46
26.23 28.46 27.82 30.07 30.98
38.99 47.49 41.96 49.12 43.13
47.38 60.86 71.04 74.62 82.35
81.52 83.77 83.39 77.91 69.29
75.82 77.71 83.71 79.56 72.43
69.67 70.86 73 85.86 83.17
85.79 87.56 85.68 84.53 79.96
88.97 87.23 87.72 84.89 82.67
73.3 74.55 73.5 59.22 51.76
56.46 67.91 78.69 83.24 78.17
86.19 86.18 88.4 81.39 77.5
79.53 82.69 82.66 84.39 81.68
75.61 76.88 73.11 80.4 79.33
77.73 76.18 69.73 55.54 43.19
40.06 32.84 38.07 39 37.2
37.92 38.28 34.99 45.29 40.35
33.7 35.45 36.92 32.05 26.74
32.74 30.76 34.55 28.48 27.74
29.3 31.26 34.1 48.47 62.03
68.22 75.05 77.16 82.9 85.43
76.13 82 58.95 60.86 66.33
72.48 72.38 69.88 63.64 61.77
73.71 73.9 83.3 82.65 81.48
84.31 78.17 69.39 72.33 84.76
84.61 88.44 88.34 86.64 85.3
83.48 81.88 72.77 60.1 53.74
65.55 72.45 72.25 77.83 86.97
86.21 89.54 88.85 86.83 82.14
82.42 82.52 83.67 87.31 87.13
84.89 84.19 78.6 80.26 72.06
79.05 81.35 69.89 81.21 72.83
67.11 55.92 48.12 40.1 32.39
34.66 38.45 39.1 29.93 30.31
29.77 30.68 27.25 34.65 37.44
47.52 61.49 74.43 83.76 81.91
79.97 72.26 77.54 80.49 87.52
81.33 80.99 88.4 90.69 91.89
93.78 90.29 87.66 81.81 78.34
80.62 82.51 76.53 75.28 81.87
83.68 79.22 84.27 88.6 86.06
84.5 87.8 88.94 90.93 89.22
89.68 95.09 96.79 95.77 95.7
92.99 86.58 82.95 73.38 71.86
78.11 68.1 81.26 90.77 93.16
93.22 95.77 94.89 95.09 93.57
89.15 79.86 79 84.37 88.67
90.4 93.13 93.47 91.16 93.43
91.39 89.26 88.58 87.77 87.27
91.79 92.78 90.24 90.54 86.33
85.25 88.26 94.18 94.86 92.92
93.59 92.71 92.59 93.66 95.68
94.23 92.04 93.21 93.64 92.64
90.05 89.63 91.84 92.22 89.61
87.64 80.36 81.19 83.43 83.28
84.87 90.61 91 94.31 93.53
91.88 91.43 93.09 91.43 79.16
