50.51 57.77 54.63 56.33 54.69
62.38 67.56 68.11 80.77 90.2
93.28 94.86 95.76 95.08 95.39
94.81 93.58 94.07 93.95 95.06
93.35 93.87 93.84 95.12 95.98
96.07 95.69 96.2 96.8 96.29
95.09 94.99 95.38 95.44 95.81
94.92 95.65 93.17 95.12 96.46
94.82 95.61 95.83 94.67 93.55
94.27 92.88 93.98 94.66 95.23
95.45 95.77 96.63 95.9 95.27
96.98 97.05 96.69 95.84 92.66
92.35 91.9 91.2 93.19 92.88
90.47 90.6 93.32 93.16 90.69
87.82 90.21 93.41 91.53 92.35
90.82 91.36 92.72 93.47 93.59
93.17 91.31 92.17 90.84 92.26
90.76 88.48 89.35 91.32 89.18
90.29 90.97 89.16 90.04 89.85
89.3 87.34 87.82 88.37 87.38
85.85 84.08 83.03 78.8 76.18
76.61 72.54 65.71 60.14 59.44
58.51 58.02 54.35 54.22 55.37
53.21 56.21 54.1 56.86 52.28
49.73 46.63 46.36 47.78 46.95
41.88 47.29 47.72 49.38 47.29
47.57 50.21 50.14 47.1 46.69
44.45 43.22 44.26 55.25 64.33
60.95 60.09 53.02 55.13 52.59
47.5 58.65 58.03 51.19 58.97
46.23 43.75 48.89 45.21 47.59
55.95 61.49 50.44 52 51.39
63 52.18 59.87 60.4 47.19
50.11 60.11 62.55 62.38 61.38
60.07 50.43 54.78 61.46 65.61
63.91 62.65 60.62 50.6 56.74
62.95 63.52 52.39 59.38 55.81
61.01 55.17 53.33 48.97 51.31
55.4 60.08 65.78 56.64 55.25
60.82 53.66 61.33 65.45 64.61
62.34 62.67 48.98 52.93 62.54
68.33 55.48 52.57 62.68 70.78
68.3 68.52 69.01 55.42 53.64
45.85 47.36 59.93 57.22 52.63
56.47 49.97 44.13 46.92 44.23
42.8 44.85 47.78 47.44 48.14
44.03 46.76 46.35 51.87 43.72
51.28 55.79 46.28 49.94 41.57
45.2 40.61 47.85 47.14 45.24
48.04 43.14 54.52 52.13 48.87
45.56 53.04 54.52 52.6 45.83
56.08 43.71 47.3 44.41 44.57
45.92 40.76 39.72 43 35.17
38.96 37.47 40.36 37.58 37.57
34.28 39.12 39.27 41.19 42.54
40.28 40.08 42.98 41.3 45.36
41.03 41.35 43.22 38.55 45.83
42.89 47.96 36.59 34.98 41.16
33.48 37.99 32.09 34.83 34.42
33.89 40.92 38.61 57.33 36.95
47.44 48.72 47.6 46.22 49.61
42.29 46.57 37.3 42.67 41.74
43.57 41.38 41.56 42.9 45.98
42.33 47.42 62.63 45.07 54
55.05 48.4 52.68 37.29 50.14
46.54 45.1 45.02 37.18 47.7
37.99 38.09 42.14 40.95 41.15
39.86 47.98 42.41 43.09 42.41
44.53 47.27 43.6 38.27 38.69
43.56 50 39.66 52.43 41.86
48.47 50.13 38.56 49.54 37.99
50.44 39.85 49.83 46.91 50.52
54.37 60.8 62.24 63.99 66.09
69.41 63.08 58.23 59.79 64.09
70.43 71.04 71.3 77.5 75.86
76.53 76.52 73.56 78.35 75.65
78.16 69.48 66.74 61.64 54.86
55.55 48.14 48.29 46 46.68
40.79 42.81 50.65 54.37 43.28
49.16 61.58 54.78 56.76 56.98
50.59 52.5 41.9 42.79 53.73
56.55 68.1 56.88 51.04 49.35
44.61 54.85 49.13 48.22 51.06
46.34 49.96 56.57 56.35 65.94
66.54 61.93 74.6 59.86 53.9
51.06 49.98 47.4 46.05 47.18
53.43 52.11 55.01 52.49 55.57
54.4 47.79 52.89 58.64 53.9
48.04 48.93 62.7 60.68 56.03
52.84 49.29 52.29 54.79 66.23
61.5 59.98 65.06 70.84 58.7
51.93 52.39 48.99 64.65 69.3
69.45 66.72 69.93 69.57 61.14
56.38 59.2 62.64 64.77 66.62
55.77 61.33 57.08 51.54 48.51
54.53 58.09 48.98
