41.91 56.84 62.45 58.89 63.73
67.16 68.29 71.28 73.09 75.45
78.14 77.64 78.67 80.07 80.26
76.52 76.78 82.31 74.94 78.81
81.9 86.76 86.46 88.58 87.17
86.44 88.29 87.28 85.5 84.94
86.07 85.52 84.56 81.92 83.36
83.8 79.13 79.33 75.83 75.42
74.73 78.2 78.03 79.06 83.6
84.7 83.26 84.89 87.29 84.94
84.96 88.86 86.09 85.5 85.57
88.69 84.39 81.72 86.79 86.44
88.61 89.68 90.19 90.32 91.75
90.75 91.78 92.61 92 91.82
91.41 91 91.24 89.85 89.24
87.5 85.36 82.59 74.92 74.49
78.4 85.76 84.28 85.07 88.88
91.61 87.91 89.26 90.21 89.96
87.77 86.07 88.88 90.8 90.1
91.67 92.71 92.95 94.19 93.44
93.52 94.37 93.96 93.69 93.86
93.79 91.94 91.57 90.75 91.18
87.75 85.57 86.37 87.18 89.71
87.55 89.57 91.93 92.55 92.6
93.41 93.7 93.04 92.73 91.89
91.87 91.94 89.8 90.21 90.87
90.07 93.68 88.16 89 91.96
92.88 92.42 91.87 91.78 93.92
92.04 91.15 92.32 90.49 86.64
87.31 84.39 78.55 73.14 60.75
52.95 39.16 36.34 37.28 40.81
36.54 31.33 31.48 32.02 30.96
31.38 28.89 35.42 28.59 30.1
36.68 32.63 29.12 33.7 35.96
28.02 36.62 31.49 32.25 31.76
35.92 33.15 42.86 33.52 37.45
37.46 33.72 35.96 29.97 34.61
34.32 36.17 34.24 35.18 32.93
34.16 34.1 36.73 33.99 35.03
35.87 36.68 32.67 35.48 36.33
33.59 35.16 38.49 33.95 40.64
32.48 36.05 36.34 35.43 40.31
39.11 42.93 38.09 41.44 39.43
40.2 42.07 36.86 35.26 35.85
34.32 37.24 31.43 37.48 36.95
37.46 40.74 37.4 45.83 40.98
46.81 43.23 53.52 51.97 55.41
58.67 57.79 59.6 65.36 66.97
64.21 63.49 66.83 58.57 66.8
61.16 58.5 70.44 68.02 76.41
68.1 73.11 76.8 74.61 74.17
78.51 76.06 77.74 81.47 81.17
81.23 81.65 81.38 80.04 81.38
81.25 80.1 82.94 79.64 81.71
80.26 81.61 81.14 82.5 83.33
78.33 85.94 83.45 80.8 82.13
85.88 84.96 83.29 85.42 82.64
83.66 85.63 87.98 86.71 85.99
88.72 87.49 85.66 86.9 86.78
85.4 85.47 83.96 85.27 82.14
78.27 77.21 75.86 71.07 58.27
55.78 51.26 45.09 38.4 34.85
36.22 37.04 31.37 34.34 33.44
32.08 36.77 33.68 35.35 37.79
38.08 49.21 33.44 32.12 33.24
40.14 45.42 33.71 32.95 30.91
32.49 39.1 29.84 28.95 29.86
29.73 37.58 39.67 34.63 34.37
41.6 31.77 29.52 36.14 31.21
29.79 29.6 36.95 29.28 29.14
31.22 31.08 36.2 33.92 40.23
33.15 38.31 30.86 50.04 41.37
36.68 38.46 36.09 40.38 34.84
30.55 31.63 29.94 31.43 29.09
33.55 34.17 32.92 35.67 34.86
41.02 32.7 38.19 31.11 39.86
30.37 37.6 35.08 40.52 44.32
36.97 31.86 33.1 30.71 30.1
28.32 25.87 29.46 27.91 32.6
30.23 33.01 30.44 29.5 35.49
31.96 38.04 34.88 36.98 38
33.77 31.21 34.59 33.45 31.55
33.68 29.53 34.07 26.64 33.96
30.93 35.21 34.97 28.44 32.32
31.47 31.69 37.25 36.48 33.29
34.02 32.37 32.15 34.6 35.97
33.47 28.16 28.14 31.31 28.05
28.41 27.6 30.42 31.09 31.02
28.37 40.04 31.01 31.83 37.53
35.24 33.87 34.81 33.34 34.45
30.67 31.32 36.27 29.54 33.78
35.71 40.97 41.22 34.72 37.17
42.04 46.14 44.21 52.78 48.39
51.02 52.89 52.51 61.48 57.11
58.33 57.17 60.76 53.59 46.02
38.22 40 39.43 32.86 37.31
36.8 29.71 35.9 32.28 31.7
36.13 31.17 30.33 29.4 32.11
26.58 31.24 28.81 34.57 37.44
39.6 38.12 42.64 42.29 33.21
42.32 41.95 34.92 34.3 34.87
33.74 28.2 28.42 25.18 26.38
25.53 27.53 34.84 32.99 40.74
45.31 46.63 54.34 51.01 50.92
48.5 45.89 39.41 42.38 36.26
29.89 34.57 29.81 35.62 32.98
29.35 30.06 29.29 28.92 30.77
29.25 29.87 27.95 28.94 28.83
25.79 29.52 31.83 25.35 35.17
32.15 34.54 34.58 32.18 35.22
34.9 36.42 33.17 35.93 36.68
31.75 31.7 32.94 34.69 34.21
35.13 38.14 35.28 34.13 38.4
33.77 32.88 31.4 37.36 35.13
32.12 29.49 33.38 31.22 31.35
33.72 31.54 36.22 33.7 37.4
35.03 37.64 34.78 31.16 31.85
35.18 31.08 35.78 35.15 35.89
36.17 37.53 38.14 42.74 34.8
40.06 45.82 47.74 46.65 44.93
50.65 49.62 50.52 53.42 51.77
49.39 49.49 40.39 43.88 35.19
34.07 43.48 34.05 38.23 35.83
31.42 34.61 35.83 28.71 34.74
29.99 33.39 33.84 34.58 37.11
31.13 34.46 31.76 29.79 31.45
30.08 32.37 25.49 25.86 26.78
27 26.23 27.13 28.01 26.75
30.65 28.1 26.39 32.38 24.81
29.31 30.08 32.79 27.61 31.29
27.44 29.95 28.68 33.52 28.93
38.48 34.3 30.66 37.37 37.09
37.7 37.14 32.07 33.17 26.51
30.1 25.53 27.43 30.53 28.82
32.98 29.15 29.51 31.63 35.44
31.82 32.51 31.26 33.96 32.76
40.98 34.84 34.4 33.18 31.57
32.6 31.54 27.55 34.41 28.12
31.35 31.9 32.59 30.76 34.13
31.22 33.95 32.25 31.42 34.59
33.41 31.83 34.21 34.62 34.56
34.39 36.11 36.26 38.15 36.09
40.36 38.7 36.62 32.88 38.69
38.15 35.53 38.56 37.17 35.97
37.2 47.13 36.71 36.92 36.86
33.62 37.51 35.27 31.86 33.31
41.27 51.99 56.82 75.78 80.08
90.47 92.79 92.42 91.35 92.65
93.5 91.9 91.88 90.7 94.66
94.67 94.76 94.43 95.82 96.25
95.7 94.56 93.87 95.01 93.27
92.62 93.66 94.11 91.86 93.76
95.25 94.03 93.68 96 95.77
94.52 94.15 92.07 92.75 94.47
93.64 94.1 92.26 93.96 92.01
93.03 91.56 93.37 92.86 93.28
91.59 90.58 81.82 81.94 87.88
89.96 93.25 93.61 94.89 91.86
89.42 91.17 88.33 83.9 83.64
74.88 73.3 77.42 89.29 93.29
93.93 94.69 94.32 94.39 92.84
82.61 63.18 53.12 52.98 48.81
50.82 51.33 49.13 53.22 66.16
82.16 90.46 93.24 95.01 95.98
96.12 96.13 94.42 92.18 92.79
92.79 92.47 94.95 95.59 95.34
96.5 97.5 97.09 96.03 96.31
96.73 96.92 95.42 95.6 97.22
95.35 93.8 92.9 89.19 90.53
91.54 88.26 90.86 93.37 89.71
90.58 93.16 93.19 95.06 96.64
96.78 95.94 95.86 92.96 93.51
95.06 96.29 97.06 96.4 95.59
94.1 91.55 90.33 87.23 84.84
86.88 89.31 93.25 95.49 94.58
92.7 94.99 95.86 94.67 94.58
95.6 93.34 91.11 93.93 94.45
92.99 94.19 95.19 96.34 96.12
95.43 94.25 94.77 96.83 96.22
93.97 95.96 97.09 95.95 94.08
96.9 97.58 95.89 96.37 97.29
97.32 96.61 97.28 97.96 97.23
97.76 98.21 97.99 97.59 95.94
93.08 92.57 95.06 93.1 94
91.08 93.64 95.34 93.55 91.21
83.47 82.19 81.27 83.13 78.27
76.56 69.92 66.82 68.76 62.51
62.43 63.43 63.48 59.13 74.28
81.06 92.02 93.74 95.05 92.99
90.67 92.34 89.1 90.9 95.41
96.66 97.99 97.58 96.98 96.32
96.14 95.35 93.51 92.17 96.49
96.74 96.11 93.91 90.96 84.58
73.78 57.36 56.33 51.96 52.86
68.13 83.42 92.1 92.87 94.19
92.73 89.37 90.17 91.53 93.25
95.3 96.14 96.55 97.67 97.21
95.94 97.37 97.93 96.03 95.72
97.54 96.98 95.37 96.48 97.28
96.36 95.46 96.81 95.79 94.32
93.05 92.3 91.78 93.12 91.15
91.04 90.12 87.81 85.79 80.76
81.06 89.04 89.42 92.09 91.98
87.6 76.7 68.74 75.04 73.47
83.2 88.02 91.31 94.06 93.35
93.82 96.22 96.55 93.69 96.11
97.59 96.44 96.17 97.24 97.05
95.99 96.28 96.71 94.67 93.37
93.92 92.86 94.99 96.46 97.02
97.37 97.51 96.84 97.25 97.32
96.72 96.43 96.73 96.75 95.29
96.06 95.99 94.9 93.66 94.83
94.66 93.32 89.69 88.76 91.22
91.12 89.41 91.5 93 91.6
91.32 93.34 93.51 91.65 92.45
92.71 91.74 90.2 89.02 85.58
84.09 81.53 71.81 63.72 52.7
