35.57 51.81 57.95 73.29 82.49
86.69 88.11 89.54 90.12 91.66
91.8 91.64 93.03 94.78 94.33
93.99 94.04 94.43 94.02 93.68
94.01 93.18 91.57 90.4 91.36
89.45 85.97 86.98 85 82.66
79.11 75.19 74.05 68.54 64.06
64.63 62.85 65.21 71.78 74.26
76.02 78.5 80.06 80.64 85.97
85.56 86.49 86.33 88.64 91.42
92.34 91.18 93.98 95.27 95.03
94.65 96.27 96.68 95.69 94.79
96.46 95.78 93.6 94.48 94.66
93.9 90.71 90.59 90.54 89.27
87.88 87.59 88.71 88.6 82.64
81.56 80.78 77.73 77.39 76.64
82.95 85.29 87.53 87.31 89.39
91.45 92.64 93.57 94.53 95.38
95.51 95.23 96.13 95.85 96.17
96.71 95.17 94.02 94.96 93.43
93 92.37 91.34 89.68 86.89
84.69 82.01 78.28 70.03 65.74
55.04 56.71 58.79 54.74 53.04
57.36 58.25 50.57 56.41 52.8
52.26 54.84 48.94 56.22 47.6
38.21 39.6 40.88 38.29 45.59
34.89 35.51 38.79 37.66 40.89
49.22 50.42 52.17 51.04 58.93
74.19 71.02 76.37 79.79 80.78
82.56 82.33 85.43 85.34 85.51
87.98 89.04 88.19 89.5 88.66
91.13 89.12 87.87 87.35 89.03
86.49 82.36 85.72 86.3 85.27
83.46 82.72 74.13 76.82 82.17
74.62 69.53 76.34 77.7 73.95
77.3 78.12 76.73 76.49 74.63
77.43 78.46 75.9 81.27 81.04
77.17 84.75 86.02 79.19 79.54
85.47 84.16 84.68 88.38 88.41
84.24 83.02 87.22 89.11 84.43
90.42 92.36 91.23 89.89 92.28
93.59 92.56 94.15 94.51 93.64
93.01 94 95.18 91.4 92.03
94.59 94.71 92.68 90.1 91.55
87.25 83.38 85.26 82.32 79.76
77.51 71.68 63.66 66.67 63.67
70.07 72.75 76.33 74.51 81.05
82.74 85.17 86.06 88.28 92.58
91.5 94.21 94.37 94.98 93.37
94.67 94.81 94.18 93.75 94.37
92.98 92.21 91.94 91.61 82.1
