38.42 44.88 52.84 61.27 72.43
75.65 77.7 83.36 83.24 85.26
86.32 88.36 87.66 88.76 89.26
90.04 89.71 91.36 91.68 91.87
90.36 90.59 90.47 90.25 87.81
88.17 86.69 85.21 82.41 84.67
84.27 82.41 83.29 85.56 83.99
81.4 82.86 84.49 83.17 80.42
79.92 81.13 77.89 81.09 82.9
80.66 80.63 85.04 84.76 82.72
85.54 87.14 84.75 83.23 86.55
87.81 83.88 85.65 88.89 87.11
83.11 87.63 86.99 83.22 81.93
85.64 82.65 76.78 84.39 81.85
79.18 80.18 82.01 81.97 84.02
83.21 87.66 88.37 87.86 89.89
91.2 92.25 91.87 92.49 94.16
93.26 93.84 92.93 93.83 92.66
90.89 91.5 91.19 87.42 86.8
87.01 83.84 78.52 81.55 79.66
83.77 87.43 87.51 85.97 90.25
91.13 89.36 90.09 92.48 91.7
90.62 90.39 90.88 87.41 85.54
86.83 84.63 86.6 83.95 85.54
86.56 83.46 83.74 85.94 85.14
82.84 84.63 82.81 82.87 81.4
76.95 77.11 81.33 79.32 75.76
84.06 84.7 84.08 84.56 88.69
89 85.22 87.22 89.08 88.79
85.89 88.18 89.25 86.23 87.83
89.45 87.57 87.5 89.54 89.05
87.93 87.69 88.31 86.92 84.96
84.37 86.08 81.36 86.18 84.75
87.84 87.17 88.53 89.16 90.12
90.84 90.59 91.73 92.67 92.94
92.68 93.41 94.21 92.03 92.24
92.57 90.33 87.54 87.48 87.5
85.07 83.08 81.06 76.26 74.26
66.15 65.78 70.88 71.61 70.5
71.02 69.52 65.28 65.42 54.88
46.75 41.09 36.75 38.42 38.99
32.42 35.41 32.08 39.87 40.99
46.47 47.06 52.48 61.21 69.11
82.13 79.79 81.69 80.95 82.72
85.59 85.64 85.37 85.45 86.15
87.71 89.11 89.07 89.42 90.9
91.52 91.83 92.5 93.52 92.54
92.44 91.65 90.9 91.15 91.33
89.2 89.71 88.44 87.1 86.09
88.02 86.26 86.76 83.84 86.55
85.92 85.07 82.35 81.59 82.37
79.94 84.05 87.27 84.73 87.18
88.02 87.59 87.62 90.5 90.81
89.83 90.81 92.56 92.3 91.29
92.1 92.16 91.69 90.8 92.26
90.18 89.97 89.99 90.04 89.05
86.03 88.1 88.56 85.54 84.85
85.75 82.15 80.2 79.18 79.66
74.63 67.43 64.13 56.84 55.65
57.46 59.8 71.13 70.59 79.92
81.26 83.9 86.07 87.34 88.01
90.07 89.55 89.58 90.28 90.1
89.86 89.81 90.53 87.61 86.74
88.45 86.77 85.63 81.05 82.73
80.14 78.44 75.83 70.44 76.08
79.95 85.88 86.81 87.85 88.63
87.84 90.16 92 90.74 90.64
92.35 93.31 92.47 91.47 91.84
91.38 90.21 89.19 87.78 89.14
89.51 87.56 87.41 89.28 84.59
85.64 85.85 85.15 82.71 82.25
82.53 82.03 78.84 77.35 79.61
82.75 81.45 75.35 84.24 84.67
84.69 83.89 88.32 89.22 87.48
87.39 89.84 88.95 86.79 87.99
87.74 85.73 83.4 86.01 85.38
83.74 82.35 86.38 86.54 84.78
85.79 86.24 83.61 81.68 85.38
81.85 84.46 82.09 84.03 86.75
87.33 87.17 88.88 89.8 89.34
88.62 91.39 91.26 90.66 90.67
91.66 88.99 87.82 89.29 87.53
84.03 85.16 83.79 79.87 71.88
70.74 73.89 70.05 73.09 72.48
74.97 64.43 56.67 53.56 47.3
46.21 43.8 43.61 35.85
