69.39 90.3 91.55 92.99 93.09
96.7 97.41 98.01 97 98.05
98.38 98.06 97.95 98.09 98.6
98.4 98.43 98.56 98.48 98.35
98.12 98.42 98.29 97.78 97.07
95.67 96.5 96.14 97.47 97.78
98.12 98.28 98.01 97.39 97.69
96.66 97.73 97.42 96.74 97.55
97.48 96.73 97.04 98.23 98.33
97.92 97.99 97.97 97.69 97.57
96.32 94.72 95.82 93.43 92.24
94.55 93.64 96.14 97.63 98.15
98.24 98.43 98 98.66 98.71
98.71 98.64 98.61 98.37 98.25
98.49 98.18 98.17 98.71 98.61
98.53 98.45 98.46 98.31 97.34
97.81 96.46 94.9 94.23 96.22
96.32 93.05 93.89 96.71 96.84
97.64 98.09 98 98.41 98.1
98.33 98.72 98.08 98.2 98.34
98.59 98.65 98.56 98.36 98.15
97.89 97.25 96.8 96.12 93.99
88.89 84.01 82.1 77.85 78.19
80.12 82.22 89.05 92.38 94.07
94.87 95.04 95.5 97.37 97.77
97.75 97.58 98.38 98.1 98.68
98.6 98.7 98.63 98.65 98.42
96.39 96.9 98.11 98.24 98.16
97.51 98.5 98.41 98.57 98.62
98.44 97.95 98.26 97.05 95.21
