39.51 48.35 47.17 48.26 60.55
56.34 58 64.32 64.99 66.31
66.14 68.63 67.91 65.56 66.73
66.37 66.3 64.79 64.78 62.51
58.26 53.18 49.91 45.14 50.03
45.39 45.84 48.74 50.83 44.75
45.6 54.21 54.98 57.86 61.75
61.18 71.72 78.06 84.33 85.29
90.15 90.6 89.41 90.26 93.31
91.57 92.09 93.91 95.04 93.52
92.94 95.16 95.07 90.49 92.91
94.84 91.65 91.12 92.66 92.04
91.3 88.56 87.89 88.66 85.58
81.9 78.48 68.59 61.22 59.89
53.79 56.37 52.57 50.82 51.57
50.16 50.7 51.23 51.22 50.42
49.48 48.29 50.54 55.1 53.11
52.76 50.27 54.08 52.37 63.68
51.12 54.43 54.52 55.53 52.08
53.14 53.8 51.84 55.8 56.1
60.09 54.35 58.33 55.11 58.92
57.23 58.98 58.26 59.15 61.57
55.09 62.89 59.99
