74.63 81.46 79.17 75.53 77.85
80.93 78.34 77.41 81.64 80.57
81.4 84.78 83.76 80.7 81.55
84.17 82.69 84.2 86.78 88.15
89.19 90.26 90.03 91.79 90.86
89.76 90.12 90.53 88.37 87.19
84.47 83.37 81.66 81.61 80.81
75.93 78.81 80.76 77.08 80.39
85.74 85.29 87.35 85.56 82.92
88.84 91.03 87.54 88.83 92.96
93.29 91.29 91.97 92.65 91.68
91.62 91.89 89.28 88.28 89.75
86.4 82.69 85.16 84.38 81.53
79.86 77.22 74.89 73.6 73.26
72.34 64.81 65.78 56.71 42.61
48.36 47.12 36.73 45.09 41.67
34.85 38.97 34.68 35.5 32.17
