38.78 49.26 58.51 64.16 68.14
79.49 86.9 93.82 94.84 97.57
98.05 97.09 97.29 98.28 97.85
97.48 97.76 97.8 96.73 96.48
97.14 95.41 94.76 94.96 94.45
95.86 95.88 96.86 98.06 98.52
98.67 98.66 98.77 98.69 98.03
96.81 95.68 91.17 92.72 94.52
93.09 96.62 98.36 98.43 98.45
98.46 98.25 98.42 98.5 97.64
97.74 98.39 98.02 98.01 97.79
98.39 98.52 97.89 97.71 98.16
98.06 96.3 94.99 93.37 95.61
97.39 98.33 98.63 98.7 98.58
98.56 98.06 97.75 97.43 96.48
95.08 93.64 91.9 92.68 94.06
94.71 96.07 95.49 96.22 96.05
97.08 97.98 98.53 98.5 98.28
97.93 96.2 95.29 91.69 88.83
88.98 91.04 90.41 89.97 91.17
91.02 92.22 93.95 95.95 93.71
93.52 96.07 96.87 95.37 95.15
97.57 97.58 96.1 94.79 94.64
95.65 95.38 94.43 97.04 97.83
97.98 97.39 97.55 95.96 96.25
96.47 96.74 97.17 98.03 97.44
97.2 97.15 97.72 97.39 96.19
96.18 96.88 95.97 92.78 90.54
85.66 66.67
