43.56 43.78 55.16 60.15 59.95
59.89 68.07 69.4 74.02 76.7
79.45 83.16 82.08 83.39 84.6
83.89 81.67 81.02 80.22 76.37
68.83 69.59 64.2 58.99 61.74
63.39 62.37 65.71 69.24 73.26
76.97 80.18 85.74 87.32 86.56
86.79 87.69 87.34 87.73 87.32
88.4 88.33 91.3 93.14 92.15
89.01 89.16 89.04 90.8 91.22
93.66 95.4 95.42 96.33 97.43
97.54 98.48 98.54 98.75 98.42
98.03 98.32 98.42 98.41 98.63
98.8 98.38 98.69 97.89 96.5
97.52 98.27 98.67 98.6 98.69
98.46 98.17 97.32 95.84 94.87
96.38 97.17 98.21 97.97 98.13
98.59 98.09 98.07 96.76 96.65
95.78 93.77 86.51 85.4 93.15
96.36 97.72 98.28 98.7 98.59
98.53 97.94 98.07 98.05 98.32
98.74 98.75 98.77 98.48 97.85
95.98 95.46 95.86 96.82 97.76
98.31 98.16 98.54 98.5 97.99
97.39 96.38 94.3 95.87 95.8
97.12 98.25 98.09 98.39 97.49
97.73 97.89 98.09 98.09 97.29
96.46 97.66 98.46 98.52 98.59
98.6 98.2 97.82 95.24 95.19
95.53 92.99 96.42 98.07 98.63
98.72 98.6 98.72 98.22 98.21
98.38 98.35 98.19 98 97.44
96.99 96.63 94.66 95.49 97.15
97.13 97.67 96.46 97.99 98.21
98.33 98.54 98.78 98.83 98.17
97.42 95.74 92.79 87.16 80.89
63.9 56.85 54.81 49.73 43.29
55.38 53.01 48.48 52.54 53.09
51.25 50.46 51.74 46.93 57.28
62.38 67.1 68.78 55.93 58.99
64.21 58.28 59.34 58.28 58.53
62.78 61.72 60.82 60.7 62.32
66.63 58.25 70.78 60.22 63.99
70.42
