37.41 37.23 37.87 40.42 38.77
39.18 43.26 38.65 48 34.18
34.99 32.75 34.55 34.36 37.4
41.92 34.6 39.65 41.51 39.7
41.43 44.02 42.83 45.76 42.57
42.42 41.29 38.13 40.86 40.72
37.5 38.88 31.77 39.45 29.64
33.01 32.56 36.94 30.65 35.48
31.45 30.72 32.2 31.14 31.04
29.33 28.3 28.87 29.92 33.69
37.72 33.84 44.61 35.78 35.6
40.26 39.1 42.85 36.64 36.22
36.38 36.35 35.32 34.6 36.04
39.73 37.37 36.34 35.76 34.97
34.15 30.54 30.16 28.8 28.45
27.89 30.61 26.98 29.57 27.86
29.42 27.08 29.22 29.95 28.5
33.9 33.2 32.41 30.95 34.2
31.03 34.42 28.75 31.97 27.53
33.15 32.24 31.44 32 28.38
35.84 26.24 26.76 35.19 31.44
35.84 38.65 35.43 35.86 29.31
29.4 29.65 27.62 41.79 32.82
26.29 27.91 26.14 25.83 27.39
23.21 25.02 25.21 27.94 25.08
26.4 26.08 26.49 35.16 33.5
33.43 35.19 30.06 32.67 35.75
35.66 35.01 37.07 36.2 33.53
33.81 33.37 33.69 33.11 33.25
32.03 30.12 28.72 28.8 28.58
32.11 29.08 26.37 26.46 27.6
30.7 26.98 26.71 24.82 25.37
24.98 25.19 26.38 27.69 29.42
29.87 29.63 28.47 29.94 35.5
28.06 27.43 28.52 34.52 34.9
30.61 30.18 29.89 28.76 27.5
26.33 26.36 27.1 27.72 26.57
29.87 28.24 31.7 30.74 29.46
32.89 28.61 29.46 31.72 33
32.47 32.67 27.66 27.33 28.64
26.64 29.12 29.7 27.9 31.41
37.09 34.29 29.7 29.99 29.04
39.31 26.1 26.88 25.46 26
26.12 29 26.01 28.84 28.83
30.54 35.97 39.53 42.93 54.28
66.35 64.66 67.21 69.16 75.49
72.61 79.23 79.17 80.43 78.98
76.54 83.18 81.73 80.09 81.53
78.39 78.52 75.33 76.85 73.49
72.32 70.21 66.15 52.73 55.54
50.19 41.03 33.61 35.89 38.5
29.37 29.61 32.47 29.12 31.24
37.74 31.72 28.31 30.44 32.23
32.58 30.93 27.99 30.19 24.24
27.74 26.09 28.26 28.18 27.83
28.02 34.37 28.17 32.57 28.93
30.57 27.87 27.28 31.29 27.63
36.12 34.41 26.49 28.43 31.85
29.75 35.94 29.84 41.3 27.93
29.64 32.5 31.67 27.31 30.23
27.19 31.38 31.86 28.47 28.35
29.01 26.91 25.88 26.75 38.5
27.65 33.81 35.84 30.92 31.6
31.73 34 33.51 28.73 29.03
34.23 31.6 31.75 35.33 32.29
34.74 30.88 30.06 32.11 35.05
29.76 31 31.02 31.03 33.17
29.24 32.22 33.14 30.15 31.11
29.13 30.19 29.08 25.58 27.26
26.9 26.19 28.06 30.56 40.33
28.41 28.91 31.66 32.54 33.65
38.38 36.83 39.78 35.21 38.16
38.06 34.64 36.26 35.7 43.19
37.81 51.73 45.73 41.11 59.79
55.48 60.92 66.13 70.81 69.48
73.86 73.33 72.62 74.15 78.01
78.57 73.72 79.82 80.38 81.82
76.99 78.74 78.97 77.52 77.23
76.24 78.07 69.12 67.99 73.85
68.5 58.09 54.93 55.34 52.32
48.36 41.87 33.98 34.86 31.48
32.43 32.38 36.91 34.72 31.19
34.35 35.78 34.95 33.38 33.36
33.57 33.25 36.32 34.63 30.87
32.8 34.38 30.83 30.08 37.29
40.46 42.11 49.45 52.47 49.56
54.46 56.21 66.87 64.35 61.02
70.61 71.59 68.41 67.81 74.21
74.66 74.23 74.22 76.19 75.78
74.35 75.6 74.41 73.95 71.39
74.14 76.1 74.75 74.86 77.94
76.57 75.29 79.68 79.06 79.85
78.42 81.58 82.35 79.21 81.68
86.7 84.12 80.69 84.3 85.47
83.23 84.57 86.51 83.96 83.79
81.4 83.43 79.89 81.76 84.09
79.54 79.11 82.56 82.35 81.6
81.57 81.46 83.87 80.8 80.9
80.77 76.28 63.53 47.57 34.5
35.08 32.92 32.75 30.28 29.92
29.63 32.81 29.01 33.25 29.9
28.79 29.21 31.87 29.04 27.73
27.99 30.61 31.75 28.28 30.26
29.59 27.8 30.34 32.08 30.24
28.87 42.81 30.69 34.38 36.04
35.27 34.11 38.22 35.24 40.9
33.41 29.2 28.57 31.5 30.18
31.2 28.98 31.22 34.85 32.97
30.04 38.29 33.08 34.81 29.85
34.53 30.82 28.87 32.09 32.8
24.97 29.73 27.28 25.66 27.76
25.71 30.9 28.67 31.18 31.04
25.9 32.46 32.99 33.55 27.53
31.07 26.42 34.34 36.46 35.57
43.43 43.19 31.81 34.42 31.79
34.81 32.88 35.78 37.65 32.98
31.54 30.49 33.51 32.4 31.17
31.14 32.49 33.48 30.15 28.9
32.34 31.95 32.06 35.08 35.47
52.27 39.2 37.83 48.85 40.54
37.73 40.15 37.71 39.86 39.83
40.12 38.78 44.61 38.67 39.4
31.6 39.67 42.32 28.41 40.22
42.95 35.4 38.36 50.13 64.65
72.55 71.17 75.02 77.64 75.84
75.55 82.01 80.17 76.86 79.25
78.76 69.74 74.84 76.14 68.03
57.42 61.03 60 51.68 47.05
36.2 31.92 37.04 35.94 32.01
35.2 33.63 33.13 34.7 34.44
33.18 28.8 40.61 34.58 25.3
40.99 35.14 27.32 25.96 28.41
29.49 28.19 31.26 34.01 32.68
40.36 36.1 34.4 35.13 31.53
29.28 27.64 28.31 27.34 27.62
27.25 27.87 27.72 28.63 26.55
35.94 27.51 30.73 29.36 27.5
35.16 29.98 31.12 32.77 30.8
32.79 29.61 27.48 32.93 30.93
32.18 31.95 31.7 34.53 37.74
33.27 40.04 34.18 35.2 36.43
36.92 34.75 32.65 35.68 40.33
38.69 33.65 37.63 35.75 39.34
40.6 37.86 36.83 35.85 34.78
37.91 31.12 31.63 28.61 31.34
28.91 33.33 31 34.91 35.09
34.56 35.59 37.96 40.85 49.58
55.86 52.08 65.27 61.59 58.41
52.3 57.52 52.89 49.19 44.22
39.37 42.04 33.02 34.56 32.39
34.61 30.84 29.04 32.77 36.18
29.95 31.06 30.12 30.22 29.72
31.92 32.68 35.92 36.13 33.75
35.85 38.23 37.17 38.65 49.04
51.38 49.08 55.17 61.22 68.12
72.35 71.56 73.51 76.92 76.21
75.89 78.96 78.25 76 74.94
76.27 76.35 69.55 71.5 72.42
62.49 56.5 52.23 58.35 45.51
46.6 42.85 36.06 36.48 31.82
31.05 29.2 29.44 32.27 25.2
36.67 32.44 35.71 37.77 39.38
41.43 38.81 45.42 45.03 55.67
59.56 61.49 59.13 65.82 72.6
70.06 74.61 78.48 81.63 80.03
84.26 82.89 84.17 85.16 86.91
85.4 85.77 88.44 87.05 87.46
87.88 88.52 86.6 87.71 88.73
86.99 87.49 88.88 87.9 87.73
89.15 89.24 87.9 86.21 89.84
86.78 86.48 86.15 87.35 86.99
85.9 85.96 86.33 86.08 82.85
85.8 84.52 82.77 79.68 80.81
81.28 77.75 73.04 74.76 75.08
72.93 59.09 56.02 62.67 61.49
68.34 69.35 71.31 76.75 78.01
78.03 85.26 83.84 84.33 85.92
87.55 83.8 85.21 87.94 85.68
87.07 88.01 88.16 87.36 83.79
88.66 88.83 87.88 88.65 87.76
86.71 85.5 88.4 87.13 87.25
87.19 87.81 85.8 85.67 86.78
85.41 85.56 86.26 85.64 83.82
81.19 86.19 83.96 81.58 80.3
81.84 76.71 73.55 69.5 69.42
64.76 55.05 53.75 43.64 33.37
34.96 32.86 31.56 30.94 33.9
34.85 36.18 36.95 40.05 40.72
34.94 40.02 39.37 33.86 36.04
38.76 29.28 25.73 23.45 42.24
31.16 30.73 32.8 45.77 45.97
46.49 50.32 60.76 70.85 73.37
74.34 74.34 79.2 79.05 76.33
84.32 84.6 84.64 85.51 84.68
84.43 85.32 83.66 86.98 84.87
84.61 85.06 83.59 85.12 84.27
84.26 82.86 81.52 81.21 81.89
78.64 79.27 73.29 76.9 70.18
67.21 62.08 52.43 50.38 45.98
36.58 37.26 38.5 39.58 33.35
32.68 31.78 34.51 34.19 36.35
31.36 31.68 31.9 28.94 37.64
28.88 37.16 37.26 35.67 39.64
39.24 36.79 39.69 31.76 34.05
30.5 32.35 29.96 34.23 28.51
28.01 29.82 27.06 26.34 29.63
27.83 27.06 26.3 27.99 26.37
29.33 27.29 24.19 26.74 28.75
30.17 31.49 30.05 33.69 30.56
27.78 26.92 28.31 29.54 25.64
26.29 28.99 28.25 29.78 32
33.11 29.7 32.36 32.07 30.76
38.42 27.67 36.82 28.55 27.93
33.56 28.67 27.2 29.55 27.19
26.52 27.62 25.88 27.16 29.11
26.49 27.95 28.76 28.57 32.72
36.37 40.45 48.39 53.73 54.4
54.55 64.17 66.68 58.64 67.12
65.92 67.91 70.28 67.13 72.44
64.69 66.2 64.94 67.01 68.38
73.47 73.12 70.62 69.7 73.59
69.08 69.74 65.85 61.06 55.67
52.2 52.24 40.96 48.13 51.2
50.8 57.46 59.45 61.13 69.7
71.49 70.13 62.85 60.29 53.02
54.03 46.84 42.06 46.75 42.63
39.37 38.25 36.15 33.29 33.05
34.17 30.15 36.16 32.84 35.19
38.7 47.98 44.81 62.77 65.19
55.38 67.51 70.93 72.79 72.42
74.85 73.08 74.49 77.2 79.43
80.37 81.57 82.42 80.68 79.58
79.55 81.82 80.07 80.06 77.12
74.94 78.85 80.42 81.01 80.39
78.55 77.88 78.71 74.2 74.74
79.63 82.58 81.56 80.93 76.77
75.54 78.26 77.65 81.47 82.87
85.21 80.53 82.23 84.75 76.94
75.82 80.53 79.24 84.05 79.2
80.09 74.19 80.65 81.39 78.67
80.93 83.24 82.62 79.46 77.17
77.41 78.23 80.8 80.16 81.57
82.66 82.86 83.72 85.03 87.16
85.31 86.05 85.21 85.47 82.82
79.59 80.62 80.76 79.69 80.08
78.11 77.32 78.46 74.6 66.9
72.99 77.84 79.95 78.2 79.91
81.54 80.52 82.04 83.56 84.23
82.29 83.39 85.04 86.1 84.32
83.02 83.16 80.86 82.97 73.08
72.29 70.8 66.25 69.19 76.3
75.95 81.2 82.6 83.19 84.15
84.79 85.99 85.38 86.03 86.83
85.54 83.82 84.33 83.47 83.75
82.04 81.06 76.46 73.91 72.16
67.98 60.85 56.78 61.82 69.26
68.67 72.44 67.6 70.61 67.29
71.22 73.48 80.2 75.88 72.38
66.61 64.31 54.32 53.99 41.4
40.22 41.2 38.35 33.07 36.61
34.65 31.26 36.36 33.6 37.46
34.2 33.51 32.04 31.17 30.79
32.88 34.56 35.13 33.64 34.67
31.62 32.78 35.34 34.45 34.12
36.81 31.68 36.19 28.17 32.3
35.96 28.73 40.92 39.42 36.32
45.37 42.43 43.93 46.06 50.33
52.63 54.92 56.71 51.09 50.88
45.92 53.65 48.55 54.61 61.84
70.2 79.79 80.44 79.14 80.05
86.1 81.92 82.88 84.12 83.52
81.18 81.19 82.94 80.57 84.25
83.26 83.25 83.37 87.72 86.05
83.27 84.61 85.6 83.89 81.91
82.14 81.2 74.86 69.2 58.45
55.05 59.56 67.75 63.93 71.44
74.98 77.35 82.24 83.32 82.86
88.02 87.62 86.89 88.46 88.16
87.99 86.77 87.58 86.41 85.85
81.64 82.75 84.21 82.9 85.31
82.42 83.73 85.53 88.55 85.26
83.1 87.08 85.12 83.97 83.48
84.39 82.77 77.93 76.01 73.84
78.39 77.78 80.46 84.54 83.44
85.02 85.63 84.64 84.64 86.33
86.03 87.24 86.02 85.64 83.82
79.8 80.42 82.11 82.48 82.68
83.62 86.56 84.32 82.04 84.03
84.08 81.43 79.95 79.23 74.72
80.65 84.48 81.87 82.87 86
87.47 88.36 87.61 86.26 87.6
88.38 88.69 87.07 86.77 86.64
85.94 84.56 83.92 83.53 81.55
77.38 74.4 72.69 69.75 79.13
79.45 82.31 83.43 84.97 85.43
85.33 87.13 86.9 87.96 87.85
88.82 87.67 86.71 88.8 87.17
85.79 84.71 85.48 84.58 82.54
83.94 79.08 84.07 84.02 84.41
85.56 86.84 86.78 87.32 87.08
87.8 87.32 85.9 84.16 83.87
77.72 70.43 56.19 53.91 51.84
62.67 74.47 79.48 78.9 80.37
80.03 83.59 83.21 81.28 80.09
84.76 86.14 85.24 85.81 86.92
89.62 87.61 86.51 87.79 86.47
84.48 85.11 84.25 80.86 77.44
80.04 80.58 80.04 78.84 72.57
72.9 76.85 77.93 71.3 67.67
66.42 73.68 68.41 72.75 71.92
73.57 79.37 81.02 70.48 74.33
75.13 71.24 71.34 78.18 75.33
75.9 69.13 73.36 65.17 65.81
69.01 65.3 66.77 74.72 73.84
77.19 80.11 78.23 81.67 84.39
85.03 85.29 87 87.89 87.13
86.25 86.51 86.65 85.11 84
82.28 80.27 75.2 69.05 65.08
67.06 68.76 75.5 75.32 69.44
71.29 78.07 77.87 74.51 74.76
82.42 82.19 82.89 84.39 85.6
85.29 85.11 86.49 84.91 84.22
83.4 85.1 83.42 81.36 83.14
81.14 84.2 83.48 85.12 86.14
86.93 85.42 86.44 84.58 83.74
85.14 83.59 81.58 82.48 79.55
72.13 70.36 69.65 70.15 77.55
77.25 77.92 81.98 84.35 82.42
81.82 85.81 84.56 84.34 84.92
87.23 84.3 81.96 85.66 82.27
85.57 82.35 83.87 84.6 84.26
82.99 86.54 86.09 86.07 83.79
84.77 82.62 83.18 82.99 79.85
75.34 76.82 73.3 79.57 80.84
80.8 81.83 83.26 83.06 80.95
82.86 81.06 80.78 80.82 81.06
77.39 75.47 75.03 69.43 66.89
63.77 64.91 71.88 75.47 74.21
78.63 80.99 78.64 78.52 81.44
82.41 77.79 79.57 77.7 72.68
72.96 67.58 63.59 61.87 68.06
66.19 66.05 68.53 72.17 72.6
68.99 70.08 68.98 74.12 72.43
67.97 72.19 71.07 69.7 66.39
59.83 60.28 57.15 58.64 57.71
60.9 61.2 59.08 57.52 60.63
60.49 63.69 55.23 55.85 59.24
61.43 61.88 62.09 64.58 68.73
69.62 71.35 74.26 77.9 75.42
76.57 80.32 80.64 78.14 77.47
78.52 78.01 73.26 70.52 72.38
69.11 65.94 64.39 66.45 70.85
73.8 75.24 74.42 79.71 81.75
80.78 81.24 83.43 83.84 82.26
83.06 81.76 77.39 79.48 68.51
78.47 75.29 79.45 77.74 80.57
83.19 84.6 83.49 83.66 87.54
85.15 83.3 84.93 85.57 84.87
82.99 83.94 84.03 80.02 80.35
78.9 76.27 70.29 75.48 64.96
77.16 77.63 76.69 80.5 81.2
82.93 84.16 84.46 86.23 86.12
86.05 87.81 86.6 87.05 86.41
86.87 86.01 84.46 82.26 81.78
80.51 80.88 80.48 79.67 79.25
78.27 74.8 69.94 67.74 63.08
65.56 72.44 76.4 77.96 79.58
78.74 80.03 78.98 83.67 85
85.23 83.83 86.11 85.98 83.81
84.48 85.52 83.71 82.92 82.11
81.99 79.67 79.64 75.84 77.69
82.97 79.77 81.6 83.35 84.15
82.74 84.45 84.44 83.1 79.78
81.63 80.57 76.54 76.96 80.9
78.45 80 82.91 83.38 82.12
80.25 83.36 82.14 82.94 79.59
79.68 78.78 79.17 77.52 73.91
77.13 78.1 76.67 80.19 82.97
82.82 82.78 82.83 83.14 82.59
83.6 81.4 82.3 80.3 78.26
79.22 77.07 75.68 79.81 82.78
82.73 84.35 86.34 85.49 84.95
85.35 85.24 84.13 83.03 81.81
82.29 79.64 77.71 72.33 70.48
73.38 75.04 78 81.65 81.73
83.94 84.39 85.21 83.68 85.93
84.62 83.33 82.72 78.67 80.3
79.1 77.39 81.78 82.04 81.9
82.3 83.37 82.99 81.92 82.71
80.49 79.17 80.29 80.67 75.38
72.87 67.82 60.09 59.95 61.62
65.8 67.48 73.03 71.71 74.04
79.2 77.99 77.78 78.46 79.64
78.67 78.65 77.61 76.41 74.72
77.48 75.46 72.42 68.22 64.34
60.11 59.41 60.04 50.83 43.05
39.4 30.82 33.4 32.98 33.39
31.56 32.05 30.52 32.18
