40.11 34.27 38.7 35.83 35.3
32.91 34.76 33.62 36.64 29.98
31.11 33.57 36.95 30.83 30.59
38.78 41.19 53.57 62.97 72.78
82.16 84.4 86.13 90.96 88.99
89.9 91.59 91.15 91.43 93.21
92.62 91.22 92.89 92.48 92.49
90.35 90.8 90.7 89.18 87.31
90.02 90.19 87.18 88.28 87.36
87.47 89.65 88.36 89.59 90.35
90.85 91.42 93.09 92.81 91.79
92.08 94.58 93.08 91.12 92.91
92.83 92.11 91.35 92.42 90.86
88.51 90.91 90.71 89.99 91.85
93.64 92.48 93.78 92.75 92.36
93.49 93.84 92.89 93.37 93.2
92.08 90.39 92.13 92.93 91.94
91.71 92.54 89.66 92.6 93.06
92.9 91.04 93.67 90.53 89.54
93.25 93.23 89.94 86.45 89.07
88.8 90.3 87.61 90.42 89.22
88.92 85.91 89.03 89.04 89.05
90.24 90.55 89.09 89.96 91.9
89.23 90.07 90.35 91.6 92
90.53 92.07 92.31 91.5 91.69
91.12 92.59 90.31 93.9 91.62
92.16 92.73 94.81 94.56 92.11
95.65 95.97 93.33 93.52 95.56
92.72 92.12 95.06 94.56 93.5
94.07 93.97 93.42 94.12 93.81
93.53 92.79 93.86 95.14 93.15
93.78 93.57 93.9 93.95 94.31
92.72 93.88 91.07 92.76 92.46
92.42 91.67 89.16 91.4 89.16
88.35 87.95 84.61 89.12 86.69
84.08 85.27 83.34 78.82 77.25
71.88 64.63 58.99 46.51 38.29
33.13 36.3 30.73 27.81 30.58
30.2 28.8 29.63 29.82 30.01
36.08 31.79 31.87 28.05 33.51
33.23 34.72 35.05 32.12 29.88
31.18 30.5 31.33 34.11 27.21
24.82 30.27 26.92 27.42 26.69
28.12 24.39 28.52 21.3 28.13
24.22 27.63 23 31.07 25.5
26.58 32.44 28.95 28.54 24.22
26.38 29.21 24.57 21.94 32.32
20.98 27.35 31.67 26.04 47.59
27.78 23.15 28.15 21.04 24.17
22.43 22.55 20.7 25.83 21.95
23.77 36.38 23.24 27.43 24.6
21.78 23.46 25.91 23.8 25.68
25.06 27.62 25.08 28.97 24.5
24.78 26.47 25.27 26.29 24.91
22.77 25.42 23.23 24.52 29.89
24.84 27.84 22.11 24.27 24.51
25.11 28.61 24.37 25.73 26.32
24.32 27.15 28.04 28.96 22.84
30.28 25.82 32.48 26.27 23.69
23.48 25.46 22.81 24.8 24.6
27 35.32 26.14 25.03 22.71
23.35 24.96 47.12 22.89 23.66
25.32 25.36 30.81 25.62 32.14
26.28 29.16 21.6 25.72 21.97
26.89 23.89 22.81 22.89 27.94
23.17 24.94 23.86 23.85 26.19
24.09 29.69 28.48 29.07 37.18
42.1 43.14 42.63 57.19 63.46
66.48 67.79 71.76 72.86 75.29
73.48 71.36 71.18 56.18 66.59
53.21 58.03 60.21 47.26 45.53
39.33 32.72 34.9 30.93 35.53
26.85 26.88 28.46 28.92 29.08
31.13 34.08 32.7 36.93 37.54
35.08 38.12 49.69 44.28 44.35
38.66 41.61 43.79 51.11 54.63
62.23 56.16 54.85 61.24 54.35
56.79 64.09 57.6 49.64 44.78
54.12 46.95 46.7 47.82 50.51
46.74 52.78 46.38 45.23 45.82
52.38 46.4 48.92 57.26 63.18
70.82 76.9 82.3 83.61 86.06
83.28 88.06 93.22 91.86 91.43
93.08 93.97 93.85 94.22 96.28
95.48 93.65 94.12 95.44 94.17
94.68 96.12 95.57 96.8 96.74
96.88 95.38 96.36 93.99 95.34
95.98 95.2 96.55 95.11 94.77
93.67 94.63 93.98 94.08 94.72
94.44 93.72 89.72 91.47 91.58
93.09 89.75 93.56 92.8 93.44
92.4 92.95 93.02 93.04 94.42
94.9 90.13 90.79 93.6 91.98
87.71 93.91 92.17 87.2 88.99
93.47 89.61 86.55 90.97 93.2
85.48 86.9 88.71 87.52 80.56
82.04 84.82 79.42 76.36 72.03
78.29 67.48 63.08 56.38 55.12
48.08 35.21 41.25 39.91 45.82
37.92 48.22 44.59 37.8 45.72
54.65 43.38 60.21 77.21 72.1
77.06 83.69 85.85 84.76 88.54
87.52 92.98 88.17 94.76 91.81
89.8 91.11 93.35 91.31 89.97
91.63 93.63 85.49 86.71 91.49
84.91 85.49 84.04 85.83 86.66
77.05 80.96 74.04 78.16 73.39
81.46 68.3 64.09 58.43 52.34
36.78 45.53 32.59 33.28 28.14
32.39 30.82 34.35 35.05 43.26
42.86 43.56 43.35 50.2 51.41
34.91 43.02 44.82 35.81 34.05
26.38 25.15 29.37 25.41 29.11
29.56 28.93 31.57 26.36 39.94
26.34 43.14 40.84 32.44 26.02
34.9 23.39 27.48 28.68 27.67
36.65 32.9 29.61 29.33 30.82
28.43 29.09 28.11 25.5 26.48
27.7 24.69 31.59 35.58 32.97
31.34 32.62 33.16 32.7 33.36
27.94 31.26 30.74 37.98 32.98
34.81 31.54 38.15 38.64 36.42
33.87 36.37 40.58 49.18 47.11
53.89 52.3 53.73 58.95 63.21
59.66 61.52 67.56 67.45 70.45
70.78 71.41 71.59 75.12 75.84
72.4 78.95 77.41 74.5 74.75
76.23 69.56 66.21 58.05 49.15
54.07 65.14 69.8 79.75 80.48
82.58 86.46 91.73 89.92 84.75
78.11 69.83 64.29 62.3 55.27
49.49 46.25 41.17 39.75 46.39
40.91 42.54 43.87 46.52 52.08
54.44 60.31 74.34 84.36 91.85
91.75 91.96 91.75 90.97 89.35
85.05 83.25 79.91 71.34 69.44
67.82 72.76 71.09 77.78 83.34
89.24 92.9 92.49 95.94 97.76
97.32 96.74 95.92 92.66 90.9
90.2 87.43 86.13 84.91 82.7
78.53 79.97 77.45 81.78 78.52
73.47 65.54 67.07 56.24 67.66
71.08 74.57 73.29 56.55 38.1
41.74 36.9 30.24 35.78 31.83
33.99 27.29 28.21 29.79 29.94
31.12 34.98 36.55 41.22 39.48
43.27 56.03 63.81 61.29 75.36
70.75 67.35 73.68 70.52 71.59
67.41 70.91 66.7 58.6 54.5
62.53 58.01 56.05 54.74 49.7
49.97 56.93 69.47 84.84 91.94
93.27 95.62 97.32 97.77 97.1
96.73 94.15 90.89 86.86 78.58
81.09 89.07 94.69 93.36 95.79
94.98 95.67 95.21 94.63 94.26
93.33 90.37 87.86 87.08 89.54
90.92 92.95 93.35 92.73 94.25
93.81 93.02 91.4 91.54 91.41
93.04 96.33 96.14 97.51 98.18
97.97 97.09 96 93.92 92.16
91.19 87.34 83.92 81.72 84.91
80.88 68.74 59.37 45.9 37.05
28.15 31.24 31.76 25.12 25.57
26.98 24.82 30.77 26.17 22.37
26.23 26.06 28.15 21.14 23.5
26.1 23.79 25.54 28.02 22.77
27.91 24.14 28.47 25.8 27.16
29.94 31.62 33.28 32.3 34.69
50.76 51.89 68.22 67.97 71.24
39.22 31.01 25.76 24.68 23.97
24.92 20.69 24.48 24.12 20.32
24.54 22.67 19.52 25.78 21.32
28.25 21.66 22.89 22.95 19.7
27.44 20.19 22.17 25.41 21.47
29.52 36.32 20.27 30.44 22.45
24.36 24.62 23.13 30.33 28.3
28.45 31.76 30.23 31.26 31.79
33.15 32.99 32.48 44.38 33.33
37.14 39.16 32.49 35.78 40.3
28.43 24.5 28.06 25.15 21.8
28.3 26.1 23.71 30.28 26.45
25.86 25.87 28.58 28.32 27.19
24.16 27.2 25.96 28.29 31.79
30.58 39.13 40.82 33.42 34.01
29.21 39.09 42.36 31.81 29.33
24.14 28.88 29.23 25.88 28.48
28.61 27.07 31.39 25.3 25.13
26.41 22.22 29.98 23.11 31.76
26.99 27.11 31.44 29.83 31.23
30.11 29.81 31.68 32.57 38.76
36.38 41.75 44.7 44.04 46.53
54.03 56.26 57.93 56.08 59.5
58.76 61.83 70.09 73.2 77.87
85.76 88.23 90.38 92 94.58
96.12 97.49 98.32 98.34 97.94
96.75 95.57 94.55 96.02 97.48
98.02 97.52 97.2 96.46 94.62
93.78 89.7 86.82 86.76 92.82
93.23 92.07 93.44 92.21 92.41
94.38 94.94 95.5 95.47 92.36
96.62 98.05 98.42 98.03 98.4
98.53 97.71 95.37 93.24 88.64
90.64 94.99 97.46 98.26 98.41
98.2 98.15 97.06 95.74 95.92
96.56 97.5 97.36 96.77 96.32
92.86 89.97 85.51 84.05 83.22
85.14 89.46 93.01 89.16 89.24
85.67 88.53 93.37 93.69 94.86
95.51 94.55 92.41 85.02 85.28
86.5 89.89 93.6 95.93 97.55
96.7 97.57 98.25 97.66 96.28
95.55 91.18 90.8 95.48 98.06
98.35 98.23 97.36 95.61 93.57
95.22 96.28 97.87 97.67 97.89
97.64 95.71 92.96 90 91.31
90.81 92.04 94.72 94.3 94.74
95.25 96.65 95.28 94.97 93.53
89.36 91.32 88.63 88.87 94.41
95.39 97.85 96.81 97.68 98.31
97.36 95.83 92.43 90.39 92.94
94.23 97.75 98.3 98.41 97.96
96.69 94.14 90.97 93.59 93.99
95.28 97.47 97.28 97.64 97.61
94.99 93.84 92.22 93.16 95.34
94.65 94.12 95.26 96.23 96.63
96.14 94.68 94.59 91.64 90.37
90.79 89.71 87.2 85.09 81.14
81.02 69.1 63.87 56.02 52.45
48.34 53.64 62.22 59.55 77.96
89.87 92.07 96.69 96.24 97.77
98.05 97.31 95.36 93.06 90.59
90.48 93.52 97 98.13 98.37
97.62 95.41 92.34 89.61 92.37
94.24 97.19 96.62 95.92 95.03
92.79 91.84 85.34 72.01 57.93
43.69 33.85 33.82 32.61 30.48
32.38 34.13 31.58 32.36 31.27
32.93 30.69 32.31 33.93 38.93
46.74 41.95 48.59 40.32 44.27
50.51 51.44 47.44 46.19 47.14
47.72 51.35 48.75 50.91 71.1
86.85 91.83 93.16 94.06 93.43
92.02 91.54 87.93 89.81 92.45
93.37 93.49 94.45 91.29 92.58
93.15 93.28 88.4 90.15 93.54
97.05 96.37 97.58 98.23 97.14
95.77 95.2 92.23 87.6 84.41
80.48 67.47 48.9 38.85 32.35
33.36 28.37 28.52 32.78 28.88
32.91 29.18 32.33 29.17 31.41
29.12 31.13 28.49 28.98 34.8
30.45 31.64 29.26 25.94 34.96
31.6 35.6 39.68 46.7 52.81
62.42 80.51 88.24 92.73 95.25
96.48 97.11 97.55 95.54 93.42
90.26 88.32 90.89 86.45 87.9
85.36 79.7 67.39 59.1 53.55
49.67 44.4 40.21 36.45 34.98
35.16 33.51 32.52 30.42 29.9
31.08 34.4 35.05 34.68 31.81
40.1 39.97 48.93 59.29 60.98
64.42 75.16 83.23 89.27 91.52
94.83 95.48 96.14 95.62 94.14
92.17 87.8 76.07 62.57 48.17
33.55
