37.83 38.25 39.4 43.64 42.68
46.06 53.75 54.15 68.37 58.99
55.38 60.11 45.7 35.95 40.46
38.46 39.03 36.86 35.83 37.21
32.79 32.59 31 28.59 29.38
27.84 29.06 27.71 29.43 30.11
32.01 30.84 34.18 31.96 34.02
34.18 50.18 38.08 36.92 38.68
37.28 38.52 34.21 35.91 34.2
33.52 33.98 31.06 30.57 30.59
30.97 31.61 35.47 32.62 31.62
30.62 30.28 30.63 30.5 31.44
32.25 36.56 32.54 33.51 37.4
37 34.82 31.51 35.53 26.58
33.7 31.48 34.87 38.15 35.05
41.05 52.29 55.6 69.5 70.82
72.25 74.55 75.87 77.45 77.05
80.71 79.88 79.73 79.13 80.49
79.97 78.67 78.45 79.8 79.06
76.49 74.49 71.62 70.55 70.04
71.86 74.12 72.84 69.65 69.55
70.28 62.88 54.85 50.75 47.86
43.94 42.1 34.59 29.3 32.25
27.35 29.18 32.93 29.84 31.88
33.38 33.69 34.03 31.66 35.02
28.36 36.87 36.8 34.92 43.48
41.39 38.43 38.93 41.7 45.87
42.33 45.43 49.34 44.11 38.02
45.61 44.45 43.67 42.66 54.77
60.3 60.44 62.14 66.44 61.24
61.55 66.62 61.27 53.88 55.59
58.35 47.27 39.05 39.75 41.04
34.4 31.37 45.72 48.82 53.05
67.06 76.19 85.04 81.73 86.44
88.82 90.41 91.27 92.46 92.47
90.26 85.04 85.12 88.84 90.35
89.51 88.29 90.23 92.6 91.08
89.02 91.95 93.6 89.97 91.36
93.49 90.62 85.22 89.07 89.1
83.96 81.67 84.41 86.38 91.97
89.91 91.39 92.65 88.5 88.99
82.72 83.23 80.72 85.84 89.06
92.9 94.07 94.43 95.06 96.5
96.77 95.6 95.56 96.03 94.56
93.93 92.75 92.82 91.83 89.19
87.39 87.8 88.69 87.66 87.63
94.25 96.06 95.84 96.9 95.31
93.5 88.43 84.42 79.34 86.57
88.97 86.12 88.74 94 93.06
90.85 93.42 95.07 93.67 92.29
94.17 94.04 92.97 92.88 93
94.03 94.83 94.22 93.6 91.31
87.93 85.57 88.3 89.99 90.63
89.95 91.7 90.54 90.93 91.38
90.55 89.17 89.39 88.96 88.67
88.1 87.39 82.98 87.24 93.26
94.51 96.28 95.81 95.94 94.95
93.31 91.79 90.88 92.05 93.14
92.49 92.58 92.6 92.1 91.42
91.55 92.55 91.68 90.3 90.93
91.59 93.78 93.12 95.24 95.49
96.41 94.46 92.92 86.19 84.49
78.22 78.36 81.15 76.92 79.04
81.7 83.33 85.28 87.53 89.08
87.23 89.74 91.65 91.6 89.39
89.42 91.19 90.99 91.45 90.1
92.19 93.99 94.86 93.53 92.81
86.07 75.04 69.09 58.92 60.21
55.14 57.72 64.6 68.21 75.64
75.04 74.62 81.79 83.15 82.22
82.48 87.03 86.09 85.89 84.21
81.92 78.2 79.68 80.01 80.63
79.52 79.77 79.05 77.58 76.6
74.37 74.05 69.89 65.44 58.34
52.54 50.11 51.4 51.47 47.19
54.02 56.92 62.05 65.99 62.59
63.55 67.77 68.55 69.49 67.68
71.54 75.61 76.94 73.98 77.56
82.29 85.54 87.54 85.78 86.09
81.91 80.15 77.76 78.56 79.94
74.15 77.48 78.65 81.31 83.72
85.85 90.2 91.48 92.37 93.63
93.56 93.39 91.65 91.84 91.21
91.38 92.43 91.35 92.08 93.58
90.21 90.64 91.86 91.55 89.59
89.26 89.57 87.49 84.18 84.09
76.63 75.45 75.28 72.44 68.55
71.17 66.25 57.7 58.65 58.12
64.36 73.19 77.99 79.92 79.56
82.88 82.67 85.86 86.82 87.57
89.39 91.53 92.56 93.39 93.83
94.45 94.92 95.55 95.75 94.67
94.6 93.69 92.51 88.04 86.52
90.21 90.31 85.79 81.32 78.43
83.18 86.62 88.56 86.91 87.66
91.28 92.68 92.75 93.64 92.6
93.41 94.67 93.4 96.07 96.01
94.3 94.36 95.64 95.17 93.17
94.55 96.15 94.41 93.88 94.88
93.98 93.73 92.84 92.88 94.94
95.56 97.1 96.89 97.17 95.64
95.18 91.52 90.56 91.39 92.93
94.91 95.17 94.27 94.99 96.17
95.22 94.52 96.23 95.89 94.02
94.7 94.41 94.2 96.18 96.12
96.28 94.55 93.1 88.84 87.53
74.03 79.4 77.35 76.05 70.08
74.93 82.63 81.14 80.25 88.24
90.27 87.43 89.29 92.84 94.15
91.27 92.16 89.27 90.05 93.1
93.61 95.35 96.97 97.31 96.18
95.76 93.38 90.64 83.39 74.09
73.02 65.15 61.93 63.27 62.37
77.46 84.21 89.16 86.68 92.98
94.52 95.25 96.99 96.49 97.37
96.31 96.9 94.1 90.4 85.91
78.71 73.59 79.55 74.89 78.01
86.32 83.71 80.16 85.23 89.58
85.55 84.37 89.17 89.28 85.07
79.99 83.1 87.3 86.99 91.39
92.28 94.36 95.65 95.93 96.51
96.11 96.62 94.81 93.43 89.78
86.9 90.75 89.07 89.94 89.5
85.46 86.86 88.67 85.45 80.63
80.68 82.38 76.66 74.13 74.18
73.08 67.39 63.56 66.07 64.97
61.56 62.11 61.73 56.64 48.71
48.68 48.99 49.75 51.96 49.94
50.75 55.19 51.93 60.84 65.1
68.73 75.2 75.03 75.94 78.47
80.53 81.62 81.91 82.9 82.59
81.37 76.56 78.05 75.73 79.34
78.41 77.88 77.73 71.22 66.33
71.88 74.12 75.58 74.93 72.74
73.78 74.71 82.02 85.95 87.25
87.96 85.81 87.75 88.84 87.29
86.09 88.51 90.21 86.46 85.74
88.69 87.6 82.28 83.67 85.12
81.73 76.9 77.56 78.86 69.07
64.94 61.01 55.77 61.78 60.49
58.86 57.82 56.16 52.71 48.3
39.72 33.86 29.5 27.65 29.1
40 38.65 38.94 33.81 41.96
49.04 44.92 49.51 53.88 50.69
44.56 44.48 39.77 36.66 34.89
34.73 32.83 37.99 46.35 46.98
55.55 46.29 47.92 47.32 40.27
37.28 32.55 31.3 36.59 38.07
31.36 34.89 43.63 43.03 46.53
49.46 47.33 46.24 51.13 46.95
51.79 42.79 38.3 37.7 39.57
41.85 39.3 42.72 48.56 45.23
49.23 55.11 56.61 54.65 60.41
63.42 63.4 70.46 73.43 76.69
81.25 83.67 85.63 88.66 90.26
90.32 88.63 87.3 84.21 87.9
87.84 85.38 86.64 87.87 86.39
85.8 87.39 84.6 84.56 85.79
86.06 83.59 83.86 85.36 82.73
81.67 79.33 79.15 81.13 78.43
76.12 73.96 68.68 71.34 68.04
70.1 70.78 76.4 73.56 77.32
78.43 76.3 81.41 82.3 83.16
80.15 84.03 87.14 85.27 83.18
83.34 85.51 82.77 83.04 84.91
82.54 86.17 82.1 85.89 87.59
84.48 85.65 89.03 86.5 85.86
87.77 87.53 84.58 84.75 85.35
84.99 88.72 84.07 86.02 89.95
88.47 86.31 88.43 91.35 92.21
90.29 90.98 93.46 91.61 89.09
90.2 90.85 87.84 85 86.96
85.69 87.44 84.64 85.84 87.68
85.94 86.34 88.44 88.43 86.42
84.95 87.05 81.74 81.64 86.53
87.52 87.62 88.6 90.48 90.75
90.99 90.73 93.41 91.72 91.23
90.79 92.56 90.82 90.52 89.43
87.24 86.31 85.04 85.88 80.37
81.4 87.79 84.84 85.82 87.41
88.03 87.77 87.58 88.7 89.4
84.7 83.62 86.8 83.76 81.9
81.83 83.7 82.79 81.06 84.5
86.46 85.96 86.12 87.71 88.16
88.63 87.37 88.89 89.03 87.95
87.97 88.29 89.41 83.67 85.95
86.06 85.91 86.26 87.48 88.82
87.6 85.2 84.54 81.79 74.74
71.77 61.99 64.99 64.32 68.2
78.49 86.33 88.05 87.87 87.92
90.63 92.49 91.86 92.47 92.26
92.2 91.63 90.13 91 89.46
86.9 85.93 81.9 78.77 71.63
75.98 72.68 78.9 86.6 89.54
85.98 86.72 90.58 90.72 87.13
88.67 89.62 86.62 86.48 85.97
85.59 85.08 88.35 82.63 87.39
85.63 85.12 89.61 88.72 87.53
89.38 90.23 90.85 88.04 87.38
89.81 91.3 90.64 89.38 90.96
90.71 89.49 89.11 90.11 90.1
88.71 89.44 89.82 88.63 87.26
87.85 87.3 84.67 85.09 82.59
81.2 82.1 81.66 78.08 77.08
76.09 70.08 64.16 63.24 59.03
48.12 41.78 40.11 42.3 35.89
34.41 38.08 35.68 39.11 37.65
41.57 42.84 43.32 41.75 45.19
47.94 45.07 43.09 44.93 39.77
37.87 41.27 40.59 39.14 39.44
37.76 40.09
