38 43.88 40.93 50.86 42.97
44.28 44.84 44.74 40.6 45.9
37.95 40.94 44.62 42.51 40.64
41.2 46.37 40.23 37.93 40.46
42.75 44.92 42.44 39.07 37.77
41.08 34.33 34.94 33.78 36.6
40.72 36.41 36.21 34.59 34.86
32.46 38.76 40.18 41.91 38.96
37.92 41.96 36.15 36.27 32.44
32.04 36.45 41.88 43.69 37.2
44.06 41.13 41.47 38.53 45.95
43.31 41.17 39.06 34.63 33.08
33.17 46.27 30.18 32.79 38.69
40.14 27.63 28.71 28.42 30.25
36.97 45.51 33.54 35.7 39.96
35.49 34.01 34.26 36.33 43.77
33.63 35.67 39.41 40.38 40.13
39.51 39.52 42.46 36.75 32.58
35.31 32.42 29.76 28.31 32.16
34.48 28.72 26.76 25.94 24.92
29.24 29.83 29.86 31.59 37.59
37.4 39.49 40.58 37.17 50.02
35.98 42.29 43.29 40.37 39.6
38.53 34.43 34.42 35.25 32.98
34.1 52.01 32.62 36 35.86
37.54 34.05 33.01 35.84 37.38
37.14 32.69 34.32 38 35.82
39.85 31.3 36.78 38.06 28.84
33.17 36.77 34.79 33.2 41.76
40.9 34.37 38.1 40.96 39.26
36.31 33.92 33.25 33.08 32.93
30.42 29.52 32.86 38.24 37.13
48.95 59.49 53.87 60.79 58.03
53.31 60.61 62.17 50.87 45.21
43.99 43.23 37.93 40.48 39.57
38.35 44.7 39.3 34.78 36.77
39.38 35.07 34.96 39.18 36.74
36 35.13 41.82 42.86 38.69
37.58 37.21 37.69 38.19 39.2
34.93 36.4 36.92 43.6 42
43.93 39.63 45.6 44.94 41.07
43.03 38.21 48.98 58.69 69.67
80.41 82.26 82.89 76.24 76.07
79.15 74 79.97 83.89 85.6
78.11 80.81 80.96 81.48 83.26
87.13 83.86 82.4 83.41 82.54
81.45 74.3 68.46 77.04 69.12
58.14 56.27 56.91 65.16 73.06
72.63 82.06 83.58 76.58 77.78
85.09 79.08 81.18 82.72 83.12
74.44 73.27 77.93 76.66 81.5
85 80.32 84.45 87.18 81.35
82.29 78.71 71.09 58.98 49.77
42.57 34.39 33.23 34.51 35.34
34.16 33.56 38.5 41.2 38.43
38.66 39.66 56.73 61.13 73.6
83.57 85.32 87.48 89.1 85.89
81.13 84.52 85.33 85.88 88.54
89.09 89.46 87.57 87.35 86.08
86.99 88.99 84.93 82.79 85.95
84.29 85.14 78.8 82.63 79.76
75.2 77.34 82.3 81.67 82.76
86.76 85.67 81.7 78.13 83.57
82.08 83.05 84.43 83.45 80.73
80.98 83.25 83.76 85.06 88.99
87.09 86.46 88.58 85.12 83.27
84.78 75.91 75.5 78.36 73.05
64.99 61.49 56.48 50.37 49.56
36.48 36.96 37.47 38.57 41.13
33.6 36.75 36.22 34.69 33.91
30.06 34.06 31.45 41.71 30.31
30.49 37.63 30.26 38 35.05
43.43 36.51 36.66 31 36.51
36.4 33.21 39.21 42.77 33
33.95 39.31 38.1 31.29 32.52
37.71 33.94 38.18 33.9 26.95
29.64 31.63 30.31 37.56 32.02
38.18 31.06 40.14 32.15 40.1
37.36 31.52 38.48 40.9 39.51
37.99 35.2 33.75 35.79 33.87
39.67 37.65 34.73 37.96 38.04
32.66 31.74 31.53 31.85 27.02
30.1 33.33 32.74 43 32.06
42.08 30.47 33.39 34.75 39.93
30.13 41.19 36.16 31.76 44.67
34.19 34.66 39.03 36.73 35.6
33.51 35.64 40.27 35.81 44.85
32.55 36.97 34.47 33.72 33.98
38.9 35.41 38.95 36.94 32
39.07 38.38 38.35 37.03 34.55
38.11 33.86 32.64 33.2 32.98
36 44.01 56.43 55.03 50.79
58.26 63.93 59.13 62.7 57.3
57.93 52.17 45.34 47.55 54.52
46.46 43.48 36.67 40.89 38.57
38.22 38.81 37.76 31.86 37.47
41.05 42.35 41.6 45.85 41.71
38.89 35.18 36.03 35.43 33.49
37.86 37.29 37.28 41.67 29.3
34.1 36.53 45.03 34.3 36.82
37.49 34.86 37.4 35.6 36.8
45.63 36.05 38.31 40.97 45.75
35.7 35.33 37.69 38.77 38.99
43.15 39.53 44.12 44.9 54.38
54.09 57.47 67.74 64.63 65.71
72.13 74.92 75.26 79.28 79.21
82.63 76.91 77.47 79.2 81.63
68.01 76.71 78.31 65.7 64.01
73.16 71.46 56.31 63 64.51
55.39 52.6 56.78 57.76 52.91
53.26 49.55 50.45 53.51 50.13
51.25 47.73 45.75 41.85 42.35
44.21 47.59 50.74 38.13 37.19
42.17 41.14 35.91 37.14 38.66
39.15 40.46 35.81 32.1 39.24
35.67 36.88 43.56 52.65 57.85
56.42 67.61 65.91 68 61.77
70 65.7 68.51 65.1 53.98
51.36 57.74 54.6 46.74 54.84
50.05 55.97 58.38 60.86 62.6
67.13 70.88 70.99 74.48 77.94
74.03 75.33 76.16 75.32 72.01
76.82 74.66 69.67 62.16 53.28
44.77 41.43 36.85 35.2 39.02
40.14 37.83 35.01 36.44 33.87
34 38.02 31.82 38.85 35
35.47 34.02 34.74 39.51 39.13
35.99 30.9 32.52 37.67 39.81
35.59 37.51 36.32 29.58 38.55
36.63 33.7 43.51 45.05 50.22
57.8 70.48 73.28 74.13 83.01
84.35 85.18 87.14 90.82 88.89
88.35 89.45 89.42 86.93 84.27
83.84 79.41 82.35 84.54 87.59
87.73 89.18 89.53 91.12 90.17
90.43 90.46 90.62 88.13 87.27
85.76 86.78 88.1 89.42 89.15
88.95 91.04 91.31 91.25 90.25
91.28 92.81 87.33 84.87 83.88
80.03 77.24 71.88 59.18 54.91
52.57 46.85 42.22 35.55 29.98
33.84 30.45 34.58 35.25 33.76
30.89 33.99 39.53 35.92 32.48
36.1 38.33 32.66 36.7 34.6
47.54 41.74 36.56 36.46 38.76
43.12 40.16 35.31 37.69 32.76
38.04 43.55 38.61 41.25 46.51
43.22 42.38 40.46 43.21 37.6
36.43 46.03 33.46 38.45 36.46
39.36 39.33 40.62 34.41 32.9
34.59 31.36 28.87 31.87 28.9
45.43 35.63 27.62 28.12 27.85
33.14 35.41 36.21 32.18 35.1
33.69 39.8 37.03 39.23 40.16
43.35 42.09 39.89 43.66 42.14
38.69 37.79 32.63 31.88 30.14
31.06 36.89 39.64 40.27 38.3
34.09 27.46 32.94 26.01 31.38
30.65 34.39 37.28 41.15 31.86
33.37 38.17 28.63 32.52 31.55
31.08 39.03 41.92 29.71 30.73
35.41 28.5 31.44 36.53 36.25
35.64 35.92 34.73 36.63 38.64
40.43 34.49 36.54 37.24 42.9
46.4 34.38 35.22 39.67 31.6
39.55 36.89 30.69 30.27 27.9
30.76 30.81 31.78 35.24 32.44
34.04 34.43 32.94 33.31 35.78
30.73 36.44 30.93 35.08 31.45
39.77 33.69 31.91 27.74 30.47
27.67 30.95 26.01 31.16 28.75
28.52 38.85 33.47 38.79 39.23
33.17 40.28 36.58 37.81 41.54
38.74 41.1 36.11 33.87 30.13
30.15 31.84 29.48 27.58 30.38
32.97 34.74 35.82 41.52 40.27
35.26 43.17 39.58 37.34 28.07
43.2 36.77 43.42 36.27 33.79
36.6 36.49 39.89 33.51 33.87
29.52 30.57 30.46 43.95 43.93
37.78 30.01 33.91 32.98 50.38
39.63 38.36 36.02 41.44 46.97
53.04 58.08 42.74 42.49 39.23
41.45 43.6 41.75 40.64 41.79
38.84 44.7 36.64 41.38 38.96
41.97 35.11 36.34 34.25 34.27
39.11 43.63 41.59 35.38 34.17
33.87 35.71 41.44 35.61 49.61
38.42 39.15 32.58 42.03 50.41
39.33 50.39 47.85 49.98 58.19
54.05 47.27 38.2 39.73 34.4
38.58 36.47 38.32 35.11 35.62
32.85 35.79 37.2 39.52 44.1
38.06 35.6 32.7 38.8 42.31
41.39 40.05 45.54 50.21 40.98
45.39 42.7 44.91 42.08 42.57
38.82 39.55 38.15 45.43 43.8
45.34 44.89 44.34 49.93 47.48
62.45 61.75 69.39 70.01 68.16
73.75 80.11 83.11 84.4 83.09
84.42 81.17 79.69 81.94 78.01
83.53 86 85.15 85.84 83.75
87.38 84.4 85.22 87.49 82.23
76.89 83.46 79.42 75.08 71.03
72.4 65.03 62.14 60.39 68.83
72.55 76.45 80.51 85.15 79.63
79.57 80.38 80.14 80.72 81.87
80.75 76.77 77.88 83.3 82.53
82.39 87.42 82.96 80.96 84.07
79.44 82.02 77.44 77.07 71.15
71.14 72.38 78.15 79.45 80.46
82.29 82.65 79.77 75.24 76.91
78.33 79.64 83.21 80.7 80.05
79.23 84.6 82.98 81.93 85.95
83.37 81.68 83.62 80.1 76.96
69.42 70.3 67.97 70.9 75.7
77.15 77.51 78.65 77.91 77.56
82.17 82.23 80.74 80.04 83.4
80.51 78.67 79.92 76.76 76.31
74 68.85 61.24 50.46 47.16
47.96 45.13 54.78 56.99 59.92
57.5 65.52 64.09 63.08 68.02
63.79 69.67 59.1 56.58 47.46
52.08 36.08 42.31 39.49 37.88
37.25 38.47 33.54 39.76 36.91
40.03 36.53 35.25 31.48 34.73
38.1 33.16 33.5 37.82 38.05
35.21 39.32 40.52 38.04 39.32
40.67 45.21 40.87 43.3 42.26
39.97 42.88 37.15 38.9 44.07
33.26 36.19 33.68 38.59 34.21
38.21 33.21 38.87 37.76 35.83
39.33 38.5 40.23 41.16 43.17
42 41.78 42.29 40.1 46.34
44.21 50.35 41.81 40.96 40.88
43.82 36.69 34.74 45.52 38.81
42.86 40.58 45.3 45.44 35.25
40.33 36.9 40.03 40 51.42
37.89 45.04 40.64 48.12 47.86
39.89 45.59 39.68 48.25 37.46
43.54 39.58 45.58 40.37 46.08
41.77 47.9 46.26 48.74 53.18
47.98 44.11 56.08 48.96
