46.17 50.18 55.62 58.04 59.99
59.4 61.66 64.2 67.8 68.17
68.5 73.35 70.75 73.15 76.66
73.26 78.59 75.46 74.81 72.07
71.59 75.89 71.7 69.25 72.61
82.31 88.66 94.42 96.45 97.94
98.67 98.69 98.77 98.43 98.24
98.34 97.89 95.72 95.42 94.34
90.09 86.65 85.07 88.9 93.71
95.16 97.43 98.56 98.8 98.84
98.88 98.86 98.82 98.41 96.97
94.05 94.26 92.21 93.85 95.21
94.73 97.21 96.34 98.5 98.58
98.76 98.78 98.57 98.69 97.58
97.77 96.88 98.69 98.74 97.89
97.51 98.09 97.33 95.62 95.41
95.31 94.12 90.39 84.18 80.75
83.87 87.41 91.43 94.11 95.89
95.6 97.06 94.16 86.7 85.28
86.86 83.9 83.75 84.81 81.5
83.98 74.23 79.81 79.51 81
84.84 85.54 88.99 90.88 92.63
92.99 94.28 93.35 94.1 96.39
97.15 96.05 97.08 98.34 98.35
98.5 98.8 98.74 98.46 98.61
98.66 98.43 97.5 97.72 97.21
94.44 94.34 91.2 92.32 94.75
94.58 93.1 94.76 95.21 96.21
97.42 97.52 97.25 98.59 98.76
98.22 98.01 96.55 96.76 97.23
96.02 92.7 92.11 92.49 88.31
86.86 84.32 82.14 81.24 69.73
60.17 52.2
