55.25 57 63.98 66.38 60.76
64.82 69.95 76.52 78.04 82.56
81.22 81.39 83.3 88.11 87.46
86.66 89.17 90.06 89.39 90.29
87.37 87.26 85.38 82.53 82.03
79.9 78.63 79.81 67.3 62.46
59.69 55.75 55.55 51.85 52.77
53.64 54.01 58.48 46 49.62
52.41 56.2 70.15 83.72 87.88
93.58 93.38 95 94.38 94.57
96.46 95.32 95.51 95.46 94.97
92.93 88.44 86.36 79.83 80.17
84.56 79.94 73.98 70.4 71.81
67.4 65.23 65.19 64.29 64.01
66.53 73.08 83.11 87.76 94.22
96.32 96.29 95.58 92.73 92.72
95.42 94.29 94.88 95.42 95.26
96.19 97.74 97.62 96.79 96.1
94.39 95.25 93.31 94.81 95.72
96.61 98.09 98.05 98.19 98.1
98.18 98.06 96.62 95.5 96.05
94.75 93.88 96.72 96.61 97.71
98.01 98.5 98.32 97.45 95.88
94.83 91.53 90.26 94.36 94.82
96.14 95.98 97.28 98.57 98.84
98.93 98.94 98.95 98.91 98.59
97.92 95.68 93.54 95.68 96.34
96.87 98.27 98.59 98.53 98.58
98.76 98.76 98.17 98.41 98.57
98.4 97.47 98.15 98.15 97.06
96 96.92 96.39 96.32 98.08
98.79 98.77 98.93 98.94 98.92
98.89 98.54 97.95 96.86 93.55
92.11 92.85 96.23 97.45 97.95
97.94 98.17 98.59 98.79 98.81
98.79 98.9 98.88 98.85 98.75
98.78 98.74 98.46 97.69 97.07
95.83 97.27 98.57 98.48 98.83
98.85 98.81 98.74 98.78 98.09
98.23 97.67 98.57 98.62 98.51
98.29 98.05 97.28 96.82 97.5
97.82 98.52 98.17 98.41 96.82
95.29 95.63 96.9 98.32 98.03
98.14 98.12 97.71 96.66 96.81
96.74 96.31 94.07 93.06 95.37
96.12 93.71 91.84 91.95 92.84
89.91 88.91 92.58 95.56 94.21
96.52 98.61 98.34 98.72 98.64
98.74 98.62 98.46 98.58 98.55
97.95 97.96 97.08 98.26 97.85
97.59 97.25 97.52 96.19 96.47
97.01 95.78 93.13 92.79 92.95
96 93.27 95.02 97.09 96.4
96.29 96.88 97.49 97.33 96.78
97.15 96.88 97.25 97.81 96.78
97.64 96.93 96.36 95.56 95.19
93.81 94.81 96.97 97.15 97.76
98.49 98.29 97.73 96.85 93.41
89.09 87.37 84.24 88.59 90.3
91.99 93.96 93.83 93.03 93.47
92.08 92.22 91.98 92.69 93.63
93.36 92.67 93.48 93.96 94.97
93.95 94.58 93.77 96.3 96.62
97.47 97.15 98.02 98.21 97.91
98.01 98.55 98.07 98.58 98.67
98.64 98.68 98.46 98.44 98.4
98.5 98.27 98.13 98.66 98.83
98.87 98.77 98.86 98.76 98.69
98.45 97.92 95.73 93.92 93.34
89.22 84.81 77.54 68.69 57.56
58.03 50.2 56.57 56.42 61.28
66.1 77.12 78.3 75.29 76.9
82.79 82.32 78.13 77.38 77.52
76.53 73.71 77.24 75.08 74.79
72.82 59.95 54.3 54.71 48.07
50.26 49.99 44.02 48.55 47.78
43.35 41.65 43.81 45.98 41.66
45.07 44.64 42.19 45.86 43.52
35.08 45.09 47.15
