46.4 48.85 45.68 51.85 54.27
54.72 46.01 43.46 47.72 45.29
46.09 50.94 57 58.12 55.73
54.47 53.45 56.53 56.29 50.8
61.61 64.15 66.87 64.33 67.88
70.99 71.01 72.2 73.04 68.06
67.56 63.17 63.67 62.17 58.77
54.42 49.61 47.98 48.33 46.45
41.69 49.05 51.41 45.23 40.62
43.48 50.12 42.34 45.7 43.06
48.19 49.78 55.95 60.13 63.76
71.6 78.48 79.17 84.01 91.08
95.02 96.06 96.72 96.9 97.4
97.55 97.8 98.43 98.19 97.94
98.1 98.39 97.7 97.64 97.32
97.72 96.21 96.82 95.97 95.53
95.52 95.71 96.36 95.32 94.72
93.67 95.1 95.77 96.86 97.18
98.08 98.05 98 98.35 98.27
98.49 98.35 98.38 98.49 98.39
98.32 97.98 97.33 96.57 95.95
95.78 95.24 94.49 95.1 95.25
96.41 95.34 95.53 96.7 96.15
96.91 97.76 97.71 97.49 97.61
97.58 97.16 97.08 96.9 96.63
96.08 96.57 95.89 94.53 93.53
94.55 88.88 80.1 75.83 69.83
68.8 76.05 80.07 85.78 89.82
89.37 94.05 96.02 96.63 96.24
97.09 97.51 97.27 96.69 97.72
97.61 97.16 96.98 97.45 97.05
97.38 97.21 96.56 96.29 97.36
97.42 95.67 96.28 96.01 95.26
93.74 91.38 91.41 86.91 77.56
74.02 72.13 69.75 63.36 57.34
