51.39 55.64 58.55 68.22 70.94
73.73 72.6 76.32 80.57 75.59
76.54 79.01 77.01 72.25 74.4
71.22 68.29 54.66 55.82 52.16
50.73 52.13 49.54 39.75 35.63
40.66 40.88 35.19 40.32 37.21
40.47 36.51 38.87 36.08 38.79
39.05 37.24 38.81 38.44 36.16
35.28 36.49 29.08 35.2 32.64
34.92 37.54 35.64 38.34 36.67
36.61 33.71 30.77 34.17 37.07
33.97 31.91 29.45 29.78 33.2
37.25 32.23 29.14 31.36 31.69
32.02 31.24 35.76 38.73 38.94
36.45 33.5 35.92 34.53 30.69
36 35.82 42.63 39.04 41.11
41.98 39.35 42.75 40.6 37.11
45.31 43.18 44.99 41.04 42.06
42.73 44.01 40.46 38.65 44.39
36.98 39.47 37.34 37.74 34.57
32.01 34.37 30.98 35.55 34.14
34.44 41.21 31.7 38.63 34.36
37.27 38.75 36.24 39.85 39.3
43.93 46.23 52.51 57.11 54.65
38.67 50.68 54.42 60.53 62.56
66.51 70.37 77.81 76.89 77.04
82.77 85.48 83.67 85.8 89.57
90.16 89.76 91.82 93.56 93.69
94.24 94.86 94.74 94.51 95.31
94.32 94 94.75 93.73 92.1
92.19 91.16 90.42 89.35 87.22
85.41 84.04 77.66 68.41 61.28
69.9 73.06 80.79 84.95 87.19
88.43 89.19 92.68 92.65 92.55
93.94 94.67 95.07 95.41 95.45
94.75 95.44 94.63 93.69 94.27
94 91.74 91.81 90.06 89.13
87.82 85.5 84.1 84.6 80.04
77.65 76.4 75.1 70.92 71.73
70.9 67.76 75.43 79.11 79.97
84.17 84.54 85.03 87.93 89.05
88.23 87.13 91.04 92.21 89.85
89.49 92.6 92.68 90.4 92.36
94.18 93.24 92.32 93.33 93.82
92.72 92.35 92.04 90.98 89.85
88.95 86.59 86.8 84.67 84.08
79.37 78.82 80.37 74.57 61.57
57.51 52.82 50.73 52.59 56.13
54.74 63.14 71.52 77.89 82.41
86.36 87.45 86.99 90.57 91.9
91.21 94.45 94.77 94.95 94.78
95.39 95.78 93.7 93.84 93.36
91.5 88.68 89.69 88.31 84.5
84.55 84.22 80.98 81.09 78.65
78.34 73.35 69.08 65.16 62.49
58.43 59.26 57.39 62.11 58.85
63.44 62.83 65.66 69.33 67.84
76.34 71.57 73.48 70.3 69.92
67.31 64.62 67.47 70.72 78.63
78.09 78.2 78.44 78.36 80.7
81.09 77.78 78.24 82.8 81.34
77.14 76.06 80.88 80.3 76.41
80.46 82.31 82.1 83.42 83.41
81.96 82.23 84.87 86.26 86.9
83.57 87.03 89.7 89.22 85.85
87.65 89.22 86.36 84.95 86.4
85.75 80.63 80.22 83.89 78.58
70.9 65.73 60.99 54.24 55.94
55.75 44.8 52.09 54.19 50.84
51.38 58.96 61.79 65.23 66.56
68.53 70.74 71.56 76.39 76.51
82.87 85.7 85.6 87.35 90.02
90.51 90.69 91.94 93.26 92.09
92.32 92.6 92.16 91.35 90.54
90.52 87.59 86.52 84.31 83.24
82.42 83.65 82.32 78.82 81.65
83.16 77.89 78.22 81.09 83.54
75.98 73.67 79.58 79.53 80.21
76.71 76.31 79.07 77.41 74.48
78.88 79.22 77.98 81.32 82.38
81.78 83.23 86.41 88.23 87.91
91.81 92.8 93.59 93.09 94.38
94.54 93.52 93.43 93.67 93.8
92.43 91.35 91.02 88.32 85.65
81.83 81.71 84.66 87.45 86.33
86.17 87.94 87.57 86.18 82.66
82.84 78.11 69.9 69.74 63.89
55.56 54.25 51.02 45.66 43.03
38.9 42.56 43.54 44.42 43.34
42.98 42.27 40.13 37.1 34.58
35.83 39.12 38.95 34.76 34.46
34.34 34.05 34.88 40.03 36.96
38.16 39.15 43.74 40.39 36.7
35.25 34.25 38.18 34.76 34.76
37.86 39.74 37.84 41.17 39.56
38.19 38.7 41.08 41.86 39.92
36.8
