60.47 61.1 59.19 53.87 63.03
60.84 57.62 60.31 59.64 59.65
55.05 52.95 62.07 57.52 58.66
60 57.03 58.58 58.9 58.3
57.98 56.31 55.24 57.88 49.29
56.76 56.82 54.61 56.1 58.19
48.32 44.41 42.16 48.83 44.49
40.4 45.22 48.77 46.31 54.39
51.1 45.3 40.01 51.02 44.44
48.49 45.32 53.71 54.35 50.08
50.55 51.09 54.12 60.3 50.91
57.6 49.38 53.97 54.63 48.09
50.58 51.32 51.08 48.35 46.11
47.53 47.04 47.78 45.01 48.45
43.6 47.7 43.83 45.98 44.18
45.06 46.08 47.04 48.9 45.94
41.65 42.58 48.96 46.36 43.32
46.14 48.7 40.8 41.51 43.33
44.31 42.87 52.71 47.98 47.37
37.09 59.36 43.81 58.74 44.26
39.62 47.35 43.04 45.66 45.78
46.4 48.58 48.14 41.57 46.51
54.48 40.93 48.54 47.53 41.8
48.92 51.19 51.01 40.81 56.14
53.59 47.31 58.83 48.55 57.99
49.4 58.77 46.53 46.5 53.2
42.22 50.28 46.57 41.96 52.08
49.84 55.1 66.21 62.73 72.23
74.88 76.71 83.01 86.87 89.37
94.3 94.77 97.07 96.72 97.05
97.83 97.7 97.69 97.71 98.26
97.73 97.6 97.06 97.69 97.03
96.9 96.92 96.89 97.96 97.31
97.96 97.47 97.47 97.44 98.12
98.24 97.77 97.43 97.14 97.84
97.07 96.36 96.6 95.84 96.61
97.84 96.35 96.99 97.52 97.45
97.44 97.95 98.39 97.63 97.63
97.72 97.32 96.47 94.69 92.22
92.87 88.46 84.67 80.51 77.55
72.24 69.7 64.48 65.35 54.33
58.62 53.41 57.03 45.74 51.68
46.97 47.84 51.69 49.42 42.49
48.96 55.7 56.39 54.83 51.02
58.2 50.4 59.41 49.46 57.63
44.38 48.44 50.84 55.11 60.09
59.1 48.29 44.45 43.96 38.74
44.78 46.06 41.51 44.73 49.5
50.7 54.6 48.5 51.52 47.49
50.03 58.4 45.18 54.38 42.1
53.77 42.9 53.6 42.67 46.4
48.06 48.03 47.77 48.01 43.55
48.97 44.14 49.66 50.45 47.24
52.38 46.2 49.73 45.33 51.46
51.41 52.84 54.52 51.95 60.33
59.22 58.72 65.54 58.42 70.43
62.01 64.9 49.66 59.06 48.16
44.91 47.36 38.96 45.86 35.92
41.12 39.16 46.5 43.88 48.08
47.41 46.06 50.64 51.07 50.9
50.94 50.13 49.8 49.43 50.81
49.77 47.2 46.32 48.3 52.56
64.38 61.19 74.56 84.51 83.62
88.53 93.21 91.82 92.57 90.76
93.25 91.49 92.04 91.51 90.4
89.69 88.28 85.82 87.05 75.03
61.01
