29.31 32.88 28.93 32.23 34.21
35.9 28.03 39.25 32.94 31.54
35.46 28.9 34.7 31.9 32.01
36.84 37.96 38.42 38.77 39.72
42.45 40.88 44.6 45.07 42.03
41.09 39.74 40.35 31.49 31.43
27.05 30.28 33.56 29.67 44.83
56.87 69.52 87.1 90.73 91.68
94.3 92.48 90.22 89.79 85.88
82.43 82.52 92.52 93.62 96.32
94.46 96.17 96.51 95.78 95.94
94.98 89.24 88.19 91.47 92.19
94.86 96.7 97.63 97.27 96.23
96.57 95.89 96.46 96.93 97.62
97.67 97.59 97.13 95.66 91.78
93.13 95.17 94.24 95.49 94.88
95.34 95.61 96.33 96.41 94.6
91.85 93.31 93.18 93.09 92.9
91.08 91.65 90.23 90.96 91.73
90.69 90.47 89.82 89.19 90.72
88.54 89.29 88.16 89.56 89.46
88.77 92.4 89.95 93.28 90.8
95.24 95.31 96.41 96.85 95.79
96.34 96.6 95.72 95.53 93.67
90.8 89.35 90.18 92.24 94.77
96.03 96.56 96.49 96.09 93.96
94.3 92.12 94.4 93.49 93.71
94.81 95.16 95.13 96.15 96.89
96.34 94 90.34 93.45 95.17
94.42 94.76 94.39 93.15 93.04
90.86 90.18 88.03 90.16 90.41
89.95 93.64 94.43 94.3 93.44
92.67 92.41 90.67 89.36 89.76
81.07 92.2 96.62 97.16 94.47
95.99 95.01 92.09 89.26 80.73
77.47 77.15 79.99 84.98 89.68
93.37 95.86 97.17 97.15 96.74
97.35 95.63 93.13 89.81 86.57
90.39 89.08 87.21 90.81 93.56
94.85 95.35 97.09 96.68 96.45
95.16 94.57 94.45 93.18 91.72
92.15 89.36 88.8 91.05 87.94
91.45 93.08 94.62 93.87 94.81
92.37 90.8 89.91 84.75 79.09
77.51 83.22 88.77 93.63 94.51
93.86 93.46 93.14 88.57 87.74
82.82 85.47 84.54 80.92 78.25
81.84 75.19 78.14 89.39 93.07
95.85 96.37 97.38 96.63 97.74
96.21 96.76 94.95 94.55 90.81
91.9 95.73 96.92 97.94 98.23
98.12 97.7 95.9 92.48 90.16
83.15 75.67 63.82 53.06 40.78
33.54 30.89 35.49 33.88 33.21
38.49 51.56 63.45 73.47 85.67
90.53 92.03 97.12 96.93 97.63
97.31 97.22 96.47 96.1 93.34
90.59 91.51 91.12 91.69 93.92
93.47 94.96 96.6 95.96 95.97
95.84 95.91 97.56 96.68 95.57
92.72 88.56 86.41 85.49 89.2
92.92 96.23 94.91 95.73 97.79
96.13 97.63 97.92 97.86 97.21
95.67 95.16 92.55 91.65 91.18
88.44 90.03 93.28 91.52 89.95
91.62 92.66 93.35 93.33 90.8
91.84 93.67 96.26 96.39 97.89
97.92 98.14 98.25 98.04 96.75
93.55 88.59 88.09 81.6 80.62
85.36 83.76 85.69 88.26 86.88
91.42 92.49 96.38 96.59 97.48
96.47 96.52 96.92 96.27 96.06
93.71 93.6 95.59 95.06 93.61
94.47 94.85 94.51 94.32 94.36
94.05 94.15 93.84 94.07 94
93.79 89.22 91.21 88.9 90.48
91.14 88.9 88.68 85.59 89.89
91.42 86.83 75.79 77.81 80.97
87.5 91.09 93.04 91.78 93.61
90.05 90.6 88.81 89.18 90.57
90.31 87.19 89.45 92.71 93.45
88.79 90.11 88.34 90.28 90.92
85.46 90.23 93.32 92.64 87.51
85.15 91.04 91.97 95.5 94.26
92.72 93.47 94.4 94.09 94.26
94.03 91.51 86.77 85.51 88.85
94.02 97.52 95.66 97.23 97.92
97.36 96.56 95.02 94.99 92.99
88.72 89.54 90.99 94.73 95.7
96.97 97.98 97.89 96.57 95.98
93.05 91.23 91.43 94.34 95.75
96.14 96.24 95.16 94.17 93.23
86.37 80.9 82.32 82.02 73.95
83.15 86.87 89.49 91.87 91.44
90.15 91.55 89.85 88.83 86.55
84.89 76.12 77.68 81.6 87.4
92.67 95.94 95.48 94.99 94.81
96.12 94.85 96.47 95.1 92.67
90.22 92.46 91.97 94.46 96.12
97.14 95.17 94.75 93.92 91.58
90.58 91.79 95.08 95.02 95.33
93.98 93.87 93.5 90.09 89.31
91.92 89 88.31 91.05 90.17
89.97 90.51 90.28 89.76 92.83
92.21 90.55 89.5 87.41 91.8
91.47 93.23 93.93 93.41 94.32
93.96 90.5 89.58 90.92 90.49
92.12 94.19 93.35 92.27 91.01
90.12 90.65 92.04 89.03 89.21
88.9 88.25 89.2 87.77 88.2
91.6 93.39 92.06 89.97 90.02
89.58 89.37 90.23 91.12 88.39
86.81 89.56 90.82 91.78 92.38
91.6 89.79 91.26 91.16 90.28
88.06 85.42 86.15 86.06 88.99
90.43 90.61 92.23 92.93 92.55
92.2 90.6 88.9 85.98 83.01
86.45 86.87 87.48 87.32 86.81
89.98 92.6 93.15 93.24 92.92
90.84 85.62 84.79 84.94 88.93
90.33 91.96 90.65 89.62 91.24
88.44 86.27 80.74 81.99 90.12
91.46 92.96 91.9 92.3 90.9
90.19 87.31 84.13 85.16 86.11
84.98 84.58 83.27 82.26 80.09
73.25 75.68 80.2 83.21 90.13
88.06 87.52 89.96 90.37 92.71
92.33 92.46 92.21 91.19 90.18
89.72 88.13 90.43 89.66 90.15
88.41 89.21 89.88 90.58 90.76
91.69 91.71 91.1 91.41 90.71
90.41 88.84 87.32 89.66 88.53
91.68 93.18 91.98 91.06 93.14
91.85 90.78 89.18 87.75 89.15
88.92 92.02 93.09 94.29 93.3
90.52 89.37 89.61 91.24 92.77
93.16 92.55 89.43 89.37 86.7
87.59 87.76 87.53 80.3 82.2
84.79 82.95 83.99 92.24 91.71
90.44 90.91 89.56 88.69 90.71
92.88 92.82 92.93 92.48 89.49
84.8 83.22 83.11 84.14 88.53
89.87 89.5 89.33 88.26 85
87.09 89.97 86.91 91.27 90.71
91.07 92.2 92.22 91.97 90.53
90.79 92.12 89.57 89.86 88.34
86.91 82.66 84.79 86.68 89.54
90.06 94.66 93.91 93.29 92.85
90.68 84.97 83.75 72.43 67.35
77.65 83.23 88.75 90.3 92.36
92.58 93.02 92.47 92.24 90.49
89.56 89.37 91.09 91.39 92.34
93.56 92.85 92.27 90.43 89.72
89.32 89.03 84.11 86.7 80.38
77.74 78.52 80.73 83.35 86.09
89.21 89.37 90.54 89.2 89.05
90.89 91.83 93.13 93.14 93.22
90.99 86.28 89.64 92.57 92.8
93.43 92.93 91.3 88.62 88.73
88.16 89.53 90.59 90.42 91.33
90.39 90.95 89.51 88.07 83.65
84.83 83.32 85.66 85.36 88.63
88.28 87.44 88.08 88.43 87.42
85.29 82.36 81.62 82.32 85.02
86.36 85.88 88.4 87.13 89.56
88.31 82.64 79.68 83.9 86.04
88.08 89.17 89.67 87.44 84.61
82.2 85.78 83.81 77.26 64.34
63.86 66.14 65.47 75.52 84.55
84.18 80.61 75.38 66.48 62.5
64.1 68.53 80.11 80.79 86.21
86.03 86.95 91.35 90.77 92.29
90.64 90.26 89.63 87.11 87.54
88.81 90.89 90.16 91 89.85
90.28 89.63 90.82 91.98 93.27
91.43 93.24 92.32 93.61 90.09
90.8 89.62 89.43 86.1 86.57
85.98 88.51 87.19 86.4 90.2
84.03 86.55 89.39 92.07 91.76
89.32 85.69 85.58 90.06 91.5
92.31 94.44 93.59 92.52 89.72
88.62 90.25 90.62 90.31 88.23
87.59 91.2 93.53 93.76 93.71
92.68 93.89 91.69 90.46 90.71
85.86 77.97 72.28 74.93 78.18
83.54 89.28 88.96 92.1 91.8
92.3 92.8 90.35 87.85 84.25
84.89 86.96 86.84 85.89 86.81
89.93 90.24 92.34 91.44 90.96
86.75 85.15 89.23 90.92 91.25
91.24 90.43 88.32 89.94 90.51
91.45 91.26 93.41 92.43 93.19
93.22 93.81 93.43 92.09 93.9
92.42 91.68 92.08 91.89 93.23
94.03 93.64 95.19 93.67 94.05
91.57 92.1 91.87 90.4 88.42
89.16 88.74 89.11 89.24 90.12
90.84 91.67 91.59 92.1 87.79
87.8 91.37 92.22 92.54 92.65
90.85 89.14 88.86 89.35 90.12
89.29 92.94 93.74 93.43 95.11
94.26 94.97 93.82 93.48 92.12
91.05 86.79 81.67 85.16 89.31
90.2 93.12 92.77 91.72 91.62
89.2 91.69 90.56 90.43 90.76
91.07 88.03 89.13 85.39 70.8
77.62 86.5 90.55 92.66 93.95
94.86 94.88 92.15 92.29 91.56
92.07 89.2 88.88 86.55 87.8
90 88.25 88.71 87.84 89.79
89.93 87.96 85.05 84.72 88.25
89.87 89.77 90.95 91.82 92.42
92.99 91.8 91.51 91.82 90.97
91.45 90.23 90.18 91.14 86.86
90.29 92.89 94.35 93.72 93.09
91.32 88.21 83.45 78.37 75.69
80.13 86.12 88.92 92.25 91.89
92.01 93.62 92.56 90.11 88.75
88.03 88.98 91.03 92.27 93.33
94 94.26 93.83 91.86 92.66
87.54 81.66 70.68 65.02 63.73
56.04 57.49 52.68 53.78 56.74
58.09 66.72 62.81 71.82 79.91
83.43 83.09 88.02 90.17 91.98
93.35 92.46 92.87 90.65 89.47
89.54 88.24 84.05 88.81 88.42
86.82 83.65 74.92 66.58 72.6
78.26 86.52 87.65 88.11 86.71
84.67 85.33 87.27 85.6 86.87
85.25 85.04 81.54 77.48 75.84
77.51 77.51 79.25 79.5 77.61
69.38 67 64.79 67.79 76.07
84.11 86.19 88.03 89.34 87.59
85.4 84.4 80.46 85.24 83.61
77.8 72.71 66.79 59.65 60.58
60.76 67.73 76.78 85.66 86.54
89.52 91.11 89.49 90.01 86.5
82.65 84.02 83.42 88.61 86.45
86.13 87.83 86.63 83.74 83
81.33 84.6 89.55 89.29 89.39
88.5 86.05 73.96 73.23 69.48
70.63 69.2 74.28 82.34 84.36
88.89 89.3 91.12 90.53 90.45
88.2 82.91 81.45 83.99 87.32
86.81 88.77 84.68 86.44 87.21
83.44 79.91 66.23 62.26 48.78
40.81 41.43 38.11 41.06 46.72
45.7 51.67 50.19 53.18 54.5
51.83 56.27 53.29 55.74 56.45
59.41 63.58 71.02 65.18 67.99
75.76 76.54 70 75.34 77.74
72.21 69.37 75.65 75.18 65.86
67.71 71.44 71.35 62.35 68.2
70.8 64.69 67.46 68.29 68.98
64.73 71.18 72.55 65.11 67.43
67.73 68.79 63.85 68.31 69.57
63.69 66.82 64.93 69.27 67
65.72 68.68 67.32 66.83 68.69
70.21 64.5 64.56 64.2 64.95
60.13 58.4 57.63 61.01 55.95
55.5 59.56 59.24 61.14 58.44
60.28 63.52 58.42 53.84 58.08
66.37 82.75 86.9 89.02 88.12
86.55 90.47 89.04 88.3 90.6
89.14 88.8 87.75 86.4 88.8
88.5 80.19 74.48 80.18 70.98
76.23 86.69 85.02 88.06 85.03
83.31 77.4 79.53 70.14 67.03
59.72 61.15 60.74 68.53 71.82
76.17 79.88 84.12 83.81 84.86
86.66 90.14 88.69 88.46 93.13
91.38 91.06 92.32 92.93 91.77
92.68 92.49 92.66 94.78 94.08
93.97 92.54 94.23 94.41 92.47
92.26 93.57 90.7 90.99 91.76
88.37 87.11 89.56 88.52 83.27
86.38 89 90.96 88.04 90.71
93.34 93.16 93.04 93.77 93.83
92.04 90.76 88.46 90.9 88.84
87.29 90.06 92.2 92.06 93.27
92.6 94.14 93.2 94.07 94.55
94 94.21 94.37 94.01 93.93
91.55 91.54 91.42 91.14 88.18
87.04 86.89 86.42 85.8 80.27
81.12 83.22 83.99 84.08 84.43
86.2 86.68 85.61 82.85 78.66
82.62 89.56 92.17 92.01 90.98
91.28 93.42 92.79 90.32 92.52
93.94 93.62 90.32 91.85 91.86
90.54 88.9 86.94 88.15 89.06
86.62 84.71 85.13 87.87 88.8
86.63 89.61 91.98 90.21 88.23
91.24 90.89 86.92 86.2 88.72
87.24 83.32 86.18 86.48 84.91
82.04 86.73 90.03 90.3 89.85
86.33 83.27 81.06 79.91 85.98
87.95 85.63 86.54 87.16 88.16
85.88 79.51 79.2 83.69 82.55
82.68 74.68 73.69 72.77 82.38
79.16 88.31 84.99 87.98 88.58
89.17 90.81 87.29 88.2 83.95
76.81 71.9 74.12 72.36 71.65
69.34 71.89 77.33 83.46 83.59
87.46 87.84 88.3 91.88 93.23
92.19 93.33 92.8 93.56 93.95
91.28 91.86 92.51 92.13 88.56
89.21 89.21 88.71 83.63 82.85
84.13 82.97 76.31 74.6 80.68
81.64 84.12 83 83.97 85.27
83.63 81.1 84.04 83.26 85.33
85.82 88.71 89.97 88.67 88.62
85.7 73.15 61.9 62.22 62.38
73.14 78.85 84.49 87.75 90.8
88.37 88.3 87.59 85.4 84.63
85.26 85.19 83.56 83.62 74.56
76.86 75.41 79.94 83.48 88.89
89.77 92.56 92.23 92.2 90.96
91.13 90.49 88.72 86.91 87.85
89.22 85.1 88.49 86.43 90
87.23 85.62 82.91 82.71 77.19
60.68 56.67 40.51 31.92 35.47
32.33 31.21 30.53 26.99 28.13
29.73 25.32 31.84 24.79 25.19
28.5 29.66 24.95 26.57 28.89
26.85 26.59 28 25.89 25.72
27.44 25.26 26.21 25.59 24.03
27.3 25.67 26 25.59 25.93
27.19 27.31 30.01 33.01 34.46
40.33 40.95 45.8 43.74 50.11
53.65 57.35 66.64 71.16 76.32
76.07 86.72 88.12 87.19 81.2
76.77 64.46 57.88 45.64 41.26
40.58 38.49 37.39 40.67 36.28
39.22 39.51 36.5 38.21 47.23
49.18 54.53 56.73 57.96 62.68
64.71 69.33 73.96 72.59 79.27
84.37 82.71 79.29 85.67 87.09
82.78 83.12 87.75 89.5 86.22
90.24 92.39 92.03 88.16 92.06
93.83 89.72 88.77 90.32 89.91
84.11 81.01 70.38 60.69 55.62
54.19 62.18 70.13 84.4 86.25
90.38 91.74 93.35 93.23 94.44
94.58 95.01 94.17 94.41 94.32
93.45 93.64 94.01 92.05 93.09
92.95 90.78 89.96 89.76 89.45
89.36 88.39 89.09 90.35 91.65
92.19 91.21 92.85 93.32 91.99
90.91 91.92 91.82 90.39 88.28
87.34 90.73 91.96 91.08 88.51
90.76 93.03 90.98 90.73 91.22
89.13 90.12 90.13 91.33 89.1
87.91 83.89 81.75 78.44 78.22
82.69 86.78 86.8 86.18 90.38
91.81 90.91 90.8 92.68 92.35
89.46 90.49 93.48 90.42 88.93
90.75 91.1 87.01 81.92 78.22
66.14 67.2 66.36 70.01 66.55
64.14 66.73 68.14 68.62 69.68
72.99 72.98 77.98 84.08 87.14
84.17 86.1 88.74 88.86 87.98
87.81 92.07 90.77 89.69 92.01
91.89 89.49 89.48 91.9 92.97
90.42 89.67 91.48 90.53 90.21
88.82 88.92 86.68 90.45 89.82
89.17 90.94 89.61 93.11 92.44
91.32 91.69 92.62 91.8 89.51
89.61 90.13 89.77 87.12 86.58
81.28 83.01 85.77 87.98 88.13
87.53 88.93 89.7 89.84 91.43
90.66 90.92 93.03 92.08 90.58
92.55 91 89.49 90.57 92.42
91.41 90.39 92.86 92.63 92.99
92.31 91.61 92.32 91.76 90.4
86.33 89.61 87.84 87.06 89.16
90.28 89.62 91.07 91.3 90.03
90.43 90.08 90.43 90.56 88.08
88.95 88.12 85.48 81.83 81.08
75.09 62.05 47.75 40.05
