34.38 41.37 42.76 46.22 65.52
71.47 78.44 82.53 82.49 82.22
86 88.86 90.32 91.58 90.71
92.11 94.08 93.38 94.62 94.62
96.2 95.31 96.35 97.21 96.83
96.88 97.12 97.36 96.38 97.07
96.09 93.74 95.67 94.34 91.92
91.93 93.88 90.6 88.96 91.56
93.79 91.81 91.76 95.08 96.13
96.31 96.76 98.14 97.94 98.05
98.23 98.47 98.33 98.46 98.49
97.88 98.48 98.42 98.54 98.17
98.34 98.31 98.5 98.51 98.44
98.53 98.42 97.48 97.54 97.41
94.98 93.72 94.34 92.6 87.79
83.92 82.12 71.12 62.58 56.5
56.39 50.26 41.88 44.65 46.4
49.27 40.65 44.59 54.22 54.84
62.43 76.42 91.12 93.57 94.33
91.62 91.49 94.05 94.13 91.89
94.04 96.22 94.9 94.21 97.16
97.98 97.01 97.2 97.86 98.38
98.2 98.31 98.47 98.57 98.38
98.05 98.45 98.29 98.39 98.3
98.26 98 97.67 97.93 98.17
98.24 97.33 97.63 97.12 95.73
94.95 94.29 94.25 92 90.11
89.2 92.62 90.57 89.77 92.52
93.19 92.04 92.89 94.92 95.22
94.88 95.78 96.78 96.71 97.35
97.54 97.46 97.51 96.61 97.02
97.09 96.32 94.74 95.68 95.78
94 94.34 96.06 94.84 94.28
95.37 96.62 94.93 94.97 96.45
95.02 94.72 95.11 95.16 94.21
94.03 94.22 95.19 93.73 93.54
91.57 92.16 90.07 88.02 87.76
88.39 82.68 81.12 80.13 79
70.13 67.7 63.02 58.41 51.52
53.15 53.03 50.3 50.36 49.72
46.88 41.66 42.5 42.4 41.86
48.14 47.29 41.49 49.18 45.3
43.5 42.66 49.68 52.56 53.31
49.93 49.49 48.68 51.93 52.6
52.18 59.15 64.82 69.7 76.23
80.6 84.09 80.28 84.25 88.5
88.11 89.83 90.94 92.98 92.49
93.38 93.99 94.8 95.75 95.37
95.62 96.24 96.38 96.17 97.29
95.94 96.42 97.45 97.19 97.35
97.32 97.35 97.36 97.58 97.31
97.08 96.99 97.14 96.86 97.96
97.68 97.44 97.66 97.99 97.92
97.71 98.22 97.2 97.14 96.16
96.91 94.02 93.85 93.67 92.52
91.77 88.16 82.62 79.47 79.37
86.95 88.03 90.17 93.24 94.03
94.79 95.09 95.14 96.75 96.86
96.75 97.19 96.97 97.5 97.68
97.59 97.55 97.33 96.29 96.57
96.96 96.72 95.81 96.76 97.58
97.33 97.37 96.95 96.3 97.81
97.56 95.98 97.06 97.2 95.99
94.53 96.59 95.74 94.19 95.28
93.66 93.79 93.5 91.9 93.58
92.1 90.58 88.66 89.29 90.42
88.95 87.09 89.16 87.24 89.86
91.97 91.2 87.51 90.27 91.1
90.78 92.64 91.75 91.64 90.5
90.62 90.32 88.89 86.41 85.51
91.82 86.9 84.88 85.97 88.09
88.69 86.9 85.14 82.3 83.96
83.91 88.86 87.79 87.55 90.51
91.92 90.36 91.51 93.79 92.11
92.41 94.48 95.49 94.57 94.97
96.63 96.81 96.15 96.62 97.02
96.86 96.12 95.89 97 97.17
97.11 97.54 97.72 97.67 97.24
97.88 97.74 97.19 96.82 97.5
96.69 96.17 96.64 95.64 94.44
93.08 93 93.08 91.49 90.83
87.19 87.57 88.71 88.14 85.89
78.33 77.46 80.49 78.04 64.31
55.06 53.5 48.78 54.02 54.31
52.22 50.54 51.97 49.02 48.37
49.13 48.08 47.85 50.31 50.9
56.74 57.96 60.96 60.76 73.86
80.08 85.6 88.3 85.7 91.44
92.48 93.62 93.92 95.74 96.75
96.07 97.5 97.03 97.95 98.26
97.56 97.81 97.72 97.44 97.24
97.49 97.73 97.34 96.65 96.41
96.86 96.76 97.1 97.41 96.1
96.45 97.24 96.2 95.11 95.24
95.05 94 93.12 92.86 91.09
89.79 87.7 84.64 69.71 57.91
49.13 46.81 45.43 39.99 36.91
30.97 29.1 36.71 37.72 30.31
28.71 28.92 27.74 29.52 29.74
28.68 29.12 35.45 30.43 40.8
45.72 59.71 78.51 86.82 90.9
90.72 92.62 93.89 92.57 92.13
94.14 95.2 92.33 92.38 93.54
92.58 89.15 89.86 89.22 92.81
91.71 92.83 93.35 90.59 93.94
95.21 93.1 91.21 87.65 87.6
91 90.54 91.29 92.03 92.13
91.56 92.1 92.03 90.82 91.58
90.23 91.99 87.73 88.4 82.87
86.51 87.91 87.52 87.84 80.88
74.14 63.52 64.67 65.52 75.85
81.26 88.7 91.91 93.45 93.61
94.1 94.61 93.77 94.72 94.92
93.82 92.4 93.41 93.63 90.79
86.73 87.34 82.42 82.65 86.34
88.6 90.73 87.47 85.27 85.98
89.42 88.11 87.83 89.14 90.42
89.36 88.06 89.08 88.22 84.27
86.31 82.29 87.02 87.55 88.34
88.35 91.78 92.17 91.93 91.25
93.96 94.21 92.58 92.45 92.65
91.54 90.6 89.54 90.12 89.39
88.83 91.2 92.2 91.94 92.86
94.14 94.11 94.42 95.28 96.21
95.04 96.02 96.52 96.02 95.45
95.58 95.49 94.41 94.77 93.19
91.92 92.14 93.47 92.96 93.82
94.77 95.4 94.68 95.74 96.47
95.2 93.44 94.1 94.4 90.67
87.24 86.66 91.58 85.96 78.88
77.98 76.84 70.8 67.86 71.86
76.64 76.31 79.42 80.35 83.8
85.03 88.1 89.65 91.44 91.91
91.82 93.58 94.64 94.45 94.14
95.58 95.46 94.42 93.08 93.51
92.13 91.76 93.22 93.12 89.1
84.99 82.53 82.78 83.88 85.36
84.96 82.29 86.12 86.93 90.94
82.29 79.45 51.73 37.9 29.21
27.91 29.7 34.58 34.42 33.47
33.07 32.91 37.94 34.27 32.61
30.27 28.28 29 29.76 33.35
33.64 30.09 34.16 30.3 32.41
28.68 32.12 27.65 31.66 29.02
32.9 29.68 31.54 31.45 32.62
37.92 37.79 46.09 65.83 76
86.13 90.76 91.82 92.95 94.29
91.91 90.6 93.69 93.94 93.17
88.91 87.74 85.76 83.17 88.93
93.5 92.39 94.51 94.96 93.73
92.62 90.05 92.57 92.83 93.4
93.12 93.62 90.64 89.88 89.82
83 86 81.88 91.01 93.06
95.25 93.87 93.11 93.84 92.46
87.4 86.29 88.48 93.3 92.38
94.14 95.06 93.85 93.47 91.64
93.07 93.57 91.01 84.91 73.94
47.51 46.66 35.94 33.77 33.82
31.18 34.11 30 31.97 30.52
29.12 34.03 27.98 31.29 27.64
33.11 27.98 28.92 28.1 25.62
26.74 43.73 35.17 29.19 31.16
29.02 31.83 29.8 31.23 28.9
28.18 31.01 28.5 31.21 26.72
37.17 27.41 30.41 28.42 45.44
46.74 43.74 46.1 50.77 48.61
54.33 53.34 51.06 51.47 44.86
42.8 38.13 37.63 31.34 30.55
30.34 30.98 32.47 28.93 28.53
30.21 27.79 27.74 27.26 27.24
30.19 27.22 30.7 31.23 32.98
28.87 32.52 29.97 33.08 31.93
35.95 34.66 30.79 33.43 31.16
33.93 36.45 34.66 31.85 33.03
33.49 29.12 30.62 34.91 35.71
30.86 36.2 34.52 38.64 33.2
37.65 35.53 39.88 35.32 35.83
42.48 39.42 38.96 40.85 44.56
39.21 38.65 28.71 29.42 35.72
31.91 36.12 37.04 34.45 35.76
37.36 35.22 35.43 36.74 33.16
37.48 36.79 33.6 33.6 36.61
35.63 37.86 33.11 43.87 35.82
27.3 41.3 33.26 38.66 35.54
35.7 36.94 32.24 37.72 37.08
33.63 32.5 33.71 33.51 33.97
31.71 34.59 31.96 39.13 37.93
41.07 41.14 51.93 49.39 57.47
65.89 54.09 61.06 67.15 65.72
65.51 70.55 70.28 68.92 63.8
72.66 70.52 65.48 68.1 72.22
71.25 65.99 70.09 67.65 63.79
59.08 61.41 53.15 46.15 40.34
39.38 33.64 35.67 36.26 33.11
37.88 40.45 39.96 34.81 38.46
40.63 36.78 35.12 34.86 33.42
33.45 33.29 29.37 36.64 32.96
33.66 33.59 38.05 33.63 37.32
37.59 39.2 36.2 30.26 39.03
34.02 34.48 29.78 31.39 31.56
27.67 29.84 28.78 35.29 28.66
35.4 33.24 26.87 32.51 32.6
30.08 34.84 28.85 31.6 32.65
34.24 31.12 34.47 28.19 29.48
29.79 30.09 30.88 35.43 36.21
32.64 32.69 33.31 31.85 36.33
37.05 37.3 39.17 39.03 39.68
40.66 49.24 40.44 45.09 40.55
49.8 41.56 39.07 43.28 41.18
36.03 49.59 37.08 38.37 36.75
39.84 38.86 39.39 46.54 40.62
43.85 41.4 42.65 44.87 43.32
41.76 48.46 40.32 43.47 42.22
43.04 42.35 42.34 38.78 47.52
44.59
