35.13 35.59 37.8 40.04 40.84
39.82 36.27 39.04 34.89 42.02
35.97 42.74 36.51 34.16 34.15
34.39 31.56 34.49 37.43 37.95
33.54 34.08 30.25 38.24 35.93
42.31 36.7 48.17 46.52 47.23
37.95 36.03 43.41 35.69 37.71
36.87 35.79 34.08 41.64 34.13
35.05 35.65 36.43 40.03 46.01
34.75 34.2 31.46 28.29 29.24
28.48 28.28 32.06 27.91 32.4
29.73 31.78 35.05 35.93 39.76
50.96 63.08 67.22 71.31 72.78
71.72 72.99 69.73 67.79 64.57
55.77 53.13 35.51 36.02 32.99
28.8 28.48 29.41 32.97 30.15
30.11 27.14 30.32 32.2 32.11
30.89 30.11 32.72 30.57 33.07
32.16 34.31 33.2 34.51 33.51
32.71 32.62 29.95 30.11 31.02
31.38 30.32 33.56 30.67 37.68
32.98 33.34 38.95 30.84 32.78
31.23 29.5 33.02 28.87 32.11
27.46 28.16 28.43 31.04 34.75
39.57 41.27 48.91 47.1 51.42
51.04 38.88 38.54 47.02 45.89
51.58 48.33 52.23 52.66 52.75
54.9 51.78 48.41 41.63 43.6
42.19 54.94 55.05 63.48 69.17
71.86 76.01 78.96 78.36 76.37
74.73 76.2 68.9 70.05 70.81
70.67 70.42 70.12 71.67 74.72
74.23 74.45 72.51 72.13 71
71.19 68.64 67.92 64.66 70.79
73.55 77.26 77.73 80.39 78.85
73.32 70.62 64.53 56.15 45.9
40.63 37.82 33.39 30.58 31.96
25.7 30.17 30.35 29.13 33.93
29.94 30.9 35.3 35.8 30.43
37.93 40.88 45.44 45.03 46.85
44.45 46.3 49.61 53.39 53.77
51.66 64.07 63.2 73.24 73.89
75.34 76.51 80.8 83 80.57
84.56 87.24 89.31 88.56 89.45
89.07 89.09 84.23 84.76 83.6
82.45 82.67 80.26 78.81 75.18
74.87 73.64 58.03 59.46 56.51
49.64 42.06 31.37 35.67 39.03
27.82 30.67 31.8 28.25 29.93
30.78 40.02 33.61 31.69 30.35
33.22 34.64 34.73 40.21 34.26
35.59 30.92 30.98 30.02 27.07
27.68 29.34 27.17 30.99 31.23
32.21 30.07 30.48 29.88 26.91
28.87 27.42 28.74 28.22 28.31
33.55 30.08 35.49 33.36 32.68
37.38 33.36 39.02 29.72 28.24
37.23 30.39 37.51 29.98 31.69
33.94 36.6 34.43 37.98 30.66
40.27 41.17 37.68 34.21 29.81
38.42 34.22 28.44 27.11 27.47
30.15 29.15 27.15 32.23 28.68
34.08 28.88 35.2 32.97 31.38
33.91 36.47 33.23 34.02 34.28
34.21 32.01 30.22 31.19 31.67
31.25 30.55 34.53 30.91 28.78
33.94 30.1 33.64 29.12 33.97
30.15 31.69 30.87 25.6 28.96
31.75 29.93 32.42 35.52 37.35
39.04 53.28 49.05 50.34 50.29
49.71 52.17 59.73 56.09 48.07
48.11 47.74 42.37 40.96 39.12
35.8 35.1 38.82 36.76 32.53
35.34 34.97 34.54 33.76 34.02
34.35 33.07 40.2 33.79 36.22
32.87 32 37.14 34.1 35.53
35.74 33.96 33.12 32.64 30.99
31.66 33.07 30.41 28.65 29.83
31.84 33.02 31.55 30.15 36.54
34.19 37.14 37.19 38.97 37.27
33.24 36.25 34.96 38.5 41.32
38.72 41.03 35.99 32.42 32.72
29.18 26.76 27.04 26.94 26.77
28.72 31.89 27.6 27.89 26.22
27.09 27.93 28.05 28.41 29.27
29.9 32.76 34.07 37.37 37.34
39.42 44.01 56.8 56.78 65.27
66.46 64.85 73.95 73.56 74.54
74.92 76.9 75.92 74.82 70.89
73.32 71.58 64.73 65.83 61.55
53.88 50.69 50.88 46.85 46.79
56.08 59.72 68.06 69.74 70.95
73.67 77.19 74.55 70.52 67.12
64.3 61.49 55.16 52.48 58.04
63.37 66.63 65.86 68.63 71.04
75.28 77.41 78.89 81.03 74.7
71.78 67.38 65.69 69.64 70.16
70.86 69.34 62.24 54.02 51.66
56.67 46.9 50.72 54.72 60.09
67.33 72.17 74.72 77.23 81.04
77.84 78.51 73.17 69.32 64.41
70.63 68.79 77.76 80.07 75.53
76.51 73.18 69.04 67.8 66.77
64.48 67.73 66.29 61.81 62.42
58.61 64.04 69.38 72.79 73.89
74.78 75.64 70.18 72.15 73.08
68.5 72.93 74.36 77.09 79.26
75.65 70.09 65.9 68.4 71.18
74.38 63.16 66.2 58.36 64.04
65.75 67.17 65.93 71.59 62.45
62.63 59.88 50.9 49.29 40.93
42.3 35.54 29.41 33.54 28.86
31.23 29.17 33.64 30.78 32.6
32.59 31.81 34.41 33.84 35.36
40.9 41.59 44.89 52.47 39.28
39.64 40.06 36.99 37.67 33.84
33.02 33.86 33.4 34.65 30.02
29.31 31.62 32.27 34.96 34.36
34.34 29.71 27.91 28.34 27.03
25.44 31.77 31.44 29.27 32.02
25.96 25.79 27.97 26.32 30.32
35.7 34.06 29.84 27 30.74
27.85 29.6 30.64 32.22 27
30.22 26.62 33.04 28.69 30.15
37.37 31.69 39.18 38.17 42.39
38.41 42.95 48.54 43.28 45.78
54.76 49.06 47.85 44.37 55.87
47.71 41.17 45.87 43.03 51.21
53.69 52.4 53.86 52.92 49.41
50.66 48.2 40.45 36.03 37.92
37.21 40.52 40.19 41.55 43.4
48.13 44.19 40.04 35.21 33.79
35.13 30.51 40.99 32.96 35.5
32.27 36.04 36.1 35.61 32.11
33.93 31.34 29.59 37.48 28.23
33.99 31.19 33.26 33.67 46.87
51.1 53.26 54.29 56.88 52.33
60.29 56.95 57.28 58.13 58.8
48.56 50.51 57.29 57.31 53.09
61.05 56.23 59.14 54.74 47.01
45.02 42.79 42.64 47.01 40.99
40.34 43.99 48.85 52.17 55.13
53.46 56.91 49.14 45.9 47.17
45.43 45.55 46.58 50.94 53
54.43 58.61 57.38 57.82 47.37
53.45 49.23 39.2 38.58 42.8
40.81 44.29 41.72 48.92 53.34
55.93 64.96 65.6 64.38 63.62
60.78 66.28 63.48 63.89 63.13
59.74 54.37 55.04 53.54 57.34
58.97 56.34 61.63 51.43 41.75
35.54 38.99 31 39.33 41.9
37.19 39.03 40.55 36.73 32.97
33.06 38.11 47.07 53.31 57.61
67.5 81.94 85.7 90.36 84.91
91.39 91.47 91.85 92.34 89.55
93.77 92.38 89.18 86.66 85.79
88.44 89 89.2 89.92 87.57
87.53 90.58 91.85 92.92 88.65
85.2 85.85 86.53 85.48 82.48
82.08 81.38 82.85 82.33 79.51
81.13 84.37 84.79 86.29 88.3
87.57 87.59 83.2 89.87 89.94
92.41 92.59 92.79 94.32 94.08
90.95 91.05 91.46 90.76 93.51
93.18 91.62 94.26 94.09 94.92
94.02 94.85 94.86 94.77 94.17
92.62 90.44 91.96 94.17 93.3
91.78 91.78 91.89 89.67 89.9
88.98 90.51 87 86.44 90.64
94.45 94.36 95.13 96 95.97
95.97 95.9 95.9 95.61 95.59
93.76 93.58 95.36 94.61 95.91
94.43 94.5 89.48 80.59 76.27
78.54 85.57 91.1 91 87.46
86.37 90.26 88.49 87.52 87.08
85.03 84 84.36 81.67 79.01
75.95 77.19 77.66 82.71 85.59
86.7 89.42 90.15 90.03 89.78
91.64 91.14 90.51 91.2 92.09
92.1 92.57 94.52 93.93 95.12
93.84 95.45 95.73 95.75 95.1
94.29 94.96 95.17 95.25 96.1
96.05 96.64 96.1 95.82 94.75
91.58 91.52 91.75 88.45 90.58
93.12 92.14 90.46 92.29 93.1
91.35 88.94 89.82 87.5 86.39
84.34 79.23 73.58 59.68 53.83
51.39 46.01 54.02 54.64 58.54
58.98 57.87 67.24 82.04 89.9
91.8 92.61 89.43 90.19 91.96
89.38 86.79 87.1 87.22 83.03
80.19 73.65 62.46 67.02 71.43
61.47 54.94 66.1 73.78 79.96
73.4 83.99 91.79 92.53 94.08
94.72 94.72 94 92.46 92.82
90.82 92.93 93.82 93.04 89.17
90.44 92.06 90.19 91.12 92.29
90.3 87.11 83.39 79.75 81.74
84.08 85.31 86.05 81.86 90.9
90.21 93.04 93.42 94.4 93.71
93.88 94.6 93.23 94.67 94.25
94.64 94.1 92.69 90.69 91.85
89.87 88.97 85.26 87.08 89.82
88.47 88.05 90.19 89.84 89.39
90.87 91.66 90.73 90.99 91.53
91.04 91.96 90.96 90.74 92.42
93.11 89.63 88.89 91.55 91.77
92.34 92.92 89.54 84.53 88.85
92.14 94.52 94.6 93.81 92.12
88.84 83.13 90.68 92.18 91
89.63 90.49 90.16 92.65 93.26
93.62 93.49 94.8 92.2 94.34
94 95.27 95.92 95.57 96.25
95.34 96.17 95.08 93.07 91.32
92.89 93.17 93.96 93.88 94.17
94.16 95.67 96.38 95.62 96.59
95.12 95.79 94.43 94.08 93.84
92.81 90.73 89.02 91.04 92.78
93.89 94.36 95.56 95.07 95.84
97.12 95.69 95.12 92.59 92.05
90.66 91.02 85.12 77.75 66.64
63.34 63.76 58.44 62.15 58.21
57.15 63.49 66.97 75.84 83.69
88.69 92.04 93.5 93.82 91.68
88.94 89.84 91.17 90.11 84.16
71.34 61.4 57.55 64.2 78.95
90.92 92.36 92.41 93.25 91.9
92.84 90.93 88.92 80.06 74.41
75.21 72.96 68.18 81.43 90.21
93.8 95.14 95.11 95.01 95.2
95.29 94.13 93.73 94.58 93.34
94.73 93.41 91.75 92.16 93.15
93.37 95.11 94.99 97.01 96.67
97.06 96.14 95.16 94.3 93.06
92.43 93.57 95.56 96.08 93.47
92.92 95.98 93.8 95.86 93.79
94.86 93.68 95.24 95.18 95.41
95.64 94.64 94.91 94.99 94.46
94.39 95.42 95.97 95.2 96.01
95.92 95.64 95.12 93.94 94.35
93.39 91.73 91.21 92 87.06
76.18 64.09 62.31 81.44 85.52
86.4 87.43 88.6 89.61 90.76
92.22 93.78 94.06 93.18 94.94
93.2 93.64 94.29 94.06 94.81
95.41 95.82 96.22 96.64 96.82
96.11 95.32 95.4 96.25 96.17
95.43 93.28 93.57 94.31 92.91
92.2 88.18 88.91 93.29 94.94
93.51 92.58 92.92 93.18 94.15
91.79 91.28 92.71 91.24 93.94
93.35 93.79 93.38 94.42 95.15
94.72 93.81 92.96 93.57 93.7
91.48 90.85 93.16 92.41 91.87
91.33 94.75 94.26 94.02 93.82
95.18 94.21 91.54 90.55 90.65
93.57 91.81 91.09 92.17 93.34
91.67 93.71 93.28 94.41 93.34
91.97 92.12 92.59 90.7 90.11
86.98 82.15 81.28 82.17 81.56
81.66 85.22 82.31 84.17 87.09
91.97 92.38 93.09 92.75 90.71
90.09 90.07 91.28 90.94 91.05
91.35 91.57 92.35 92.58 93.32
92.69 93.68 93.98 92.94 93.4
93.63 91.78 90.94 83.14 80.34
74.59 71.93 54.96 58.31
