39.1 40.54 41.72 47.34 55.08
48.2 42.12 44.96 44.87 40.21
52.69 40.78 43.79 50.94 42.11
46.85 53.45 60.7 61.09 56.53
66.69 60.96 76.99 81.21 83.42
87.99 85.89 87.61 90.41 91.36
91.36 90.99 92.26 92.44 89.6
89.51 89.22 90.38 91.71 93.02
94.67 94.18 94.64 94.75 95.4
96.38 96.28 96.71 96.52 96.37
95.36 95.53 96.17 95.29 94.53
95.92 95.95 94.41 94.29 91.78
92.01 93.85 93.88 92.24 92.74
92.99 95.54 95.5 95.21 95.61
96.79 95.7 93.83 95.85 94.84
88.01 92.29 94.6 93.12 91.55
94.8 92.68 91.32 91.99 93.27
92.6 94.02 95.89 96.11 96.2
96.77 97.77 97.3 96.6 95.4
94.41 94.32 94.62 91.14 89.44
84.99 83.2 86.26 90.09 93.48
95.88 96.79 97.8 98.13 98.07
97.42 96.49 94.97 95.07 96.01
96.04 97.13 97.93 97.83 97.96
97.31 96.14 95.21 94.25 95.26
93.35 90.99 91.37 90.49 88.71
85.08 83.25 81.29 79.69 88.19
89.53 91.47 92.87 90.76 93.94
94.21 92.56 93.5 94.56 93.11
91.51 90.05 88.83 93.51 95.77
97.12 96.75 97.12 95.89 96.31
95.07 96.02 97.41 97.48 97.27
95.48 93.61 93.53 96.16 97.46
97.89 97.84 97.67 97.23 96.84
97.65 97.79 96.78 95.61 96.11
96.41 96.67 94.74 93.62 95.31
93.74 92.94 92.7 93.47 91.91
94.31 95.32 96.07 96.14 97.25
97.08 97.7 98.35 98.33 98.33
98.37 98.39 98.34 98.29 97.87
97.79 97.93 97.08 95.63 95.76
95.63 94.06 91.64 93.48 94.39
94.87 94.87 93.57 95.17 97.08
96.19 96.42 94.18 95.71 97.77
97.93 98.02 96.94 95.85 96.62
96.66 98.42 98.27 98.19 97.51
94.46 92 93.52 88.66 89.63
93.24 91.01 92.46 92.1 91.35
89.99 90.44 90.52 91.72 90.75
86.96 80.13 77.94 75.89 76.35
76.98 76.73 85.52 89.61 94.88
96.96 94.24 94.73 93.68 92.38
92.01 89.69 86.79 81.47 72.36
63.23 57.5 58.83 68.51 87.79
92 93.72 95.83 95.68 95.24
97.67 98.32 98.19 97.99 98.45
98.13 98.25 98.05 98.13 97.97
97.12 95.95 96.26 95.2 92.93
93.61 95.87 96.92 97.43 94.37
94.13 91.57 92.44 88.78 89.41
93.73 94.66 93.66 93.88 96.56
96.11 93.18 95.75 96.75 95.04
95.11 95.32 96.02 92.39 95.64
93.06 88.79 89.5 87.1 87.23
93.77 95.92 96.36 97.69 97.47
97.01 97.85 98.21 98.24 97.45
97.9 98.4 98.22 97.59 96.59
94.33 93.66 96.26 97.88 97.28
96.13 93.38 91.81 92.33 96.19
96.36 96.57 97.9 97.28 96.16
98.02 97.63 97.88 98.03 96.43
95.78 95.29 94.67 97.56 96.52
97.28 95.4 96.94 97.95 96.56
95.39 96.49 95.32 97.04 96.12
95.65 95.66 94.13 93.93 94.72
94.73 95.46 94.46 95.11 95.25
94.16 93.77 94.39 93.12 90.02
87.67 86.16 77.2 71.44 64.74
53.43 55.83 61.9 71.65 78.53
85.11 89.95 87.48 90.01 88.38
88.35 91.8 94.31 91.48 93.31
94.08 95.08 95.95 95.28 96.64
96.99 95.12 96.78 96.35 95.36
93.74 87.18 72.35 63.76 58.91
45.37 46.82 44.37 36.58 28.24
31.46 29.49 26.16 28.84 31.82
30.6 30.78 32.93 37.58 36.36
37.08 38.71 37.01 38.05 44.74
48.53 50.2 48.72 54.88 56.14
56.69 67.11 65.3 59.75 69.43
70.76 65.41 68.44 71.83 70.1
69.21 74.32 73.14 67.32 70.04
74.6 71.44 71.37 74.45 72.18
67.85 68.37 73.62 72 64.31
70.79 71.65 69.11 66.24 73.04
72.36 64.58 70.93 76.94 71.89
70.67 76.64 74.19 69.15 72.53
76.59 71.27 72.71 76.47 75.11
69.96 74.23 75.07 71.71 69.09
74.53 74.75 69.28 71.93 76.14
70.35 70.23 75.32 72.17 70.66
72.07 75.53 71.54 72.74 75.07
74.08 70.12 75.3 75.97 72.72
75.84 76.94 78.03 73.15 79.94
80.52 78.7 77.32 82.85 80.69
81.6 83.49 85.15 82.24 83.85
86.21 85.26 84.99 85.17 85.3
84.51 85.22 85.52 83.15 82.35
82.2 81.11 74.95 74.63 72.97
65.55 56.68 55.64 54.89 61.36
64.83 66.56 67.15 72.45 76.16
78.73 81.59 82.09 84.02 84.39
84.88 85.3 85.57 87.24 85.47
86.04 85.8 85.76 86.16 85.93
86.75 84.52 83.15 80.9 81.62
82.43 79.81 78.75 80.2 80.89
77.09 77.56 81.15 76.39 75.41
76.47 77.8 71.2 74.87 78.45
74.9 74.74 76.29 77.55 71.29
74.05 76.27 75.28 69.5 74.84
75.65 70.48 73.15 76.32 75.23
69.5 77.71 77.99 72.42 73
79.79 78.38 75.83 78.32 81.71
76.03 76.47 81.53 81.15 76.82
80.52 78.72 75.29 75.27 78.76
80.25 73.67 75.77 79.19 74.52
78.8 77.1 79.11 76.34 76.34
77.35 76.74 75.02 75.7 80.28
78.69 77.58 77.6 78.59 77.22
77.82 80.56 80.11 79.45 76.98
79.62 78.08 78.42 81.81 79.08
79.93 79.13 80.39 82.1 82.24
82.43 82.72 83.07 84.36 84.34
82.59 84.8 83.96 84.59 82.94
83.46 83.03 83.65 83.21 85.19
83.8 83.81 83.55 84.72 81.41
83.32 82.61 82.27 80.82 81.4
81.52 80.43 81.18 81.52 78.96
81.17 80.73 81.58 79.2 79.59
81.12 78.5 78.37 78.47 76.94
77.37 74.72 73.54 71.82 71.72
68.15 67.59 63.82 64.83 59.89
59.05 54.5 48.83 50.87 44.29
32.61 35.92 34.99 32.51 31.66
32.71 28.08 29.01 40 43.29
39.66 42.44 43.43 43.16 46.36
49.73 48.23 47.74 56 53.97
48.7 55.3 63.89 59.31 60.88
67.44 65.41 62.08 70.28 73.31
71.43 71.64 75.05 76.13 74.71
74.17 75.87 78.03 75.56 77.05
75.1 73.78 76.06 78.28 76.2
75.31 77.8 78.48 80.66 81.54
81.43 82.42 79.41 84.01 80.69
76.79 83.71 83.23 83.21 83.86
84.93 84.29 85.52 85.11 85.36
84.25 87.42 87.98 86.5 83.53
85.72 86.27 86.21 85.46 86.11
84.82 83.05 86.17 87.58 84.97
84.36 83.24 83.99 77.25 83.75
84.4 82.49 81.92 82.57 81.9
77.71 79.31 80.06 81.13 78.34
84.13 81.84 79.35 81.11 80.24
76.76 77.19 79.99 80.92 78.8
80.58 78.44 79.47 76.68 81.38
78.63 76.93 78.56 77.81 77.81
75.82 78.45 80.68 77.51 75.49
80.72 78.86 79.12 77.62 78.96
75.09 74.64 81.25 76.6 67.61
75.7 76.18 72.75 73.76 77.63
72.87 74.98 72.26 74.55 73.16
69.91 72.43 72.75 65.74 76.05
75.08 70.99 69.95 74.58 73.85
72.21 72.17 71.44 71.52 69.89
68.95 69.43 69.72 71.37 68.51
69.6 74.05 72.24 70.72 75.28
75.8 74.79 75.13 78.12 77.97
77.69 75.84 79.13 78.6 78.06
78.41 79.74 77.33 76.02 80.71
78.92 78.38 79.33 80.85 80.79
81.3 82.72 81.5 81.18 81.04
83.23 81.47 82.94 82.03 82.81
80.79 81.56 82.09 79.19 79.26
79.24 80.05 77.37 78.64 78.78
79.27 76.59 76.7 76.73 75.84
76.75 74.33 77.12 75.79 72.23
74.3 70.84 72.34 67.15 70.46
66.28 67.57 65.76 60.33 64.77
62.05 58.49 56.16 62.35 57.26
54.13 58.7 51.95 54.45 51.21
54.32 53.73 49.06 55.16 50.33
58.04 45.67 46.01 50.25 56.89
45.78 48.03 65.34 52.84 59.62
50.87 63.65 55.94 53.36 65.89
61.78 63.38 51.37 70.19 62.07
54.91 69.02 65.56 72.37 63
70.36 69.27 70.53 65.97 68.84
69.46 70.18 64.18 68.37 70.64
65.76 62.75 66.76 70.67 64.89
63.75 69.11 69.15 62.88 62.92
66.65 62.64 57.72 65.55 67.81
59.45 64.09 64.42 62.16 62.39
66.59 67.94 63.29 65.69 67.6
67.2 63.72 69.85 68.51 66.44
67.43 69.17 62.16 61.3 67.91
64.4 60.71 61.92 64.46 59.27
57.84 56.89 54.83 51.81 52.57
53.73 50.41 46.6 45.1 49.51
47.11 39.41 44.21 36.5 38.54
36.18 39.2 39.34 40.4 39.48
35.92 43.17 47.75 55.9 51.18
55.82 56.9 62.32 58.56 58.31
70.39 67.22 62.05 71.5 74.72
63.25 71.37 73.57 72.63 69.69
75.97 74.85 68.22 73.55 75.47
77.29 68.33 76.49 79.34 74.15
70.96 79.3 81.42 70.15 76.64
81.04 76.54 70.24 76.27 77.83
69.14 71.49 73.12 74.19 71.25
70.39 73.5 71.09 71.96 77.65
77.62 78 81.32 84.34 84.83
86.01 88.89 88.43 87.43 88.4
89.24 86.99 86.55 86.41 85.76
83.09 83.56 82.48 80.1 78.8
74.87 76.55 70.78 73.14 70.14
66.21 57.23 56.29 48.2 48.49
42.84 35.46 31.82 33.72 35.4
33.37 34.32 31.59 39.77 32.58
31.91 33.35 30.42 31.48 31.36
31.59 31.29 35.44 45.79 52.75
57.98 71.15 83.15 88.45 89.4
92.04 92.61 90.56 87 84.03
75.69 64.59 55.37 49.11 54.85
58.5 62.79 65.14 73.49 84.8
86.75 90.52 91.18 92.58 92.66
90.7 89.82 86.01 82.37 85.78
90.19 91.74 92.84 93.32 92.96
89.86 89.95 85.8 86.94 87.4
86.24 84.84 86.13 87.6 88.27
89.96 89.21 90.39 91.37 91.03
87.92 87.6 83.66 83.69 84.52
80.1 83.02 87.21 88.5 89.64
86.19 83.98 77.57 75.81 78.21
77.37 75.71 73.98 77.16 80.9
81.56 84.08 85.73 85 88.87
91.82 90.97 93.11 90.65 89.97
86.64 87.17 77.96 75.39 77.66
74.09 84.91 85.14 83.11 71.98
62.7 52.65 46.17 40.8 39.13
28.48 30.77 29.66 27.97 29.83
33.1 34.5 53.24 57.51 74.36
79.33 78.04 78.97 77.8 72.7
82.43 80.97 87.61 85.67 88.11
84.16 88.2 86.8 83.8 83.35
87.45 85.19 89.63 89.95 85.66
83.07 87.63 87.64 89.4 88.79
88.28 87.92 88.2 83.73 81.47
84.26 84.6 87.65 89.89 90.44
89.99 89.81 85.76 80.14 70.23
79.77 82.63 85.15 89.32 89.49
91.68 88.92 86.5 86.77 81.56
81.02 78.9 69.1 70.09 70.86
74.69 79.13 80.1 80.57 77.69
73.48 64.28 62.19 61.19 59.53
62.19 63.08 67.44 67.03 79.43
83.91 87.7 90.17 91.26 92.48
92.41 89.29 90.49 88.56 88.68
88.75 92.6 89.11 89.66 91.05
89.12 86.29 85.3 86.65 83.85
81.92 75.65 72.36 64.26 57.71
49.07 45.69 40.56 36.81 37.9
32.78 31.8 31.89 30.9 31.59
32.04 35.4 38.39 36.01 34.47
33.51 35.52 35.4 32.3 34.05
31.11 33.57 33.3 30.54 33.02
31.98 32.67 36.18 32.19 31.53
34.83 34.39 37.63 43.64 39.78
34.88 41.75 35.35
