38.01 42.49 33.67 40.66 35.56
41.82 33.78 35.27 33.05 35.74
38.85 39.38 41.79 40.41 48.76
39.62 47.19 41.09 38.18 37.2
35.22 38.68 41.94 35.8 36.38
43.26 37.76 39.36 44.61 40.25
39.56 39.98 41.27 38.01 41.03
30.82 44 32.5 38.38 38.18
33.7 40.28 38.71 36.94 38.17
39.77 39.4 38.2 41.24 36.04
39.86 41.71 41.35 42.86 37.46
45.2 47.9 37.63 39.27 35.11
41.7 32.74 31.52 31.75 34.31
31.22 46.13 31.2 33.13 35.21
39.27 37.78 40.77 38.4 35.52
39.69 31.02 31.78 33.71 30.54
29.01 31.05 29.49 36.41 39.84
36.84 38.16 35.05 39.37 46.43
44.88 49.29 52.57 53.48 46.95
71.78 75.81 76.92 77.36 76.9
82.39 78.43 79.43 78.94 82.36
76.98 77.22 75.56 70.06 67.2
60.98 56.43 48.02 39.99 34.02
36.78 37.36 40.3 35.74 44.12
39.2 37.31 36.89
