42.94 47.72 39.8 41.55 49.39
51.79 44.67 43.5 46.7 42.94
45.07 41.81 43.37 42.55 49.36
41.05 41.99 46.9 46.32 53.55
47.43 55.12 47.28 48.61 59.28
54.91 51.19 48.1 52.56 55.03
50.7 56.52 51.39 45.18 50.51
48.21 46.13 41.62 40.83 41.85
46.56 42.54 41.48 42.11 44.97
45.16 49.07 50.12 44.93 47.57
40.73 45.16 40.36 42.89 38.86
36.31 40.84 42.6 43.03 40.79
36.61 50.63 40.83 36.43 43.94
37.16 46.87 44.3 40.84 43.57
38.01 42.15 44.67 42.7 45.95
40.72 42.68 39.05 41.01 35.54
44.04 46.03 44.72 41.76 48.07
41.74 40.98 44.37 38.46 39.57
37.77 36.48 39.06 42.52 40.78
41.65 39.29 37.57 38.91 38.31
40.78 38 41.91 37.9 42.68
45.2 43.78 45.12 42.4 52.69
47.6 46.24 39.52 36.68 36.25
37.91 39.01 39.55 44.09 49.02
41.86 44.1 44.58 44.24 43.06
48.77 48.62 43.15 41.17 51.33
53.54 42.89 38.59 40.28 35.47
40.49 35.41 41.44 38.19 38.79
41.34 39.09 40.78 40.43 38.75
43.97 40.76 37.53 34.47 35.43
38.53 35.03 36.43 37.3 37.76
36.49 38.62 43.24 35.71 40.25
38.17 37.1 38.32 37.95 43.17
43.84 45.33 42.49 45.48 43.22
44.26 45.43 39.4 37.45 40.73
46.13 42.45 35.58 42.4 39.12
40.17 38.07 38.74 37.3 36.11
39.65 38.83 38.3 35.52 37.43
32.52 33.61 31.36 36.53 36.42
36.77 39.22 37.34 35.23 42.27
37.11 36.83 35.75 30.67 40.47
34.47 35.24 34.39 44.15 37.08
39.39 39.31 43.87 42.73 38.69
37.94 40.03 41.67 43.97 34.86
47.65 37.34 39.55 43.46 45.43
45.26 41.08 40.46 40.05 42.42
44.74 39.58 40.76 43.56 32.69
35.04 41.33 41.09 35.37 35.07
35.02 29.79 30.75 31.4 36.76
29.58 30.35 35.25 36.08 42.37
37.87 39.89 35.13 28.76 26.22
27.87 28.43 35.87 36.58 29.06
30.25 30.07 32.48 29.14 31.17
42.8 34.53 45.26 47.16 45.98
40.02 49.69 64.55 49.22 55.35
61.21 68.37 61.05 64.84 67.66
65.7 55.38 61.85 58.7 57.95
53.87 55.5 60.17 50.74 50.06
51.73 47.17 42.98 45.28 40.29
44.19 51.14 52.98 49.23 46.57
57.08 49.79 54.37 42.47 42.56
45.4 42.41 38.18 39.99 45.48
46.4 49.67 46.28 41.29 43.99
48.35 36.2 48.63 46.48 37.88
38.14 36.96 31.82 39.06 40.16
39.82 46.53 39.44 44.87 40.42
51.23 54.61 54.94 56.24 56.69
60.31 58.22 66.47 74.54 77.18
72.79 76.4 79.25 77.2 74.15
76.6 79.44 75.67 74.36 69.61
76.25 71.56 75.04 74.92 77.26
74.59 80.39 80.67 79.7 78.62
80.1 77.05 77.44 79.8 78.84
75.58 76.52 76.23 75.06 73.08
68.97 74.67 69.14 69.64 78.27
67.9 68.63 69.16 70.03 65.18
73.09 57.03 68.88 63.09 67.77
65.78 62.68 62.6 65.42 59.74
59.94 67.07 67.67 59.15 66.45
71.04 66.82 62.85 68.24 70.45
67.11 60.42 63.75 59.78 55.16
53.02 54.49 45.52 47.94 47.27
49.42 45.85 45.92 43.73 49.45
44.45 48.47 45.79 45.24 38.52
42.45 40.28 42.92 49.84 40.57
46.44 42.12 51.07 51.86 45.75
47.8 50.99 52.66 45.57 58.38
58.17 57.26 51.18 58.55 62.58
56.99 56.39 57.36 56.43 50.32
53.28 55.19 54.05 49.66 47.48
46.67 47 51.29 50.53 48.63
51.66 50.85 53.79 58.97 56.1
55.22 60.96 63.73 61.67 61.68
68.19 64.53 56.61 66.92 64.26
62.53 60.95 65.35 63 63.83
70.24 72.71 74.59 75.54 78.88
81 81.67 82.22 81.46 79.62
81.96 80.66 82.49 78.87 75.12
73.73 73.8 70.27 69.29 71.39
74.15 71.69 72.68 73.22 71.87
72.9 75.35 82.14 78.48 78.66
80.44 82.9 84.54 85.76 86.49
87.46 87.49 85.65 84.67 87.15
84.11 84.17 84.58 83.74 81.24
76.5 74.69 69.78 64.7 56.46
57.29 60.08 58.46 53.12 54.33
59.93 58.79 59.71 61.61 64.73
64.71 62.43 62.76 56.53 56.86
51.17 55.17 54.44 54.04 45.48
