38.24 42.99 41.97 50.74 48.25
58.54 64.88 75.22 88.5 93.18
97.1 98.23 98.74 98.79 98.69
98.78 98.59 98.61 98.58 98.54
98.01 98.2 98.12 96.85 97.74
97.04 98.28 98.22 98.22 97.65
98.3 98.53 97.97 97.59 98.14
98.45 97.5 97.06 97.58 96.12
98.33 97.82 98.48 98.15 98.18
97.57 96.5 96.81 96.66 97.44
96.04 96.43 96.19 97.01 96.77
96.92 97.44 95.55 94.87 94.25
94.8 92.89 93.54 94.67 95.59
96.23 95.9 94.1 96.38 96.94
97.3 96.93 97.91 97.97 98.2
98.09 97.83 97.97 97.69 98.1
98.4 98.26 98.37 98.73 98.75
98.8 98.48 97.65 95.52 96.1
98.55 98.73 98.42 98.39 98.77
98.63 98.4 98.52 98.7 98.37
97.77 96.39 97.53 97.64 97.71
98.03 98.28 97.97 97.83 98.16
97.94 97.86 97.58 98.59 98.67
98.64 98.35 98.23 98.36 97.98
97.55 97.18 95.96 96.75 97.82
98.11 98.34 98.55 98.01 97.93
98.06 96.55 97.86 97.85 97.82
97.23 98.42 98.2 97.32 98
98.52 97.44 96.52 96.83 97.62
96.1 96.67 98.12 97.98 97.61
97.47 97.65 97.6 96.75 95.29
94.2 95.02 95.56 93.45 92.77
93.29 92.88 87.31 82.25 86.93
92.24 93.92 95.01 93.57 89.2
86.59 83.8 91.8 96.19 96.58
93.06 90.78 85.72 77.98 67.54
54.96 49.38 47.7 46.45 48.2
36.41
