38.12 35.98 29.25 31.53 35.34
31.3 27.85 35.56 28.86 39.37
30.95 32.27 35.75 33.89 37.08
30.54 33.33 31.75 31.73 27.5
26.85 25.25 28.74 24.77 28.76
24.14 23.97 25.21 24.38 23.75
22.04 24.94 23.84 23.66 25.79
27.49 30.45 26.3 29.73 31.76
33.19 28.4 37.98 36.41 33.6
32.47 36.2 29.21 29.93 31.24
29.58 28.02 31.44 32.73 33.26
31.34 33.78 27.6 34.71 30.72
33.09 32.82 32.03 49.68 59.9
65.66 69.52 69.6 72.27 77.64
78.79 80.42 82.63 82.92 84.37
85.8 87.02 87.3 89.01 89.77
89.76 88.52 91.06 91.65 91.01
92.16 91.84 90.59 89.45 89.16
88.42 85.66 86.37 84.14 75
74.7 72.1 72.81 78.53 78.33
77.03 81.78 85.56 85.81 87.12
88.63 89.15 89.31 89.57 90.02
90.73 87.93 89.84 90.98 90.99
90.21 91.08 92.48 91.98 92.08
92.46 93.68 92.02 91.75 93.71
92.65 90.43 92.76 92.12 89.47
90.35 90.41 87.91 86.87 87.32
83 80.49 81.72 79.32 69.47
65.05 64.56 57.38 57.03 69.52
72.79 76.64 79.17 78.48 83.64
85.24 85.09 85.35 88.62 90.21
88.96 89.92 92.1 90.97 87.94
89.87 91.68 90.46 87.61 89.67
90.7 88.49 85.84 88.25 89.03
85.45 85.54 86.86 86.67 85.09
83.16 82.94 85.86 85.24 87.66
87.88 89.34 91.15 95.37 96.14
96.15 97.33 97.1 96.54 94.64
93.97 87.72 76.41 71.9 59.04
63.7 79.18 88.3 90.78 92.73
93.48 93.1 94.25 95.38 95.75
95.75 96.96 97.35 96.91 97.53
97.56 97.3 97.55 97.43 96.96
96.17 96.23 94.9 96.08 97.11
97.01 97.5 97.51 97.44 96.33
96.2 95.57 96.59 95 91.63
85.4 79.61 83.86 91.03 93.88
93.56 95.39 97.52 97.67 97.92
97.44 97.53 96.23 93.5 92.19
91.37 95.85 95.23 93.44 94.63
95.95 93.32 93.92 95.47 94.5
94.12 94.18 95.19 94.35 94.28
93.59 93.01 91.74 88.61 84.5
85.29 82.49 81.92 81.73 82.65
85.07 83.17 86.06 91.02 90.91
89.75 90.95 91.72 93.86 93.83
94.77 96.78 96.52 96.62 94.17
93.96 90.2 82.06 80.41 77.19
78.76 78.29 83.7 84.37 85.68
90.09 88.72 92.53 92.94 93.62
94.76 95.06 95.57 94.56 94.47
92.85 90.7 89.68 87.7 83.15
78.61 86.91 89.05 86.31 88.71
88.51 90.3 90.79 91.83 92.64
95.11 96.52 96.41 95.97 96.14
95.57 93.9 92.72 91.94 93.09
94.2 95.98 96.25 95.99 95.02
93.56 90.62 92.84 90.24 92.13
92.75 94.59 95.17 95.62 94.69
94.91 95.25 95.36 94.3 93.66
94.27 94.87 93.67 93.19 93.9
93.06 92.81 92.71 91.65 89.81
90.57 91.83 89.8 87.56 90.58
91.95 88.79 88.49 91.69 93.06
91.27 92.45 92.08 91.58 92.01
90 86.32 85.14 81.89 81.01
83.58 85.94 86.82 90.61 93.54
94.9 95.84 96.77 96.43 95.34
93.7 94.69 96 95.99 96.91
96.51 95.79 93.48 91.86 91.76
90.15 92.65 94.48 95.05 94.48
93.75 95.39 94.42 94.96 96.34
95.88 95.33 92.38 93.91 94.31
93.48 95.36 95.7 95.04 95.07
95.37 93.73 92.85 93.71 92.06
89.07 90.6 90.69 88.88 86.08
87.99 87.86 86.26 86.52 86.21
84.59 84.59 83.45 83.43 77.36
77.19 77.41 73.27 60.95 51.19
