38.1 43.39 36.25 43.41 42.58
44.6 45.29 51.9 45.26 42.73
45.64 58 53.18 62.08 51.97
51.54 44.41 56.95 43.04 48.37
61.06 41.87 42.76 42 39.57
45.76 34.24 36.1 28.96 27.68
27.76 33.61 34.16 39.87 40.77
42.75 55.07 58.33 62.26 53.12
47.06 57.37 50.86 47.73 43.86
43.26 58.11 52.31 49.29 62.59
52.94 66.43 49.13 49.85 38.88
43.76 35.9 34.28 34.29 32.23
28.96 27.89 31.74 31.86 37.31
32.75 44.05 33.48 38.46 39.9
54.09 48.74 55.4 55.05 58.54
64.52 68.13 76.56 74.98 78.48
79.84 81.8 79.66 83.58 83.44
80.75 82.99 84.5 84.93 84.88
83.43 84.26 81.75 81.19 82.46
78.16 76.43 67.77 68.7 60.34
54.12 47.28 49.39 40.32 50.72
48.77 43.91 54.69 70.5 71.29
75.8 81.48 80.54 82.63 87.67
86.55 91.83 91.22 91.04 93.83
94.38 95.05 94.88 95.13 93.61
93.07 94.06 94.46 92.26 88.57
90.94 90.64 85.23 84.54 86.37
80.77 66.72 63.47 61.14 59.09
54.03 55.6 58.49 74.35 82.16
83.75 84.2 84.1 86.63 91.21
92.01 94.48 94.12 93.3 91.12
95.12 94.21 91.37 94.18 93.38
93.71 93.2 93.91 93.56 94.19
92.97 95.44 95.81 95.35 95.39
95.04 95.41 96.54 96.66 96.73
97.93 96.39 96.98 97.35 97.45
96.55 97.85 97 96.31 96.36
97.57 95.75 96.69 96.1 95.3
96.44 97.58 96.93 97.82 97.21
97.33 97.47 97.43 96.68 96.98
97.84 97.47 96.87 97.77 98.02
97.39 96.33 96.49 97.01 96.03
94.97 95.62 93.59 91.89 92.11
88.23 82.66 78.17 67.75 56.69
54.07 52.17 49.86 40.81 40.57
40.34 42.07 48.63 35.94 30.47
35.62 39.32 42.5 42.1 41.89
45.69 49.84 53.05 45.07 57.77
55.64 62.02 55.17 44.88 46.92
40.88 51.39 43.02 40.35 46.38
48.38 52.84 53.72 57.52 59.35
73.41 68.57 65.98
