35.31 35.87 33.81 34.62 29.65
31.11 29.19 29.05 28.93 28.45
30.92 34.27 31.73 33.54 35.18
32.73 31.52 39.49 28.75 33.34
33.32 38.95 34.92 34.17 35.58
35.65 35.33 29.72 23.96 29.67
30.21 27.14 28.12 24.63 25.69
25.91 23.59 25.71 28.16 25.42
26.07 22.47 24.43 22.4 23.18
26.28 24.03 20.63 22.78 20.97
22.88 19.47 35.91 25.85 19.49
23.47 23.42 19.29 25.7 22.95
19.31 23.23 22.25 26.23 23.61
22.53 24.77 22.88 25.4 24.16
28.55 29.16 27.72 27.18 28.63
25.88 26.32 30.3 30.84 29.67
35.02 35.08 36.88 36.14 43.86
53.69 58.25 70.08 82.81 86.27
89.31 87.83 88.07 87.7 88.27
88.26 89.64 86.98 89.6 87.01
85.23 87.35 89.36 88.6 89.98
89.89 90.65 92.74 92.63 93.71
94.52 95.04 95.11 94.42 94.46
94.46 92.89 91.42 90.18 88.74
86.52 80.99 82.29 77.04 72.69
66.9 64.67 71.34 77.54 83.36
91.23 94.93 96.05 94.95 95.03
92.02 90.03 87.95 88.24 89.89
90.68 92.45 94.09 94.48 94.06
94.99 94.49 94.24 94.02 93.86
92.5 90.45 90.29 89.46 86.78
89.06 88.62 91.15 91.26 92.79
93.44 90.64 87.45 82.6 73.77
65.85 58.52 54.47 55.34 50.81
54.67 52.39 52.01 51.03 53.16
52.16 50.39 48.04 48.85 54.54
50.85 47.32 44.77 44.49 44.88
48.28 52.2 52.48 63.71 68.61
81.81 84.57 86.79 89.23 89.78
92.55 91.2 89.88 91.87 90.74
88.44 87.79 85.64 83.51 81.94
81.32 73.4 69.75 69.46 66.17
74.23 68.74 65.92 63.59 58.63
56.85 58.61 65.15 75.37 85.61
87.68 92.17 93.76 95.64 95.37
92.67 90.48 90.52 89.96 86.68
86.61 91.02 87.85 85.67 87
90.73 92.66 92.19 94.75 95.33
94.2 93.42 94.55 94.51 92.13
92.46 91.71 89.32 87.47 85.64
84.08 87.46 92.08 94.54 96.13
95.8 94.59 90.92 88.29 78.81
65.58 58.39 53.99 53.76 55.88
64.2 72.52 80.59 80.99 85.06
90.19 92.51 91.29 90.37 92.18
93.63 93.76 93.52 93.53 92.67
91.77 94.07 94.12 93.76 94.46
92.34 92.88 89.3 89.02 90.98
90.36 88.65 90.31 90.89 90.74
90.22 91.03 91.5 90.76 90.42
89.8 89.71 88.92 87.68 87.47
84.83 82.25 81.78 76.44 64.85
60.58 59.03 57.1 62.81 66.6
67.9 71.04 76.66 79.67 82.23
83.39 84.64 86.06 83.32 85.2
85.71 81.24 79.17 81.01 79.28
86.56 89.78 91.43 91.18 89.11
90.43 90.92 90.11 88.36 88.9
87.44 84.28 82.48 80.31 75.76
59.57 52.57 44.19 37.51 35.79
37.75 33.51 39.46 29.47 28.11
27.71 27.68 27.02 23.59 28.91
22.02 27.4 24.31 26.96 27.96
25.45 29.46 24.27 32.76 25.49
29.02 28.86 26.86 25.69 30.32
27.52 30.45 36.22 33.02 33.53
36.91 39.77 44.14 50 54.3
57.86 60.69 59.65 59.84 62.18
62.87 63.7 68.65 73.09 82.12
87.03 88.53 88.63 92.6 94.21
92.83 93.29 95.97 94.97 92.47
92.32 91.58 91.9 88.5 82.24
72.5 64.91 57.4 57.58 62.3
69.68 78.92 83.5 90.59 94.5
94.4 96.28 95.51 92.72 91.96
93.91 92.56 91.93 92.12 91.59
93.19 91.95 92.49 94.91 95.95
95.07 93.33 94.06 92.85 89.5
87.01 87.13 81.99 82.82 87.12
90.82 88.97 90.69 94.22 95.76
95.47 95.63 96.7 96.79 95.57
95.35 95.93 94.86 92.16 93.06
94.07 92.36 94.42 97.4 97.61
97.15 97.96 98.44 98.01 98.22
98.2 98.25 98.43 97.92 96.89
96.83 95.98 93.53 93.13 92.44
88.94 86.85 87.06 84.79 89.19
88.49 87.17 86.54 89.09 93.58
91.11 93.01 95.41 96.56 96.25
97.4 97.98 98.21 98.17 97.84
97.99 97.86 97.06 97 97.36
94.85 93.1 91.64 91.3 91.06
91.02 88.28 85.93 81.08 66.55
53.24 47.14 54.3 59.85 70.84
82.7 86.43 89.95 92.13 92.94
92.09 93.53 91.92 92.53 89.52
90.45 91.08 91.94 91.58 90.84
91.71 92.16 93.01 92.48 93.61
93.02 93.37 92.89 92.7 93.08
92.36 91.7 90.6 89.95 89.02
90.55 92.24 93.78 90.86 90.44
94.35 92.45 89.85 90.39 92.04
91.31 91.68 92.1 90.62 89.97
89.49 87.64 85.9 73.15 69.19
67.89 75.15 75.57 87.92 89.43
91.72 91.26 89.39 90.52 92.13
90.75 87.05 86.66 87.48 87.5
83.65 79.61 72.31 65.21 68.61
60.51 57.99 60.64 59.84 61.68
69.97 77.74 83.85 86.67 88.27
85.34 76.48 65.27 58.79 60.55
60.35 52.44 52.99 51.34 49.08
44.95 41.92 41.46 35.16 39.73
30.46 28.95 24.65 27.55 23.05
24.06 21.52 24.82 25.24 27.33
25.16 24.5 25.87 23.83 23.67
23.78 26.98 22.9 24.38 28.53
23.19 27.52 28.65 23.68 26.35
23.78 22.15 25.65 25.17 28.06
31.22 24.97 24.28 29.2 25.03
31.53 27.17 31.1 28.62 33.13
30.83 41.74 30.26 30.35 34.52
28.67 31.38 34.74 29.41 29.09
29.5 30.14 32.14 35.05 32.13
32.71 32.03 36.6 35.53 37.19
40.42 39.47 37.4 43.08 34.65
41.48
