37.76 50.21 38.62 34.12 42.63
36.99 34.24 38.7 31.37 38.46
35.24 36.89 35.58 38.03 35.11
37.01 38.78 37.79 34.12 35.85
37.13 36.13 34.7 37.28 36.67
36.33 35.09 37.18 37.88 27.47
34.79 34.43 32.41 30.19 26.05
28.27 33.39 29.35 32.24 31.19
29.04 30.43 29.74 26.54 29.84
26.04 32.61 29.21 26.52 27.47
27.08 29.7 26.68 24.95 27.87
27.46 25.82 31.53 31 30.71
30.47 32.51 28.84 31.46 30.17
30.94 31.99 33.63 29.58 37.27
32.77 39.26 37.58 31.96 37.21
32.66 37.61 35.06 33.5 35.19
32.19 32.23 32.23 34.53 32.71
34.94 33.99 33.5 31.89 31.02
30.04 30.92 28.75 27.19 28.7
28.16 29.85 31.62 28.87 32.59
47.43 56 63.25 69.71 70.6
73.06 63.64 74.45 69.84 71.56
61.28 60.54 51.38 46.74 50.73
41.78 42.45 31.72 36.77 48.62
50.02 44.2 57.56 57.6 64.09
65.92 70.82 72.42 67.32 74.91
70.77 63.47 72.42 68.73 66.48
55.73 58.23 50.07 50.11 47.55
46.09 47.87 41.58 42.15 34.18
36.57 39.76 34.68 40.57 38.08
44.13 42.71 50.78 44.57 43.42
44.54 46.79 41.36 46.71 46.11
43.58 44.85 54.05 58.11 65.57
73.29 84.67 90.68 92.79 94.25
93.47 92.7 94.34 93.74 93.09
92.89 92.85 91.8 91.97 91.72
91.11 88.87 89.75 91.7 91.94
92.69 94.34 94.22 92.94 93.23
92.72 92.94 91.95 90.38 90.95
89.62 87.5 85.67 85.92 85.42
82.06 76.5 75.6 71.26 67.27
58.37 51.76 48.41 51.06 49.22
44.34 47.44 45.85 46.92 48.56
44.52 46.74 44.73 43.73 41.36
47.81 51.6 54.19 49.63 56.45
55.07 60.91 62.35 55 56.37
58.05 57.54 54.75 53.61 52.34
50.64 45.93 52.15 44.21 50.69
48.76 47.48 50.92 46.34 37.42
42.93 40.07 41.81 39.69 35.42
36.84 34 35.23 30.44 36.25
36.55 32.61 36.91 33.46 36.41
31.48 31.64 37.27 35.31 34.01
36.19 38.75 43.44 48.4 45.97
54.06 58 54.05 58.69 57.44
57.91 52.69 58.17 51.67 55.69
61.84 69.18 69.91 76.71 78.95
84.92 86.15 93.05 94.34 94.67
94.75 92.66 89.31 87.58 86.03
84.89 87.27 88.29 91.72 91.92
92.37 92.87 92.44 92.6 92.09
91.43 91.23 90.8 88.7 86.3
87.58 88.51 92.68 94.59 94.4
94.28 93.18 93.23 91.21 89.52
90.39 90.57 88.53 82.85 79.08
75.8 82.13 80.75 82.58 87.2
88.62 89.22 88.25 88.12 90.83
92.35 90.37 91.43 92.83 91.88
90.95 91.48 90.24 89.82 87.46
89.49 90.11 87.99 88.16 90.35
90.03 86.91 90.93 93.31 95.01
95.77 94.3 93.87 92.71 92.3
90.4 88.03 88.48 83.35 76.01
69.04 62.77 61.33 61.63 60.22
57.77 66.47 69.3 75.89 77.51
78.34 84.11 84.56 86.11 89.65
90.54 88.77 88.47 91.63 91.79
88.3 90.48 91.33 87.59 87.24
89.94 91.16 89.79 88.15 84.84
81.22 71.26 66.22 60.32 48.92
55.91 50.33 56.89 57.76 60.46
72.18 82.56 86.46 89.74 90.89
91.47 91.68 89.36 88.65 92.35
92.53 94.73 94.52 94.74 94.32
92.29 88.78 87.35 85.11 82.36
87.11 85.48 82.53 85.97 87.97
84.42 82.59 83.77 81.66 78.14
65.62 56.46 56.26 52.5 51.16
47.2 51.13 50.08 50.05 49.4
47.84 51.71 51.95 55.22 58.57
59.83 60.59 58.87 59.84 60.8
60.22 59.31 59.9 60.38 56.15
56.21 55.25 51.13 47.39 48.6
55.06 63.47 69.25 71.51 75.48
75.07 78.94 81.49 81.25 81.98
85.1 87.64 87.44 87.58 88.23
88.7 91.26 90.99 90.35 89.8
90.8 90.03 89.07 86.07 86
85.52 89.23 89.83 90.07 91.73
90.79 91.67 91.11 91.47 91.4
90.41 92.6 92.95 93.69 92.88
91.97 88.18 86.93 86.74 87.68
90.03 91.52 90.86 91.29 92.98
92.28 92.58 91.35 90.66 89.25
89.05 83.29 83.13 88.8 89.06
92.02 91.24 91.98 92.86 92.24
92.37 92.32 91.8 92.04 91.8
91.06 88.85 90.35 92.42 92.7
92.85 92.42 93.09 92.69 93.28
92.97 93.69 93.95 93.1 93.33
92.37 91.26 90.65 90.46 87.3
87.44 86.2 82.36 82.45 83.31
86.35 87.05 86.92 90.8 89.84
90.74 92.03 90.92 91.37 92.05
91.21 90.66 92.02 90.22 90.4
91.01 91.88 88.86 88.46 88.87
83.98 85.13 86.74 87.41 89.64
90.55 92.19 92.35 92.95 92.9
92.68 91.35 90.67 90.52 88.92
87.07 88.46 87.19 86.01 87.82
87.45 90.15 88.72 85.43 78.59
70.39 54.92 47.3 40.11 35.84
34.45 35.55 40.1 36.59 44.17
39.24 45.26 37.91 47.75 49.99
40.56 45.78 41.09 38.27 44.77
38.91 45.49 44.45 45.21 44.18
40.44 46.4 41.6
