35.82 38.93 41.07 33.09 36.54
45.58 46.05 58.35 66.22 86.71
88.57 92.72 94.25 96.03 96.55
95.86 95.62 95.93 94.85 96.66
97.22 92.67 94.14 94.14 93.45
96.28 96.91 97.49 96.7 97.53
97.84 97.24 97.15 97.58 97.4
96.84 96.29 95.49 94.84 94.18
92.13 90.6 90.14 91.89 91.42
91.65 93.92 95.18 93.52 94.83
96.78 96.21 95.38 97.72 98.44
98.06 96.81 96.77 96.18 97.84
98.26 98.2 98.02 97.77 96.54
96.5 95.08 94.16 92.86 92.61
91.4 88.28 86.48 87.2 84.37
70.2 63.01 62.51 77.41 89.53
92.21 94.45 95.28 95.85 96.81
97.82 98.49 98.38 98.13 97.04
96.75 95.55 97.18 97.55 97.82
97.81 98.22 98.27 96.38 94.61
95.9 94.5 91.73 90.62 84.5
83.85 84.39 89.24 89.11 90.36
93.1 94.6 95 97.46 98.25
97.97 97.73 98.61 98.65 98.21
96.7 97.36 97.52 97.8 97.81
96.38 97.73 98.26 96.5 96.21
96.51 96.15 94.39 94.17 93.62
91.18 91.3 91.45 87.73 82.58
87.44 88.01 87.36 87.54 88.08
91.73 93.62 94.33 95.6 96
96.11 96.8 97.22 98.01 97.55
97.69 97.99 97.31 97.44 94.81
94.72 95.06 93.4 94.44 93.24
90.94 88.61 87.72 86.59 85.92
87.63 87.41 88.12 87.53 92.57
94.05 95.6 95.64 97.48 97.84
97.65 97.38 98.15 98.07 97.55
97.48 98.08 95.93 96.61 96.48
97.61 98.51 98.4 98.01 98.51
98.72 98.5 98.17 98.68 98.32
97.9 97.49 96.78 95.57 94.27
92.69 91.03 89.74 86.59 83.91
82.05 80.56 68.21 58.82 58.13
53 55.67 54.08 61.12 69.28
73.73 80.46 80.38 83.48 93.15
95.67 96.03 98.16 98.17 98.47
98.38 98.84 98.86 98.76 98.77
98.85 98.62 98.1 98 97.68
98.44 97.57 97.98 98.47 98.78
98.4 98.32 97.88 98.5 97.38
95.9 96.72 95.1 93.9 92.15
90.59 90.1 91.01 93.29 95.83
96.79 97.27 97.65 98.64 98.69
98.67 98.58 98.69 98.79 98.67
98.41 97.91 97.91 96.72 93.74
91.99 94.28 93.31 93.86 94.03
95.36 97.77 95.82 95.7 97.44
97.13 96.28 97.34 97.68 95.72
96.33 94.9 93.78 97.15 94.43
93.87 94.43 97.05 95.69 94.54
94.07 97.22 97.19 95.62 97.27
98.6 98.21 98.25 98.25 97.91
98.2 97.92 97.48 97.11 96.89
94.37 94.5 92.63 95.53 96.44
96.69 96.74 98.26 96.69 97.96
98.14 97.69 96.7 97.43 97.39
95.74 95.66 93.3 91.87 92.48
91.85 93.52 94.93 95.98 97.25
96.94 97.63 97.9 97.07 96.73
96.37 96.8 96.06 94.94 93.73
93.92 93.66 94.52 92.33 93.1
95.38 96.48 94.94 95.91 96.55
97.24 94.74 95.47 95.3 93.55
93.59 93.93 93.4 91.56 90.85
92.61 92.52 94.17 95.18 96.14
96.05 96.72 96.8 96.37 96.11
95.8 94.77 94.57 94.2 90.92
90.35 90.96 93.47 95.14 94.76
93.8 96.04 96.83 95.84 95.92
97.32 95.51 94.81 95.72 92
92.02 94.91 93.8 94.38 94.73
92.71 94.72 96.69 97.41 96.89
97.08 98.02 97.49 96.58 96.05
97.34 95.03 91.83 93.19 92.57
95.26 95.74 96.37 96.16 96.52
96.99 96.64 97.36 97.37 96.08
96.41 96.61 95.2 95.18 96.13
94.99 92.69 95.19 93.78 91.62
88.76 85.95 90.43 89.3 89.38
91.92 91.05 91.7 94.42 94.78
93.54 95.07 96.46 95.94 95.5
96.24 96.63 94.67 94.24 94.42
92.06 93.54 93.16 93.64 93.41
94.96 95.82 94.7 93.93 95.27
92.97 90.28 90.92 90.61 88.43
85.19 85.14 85.45 84.14 86.61
87.72 88.06 90.1 91.91 91.25
92.88 94.09 93.2 92.5 93.18
95.18 93.9 90.88 92.5 94.17
93.45 94.4 91.89 91.85 92.43
92.88 89.81 89.73 89.51 87.39
85.72 81.83 75.93 67.47 68.75
66.14 60.99 60.12 60.89 64.17
68.98 76.69 72.69 78.23 78.5
75.41 75.8 76.81 73.28 66.82
64.63 57.86 56.66 52.66 52.67
52.63 47.1 38.38 36.33 37.17
33.2 37.71 32.37 34.27 32.2
27.66 33.21 31.78 30.99 32.68
31.74 33.02 30.25 34.13 38.87
44.12 41.11 43.28 44.1 44.9
51.55 47.5 49.79 53.39 55.29
57.65 61.41 63.04 60.49 66.2
62.42 69.27 70.33 76.37 70.22
70.34 68.1 69.9 76.06 75.13
75.68 74.85 74.69 77.48 74.68
76.07 77.08 86.06 80.6 77.92
74.58 67.03 62.57 54.54 48
43.1 40.04 40.46 38.07 40.23
42.5 37.63 38 41.12 39.14
36.46 40.9 38.75 34.69 36.38
39.19 42.34 39.89 41.07 47.58
47.99 45.65 52.56 45.09 50.95
48.99 41.86 38.88 42.75 38.47
34.18 37.31 39.02 30.97 30.3
29.88 29.06 24.66 26.57 31.02
25.04 30.83 25.58 23.46 28.51
22.92 27.76 26.92 24.6 30.99
26.09 32.41 29.42 35.48 28.8
27 31.27 28.11 27.58 32.83
24.3 30.28 29.38 25.8 29.98
26.9 28.86 25.97 28.24 27.87
28.47 29.61 26.98 29.78 29.94
29.87 25.46 28.65 28.49 29.11
31.82
