39.51 46.65 45.3 57.12 70.03
74.2 77.56 82.39 87.64 89.58
89.75 90.65 91.14 93.02 88.83
86.63 87.85 81.84 85.65 87.87
92.42 93.41 95.18 93.58 95.76
96.44 95.53 96.03 96.64 95.98
95.55 96.11 95.15 93.68 92.91
91.86 94.03 95.37 97.17 95.95
94.17 90.66 84.6 84.45 91.92
95.54 96.89 97.18 96.79 94.86
94.03 90.57 91.1 87.44 90.97
90.92 92.84 93.43 90.82 89.45
92.36 93.37 92.14 91.1 89.95
92.13 89.82 84.54 82.15 77.39
78.32 70.69 70.67 82.68 89.45
94.28 95.53 96.45 96.01 93.14
94.17 94.34 92.68 90.38 92.72
91.8 88.53 86.71 90.44 84.67
84.52 82.59 82.89 84.43 92.85
94.18 94.18 95.21 93.62 93.92
90.49 89.15 84.29 82.69 83.24
89.72 89.98 91.05 86.96 88.45
93.25 90.76 87.65 92.05 92.48
86.81 85.65 90.7 87.1 81.01
82.8 82.27 75.78 66.67 60.72
61.56 63.77 65.4 70.89 71.26
70.54 74.76 79.69 76.63 73.26
78.69 82.5 79.12 80.59 86.06
89.37 87.4 90.61 94.86 93.94
92.59 95.57 97.27 93.98 92.65
91.1 88.24 83.15 77.74 73.51
78.53 83.61 86.31 86.19 88.76
89.2 90.3 88.16 89.89 91.71
90.41 90.29 88.74 88.63 86.83
83.31 80.67 79.04 81.09 82.42
83.75 82.47 85.48 86.84 89.86
91.24 90.51 89.35 84.69 80.84
88.61 85.27 87.39 86.3 88.95
93.32 91.86 87.27 86.09 81.73
82.76 83.94 87.4 91.22 93.63
96 95.31 96.9 96.77 94.71
95.57 96.48 95.09 93.28 93.51
93.77 94.01 94.02 94.59 95.11
96.95 96.17 96.18 97.24 96.78
96.83 93.22 91.3 90.15 89.49
88.77 90.93 94.87 93.23 94.42
91.83 84.41 77.44 67.93 64.73
65.68 68.05 64.62 69.25 73.72
82.17 89.75 92.48 92.75 94.31
93.88 96.29 94.88 94.18 95.48
94.13 93.28 92.92 95.24 91.77
87.75 88.74 89.07 94.44 94.45
94.78 94.67 95.88 96.04 95.9
96.89 97.61 97.78 98.08 98.16
98.06 98.08 98 98.14 97.63
97.97 97.23 95.5 95.91 95.12
93.72 93.53 90.71 86.96 83.98
81.7 78.52 82.59 86.18 90.61
91.86 90.96 91.87 89.29 93.15
94.48 95.43 96.06 96.8 97.04
96.81 97.14 97.41 97.16 96.99
95.94 95.05 94.7 93.89 93.01
94.79 94.54 92.86 92.93 94.29
93.55 91.33 86.79 84.59 79.44
71.27 66.26 68.75 71.65 77.16
78.92 83.41 86.35 86.9 89.66
89.37 88.78 88.8 86.98 88.09
91.59 91.82 88.09 90.76 94.8
93.45 90.89 95.41 96.14 93.44
92.97 96.08 97.53 93.83 95.11
97.53 96.89 94.39 96.24 96.27
94.61 93.99 93.66 93.19 92.48
90.63 85.2 84.58 83.7 74.7
71.59 69.5 63.23 64.49 63.75
64.62 60.3 62.8 62.89 67.49
76.12 88.79 91.74 93.46 93.21
93.4 93.01 91.08 86.07 78.01
77.62 82.32 77.82 79.13 81.67
81.3 83.85 89.59 88.56 88.94
84.43 87.67 93.33 90.8 87.34
91.15 92.91 89.4 87.74 90.58
91.11 89.59 86.75 89.21 89.64
86.78 82.92 85.24 85.34 81
81.01 83.45 80.8 79.64 83.36
86.37 85.83 88.58 89.46 90.02
92.97 89.56 88.49 84.88 80.56
78.5 77.37 72.41 70.1 74.65
76.15 81.28 87.02 90.77 93.36
93.29 93.44 94.8 96.02 95.39
94.3 92.56 88.79 86.2 89.18
93.52 96.17 94.02 92.32 93
92.28 88.82 88.04 86.57 81.74
73.4 70.5 57.68 68.45 71.49
80.05 87.43 90.48 91.06 90.5
92.93 94.03 92.66 92.33 94.42
93.59 92.9 92.53 93.99 89.92
91.64 93.66 92.16 94.18 96.23
94.5 93.75 91.5 89.62 88.86
87.04 83.46 85.65 84.89 84.19
85.3 87.62 89.26 88.11 88.68
92.86 94.49 95.1 95.13 95.51
92.41 90.33 82.6 77.91 83.68
90.18 91.66 94.62 95.82 94.34
93.1 90.47 85.68 89.46 88.16
79.89 84.09 86.18 79.5 71.98
72.68 81.69 82.95 84.85 88.89
92.53 91.37 90.42 94.37 95.63
93.34 93.17 95.92 95.5 95.64
94.53 94.66 95.45 95.54 93.46
94.9 93.4 88.87 84.4 85.16
84.02 77.52 69.55 66.11 61.85
62.5 52.3 51.9 55.97 61.73
66.68 78.28 85.58 84.12 88.8
89.55 87.2 87.7 91.92 91.75
88.72 89.65 91.64 90.83 89.61
91.27 91.35 89.28 90.47 89.61
89.39 90.21 89.42 90.83 92.93
93.69 95.4 94.69 95.26 95
92.35 94.21 92.42 85.22 87.73
85.72 89.52 90.01 90.1 93.44
95.03 95.14 94.31 92.33 88.88
93.92 93.5 88.78 91.15 92.22
87.06 82.37 87.21 84.62 90.09
88.63 80.66 83.87 88.49 84.03
78.8 80.38 78.69 76.64 77.3
83.96 78.22 83.67 86.66 88.16
92.01 94.54 91.46 87.29 91.89
93.47 90.17 88.58 92.41 93.63
91.54 92.75 90.79 88.34 88.17
91.25 89.87 86.94 89.19 90.48
89.11 91.31 91.01 93.03 93.99
94.8 94.2 94.72 95.39 95.01
93.2 94.46 94.89 93.1 89.95
91.36 91.55 92.5 90.13 89.6
90.24 92.93 93.07 94.05 93.31
93.71 92.04 93.56 93.6 91.63
89.33 86.17 83.02 79.83 82.16
85.86 82.76 81 86.16 89.28
85.61 84.73 90.86 88.24 84.52
90.6 91.11 87.7 91.47 92.59
91.24 93.04 96.53 94.53 95
97.58 97.58 97.47 97.94 98.2
97.95 97.9 97.99 97.72 97.64
97.35 97.17 96.72 97.06 96.66
96.56 95.87 95.49 95.51 95.29
94.51 94.43 92.45 92.16 92.66
89.54 87.4 88.42 89.6 87.8
87.31 89.32 90.27 90.63 89.56
92.93 93.41 91.9 91.5 94.04
93.19 92.07 91.99 90.53 92.05
88.05 88.44 90.71 86.43 88.52
91.29 90.7 90.75 92.04 92.19
91.91 91.49 92.07 90.53 88.9
85.92 83.53 83.27 87.63 87.37
87.76 87.33 90.76 91.06 91.53
90.99 92.35 92.9 92.45 92.98
92.71 92.49 93.62 92.77 88.04
89.41 88.97 85.59 85.47 84.76
84.17 84.77 86.94 83.13 84.36
85.3 86.53 85.7 88.19 89.27
90.8 91.58 92.87 91.05 92.23
92.44 92.19 90.1 91.16 92.44
88.17 87.34 88.88 87.82 81.01
84.55 88.24 86.44 86.24 84.21
85.52 84.32 89.55 85.27 87.66
89.34 87.98 86.76 83.61 70.3
57.75 54.58 51.82 53.43 57.62
60.54 64.56 65.74 76.04 84.78
88.53 88.2 88.73 91.24 90.29
90.31 91.47 92.72 92.07 90.83
91.33 91.19 91.34 92.82 90.34
90.57 92.95 93.31 94.5 93.29
91.44 91.81 93.02 92.8 94.15
94.08 90.33 87.36 87.35 88.3
91.94 91.77 92.11 91.16 94.19
92.87 95.33 95.57 96.21 95.75
93.25 94.16 96.67 96.04 96.68
95.52 94.52 93.56 89.05 87.74
90.48 89.38 91.06 92.52 93.26
94.17 92.93 94.82 95.13 94.36
93.49 91.17 94.05 95.18 93.71
95.39 95.99 95.88 94.77 92.21
88.43 86.4 84.76 88.97 91.08
94.58 95.28 96.77 96.86 96.61
94.06 91.7 91.17 90.2 92.06
94.64 94.94 95.17 95.08 93.75
91.6 82.98 74.43 66.45 61.99
54.73 61.62 67.91 78.99 86
90.63 92.61 92.76 93.6 94.8
95.01 94.47 94.41 95.18 95
94.23 94.17 94.25 91.21 89.96
89.42 89.22 89.54 89.52 93.51
94.09 94.98 94.45 92.97 92.21
88.2 90.79 92.45 93.46 91.75
92.04 89.24 86.74 84.52 89.08
91.28 91.82 93.91 93.52 92.74
91.41 89.76 85.16 83.75 78.8
77.04 78.73 76.36 79.7 84.05
88.89 92.81 90.55 89.39 84.2
83.49 83.59 89.39 93.45 92.58
93.3 89.68 86.58 79.6 71.14
57.07
