38.25 36.08 32.29 30.04 33.4
31.26 39.15 30.94 30.74 30.26
32.27 29.51 32.76 29.3 28.77
30.51 25.34 25.66 28.19 30.98
29.74 30.63 34.61 34.87 38.26
28.76 34.48 31.61 44.73 37.9
35.26 37.72 36.36 34.41 36.74
29.32 33.59 27.29 28.45 28.33
28.1 29.93 28.13 33.17 32.21
36.8 33.46 27.67 31.54 28.1
26.32 30.71 34.25 34.08 30.81
34.55 34.8 29.41 36.27 30.94
32.55 31.79 32.71 32.73 28.08
33.85 26.6 33.05 30.04 30.04
37.9 27.22 28.31 29.26 30.69
35.75 34.71 33.78 47.65 40.98
34.34 39.34 37.51 38.66 36.55
33.84 34.18 37.49 38.03 37.04
34.13 34.06 28.1 35.16 29.08
32.07 41.62 43 48.17 49.55
57.28
