44.76 36.97 42.26 40.21 49.71
41.98 37.46 41.24 37.92 40.33
34.42 36.44 37.59 34.64 36.07
36.14 36.91 38.28 37.81 33.3
41.81 40.38 45.79 46.4 50.4
51.98 55.33 50.1 52.57 52.05
49.63 47.48 49.16 53.83 50.96
56.18 52.6 45.08 53.34 45.73
58.48 48.83 50.59 43.64 56.81
49.41 48.19 48.45 55.71 55.49
57.46 61.53 77.3 85.57 91.6
94.75 93.39 96.52 96.25 94.58
94.18 95.41 96.93 97.34 97.26
96.16 93.25 90.09 81.8 71.07
66.19 68.33 65.33 69.08 70.87
74.52 83.9 91.81 94.84 95.52
96.16 95.21 95.93 96.09 93.45
92.72 91.34 91.3 92.91 92.33
92.23 91.98 93.25 94.06 96.07
94.34 92.27 89.41 87.29 91.18
94.16 96.22 96.49 97.01 94.45
94.15 89.14 87.71 86.81 86.01
87.28 83.94 84.63 87.85 89.55
91.97 94.32 94.72 95.07 95.49
96.05 96.66 96.75 95.41 95.8
95.89 94.77 93.95 93.68 93.07
93.17 94.47 93.95 95.54 97.48
97.44 96.74 95.02 94.92 94.22
92.5 92.07 92.81 93.57 93.55
94.29 94.86 94.1 94.66 95.59
95.71 94.67 96.08 96.59 95.41
94.68 95.95 97.49 96.95 96.26
95.55 88.43 84.32 84.82 86.61
87.55 86.81 87.69 85.61 86.81
90.39 89.59 92.54 93.81 94.22
96.61 97.49 97.46 97.32 94.55
93.9 82.52 65.05 52.8 45.54
45.41 44.11 45.31 36.18
