42.43 33.1 39.91 45.58 30.08
27.35 31 25.41 29.67 22.5
26.72 24.81 25.93 24.02 23.75
26.26 29.1 25.23 30.14 29.16
26.76 31.63 26.69 26.7 32.41
24.86 27.12 26.61 27.89 34.15
37.77 28.74 27.28 29.01 35.34
31.73 29.04 27.94 31.56 25.39
24.64 26.74 23.48 32.47 29.58
35.08 28.6 31.08 29.3 31.7
32.99 26.53 30.07 31.23 30.45
32.31 29.97 32.56 30.72 32.56
29.92 27.73 26.1 33.02 32.64
26.75 27.52 29.53 28.95 24.66
26.87 27.37 24.34 26.77 31.78
31.6 29.97 23.96 32.13 26.41
30.87 26.73 32.77 25.7 26.84
23 28.93 22.56 24.2 25.48
23.36 30.99 24.86 23.01 26.73
31.66 25.05 26.99 23.6 29.67
25.27 24.94 26.44 27.64 24.38
28.01 25.38 26.29 23.32 27.94
25.76 35.84 22.8 30.57 25.67
32.85 24.15 25.75 29.95 27.71
26.36 29.08 25.39 32.56 32.19
25.53 24.98 25.32 23.64 30.78
25.9 27.11 37.99 27.66 25.49
33.45 26.6 30.46 25.85 29.61
29.49 31.04 26.2 32.65 24.25
31.83 26.56 29.93 27.41 34.11
26.63 30.72 25.72 33.46 30.18
28.39 28.35 30.87 30.34 27.76
31.99 32.09 39.68 23.4 42.39
30.13 23.9 26.21 25.65 26.89
24.37 25.23 24.55 29.87 23.01
25.78 21.87 26.49 27.16 26.98
26.13 26.57 29.44 25.5 29.51
20.78 30.28 22.69 30.56 25.74
24.59 30.8 23.49 31.6 25.4
25.71 33.27 27.32 33.6 24.83
32.18 25.6 32.84 26.01 22.11
31.6 24.14 33.62 28.41 27.71
33.54 27.1 54.99 39.92 29.19
29.16 25.7 27.43 21.59 28.27
21.51 25.52 29.03 25.65 27.82
26.78 26.3 29.14 24.37 32.81
28.22 23.95 34.52 24.93 24.35
24.47 27.1 28.41 34.07 29.64
34.64 34.48 35.03 38.23 36.94
44.88 46.65 34.92 48.22 57.13
57.47 65.38 56.24 66.37 69.47
73.6 75.63 71.32 76.1 74.04
72.7 63.76 57.36 56.74 51.52
48.54 44.8 43.91 35.37 38.51
38.46 29.14 28.46 28.44 22.93
27.57 26.16 28.97 23.9 28.53
29.05 25.59 29.4 24.1 29.9
25.81 30.72 25.37 31.18 29.2
27.98 27.4 32.61 27.12 27.3
32.56 25.89 30.7 29.18 31.52
30.34 30.18 33.73 30.27 31.92
34.12 32.32 36.32 37.31 39.82
41.52 36.71 40.73 39.31 33.94
48.38 53.7 67.99 72.91 74.9
73.3 80.95 78.65 80.83 83.28
81.34 83.32 84.82 88.23 83.65
85.92 77.43 78.49 79.31 82.31
78.1 69.31 72.83 70.94 66.63
67.77 52.86 41.58 38.09 37.25
37.19 30.63 34.19 28.25 27.98
29.11 30.03 25.86 26.5 34.09
25.56 26.08 28.09 24.55 25.12
23.55 27.57 24.81 29.34 24.14
27.5 27.66 32.06 32.24 29.17
29.92 34.71 31.75 32.03 30.54
30.64 35.34 26.71 26.17 29.58
30.03 32.55 32.95 33.23 28.48
24.83 26.59 26.53 28.07 25.67
29.79 27.47 29 25.86 31.42
26.07 25.97 24.75 25.37 22.82
20.86 23.49 22.57 25.79 18.47
22.42 21.77 25.93 25.01 21.31
22.6 19.69 25.18 20.26 26.44
24.81 26.57 30.08 22.45 32.55
23.73 29.68 22.35 25.2 29.66
24.08 33.84 25.88 28.86 22.54
22.94 25.56 27.26 30.88 25.67
25 26.38 24.13 21.12 29.39
23.01 25.84 22.63 24.11 22.68
29.91 23.39 25.62 28.67 21.78
28.25 28.31 25.6 31.66 34.12
26.9 22.99 19.18 25.63 27.19
26.27 24.02 29.44 25.57 23.63
24.86 26.25 21.51 23.2 26.95
24.48 25.08 27.3 22.28 29.07
30.31 30.41 23.75 26.28 22.45
26.73 22.67 24.07 21.77 22.95
24.77 27.81 25.55 27.21 23.01
33.8 27.82 27.93 39.93 29.35
35.41 35.75 27.6 32.15 35.41
32.54 33.54 45.95 36.69 39.22
43.26 36.34 35.83 29.71 36.92
33.24 37.07 33.16 31.65 27.88
27.77 26.18 24.38 29.34 24.25
23.52 30.62 24.42 28.8 29.64
24.87 21.67 35.24 20.76 28.13
22.95 32.21 24.04 23.03 24.32
20.47 23.72 21.73 24.17 34.97
22.72 34.39 31.04 23.5 24.93
23.86 27.72 22.38 21.08 24.4
21.42 24.84 26.07 26.48 25.39
26.45 29.08 24.69 26.88 27.87
27.84 24.64 21.88 22.59 25.32
19.76 25.64 20.07 29.98 23.84
34.07 27.53 25.23 25.51 22.4
30.14 24.71 22.5 24.14 30.8
24.66 23.34 24.64 26.45 22.96
27.84 21.84 24.24 21.04 23.35
23.29 21.56 21.64 24.68 25.05
23.72 25.97 28.43 24.54 30.52
28.03 23.43 31.31 23.96 25.86
29.05 27.51 21.49 33.83 26.7
23.62 29.82 22.77 29.96 25.09
27.67 35.71 24.86 28.94 23.06
28.26 21.67 26.03 24.85 24.44
23.51 29.25 25.67 25.27 26.36
23.98 25.22 26.43 28.98 24.9
24.35 25.9 31.84 26.66 26.78
26.12 26.67 26.07 30.28 27.11
35.72 31.36 34.84 41.62 44.35
44.31 49.73 45.08 42.62 41.62
45.69 44.53 33.13 42.88 34.39
30.61 28.18 30.55 29.23 31.88
24.75 30.77 27.12 26.54 27.01
26.1 29.22 29.28 23.25 24.82
26.34 36.18 22.65 25.88 27.55
26.73 24.67 22.49 25.81 24.5
25.07 29.2 38.92 36.53 27.19
24.78 28.33 25.95 29.61 29.99
26.21 27.41 28.47 27.74 23.93
32.15 24.77 30.86 31.43 27.71
36.95 28.94 30.91 26.41 25.69
24.54 24.54 28.51 28.46 24.35
30.58 28.59 22.73 25.15 31.45
21.95 31.86 25.17 28.09 24.58
24.92 38.45 33.52 28.15 34.21
36.64 37.17 47.67 52.81 52.03
65.3 74.08 81.44 82.57 83.95
84.29 90.43 88.02 90.6 88.35
92.02 92.14 88.86 91.68 88.06
81.02 84.36 82.13 71.85 69.08
68.05 57.66 49.07 50.36 45.61
42.15 43.05 37.41 31.21 29.5
37.19 26.73 23.97 30.14 28.84
26.31 29.83 29.35 37.57 27.5
31.59 24.62 28.03 23.67 25.65
28.17 31.92 30.69 32.13 21.92
31.68 24.94 21.71 26.7 27.86
28.96 26.39 31.35 25.3 34.6
21.78 25.11 23.69 27.11 22.72
27.88 21.86 26.71 26.21 31.4
26.32 34.3 28.66 41.96 37.67
30.22 35.74 33.05 31.36 37.26
43.81 42.6 50.43 49.96 51.16
52.74 58.96 53.67 54.21 61.25
58.18 61.08 61.53 64.5 68.53
67.67 67.17 66 67.89 61.94
63.23 57.4 51.94 60.79 60.36
56.87 57.49 67.81 74 76.84
79.32 82.52 83.32 79.95 84.12
83.45 80.45 83.51 86.52 87.12
88.75 90.13 90.08 90.32 91.59
92.24 91.91 91.78 92.26 91.12
89.98 91.04 89.64 88 87.89
86.3 84.33 84.23 83.01 82.24
83.81 87.08 85.24 86.53 91.09
89.31 89.54 92.6 92.63 93.54
91.78 90.71 94.3 92.35 89.94
90.8 91.8 89.26 87.28 89.25
89.57 84.19 83.61 87.86 84.87
80.86 82.51 85.76 83.36 77.61
68.16 61.3 60.07 65.42 70.2
70.16 69.65 69.89 71.34 72.7
71.43 70.73 73.73 68.23 66.84
66.58 64.98 77.76 78.16 82.87
81.98 82.89 86.68 88.98 88.35
90.21 90.91 90.6 91.71 92.93
93.73 93.54 93.26 93.34 92.22
90.84 90.88 89.38 87.18 87.88
88.64 86.82 88.06 82.9 81.14
80.26 80.76 81.57 85.66 87.09
86.62 89.92 89.82 90.48 89.13
90.38 93.14 93.19 90.08 92.59
92.9 88.62 90.85 89.4 88.74
88.55 87.96 85.75 87 86.53
87.42 88.54 88.47 90.16 90.94
92.27 92.01 91.9 92.24 93.45
91.73 90.72 89.68 88.45 90.05
87.7 87.69 88.44 89.52 86.17
87.85 90.09 88.42 89.26 91.26
92.03 92.59 91.26 92.7 92.61
92.56 93.87 94.85 94.41 94.21
93.95 93.53 93.98 93.58 93.23
91.48 91.63 91.4 89.85 87.75
87.16 83.24 77.53 56.6 61.51
54.2 52.84 50.74 50.36 48.42
43.07 38.25
