49.57 60.75 79.54 76.54 75.2
76.71 79.06 71.94 78.84 76.04
68.92 69.57 67.03 65.21 57.56
58.87 62.91 61.07 55.01 61.83
57.47 50.42 49.41 49.6 54.31
58 68.12 75.82 77.31 78.14
81.88 82.48 84.53 87.31 89.68
88.61 90.49 90.01 87.3 86.99
85.83 89.37 90.81 88.11 86.55
87.11 86.99 86.97 84.73 82
82.8 77.62 78.82 82.86 80.4
84.93 82.51 85.47 82.37 88.05
86.11 86.06 86.18 85.9 84.88
85.69 85.51 86.85 84.91 84.6
85.89 84.68 80.59 76.75 76.06
76.26 72.07 71.43 77.62 83.49
87.05 87.62 89.01 90.69 92.48
91.89 93.68 93.36 93.77 94.28
94.05 92.72 93.7 95.01 93.48
92.64 95.79 95.57 94.23 95.42
96.26 94.85 93.96 94.2 93.76
90.73 89.27 88.54 87.59 83.77
80.74 78.07 73.74 69.52 63.84
57.08 51.42 49.76 49.46 58.16
65.32 75.41 79.16 83.55 86.75
87.81 90.29 91.57 93.52 93.79
95.24 94.96 95.25 96.29 95.27
95.74 95.62 95.83 94.68 94.7
95.16 92.98 94.24 92.25 94.1
93.03 91.41 89.73 92.72 90.33
91.21 89.08 90.64 90.63 92.23
91.22 92.94 91.94 92.88 94.43
93.8 95.86 95.43 94.83 95.31
94.65 95.39 93.52 94.33 94.22
93.56 91.31 90.6 90.37 89.35
87.76 85.65 84.25 82.78 81.97
81.33 79.32 74.52 69.49 67.24
72.08 74.93 83.45 89.17 90.89
93.55 94.24 92.67 92.62 91.53
91.79 91.84 92.33 92.02 90.31
87.26 85.41 87.59 90.94 92.83
94.3 91.47 92.78 94.61 94.61
94.14 93.6 92.75 92.17 91.09
91.4 94.19 93.73 92.79 94.39
94.25 93.89 94 93.89 94.38
91.76 93.31 93.81 92.15 89.62
89.6 90.41 85.95 82.81 83.47
83.44 75.92 73.19 72.62 66.09
63.14 68.61 69.89 76.59 79.13
81.28 84.35 87.57 86.97 88.13
92.42 91.43 92.4 92.82 94.07
93.74 93.52 94.55 94.08 94.6
93.88 95.03 94.73 94.87 94.11
94.24 94.87 93.97 94.71 94.42
95.24 93.67 94.16 93.07 93.65
93.4 93.12 92.34 89.99 90.64
90.31 88.14 86.6 86.19 84.45
81.87 79.04 77.59 72.98 69.22
67.41 59.33 58.96 53.35 50.74
44.79 42.07 41.31 39.22 38.49
38.75 38.37 34.83 40.58 39.04
39.6 37.78 34.12 37.3 38.9
39.85 44.11 42.45 43.81 38.55
41.19 37.67 40.41 37.39 42.27
37.98 38.5 35.41 37.98 36.14
37.63 38.5 37.27 43.6 39.31
40.01 38.06 36.52 36.85 39.34
42.38 41.72 40.63 42.98 37.66
41.65 36.22 41.38 31.73 36.32
43.39 37.27 42.63 38.35 42.74
34.59 45.81 33.64 30.08 38.73
33.72 37.44 41.19 30.62 38.95
36.92 33.77 37.13 32.8 40.56
32.7 40.4 38.04 47.37 47.46
48.27 50.66 50.88 49.26 46.55
53.24 48.44 48.74 49.74 48.63
48.03 43.24 36.57 43.83 39.4
37.68 33.84 34.89 30.91 33.55
37.35 30.12 29.57 29.65 31.4
33.93 33.64 28.89 32.1 27.77
31.51 33.25 29.03 36.94 29.26
28.32 36.95 29.62 28.29 33.6
28.29 34.01 29.72 41.96 29.38
32.81 35.88 31.03 31.03 28.81
39.96 35.53 46.64 31.66 38.85
38.95 35.88 48.22 41.04 48.58
40.1 52.32
