47.01 58.38 51.35 54.26 42.8
52.92 47.46 42.36 41.13 41.3
40.34 44.49 40.92 39.97 41.74
41.48 39.26 40.89 38.94 37.81
37.75 39.82 35.04 39.48 38.27
41.31 39.09 40.67 42.21 46.66
42.33 42.57 40.01 41.03 38.82
36.85 37.87 36.97 30.78 34.19
30.36 32.48 29.48 33.94 30.46
32.62 31.03 33.23 32.03 33.08
37.74 34.04 39.3 35.92 34
36.35 36.4 34.6 33.82 31.53
34.56 34.39 38.78 35.65 37.93
36.56 36.55 40.94 33.68 41.36
37.24 37.19 36.56 33.3 32.95
29.95 33.51 30.96 29.84 34.11
32.29 35.78 27.88 36.6 33.42
36.39 38.69 39.6 35.95 34.43
33 33.7 36.84 30.02 32.36
31.96 35.03 31.49 34.87 31.1
33.49 30.54 35.03 28.05 33.34
33.44 28.51 34.35 29.62 35.49
31.19 37.46 35.98 36.32 36.35
36.72 32.36 36.23 38.68 38.06
38.41 35.3 34.13 35.44 39.89
35.16 28.7 31.9 33.67 26.68
30.31 28.68 31.53 31.59 35.16
34.83 29.21 35.42 31.74 35.87
29.41 35.52 32.6 29.81 35.83
30.02 35.5 33 35.96 35.11
29.81 33.18 36.98 32.5 33.95
35.66 36.32 36.94 37.42 37.93
37.06 38.1 36.16 36.11 34.66
32.96 33.35 35.46 36.9 42.31
36.73 40.75 40.31 34 34.68
37.36 31.03 39.81 37.53 42.53
44.15 54.18 65.91 77.43 81.33
82.58 81.9 85.8 87.13 90.2
90.62 87.27 90.6 89.16 90.74
90.73 88.28 90.03 87.6 84.18
85.7 87.46 85.8 82.8 79.98
84.36 84.26 86.48 89.81 93.64
92.83 90.93 91.01 92.87 92.29
92.92 91.67 93.35 93.18 92.61
93.07 93.46 90.49 89.71 91.56
89.19 86.53 86.51 89.71 83.82
82.74 82.8 82.96 79.44 75.03
77.98 69.81 64.05 61.58 57.74
57.39 54.81 53.18 56 54.16
51.01 54.64 48.31 50.24 54.44
63.38 70.12 73.34 79.99 80.94
80.48 79.28 84.87 87.13 84.04
86.29 88.91 89.1 86.05 86.51
87.85 86.42 85.27 82.56 77.92
67.97 63.72 64.36 67.62 73.14
81.52 85 86.8 84.03 84.7
90.07 90.18 88.74 88.34 91.89
91.25 88.74 89.92 89.7 87.02
86.85 81.66 85.55 87.56 86.76
88.01 89.46 86.28 83.95 80.3
81.53 82.87 85.6 85.65 86.65
86.71 88.29 88.55 87.95 89.8
89.15 86.53 86.1 87.32 86.36
84.47 80.03 82.02 82.32 78.95
71.06 69.51 76.11 67.76 62.95
67.87 66.49 51.04 47.26 47.47
41.14 45.71 45.05 50.28 56.93
71.17 89.17 90.27 95.81 97.88
98.22 98.07 95.78 95.26 97.44
97.39 96.62 94.3 92.82 88.11
86.3 87.08 90.61 89.6 93.62
91.32 85.73 87.35 92.35 88.07
85.15 89.05 87.06 93.31 96.86
98.29 98.38 98.52 97.92 98.29
98.1 98.54 98.29 98.03 98.2
94.48 94.95 96.04 96.97 97.86
97.71 97.35 98.12 98.17 96.43
96.59 97.89 97.37 97.36 97.64
97.53 98.18 98.37 98.06 97.09
97.69 98.39 98.42 98.67 97.73
96.6 95.1 95.9 97.99 98.35
98.76 98.75 98.65 98.46 97.99
97.39 96.69 97.15 97.61 97.55
97.47 98.58 98.54 98.16 98.45
98.51 98.02 97.27 98.01 97.27
94.05 95.09 93.36 86.72 80.99
76.95 86.26 78.32 81.45 84.66
86.62 92.94 95.99 96.25 95.87
97.11 97.8 98.61 98.81 98.84
98.78 98.66 97.52 96.98 95.56
94.62 93.48 95.8 97.5 98.21
98.57 98.51 98.45 98.77 98.65
98.05 97.36 95.43 94.25 91.17
90.28 87.87 89.31 92.86 95.26
97.25 97.56 95.24 95.8 97.51
97.14 97.86 97.93 96.01 95.68
96.3 91.44 87.21 91.73 92.4
96.1 95.34 94.92 97.46 98.38
98.28 97.84 98.5 98.43 98.41
97.99 97.62 97.01 96.98 96.57
95.08 95.38 95.14 96.64 96.38
96.54 96.31 91.39 86.65 87.37
77.69 82.63 75.06 82.31 86.91
87.67 88.89 92.41 95.8 94.16
94.13 96.55 97.86 96.23 94.74
95.59 95.94 95.27 94.61 95.03
93.08 93.57 93.07 91.65 88.49
87.8 85.07 85.92 86.19 88.12
91.35 90.88 92.23 94.76 96.52
94.87 95.33 96.77 97.94 98.1
97.12 95.97 95.39 96.86 96.87
95.57 95.27 96.73 95.63 94.63
94.69 94.82 93.85 93.31 91.94
88.2 87.02 84.82 86.63 86.58
83.14 84.51 85.79 88.15 88.36
89.85 92.08 93.13 94.67 94.48
93.82 94.75 93.6 93.6 92.47
91.95 87.56 85.31 84.92 82.4
76.22 66.46 64.7 69.14 77.83
86.16 91.14 94.99 95.56 96.6
97.12 97.38 98.08 96.87 97.27
93.22 90.44 81.26 67.69 56.2
43.5
