50.76 38.93 46.97 40.7 55.15
45.27 56.05 45.1 42.15 47.75
39.6 52.1 39.63 46.91 40.2
45.93 41.64 45.94 39.02 45.64
40.29 41.82 44.28 37.85 41.22
40.06 44.5 45.42 41.68 41.83
39.85 45.68 37.51 46.03 42.34
40.9 44.7 38.29 42.97 40.3
37.48 37.22 43.1 55.21 64.03
73.45 82.05 88.11 91.25 88.84
85.33 90.27 89.4 90.56 91.81
91.81 90.03 89.69 87.25 91.44
94.17 92.8 93.36 88.33 84.81
93.87 90.89 92.32 92.55 92.38
93.52 91.43 92.76 91.35 91.99
92.13 93.39 93.21 95.45 96.24
97.06 96.35 95.05 94.9 96.72
96.2 96.15 94.89 90.83 93.46
95.04 95.05 96.17 95.33 88.22
87.01 86.09 85.07 91.61 91.67
93.64 93.29 92.32 88.55 87.24
89.72 85.57 85.61 85.99 86.91
90.8 93.5 94.51 96.37 96.23
92.88 87.22 73.55 69.63 66.97
78.36 82.48 88.65 88.4 81.72
78.93 81.82 85.79 88.6 88.04
88.05 84.39 85.2 89.53 90.92
92.17 90.59 86.23 86.25 89.04
85.57 87.83 92.33 92.88 92.33
89.99 86.56 80.31 82.75 85.45
89.35 88.39 91.6 89.8 88.19
88.65 86.69 76.28 64.54 67.34
69.44 70.5 66.94 65.67 68.55
73.47 70.64 71.47 74.34 79.87
80.1 83.29 82.67 84.76 82.3
85.88 85.52 85.87 86.6 85.12
83.28 80.15 81.7 79.94 74.49
70.2 59.8 51.34 43.82 44.25
39.21 40.5 41.91 38.69 41.59
40.62 39.04 41.19 39.05 35.34
33.78 32.13 39.91 33.1 37.32
33.73 33.36 31.45 36.41 36.42
38.19 36.98 45.28 53.87 67.32
69.88 76.43 77.91 80.84 83.25
84.69 87.52 89.21 87.72 87.29
90.89 90.67 89.53 87.71 90.7
92.05 92.67 93.44 93 92.66
90.46 87.94 87.07 83.37 84.69
82.98 83.22 83.85 84.51 80.85
84.38 83.48 82.45 87.87 90.7
92.1 95.26 96.31 95.85 95.29
94.26 93.92 94.52 92.59 91.81
91.36 91.58 92.54 90.89 92.04
92.05 92.59 91.2 89.22 89.15
92.49 91.84 93.02 94.53 93.37
95.22 95.58 95.33 93.35 92.32
94.02 95.31 94.12 95.4 93.96
90.2 89.42 85.7 84.8 90.47
94.17 96.06 93.98 95.29 96.16
95.96 95.6 95.68 96.83 96.98
95.27 94.36 93.28 93.21 90.59
89.45 83.57 89.34 88.17 91.69
89.92 92.66 88.52 93.03 94.37
95.15 95.3 96.17 96.13 96.11
96 94.12 93.43 88.33 83.64
73.58 68.36 73.55 81.09 90.88
92.2 92.72 95.81 96.28 97.16
96.93 96.94 95.64 95.36 94.54
92.5 92.12 87.81 82.96 73.38
72.31 67.04 61.73 55.59 53.53
62.37 57.69 57.88 56.22 51.93
54.27 49.93 46.73 46.65 44.01
38.81 49.23 45.57 49.65 47.45
42.2 36.09
