45.93 45.92 49.11 53.41 54.46
49.97 48.38 53.06 54.08 51.38
55.71 55.11 55.91 61.07 71.52
80.42 80.93 81.63 78.51 82.63
79.74 80.09 81.97 78.08 78.81
75.41 77.16 72.93 72.28 69.7
70.44 66.97 66.49 62.87 61.3
61.57 59.8 59.45 59.33 62.62
61.62 60.15 61.39 78.59 83.59
89.58 88.45 90.99 92.7 95.7
96.1 96.39 97.98 98.33 98.49
98.46 98.5 98.52 98.48 97.81
98.44 97.79 98.07 98.4 98.27
98.43 98.29 98.47 98.38 98.58
98.58 97.99 97.48 98.37 97.51
94.72 95.86 96.13 93.49 91.33
93.82 93.95 90.71 90.28 93.55
90.95 88.06 89.67 92.55 95.89
97.12 97.61 97.51 97.55 97.99
97.46 97.98 97.73 96.41 96.4
97.86 97.81 95.75 97.15 98.08
97.4 96.45 98.02 98.37 97.86
97.62 98.09 97.87 97.73 97.59
97.87 96.55 94.48 95.26 89.13
90.06 96 97.59 98.04 98.1
98.5 98.33 98.22 98.74 98.68
98.48 98.75 98.81 98.65 98.59
98.73 98.63 98.49 97.97 98.68
98.29 98.16 97.72 98.1 97.91
97.47 97.46 98.1 98.25 98.43
98.48 98.69 98.73 98.68 98.77
98.82 98.72 98.81 98.79 98.77
98.74 98.78 98.75 98.71 98.57
98.4 98.66 98.65 98.01 97.98
98.26 98.13 96.31 93.71 94.38
92.99 94.84 97.15 95.92 96.93
97.94 97.65 97.59 97.75 97.32
97.57 97.06 96.12 96.49 95.99
95.32 92.89 92.87 92.35 88.15
85.38 81.85 78.47
