95.01 97.04 98.52 98.68 98.37
97.9 98.24 98.58 97.19 97.51
98.19 98.12 97.71 97.91 98.55
98.66 98.49 98.59 98.7 98.6
98.14 98.63 98.57 98.82 98.66
98.87 98.84 98.71 98.49 98.35
98.14 98.19 96.18 92.41 90.18
83.44 74.58 72.25 72.43 73.6
69.1 71.96 77.18 78.19 81.69
83.35 87.85 88.69 90.29 92.5
92.96 91.96 92.1 95.16 94.61
93.2 94.77 95.44 94.01 94.3
95.38 96.78 96.92 98.2 98.56
98.67 98.48 98.67 98.82 98.63
98.72 98.63 98.72 98.71 98.53
98.42 97.8 96.11 96.76 95.86
96.74 97.34 98.17 98.21 98.27
98.31 97.59 98.23 98.43 98.85
98.81 98.83 98.74 98.08 96.78
94.92 91.78 89.17 89.48 87.1
89.62 90.55 95.02 96.82 97.91
98.05 97.61 97.67 96.17 96.52
95.43 95.54 97.55 97.32 95.09
96.48 95.46 94.72 92.72 92.62
95.49 96.94 98.2 98.5 98.51
98.61 98.43 98.15 98.47 98.59
98.8 98.46 98.59 97.66 96.49
94.21 93.41 94.72 95.19 94.49
92.82 90.95 91.48 91.29 87.04
83.57 84.21 84.52 80.07 74.6
73.05 68.13 62.57 49.53 40.41
36.18 35.14 35.26 44 34.75
36.92 36.42 29.82 32.1 36.71
42.52 42.68 53.75 56.84 70.56
71.67 84.49 88.58 91.7 91.63
92.38 93.74 92.66 94.22 95.03
94.03 94.41 95.06 94.35 93.76
94.72 94.09 91.82 92.11 91.94
91.21 88.78 89 87.23 80.88
81.16 77.67 83.28 90.04 92.74
93.97 94.26 92.64 93.49 92.44
93.04 91.85 93.05 94.24 93.09
90.98 92.59 92.69 90.38 88.68
90.83 90.38 84.56 84.7 89.47
87.95 82.37 83.89 83.82 89.29
87.75 89.6 88.9 91.58 90.94
91.67 89.96 91.11 91.52 89.22
91.85 91.54 93.41 92.67 93.43
92.11 90.4 88.86 84.91 83.85
82.01 85.73 84.83 81.1 85.39
88.17 83.74 82.22 88.05 90.07
85.38 85.52 91.12 90.76 87.92
88.6 92.28 92.32 92.31 94.61
95.38 95.74 96.94 98.05 98.75
98.58 98.31 98.73 98.63 97.71
98.55 98.56 97.8 97.92 98.17
97.44 98.37 98.73 98.88 98.88
98.84 98.5 97.02 98.29 97.48
97.46 98.59 98.6 98.44 98.69
98.73 98.29 98.15 98.46 98.27
96.39 94.23 96.73 97.84 97.37
95.98 94.52 95.68 95.54 95.68
97.23 97.41 95.39 95.29 97.19
95.17 94.34 95.95 97.78 97.07
98.06 98.59 98.7 98.73 98.64
98.07 97.41 97.88 97.59 94.31
93.94 92.79 96 96.8 92.15
92.92 95.42 95.03 91.99 92.52
95.84 94.69 95.54 92.01 94.4
96.13 95.14 94.26 96.83 97.18
95.51 96.32 96.21 96.83 97.79
94.01 94.24 95.21 96.07 96.08
95.92 96.44 96.58 93.54 91.84
95.15 91.66 89.39 85.08 73.21
68.82 61.88 63.15 66.15 71.8
68.24 79.21 91.29 96.22 96.03
95.85 96.95 98.05 97.54 97.12
98.43 98.52 97.79 98.34 98.75
98.62 98.35 98.54 98.35 97.9
97.93 97.48 96.85 96.43 94.56
95.01 93.57 94.64 95.35 95.44
94.74 96.77 97.31 96.82 96.99
96.07 96.8 96.05 96.36 96.88
95.88 95.47 96.91 97.55 97.93
97.47 97.29 95.48 92.07 86.34
82.48 82.67 80.11 85.19 88.52
87.24 93.23 94.97 96.02 95.9
90.7 84.74 89.8 91.27 88.07
86.49 86.19 85.89 89.86 91.39
91.43 93.07 94.86 94.79 95.88
95.72 96.1 96.03 94 94.04
93.77 92.11 91.62 93.83 95.96
94.47 94.43 94.17 94.48 94.83
93.18 91.92 92.06 90.18 89.61
91.55 88.06 88.94 87.52 87.08
85.58 84.95 88.41 93.43 93.65
93.03 93.52 93.79 92.94 93.31
89.06 88.64 89.04 90.82 92.59
92.12 91.49 92.86 93.08 92.81
91.94 90.66 91.32 89.71 90.69
90.54 89 91.73 94.75 94.31
95.86 93.05 93.71 90.99 89.71
91.8 90.89 87.44 88.76 87.46
83.55 80.16 79.06 77.18 70.76
67.02 62.94 61.23 59.04 47.2
40.25 53.66 48.49 50.08 44.8
44.59 45.8 44.58 41.14 41.56
39.87 41.31 36.47 36.34 32.36
39.21 34.8 28.89 32.8 30.19
36.07 31.01 29.9 32.67 27.77
32.1 33.21 27.08 28.88 30.24
31.67 30.1 31.04 30.78 30.28
35.24 28.09 32.21 34.66 31.98
32.13 30.03 30.37 32.91 29.99
36 31.6 36.28 33.91 36.03
35.11 32.74 35.19 35.62 32.69
36.97 33.19 34.49 33.31 28.53
35.24 30.57 34.67 30.66 36.2
35.53 35.82 33.93 33.12 34.55
32.56 27.51 36.89 35.14 35.57
35.46 37.98 31.62 33.58 29.36
36.25 33.02 29.34 33.28 30.78
30.26 29.39 33.99 30.82 30.59
33.13 30.06 32.4 29.85 38.1
29.98 31.33 28.39 32.39 31.35
30.5 32.4 33.93 39.99 38.26
43.55 39.06 50.15 48.27 52.22
47.7 48.57 33.01 36.72
