34.87 36.54 35.09 38.59 39.77
36.54 39.66 37.85 42.7 40.66
40.88 41.69 45.99 46.66 45.34
47.34 47.37 41.12 38.59 34.3
33.48 30.92 27.62 31.25 28.57
29.59 26.32 32.7 31.34 28.15
32.62 34.15 39.28 51.42 65.6
79.01 88.9 91.1 93.1 93.45
93.92 93.98 91.26 87.58 92.46
91.65 93.69 93.17 93.78 90.25
86.24 79.13 68.99 64.58 74.1
82.01 88.33 88.37 91.11 89.61
92.27 93.54 94.2 94.47 92.93
93.01 92.01 91.12 88.35 89.71
87.6 89.22 88.48 84.08 86.93
84.92 83.99 84.05 85.38 84.68
86.7 90.45 90.79 92.11 93.13
92.08 86.04 89.79 92.34 92.44
90.14 91.44 93.23 91.29 89.55
90.37 92 88.09 78.96 82.54
82.72 90.39 92.28 92.82 92.51
91.49 89.47 86.29 82.45 86.05
87.61 92.07 90.4 90.42 90.72
91.13 90.57 87.02 90.45 92
93.42 94.41 95.05 94.17 94.27
93.96 92.49 88.78 85.42 71.75
65.35 64.24 62.12 72.15 78.12
85.09 82.47 83.94 83.17 86.73
84.29 83.13 85.51 76.75 65.98
61.22 67.01 67.13 73.97 80.12
84.69 84.17 84.05 85.37 84.03
90.45 92.72 94.28 93.84 93.64
91.84 91.42 87.86 80.38 76.72
62.33 68.14 80.65 89.75 92.07
94.36 93.8 94.81 93.21 93.49
91.89 89.44 88.91 92.8 92.65
94.12 94.06 95.11 94.69 94.24
92.96 88.89 87.11 85.4 86.53
89.47 87.88 85.42 87.51 84.12
89.73 89.79 90.31 92.37 93.54
94.61 94.17 94.57 93.51 94.5
95.21 95.16 94.06 92.37 93.96
90.3 95.88 95.5 94.04 90.67
87.16 88.26 92.4 95.32 96.71
96.17 96.55 95.72 93.92 93.64
95.44 94.22 95.66 96.07 96.02
95.98 95.7 92.8 91.49 87.5
90.7 91.52 90.7 93.51 89.11
91.75 93.89 93.42 94.1 93.28
89.69 91.14 93.79 95.03 94.2
92.2 92.21 93 93.55 94.7
94.42 90.77 89.63 90.85 88.81
94.19 94.96 95.41 96.4 96.55
97.01 96.58 94.11 93.28 89.78
87.97 89.58 93.49 96.32 96.68
97.08 96.67 96.61 94.19 88.8
87.69 90.63 91.06 89.37 93.84
95.82 96.05 96.02 95.82 94.45
93.76 90.61 88.22 86.03 88.65
89.64 90.53 90.74 89.82 91.58
93.13 95.26 93.36 94.19 92.66
93.51 93.69 94.62 92.57 91.17
92.67 91.99 94.51 95.45 95.61
95.41 93.88 91.55 91.48 93.83
96.26 95.23 95.33 93.03 90.08
83.46 75.01 73.16 57.29 57.43
56.5 50.32 52.04 53.32 53.66
56.7 67.54 83.52 88.37 91.24
90.35 93.75 93.57 94.89 92.46
91.89 86.59 85.46 87.84 88.83
87.65 90.6 90.28 87.58 86.9
85.64 85.89 87.6 83.15 79.63
76.52 77.37 76.21 83.87 89.48
90.76 93.53 94.03 94.36 95.06
92.65 90.78 86.4 87.62 89.23
90.77 92.6 92.53 91.91 92.44
89.35 85.35 88.71 89.68 89.66
89.57 89.42 90.48 88.96 89.93
86.58 85.9 76.55 65.73 59.21
55.34 41.81 45.72 45.02 32.4
29.66 27.35 30.87 31.54 29.86
28.93 32.36 30.53 28 33
31.04 31.03 30.74 28.37 31.87
26.9 32.15 32.91 26.41 31.98
29.21 33.43 27.98 33.01 30.21
36.98 34.79 35.82 40.11 34.57
30.71 35.49 30.35 35.54 30.9
32.94 29.49 36.74 33.14 34.96
36.05 35.12 32.04 34.6 34.54
35.3 45.14 38.97 34.29 38.98
33.26 36.56 33.64 37.33 30.59
38.28 37.41 32.88 32.1 31.63
32.19 36.06 42.54 38.06 54.26
56.7 66.62 80.8 86.16 86.64
89.7 89.02 88.79 84.03 82.37
83.98 90.34 92.04 92.38 91.94
89.49 88.14 85.23 83.84 84.16
88.21 89.16 91.39 92.76 92.31
93.89 92.78 90.97 87.74 84.86
91.11 91.02 90.93 92.83 93.45
92.91 92.81 90.35 91.12 85.74
81.58 73.96 77.09 77.19 84.62
87.7 86.4 83.48 80.23 85.96
90.74 91.76 92.25 91.4 92.45
93.17 94.1 93.21 91.97 93.19
93.03 90.91 91.84 92.21 90.86
91.85 92.18 90.08 89.13 88.56
83.62 87.39 88.75 91.15 89.57
92.14 93.74 93.9 94.04 93.81
94.63 94.52 94.72 93.46 93.53
91.91 89.66 88.92 90.99 91.68
91.99 92.39 94.28 93.76 93.53
93.35 94.33 93.54 93.3 93.26
92.78 91.7 91.99 92.87 90.15
89.12 90.87 90.57 87.66 87.97
87.9 87.34 85.81 83.02 81.75
79.57 73.99 71.84 72.1 74.32
75.08 77.28 75.75 80.54 80.42
79.6 83.11 85.49 85.78 83.45
85.72 87.21 87.98 86.93 88.48
89.22 90.03 89.28 90.7 92.4
91.68 92.46 93.24 94.23 93.45
94.11 94.1 94.03 94.07 94.42
94.62 93.16 90.96 87.79 88.48
91.24 91.03 89.32 91.34 92.58
89.52 89.57 90.5 88.44 86.6
88.49 91.12 91.91 92.01 93.48
94 94.12 93.48 93.1 94.37
92.65 90.87 90.55 92.67 90.34
88.87 89.51 91.72 91.06 88.69
89.01 89.59 87.17 86.14 85.41
75.49 70.31 69.68 81.7 83.01
85.98 85.8 85.67 82.14 86.65
85.73 88.73 90.91 90.47 91.37
90.05 91.05 88.91 89.05 86.72
85.19 82.85 78.57 73.96 71.72
72.44 77.48 79.9 81.33 83.18
81.1 76.29 63.67 60.17 52.33
57.65 57.52 63.82 75.72 86.55
89.02 90.38 89.18 88.18 88.69
86.73 86.15 86.76 85.35 85.7
85.05 83.38 84.54 83.68 82.25
82.19 86.55 87.67 89.54 89.42
90.75 91.31 91.93 92.47 92.32
90.37 85.84 91.22 88.43 88.07
91.39 91.2 87.61 86.67 79.72
81.69 83.33 82.51 76.05 63.05
62.91 53.45 44.1 49.06 50.39
46.51 43.16 49.03 51.14 56.19
72.28 83.81 85.47 90.43 90.41
92.15 91.75 93.33 93 91.34
89.85 89.27 88.05 82.62 72.67
63.82 58.33 59.61 64.64 65.54
76.16 80.44 81.64 86.24 90.05
90.87 92.79 93.07 92.54 93.08
91.69 90.29 88.34 83.36 81.01
77.67 76 78.43 82.03 82.63
88.6 91.26 93.33 92.84 92.91
92.55 90.64 90.34 88.45 85.7
87.59 88.23 89.2 87.56 88.48
92.27 92.94 91.43 90.82 89.17
87.34 92.1 91.23 91.76 92.48
91.68 88.24 86.92 84.73 87.95
90.82 92.77 93.97 94.78 94.16
93.05 91.29 89.7 86.7 86.9
91.6 93.56 93.81 92.8 90.35
86.96 80.27 69.66 61.63 48.46
44.74 37.77 38.06 40.07 52.41
55.36 64.1 65.56 68.29 71.34
77.98 74.56 77.47 82.06 82.29
81.76 86.06 87.06 85.24 86.27
89.24 89.68 89.08 91.15 91.6
90.16 89.7 90.16 87.99 86.98
87.56 87.19 82.36 82.13 81.12
77.96 71.84 61.55 59.66 61.37
62.05 68.78 75.58 76.53 79.29
84.15 86.26 84.46 87.18 90.96
88.61 89.55 91.48 92.75 89.26
92.62 93.53 90.62 88.85 92.24
92.25 87.92 86.44 87.8 81.48
82.89 81.57 83.15 81.35 82.91
84.3 81.18 86.78 87.41 90.24
89.99 91.31 91.91 90.56 91.74
93.43 92.09 92.52 94.88 94.14
90.35 91.58 93.53 89.75 88.28
90.68 90.87 85.49 86.95 88.38
83.37 80.77 84.86 83.82 79.17
80.52 80.64 73.07 71.48 73.66
71.59 60.36 53.84 54.54 50.5
57.29 59.08 65.14 76.46 78.34
84.93 86.07 87.9 90.28 89.63
88.35 89.72 93.99 92.98 90.91
93.19 94.72 93.69 92.88 93.43
93.47 93.19 91.01 90.68 91.1
88.24 85.05 86.75 83.72 86.41
86.75 83.11 80.19 78.31 74.03
79.23 87.83 85.78 85.47 81.89
75.77 71.43 72.32 80.27 86.75
84.15 86.37 89.06 88.38 86.75
87.47 90.4 87.44 85.44 88.92
88.26 83.58 86.6 87.87 83.29
84.24 87.26 83.98 78.21 83.67
85.22 76.88 79.57 83.16 80.64
73.54 77.89 76.8 67.7 63.88
59.28 56.71 49.23 48.22 49.85
51.2 60.98 63.74 63.71 67.44
70.84 69.27 72.91 72.94 74.73
76.84 77.27 77.49 77.27 78.37
80.3 77.63 77.99 79.47 80.23
81.43 78.68 77.24 83.32 83.93
80.47 78.2 83.32 76.84 74.37
75.01 74.37 69.78 66.15 61.31
61.73 70.88 73.69 78.69 75.44
72.05 81.95 85.42 83.01 80.52
83.47 84.78 79.63 80.04 82.26
81.34 82.25 85.61 84.23 82.67
85.52 84.4 78.96 74.83 78.96
80.35 75.73 73.08 71.84 74.49
75.35 76.72 75.77 74.82 77.06
70.81 72.43 65.95 68.06 61.34
55.42 40.75 44.15 47.86 42.78
34.77 31.8 32.55 36.18 36.9
34.91 34.7 36.53 38.02 35
37.24 40.48 37.32 34.31 37.88
36.59 37.83 37.66 38.67 39.34
37.05 35.48 34.14 34.48 34.7
34.16 36.26 41.61 44.57 46.67
55.36 57.94 57.51 53.56 60.2
56.3 55.77 56.07 49.13 47.67
44.17 41.02 44.77 38.56 34.93
32.78 31.77 38.02 38.9 36.62
38.32 42.39 36.13 38.23 32.91
34.21 30 32.42 29.67 28.02
28.85 30.41 35.31 32.8 29.93
32.42 32.58 28.75 29.15 34.58
32.79 25.28 27.28 30.36 35.38
30.73 34.29 37.6 38.22 36.36
36.85 35.53 29.18 30.97 29.49
28.01 27.62 26.38 25.51 27.7
27.47 28.58 31.38 33.32 37.57
28.49 34 36.42 28.3 28.15
27.86 30.95 38.52 27.81 28.6
27.86 30.25 27.7 27.46 26.51
28.17 26.65 25.94 27.06 27.19
29 27.16 30.42 33.72 35.81
30.86 27.85 33.55 30.22 33.72
29.61 33.5 28.13 29.48 24.86
27.08 27.57 25.58 28.44 26.23
27.27 27.12 31.8 25.71 24.37
25.66 23.83 24.72 26.03 23.72
27 26.05 27.43 27.85 31.79
31.01 31.2 34.46 31.47 29.14
27.45 34.63 33.35 27.7 26.88
30.79 28.71 33.89 36.14 29.03
30.36 33.47 28.94 30.6 30.5
30.97 33.81 33.47 35.27 35.11
34.5 32.46 31.07 31.27 29.41
40.3 33.55 30.55 40.54 34.37
37.78 33.93 33.74 32.67 36.39
38.92 38.58 37.62 37.77 37.47
36.68 33.96 34.51 30.96 29.88
28.02 27.22 26.54 31.87 31.05
28.61 32.81 32.13 36.74 30.76
32.44 28.27 30.45 28.06 30.4
27.63 27.31 29.34 26.67 28.37
36.72 27.44 31.05 31.16 28.26
26.72 26.71 33.16 25.76 26.65
27.82 27.02 26.18 32.21 29.03
32.37 31.64 25.71 29.47 26.28
27.2 26.05 24.97 28.26 27.29
28.1 31.5 28.9 28.91 34.18
29.47 32.33 32.96 31.79 28.71
28.09 29.75 27.5 26.21 32
36.14 30.17 30.49 30.51 34.31
34.47 31.41 33.47 30.32 30.08
36.04 27.43 26.95 26.47 25.12
27.74 38.79 31.6 39.78 31.93
30.46 32.01 38.17 34.36 33.03
34.15 35.96 35.82 39.32 32.97
42.9 36.18 35.28 36.37 35.98
32.02 34.6 35.83 32.64 30.96
31.44 31.3 27.99 31.24 32.9
40.51 30.26 28.58 26.67 29.44
26.95 29.9 29.43 29.41 28.95
29.57 25.23 34.96 28.39 25.59
30.72 25.77 27.4 26.08 26.56
27.64 27.92 29.4 28.55 29.21
34.33 31.68 30.18 27.59 27.29
28.79 25.46 29.69 37.95 26.73
29.91 28.65 29.4 29.09 29.71
35.45 28.5 33.78 32.02 32.33
35.86 32.47 29.23 32.7
