46.16 38.95 38.02 39.74 41.36
30.6 37.12 36.36 36.38 35.3
34.73 33.49 38.9 39.17 38.28
46.26 35.62 53.4 64.42 77.65
92.02 95.85 98.25 98.71 98.81
98.84 98.87 98.82 98.82 98.64
98.04 97.25 97.87 98.41 98.81
98.93 98.95 98.97 98.94 98.93
98.74 98.66 98.08 97.65 98.18
98.57 98.86 98.91 98.94 98.95
98.96 98.89 98.87 98.72 98.09
98.05 98.77 98.72 98.68 98.83
98.87 98.86 98.85 98.88 98.88
98.76 98.8 98.61 98.47 98.8
98.83 98.88 98.86 98.9 98.87
98.92 98.93 98.9 98.82 98.57
98.58 98.06 97.58 98.02 98.2
98.67 98.55 98.36 97.27 97.86
98.43 97.25 96.5 98.02 98.27
97.69 97 98.46 98.72 98.77
98.89 98.85 98.8 98.78 98.5
98.4 98.26 98.31 98.48 98.16
98.32 98.7 98.83 98.8 98.68
98.73 98.42 98.78 98.68 98.8
98.77 98.66 97.82 97.68 98.64
98.79 98.91 98.89 98.94 98.9
98.87 98.9 98.88 98.71 98.7
98.78 98.61 98.69 98.89 98.94
98.97 98.95 98.93 98.83 98.34
97.87 98.67 98.72 98.92 98.96
98.96 98.97 98.85 98.86 98.8
98.94 98.89 98.88 98.8 98.64
98.81 98.28 98.28 98.46 97.6
96.95 97.3 98.13 97.98 98.74
98.75 98.82 98.85 98.9 98.9
98.89 98.89 98.9 98.89 98.84
98.8 98.92 98.85 98.83 98.85
98.86 98.78 98.8 98.89 98.94
98.96 98.96 98.93 98.91 98.87
98.78 97.91 98.25 98.06 98.72
98.8 98.87 98.86 98.93 98.91
98.92 98.91 98.91 98.74 98.87
98.81 98.84 98.48 98.55 98.66
98.62 98.64 98.72 98.82 98.76
98.71 98.84 98.74 98.56 98.4
98.31 97.04 97.28 94.98 93.66
93.52 95.21 94.09 93.07 93.03
92.22 93.71 94.9 94.81 96.33
97.06 96.8 97.28 98.29 97.87
97.73 96.89 93.43 84.36 76.67
69.63 68.63 61.27 35.49
