94.05 93.64 93.85 95.27 94.59
93.48 94.57 95.54 93.26 92.32
94.35 94.23 92.2 92.38 94.16
93.72 92.96 91.08 91.57 89.23
87.4 85.23 82.48 71 76.24
81.69 74.13 74.03 84.69 82.82
80 88.07 92.48 91.99 91.71
95.14 95.52 93.49 94.09 96.29
95.44 93.57 89.71 89.55 90.31
91.37 91.17 89.61 93.93 94.77
95.28 95.86 97.31 97.4 97.63
97.33 97.18 97.06 95 91.87
93.49 93.81 93.21 94.81 96.68
96.8 96.54 97.26 96.71 96.62
97.05 96.07 95.26 95.51 94.74
93.65 93.24 92.49 92.12 91.5
89.99 89.84 87.83 85.84 85.88
85.27 87.44 89.35 88.9 87.96
89.04 91.69 92.07 90.16
