36.11 29.54 35.82 36.22 33.21
32.29 31.45 30.47 34.86 30.74
28.27 30.14 30.15 30.03 27.4
27.58 30.23 29.34 36.81 30.92
31 33.98 42.19 35.53 38.63
36.44 42.6 46.45 44.63 39.86
43.32 40.03 43.28 44.85 45.05
49.86 54.23 52.24 55.13 60.51
65.18 57.72 48.26 59.8 48.74
51.1 47.42 45.9 43.82 42.64
43.61 44.31 44.78 42.22 46.27
49.56 45.5 45.53 56.02 61.3
65.18 64.91 70.42 75.18 75.61
77.06 83.89 84.7 81.51 88.03
89.2 88.2 87.28 89.38 89.64
87.39 89.42 90.05 85.99 88.35
90.61 88.9 85.89 89.19 86.1
86.11 86.78 87.38 88.26 87.1
88.64 89.83 89.1 88.34 87.17
89.14 88.69 87.23 87.92 88.64
89.81 87.53 87.95 86.91 87.5
83.95 82.85 84.02 81.92 77.61
68.72 70.21 70.58 75.44 81.28
84.46 85.43 84.58 85.06 87.92
87.13 86.26 86.81 90.58 87.37
86.94 91.01 89.57 88.97 90.33
90.53 90 89.29 92.51 91.98
87.2 90.63 89.42 85.97 87.08
88.32 87.48 86.61 89.7 89.14
88.68 91.79 91.54 90.94 91.05
93.18 91.43 90.45 91.56 91.84
89.63 87.12 88.49 86.32 80.74
80.53 81.01 74.34 70.32 73.1
68.4 64 55.44 55.7 55.97
61.81 63.94 63.42 70.56 70.27
67.87 70.58 74.23 72.13 66.95
71.26 72.9 65.16 64.76 69.43
65.52 62.41 66.47 64.32 64.2
64.99 65.73 66.1 69.51 80.04
83.45 88 92.99 92 90.72
93.34 90.41 91.53 94.36 93.7
95.01 94.02 93.13 94.29 91.37
92.3 94.94 95.97 97.48 97.81
97.75 98.19 97.39 96.1 94.71
88.63 86.3 82.49 77.63 73.54
75.89 85.7 89.33 95.57 97.45
98.26 98.31 98.24 97.74 97.58
97.25 96.78 96.26 97.32 98.27
98.1 98.49 98.19 97.96 97.69
93.82 92.59 90.9 92.28 94.51
95.92 93.65 92.86 91.79 92.12
91.51 96.11 96.74 97.57 97.98
98.06 98.29 97.11 96.64 98.18
98.4 98.28 98.05 98.17 97.66
98.19 98.11 98.07 94.97 91.37
93.3 97.02 98.53 98.65 98.55
98.35 98.42 98.19 96.41 97.81
97.95 98.56 98.46 98.59 98.12
98.57 96.48 96.48 93.49 95.55
96.15 96.99 98.37 97.69 97.59
98.25 98.42 98.07 97.41 95.51
95.88 97.98 96.5 97.1 96.3
96.7 96.85 97.07 98 98.28
97.2 96.21 96.91 96.94 97.93
97.83 97.94 98.36 98.64 98.59
98.1 96.82 94.86 90.32 89.06
92.4 97.3 98.61 98.64 98.65
98.54 98.19 97.34 95.95 95.77
96.66 95.81 96.56 98.19 98.64
98.54 98.45 98.52 98.06 98.16
95.29 94 93.64 97.01 97.93
97.79 98.2 97.65 97.47 98.02
98.36 97.26 97.98 97.03 98.05
97.97 98.2 97.62 97.33 98.29
97.48 97.91 98.43 98.43 97.94
95.54 92.56 95.82 97.68 98.69
98.63 98.61 98.2 96.71 96.11
96.05 96.3 90.75 88.39 93.84
96.24 97.67 96.85 98.37 98.42
98.59 97.28 97.57 93.62 95.21
96.53 97.46 97.53 96.52 96.95
94.28 94.2 94.43 93.33 94.58
92.54 93.83 93.09 95.01 91.4
95.87 97.24 96.73 97.84 98.24
97.85 97.45 94.15 90.13 86.66
86.76 87.59 93.49 97.88 98.19
97.95 97.99 97.14 96.41 96.59
98.11 97.75 97.14 96.71 96.13
91.49 90.77 87.21 86.54 81.59
75.11 66.59 59.91 55.24 56.75
52.75 42.85 34.4 39.64
