96.57 96.02 96.2 94.32 93.42
95.95 94.52 98.21 98.41 98.49
98.31 98.72 98.54 98.19 98.54
96.98 96.73 98.22 96.87 95.99
96.13 94.65 93.55 92.75 89.73
88.04 84.02 79.26 67.81 59.22
52.97 49.06 43.63 42.22 44.3
53.79 72.34 86.65 88.9 88.83
87.85 91.64 92.26 89.47 90.28
92.94 90.79 90.65 93.18 92.58
89.94 87.66 83.85 84 84.52
82.23 83.99 85.51 86.34 87.81
88.96 90.09 90.4 88.68 86.08
87.79 88.98 92.94 94.57 93.47
94.63 95.63 95.79 94.83 96.99
97.08 95.53 96.06 97.71 96.49
95.39 96.97 98.33 97.55 97.18
98.48 98.5 97.75 98.12 98.74
98.38 96.13 96.77 97.29 95.81
94.39 94.91 97.48 98.22 98.22
98.32 94.98 96.03 98.03 96.21
94.43 96.69 97.52 94.82 93.94
95.95 97.81 98.76 98.85 98.85
98.83 98.88 98.81 98.61 97.79
98.44 97.99 96.58 94.91 94.52
93.63 95.64 97.04 95.1 94.83
97.75 97.55 97.3 98.76 98.81
98.86 98.89 98.73 98.6 97.72
97.02 93.85 94.88 96.12 94.49
94.19 97.56 97.74 95.89 96.99
98.13 98.16 95.54 96.51 97.52
97.92 98.32 98.65 98.59 98.72
98.53 98.46 98.49 98.61 98.48
98.32 97.91 97.12 96.35 94.56
93.26 91.73 89.12 77.54 77.73
69.06 64.5
