41.79 47.88 48.17 43.34 37.33
32.68 35.12 33.29 31.32 35.41
31.04 35.52 33.62 37.7 36.7
43.03 41.59 50.23 50.66 55.97
45.6 52.77 56.33 58.89 56.53
53.02 58.5 67.56 64.88 64.85
65.14 71.85 71.62 72.22 75.87
78.28 78.25 77.43 79.23 79.83
77.95 81.18 83.17 84.86 80.09
84.1 84.1 83.55 86.04 87.56
89.96 88.69 87.01 90.29 89.64
91.98 91.12 91.66 90.89 92.17
91.99 93.04 94.59 93.06 93.75
92.65 94.46 94.53 94.14 93.66
94.84 93.4 93.8 94.14 94.17
93.2 93.14 94.3 94.81 94.87
93.67 94.42 94.01 93.92 93.91
94.58 94.83 93.7 94.11 94.75
94.57 95.05 96.15 94.11 94.86
96.53 96.6 96.01 95.4 95.76
96.05 96.36 96.47 95.6 96.4
95.91 96.98 96.19 95.8 96.59
95.67 95.58 95.71 95.59 95.45
94.69 95.88 94.87 94.63 93.56
95.73 95.54 94.86 95.32 96
95.14 94.66 94.75 95.79 94.79
94.58 95.4 95.67 94.44 93.89
95.36 95.37 94.33 95.49 95.51
94.28 95.44 95.04 94.71 94.71
94.52 95.89 94.66 94.87 94.25
95.23 94.33 93.03 94.84 93.77
92.09 94.3 94.88 94.36 94.58
95.1 94.58 94.88 93.75 95.11
95.39 93.33 94.73 94.87 95.05
94.26 95.4 96.13 94.55 94.3
95 94.86 94.01 94.1 95.31
94.45 93.35 94.18 94.58 93.42
92.09 94.78 95.28 92.44 94.02
94.98 93.54 91.35 94.83 94.33
93.74 92.95 94.47 94.12 92.93
92.68 94.2 93.15 93.12 94.16
93.18 91.31 91.44 91.7 91.38
91.27 90.66 89.71 91.15 91.04
90.76 90.29 89.68 89.23 90.35
90.05 90.36 89.34 90.12 88.39
89.56 89.07 88.18 87.37 88.29
87.93 85.07 83.13 84.14 83.04
83.13 80.9 81.91 77.77 77.12
76.28 77.89 75.41 71.82 72.92
65.67 66.29 64.45 62.53 60.56
55.99 55.35 53 50.85 50.18
52.18 46.9 42.55 46.23 47.41
39.79 33.36 38.13 45.02 46.1
53.57 51.12 53.83 54.75 60.95
58.7 60.51 65.55 66.04 63.02
63.7 66.08 66.62 65.85 74.86
73.21 78.97 78.34 83.58 81.55
81.07 82.74 86.82 87.16 85.66
87.98 89.97 86.39 88.29 89.99
89.67 89.53 91.22 91.82 91.46
92.04 93.36 92.76 93.28 93.3
93.79 93.79 94.84 93.8 94.06
95.49 94.45 94.84 94.64 96.03
96.79 94.9 95.85 96.45 96.38
95.72 96.42 95.98 95.62 95.21
97.15 96.2 95.29 95.85 96.55
95.62 96.47 94.71 95.49 95.1
96.29 95.15 95.57 96.17 96.27
95.66 96.68 94.86 95.64 94.86
93.71 94.27 94.84 91.99 94.04
94.53 93.14 92.71 94.68 94.55
94.78 91.33 93.18 93.47 92.53
91.88 93.54 94.49 93.49 94.42
95.03 94.73 94.41 94.66 95.84
94.63 95.12 95.68 95.81 95.82
95.02 96.12 94.41 93.93 94.15
93.76 91.38 91.39 91.52 86.61
86.17 87.03 87.41 83.43 84.26
86.48 81.8 78.9 79.26 83.9
83.46 86.11 84.73 85.71 86.54
89.24 88.68 87.32 90.91 92.45
91.95 92.83 93.61 95.85 94.46
94.8 96.03 96.58 94.4 95.26
95.54 92.23 90.81 91.22 92.12
88.05 87.01 88.22 87.87 85.28
84.98 88.25 88.02 85.5 86.45
88.18 87.06 86.79 88.59 87.82
87.4 89.2 88.72 89.13 89.63
91.46 89.88 91.14 91.32 92.27
87.8 85.91 84.81 80.43 81.93
76.59 73.91 78.59 82.43 79.67
77.14 80.07 76.32 73.73 68.46
67.36 66.9 63.54 64.13 62.3
67.11 65.3 68.2 66.07 58.67
59.67 61.13 59.68 52.33 45.37
36.63 37.94 41.11
