28.47 36.48 41.5 42.49 40.86
44.51 41.18 38.84 45.9 51.89
59.87 86 95.37 97.27 98.2
98.43 97.93 96.98 95.82 95.82
96.2 96.88 97.95 97.68 97.94
96.81 96.05 95.27 93 92.94
90.35 91.62 95.66 95.08 96.22
96.15 97.6 97.99 97.91 98.04
98.07 98.08 96.92 95.58 87.54
76.57 61.61 56.39 51.35 47.24
41.1 46.5 38.53 34.89 43.16
41.78 38.44 31.62 34.42 33.07
38.31 46.77 48.11 63.59 82.31
91.73 95.5 97.24 97.72 97.92
96.54 95.89 94.58 96.82 97.42
96.58 96.31 96.28 96.02 94.26
94.17 97.08 97.71 97.96 97.26
97.26 97.56 97.69 95.58 91.47
92.95 96.59 98.04 97.41 97.59
97.82 96.82 97.4 98.28 97.87
97.82 98.3 98.26 97.6 97.8
97.76 97.3 96.29 96.32 95.36
93.49 93.4 92.63 93.52 95.74
95.71 94.77 95.44 96.64 97.94
98.12 98.42 97.67 97.55 96.49
96.11 95.52 96.44 96.85 97.06
97.75 98.15 98.12 98.19 98.26
98.34 98.32 98.14 98.25 98.38
98.44 97.93 97.8 97.98 97.75
97.61 96.59 97 97.76 97.81
97.9 97.55 97.52 97.07 97.53
97.47 97.42 97.06 96.48 94.06
94.96 94.36 93.76 94.72 93.7
95.34 97.1 98.53 98.32 98.27
97.13 97.19 95.61 95.62 95.23
95.35 97.49 97.84 98.48 98.45
98.48 98.22 97.25 94.82 93.69
95.9 97.5 97.4 95.84 95.81
97.09 97.83 97.87 95.63 95.28
93.75 94.38 95.63 96.16 95.3
94.89 96.13 96.93 95.08 94.81
96.75 96.03 94.36 95.14 96.38
95.32 94.77 94.92 95.27 96.04
94.84 96.08 97.46 97.45 96.81
96.34 97.53 97.55 97.47 97.47
97.02 96.47 94.8 96.23 95.47
94.43 93.77 95.07 95.14 96.48
97.01 97.58 97.36 96.29 96.69
92.03 91.48 93.05 93.88 92.85
96.18 97.66 97.7 97.83 98.17
98.05 97.91 98 98.22 98.25
97.81 97.82 98.3 98.32 97.31
97.73 98.27 97.53 95.82 97.35
98.13 98.03 97.39 96.75 95.25
91.14 91.99 91.71 92.64 93.28
92.71 94.26 94.19 93.99 94.27
94.79 94.37 95.9 97.04 97.68
97.64 98.14 97.62 98.01 97.68
97.03 97.12 97.6 97.46 96.76
97.01 97.47 95.8 95.01 93.3
95.6 96.38 93.64 94.23 96
95.5 93.59 95.44 95.53 92.54
89.48 85.47 76.94 77.79 69.34
64.97 63.93 47.13 53.5 55.69
73.06 85.52 91.6 94.2 96.81
96.32 96.01 97.37 98.21 97.5
97.77 98.3 97.83 97.12 97.82
97.62 96.28 95.29 95.82 96.11
97.11 96.17 95.63 97.61 97.5
96.56 96.93 98.2 97.84 97.62
96.35 94.97 93.77 95.46 96.29
95.55 96.12 95.65 95.74 97.17
96.03 96.27 97.14 97.61 97
96.58 97.03 97.3 96.08 95.38
95.34 95.65 94.77 92.88 92.84
94.44 94.93 97.39 97.44 97
96.2 93.38 88.41 81.15 86.82
88.25 88.79 89.79 90.27 90.87
93.21 94.83 96.33 97.75 95.91
96.11 96.72 96.19 94.57 94.24
94.36 92.68 91.3 87.16 87.48
89.73 85.69 88.33 92.16 95.37
96.83 96.34 96.34 96.37 95.95
97.79 97.32 96.41 93.5 95.79
95.84 95.42 95.01 96.51 95.12
92.2 93.62 94.3 86.93
