31.99 28.14 33.5 33.62 31.24
35.72 34.93 33.11 30.67 33.04
26.98 29.65 28.43 30.48 27.38
32.1 30.69 28.85 28.64 26.47
26.87 26.5 29.54 26.55 26.48
27.43 26.38 26.05 28.03 25.21
23.67 24.84 26.12 23.56 27.17
26.34 24.68 23.9 24.82 23.52
26.91 27.04 29.29 30.09 29.7
29.24 26.72 30.1 31.15 32.87
48.96 46.22 46.95 50.73 51.79
54.31 55.19 57.23 59.36 59.28
60.49 60.85 66.39 66.61 61.72
64.89 69.15 64.6 62.21 63.06
65.12 62.2 61.75 59.34 51.24
45.26 45.15 39.3 40.73 43.77
41.02 46.02 41.63 51.23 45.28
56.8 54.66 55.9 58.14 63.55
73.36 80.3 85.41 87.5 89.76
88.9 89.78 87.27 86.68 88.66
91.14 93.35 93.55 93.86 94.06
93.65 93.79 93.75 91.87 91.36
88.45 87.57 85.71 85.07 85.89
83.7 84.51 84.82 81.49 80.81
80.89 81.09 85.82 90.39 91.07
92.96 93 92.32 92.31 88.44
91.46 91.73 90.82 86.88 88
88.25 88.06 84.88 82.86 83.84
84.88 83.91 85.6 85.23 90.52
92.38 92.48 93.19 93.36 91.43
90.29 87.29 86.26 83.39 84.34
83.38 84.15 83.33 82.71 82.59
82.28 84.15 88.64 90.39 92.31
93.61 94.59 94.26 94.03 93.98
93.46 92.71 90.16 87.04 90.56
89.29 88.34 88.59 85.75 85.07
85.04 82.06 84.98 86.87 88.37
87.52 85.17 87.97 88.9 90.77
91.62 91.73 91.49 92.01 90.75
90.79 89.36 88.65 84.47 82.23
75.24 71.04 64.58 60.38 54.65
56.48 56.41 61.38 61.32 67.17
69.44 62.63 57.55 61.08 58.39
58.75 57.34 54.44 59.87 59.81
60.55 57.82 60.48 61.14 57.7
57.6 59.89 60.43 58.31 58.4
59.92 61.16 68.12 75.01 79.91
85.24 87.69 89.61 90.68 90.47
92.17 92.02 93.32 93.92 93.71
92.64 92.38 90.03 88.36 85.79
85.85 86.36 86.58 85.36 82.91
82.56 83.28 83.21 81.34 77.91
78.41 83.22 81.5 84.03 86.16
87.47 89.01 89.27 87.79 83.47
82.66 83.81 83.65 89.07 91.1
91.64 91.82 91.82 92.17 91.39
90.99 88.33 84.99 82.55 83.59
85.14 82.84 79.35 79.69 84.54
86.24 86.7 86.11 83.37 78.6
75.65 76.93 79.98 81.46 86.47
89.22 92.55 92.62 93.7 93.57
93.16 93.96 92.79 92.69 91.57
91.46 88.31 84.86 86.99 88.91
86.69 82.77 85.17 82.22 76.22
70.55 66.48 60.22 54.83 48.85
47.35 44 45.02 46.81 47.22
37.66 42.5 45.16 43.69 45.87
46.93 52.3 60.64 64.86 66.13
64.15 67.17 75.27 69.16 70.9
77.86 76.38 71.55 76.58 78.53
77.23 75.17 83.38 82.55 82.69
77.89 76.7 78.44 80.64 74.44
75.42 81.35 80.07 73.91 81.16
84.75 80.51 75.66 85.41 86.58
80.11 82.71 87.96 83.24 81.56
86.69 86.88 85.56 84.12 84.88
84.07 82.02 83.65 79.66 70.44
63.86 67.85 67.47 64.66 67.45
76.18 78.61 79.11 80.26 78.94
83.96 86.25 84.12 85.66 88.1
89.23 87.09 87.29 91.76 89.68
86.79 89.26 90.26 86.5 83.75
84.2 82.4 73.09 65.38 62.38
64.92 66.78 63.8 69.69 75.14
77.93 75.1 82.11 87.23 84.17
84.3 88.69 90.23 86.39 87.23
88.81 87.73 85.34 83.32 81.74
76.63 72.62 66.19 62.04 57.52
51.18 46.71 47.88 47.41 53.36
50.59 41.31 43.99 50.5 51.11
57.65 46.23 43.27 40.44 48.45
39.51 50.97 50.59 57.09 56.29
47.23 54.6 54.66 54.13 53.48
63.09 63.22 72.32 72.81 75.99
79.67 81.81 81.13 81.91 80.96
80.94 84.82 84.76 83.6 82.46
86.03 85.42 84.73 86.03 88.9
86.87 87.68 88.53 89.12 86.62
87.6 87.58 86.19 82.54 83.41
81.77 76.54 71.72 71.6 72.11
68.01 79.34 82.32 82.69 80.3
85.98 86.84 86.2 81.93 88.35
88.42 85.08 82.28 86.05 83.82
77.81 74.91 77.98 75.59 76.09
75.34 71.79 74.7 80.55 78.19
79.03 81.69 83.37 77.92 80.28
82.54 82.16 75.42 78.2 73.91
72.61 66.29 67.77 74.8 78.62
79.57 83.04 82.65 82.28 85.88
86.66 82.79 84.7 87.08 84.32
79.78 82.8 81.44 77.76 78.79
77.19 70.05 67.18 68.34 66.49
65.3 54.91 58.58 68.47 72.53
69.41 66.08 73.1 75.7 73.91
73.96 80.14 80.54 79.73 84.57
84.08 81.96 82.55 86.41 85.66
82.44 85.32 87.51 85.87 82.35
84.17 85.71 77.67 63.27 59.81
54.83 56.37 46.38 51.07 52.81
58.12 52.45 44.07 44.76 40.34
50.13 49 38.59 40.01 37.54
38.96 38.14 33.97 31.15 37.47
39.64 36.86 37.94 34.94 40.72
32.34 36.69 38.24 35.57 37.62
40.1 40.73 43.78 43.04 43.94
38.43 44.41 39.12 38.88 38.56
38.05 36.54 37.19 36.06 35.56
37.66 35.98 41.79 38.16 44.19
43.62 41.31 44.25 36.98 40.66
35.37 36.51 40.76 35.32 40.52
40.51 42.05 43.14 40.39 41.42
36.62 39.7 43.85 46.05 44.82
44.09 40.52 43.71 47.26 46.08
47.28 48.25 49.07 50.46
