46.16 42.22 39.74 48.85 45.01
46.82 45.03 43.33 39.64 41.89
42.34 43.29 44.24 39.85 40.68
35.22 35.77 36.5 38.46 43.61
52.46 55.57 71.58 77.76 94.38
94.84 95.96 97.52 96.81 96.39
96.35 94.41 92.82 90.62 82.24
77.63 79.4 78.41 84.71 86.01
91.44 92.26 91.08 90.92 93.5
91.19 89.73 92.54 92.01 92.15
93.86 91.17 92.09 92.36 95.08
95.17 94.64 94.79 96 95.92
94.63 94.29 94.07 92.65 94.8
95.19 93.89 96.29 96.96 96.31
96.58 98.25 98.14 97.63 98.23
98.57 97.44 97.97 98.53 98.23
97.31 97.35 97.26 97.14 95.2
93.88 95.81 96.78 96.69 95.37
96.26 94.69 94.03 95.16 94.46
94.47 94.5 94.15 92.91 92.96
92.71 92.25 93.95 94.75 89.24
86.09 92.66 96.06 97.14 97.67
96.64 97.8 98.46 98.33 98.05
98.69 98.82 98.67 98.7 98.81
98.81 98.67 98.82 98.77 98.62
98.58 98.56 98.1 98.11 98.01
96.71 96.07 95.83 95.03 95.36
92.67 90.68 96.44 96.64 97.17
96.29 94.21 93.98 92.53 91.92
92.06 90.19 89.08 86.87 85.61
82.42 89.07 92.25 94.98 92.9
91.86 95.73 97.28 97.64 97.99
98.12 97.73 98.07 98.43 98.6
97.86 97.62 98.03 97.84 96.54
96.78 96.07 95.45 93.53 89.94
88.89 83.23 74.38 64.68 60.77
57.47 68.63 80.69 84.75 89.88
89.79 90.14 91.45 93.99 94.42
94.54 95.59 97.96 98.01 98.02
98.6 98.78 98.76 98.43 98.57
98.68 98.37 97.92 97.99 96.84
95.39 94.27 94.67 94.58 94.11
94.25 90.52 86.84 92.37 90.15
88.42 91.17 91.58 87.68 88.63
93.12 94.33 96.13 96.44 96.12
96.96 98.15 98.18 97.7 98.27
97.71 98.2 98.64 98.61 97.96
98.32 98.72 98.01 97.53 97.87
97.97 95.72 94.85 96.34 95.24
95.02 94.28 91.32 87.42 84.74
79.76 74 76.8 75.38 71.67
72.52 82.74 86.99 85.57 84.52
80.23 78.54 71.6 75.96 74.55
85.96 83.6 87.51 91.47 92.05
94.42 96.15 98.13 97.09 96.33
94.43 94.35 94.84 94.47 93.08
94.11 96.73 96.61 95.52 94.92
94.9 91.21 90.81 91.63 91.05
94.79 92.8 95.46 96.9 96.23
95.86 95.96 95.5 96.67 96.12
94.96 94.61 95.5 93.09 92.38
93.67 95.17 97.08 97.09 95.62
95.46 97.03 97.5 96.75 95.23
96.02 96.13 97.48 97.02 96.54
95.25 95.21 93.03 95.41 94.57
96 94.87 96.05 95.95 96.09
96.69 95.36 95.89 94.07 90.89
87.42 87.39 94.1 95.79 96.09
97.42 96.54 96.49 96.69 96.31
95.33 95.36 94.51 95.11 95.8
97.3 97.22 97.51 96.3
