60.37 68.45 77.03 82.46 85.48
81.73 85.31 91.51 95.4 97.6
98.39 98.78 98.79 98.53 98.16
97.85 97.06 97.16 98.17 97.89
98.37 97.75 98 98.66 98.74
98.48 98.67 98.4 98.24 98.27
97.71 96.67 96.38 97.58 98.28
98.63 98.61 98.32 97.41 96.01
96.81 97.64 97.4 96.32 96.38
96.8 96.11 95.87 95.51 93.06
96.56 97 95.73 96.74 97.01
97.33 96.96 96.02 96.36 96.84
95.37 95.09 95.74 94.32 95.68
96.29 97.35 97.39 97.74 97.67
96.82 97.88 98.12 97.43 97.29
98.02 96.7 96.8 97.56 97.77
96.16 96.39 96.46 95.15 93.46
93.99 94.8 93.5 96.49 98.27
98.72 98.72 98.5 94.4 98.31
98.53 98.09 98.28 98.39 98.39
98.64 98.37 98.34 98.3 98
96.41 95.86 94.39 94.91 93.82
95.5 97.24 96.83 97.04 98.6
98.63 98.64 98.55 98.39 98.37
98.02 97.71 97.89 98.35 98.24
97.93 97.49 97.38 97.14 96.26
96.11 95.14 93.77 93.22 92.22
88.3 86.86 90.28 87.39 90.79
93.53 93.33 93.67 95.38 96.16
97.46 97.21 97.62 97.55 98.02
97.85 97.44 97.6 97.82 97.9
97.23 96.52 96.87 98.31 98.45
98.25 97.28 98.39 98.3 97.53
97.28 95.34 96.98 97.38 98.46
98.39 98.24 98.4 98.46 98.43
98.03 95.87 97.92 98.21 98.5
98.39 98.62 98.74 98.6 98.56
98.49 98.23 97.96 97.46 96.23
96.61 93.41 84.94 61.85
