31.65 35.05 36.2 52.07 39.89
47.68 45.71 38.5 42.44 31.3
36.59 36.47 34.03 36.42 34.9
33.1 33.86 35.31 33.31 33.83
33.07 28.09 31.15 30.67 32.8
29.71 33.74 33.53 34.1 36.12
33.69 37.6 41.24 37.91 38.57
33.81 36.92 35.46 34.71 31.14
32.23 34.38 39.38 34.94 34.83
37.78 37.05 46.16 40.74 49.12
43.28 55.56 56.79 62.41 64.06
65.58 62.48 67.88 63.1 70.54
71.25 79.22 77.44 80.79 92.5
95.4 94.7 96.55 94.61 94.38
94.94 94.16 92.17 89.92 82.15
81.11 86.33 91.84 94.25 95.83
95.79 96.81 96.45 94.32 92.87
95.06 94.54 95.85 96.23 95.9
95.22 95.15 96.78 95.54 93.99
92.17 95.12 94.87 96.55 96.56
97.53 96.68 96.82 95.59 94.37
94.08 95.35 96.86 97.14 97.54
97.02 96.38 96.5 94.43 96.23
96.21 95.37 94 91.38 87.23
91.08 92.34 92.95 91.36 92.78
93.84 95.62 96 94.95 93.37
92.54 91.91 92.27 92.55 92.09
93.68 95.11 95.39 95.66 95.61
96.49 92.87 90.17 92.04 95.7
96.72 96.91 98.05 98.49 98.06
97.78 96.23 93.7 81.27 72.39
70.98 77.78 76.52 81.51 90.66
95.51 95.97 97.6 97.43 98.13
97.79 97.4 94.93 90.72 94.5
96.43 96.38 94.97 95.64 94.28
96.55 95.24 95.35 95.22 94.87
95.18 94.17 96.58 96.81 97.2
96.35 94.82 94.25 94.44 95.67
96.73 96.91 95.41 94.01 95.16
94.66 95.26 96.66 96.95 95.35
96.12 97.16 95.91 94.89 95.69
96.08 95.21 94.71 97.36 97.35
97.82 97.61 97.63 95.27 96.85
96.83 96.14 93.53 91.23 86.32
84.27 90.75 91.19 91.18 92.08
90.98 88.68 88.31 89.98 89.91
91.06 88.79 88.81 91.44 93.18
95.28 92.7 93.52 94.23 95.41
94.98 96.64 96.87 95.6 95.33
92.58 92.54 88.35 78 67.33
64.47 59.98 58.72 71.9 85.53
91.38 94.56 96.42 96.7 96.98
94.74 92.23 87.71 86.16 89.69
92.11 96.03 96.82 95.8 95.01
91.71 90.08 81.62 72.58 69.55
67.73 63.49 52.73 74.59 82.32
83.25 79.31 83.09 86.79 84.18
83.26 88.06 87.81 85.42 89.17
90.11 86.66 90.4 92.64 95.06
95.75 97.21 95.74 95 94.26
94.27 94.05 94.37 95.28 95.27
92.68 91.95 90.83 88.89 89.05
91.1 93.88 93.22 94.93 95.14
94.44 95.64 95.87 95.18 95.88
94.64 95.79 98.04 97.8 96.79
98.09 98.42 97.88 96.77 96.37
96.19 94.51 92.68 93.19 96.19
95.57 96.6 96.34 97.26 98.16
97.73 97.31 98.49 98.7 98.21
98.23 98.67 98.5 97.9 97.5
97.89 97.58 95.87 93.63 94.17
93.96 91.01 89.45 89.54 90.1
91.63 90.36 91.35 95.81 96.57
97.84 94.9 94.77 97.3 97.02
97.89 96.17 94.6 95.02 96.51
97.4 98.35 97.95 96.73 91.38
76.57 65.92 57.14 57.82 65.81
69.08 67.56 69.97 65.12 72.21
75.94 83.71 84.53 87.59 85.4
82.84 84.42 81.01 81.48 83.08
83.86 92.39 95.74 97.88 97.88
96.89 97.89 97.36 96.37 95.28
94.28 93.45 93.03 92.04 93.06
93.07 93.76 95.32 97.45 96.96
97.12 98.59 98.76 98.46 98.76
98.79 98.81 98.78 98.79 98.77
98.77 98.75 98.45 98.22 98.41
97.89 98.22 97.42 98.33 97.68
96.37 95.96 96.98 95.88 95.28
95.09 96.73 96.8 96.8 97.3
97.87 97.96 97.54 97.49 97.47
98.18 98.29 98.26 97.63 98.26
97.76 95.74 95.05 97.37 97.14
97.36 97.56 98.25 98.57 98.56
98.68 98.76 98.74 98.77 98.82
98.76 98.74 98.44 97.94 97.83
97.02 98.42 98.65 98.65 98.47
98.47 97.59 98.28 98.67 97.51
95.02 96.72 95.49 91.16 91.15
92.62 91.63 86.06 84.58 89.59
91.74 94.79 93.71 94.03 95.32
95.09 93.66 94.73 94.48 93.27
89.88 85.99 59.13 53.03 53.22
49.03 41.43 44.3 44.86 39.39
37.92 39.72 35.38 32.53 32.84
34.12 38.43 37.32 34.04 39.02
34.26 39.43 35.82 35.84 37.37
36.01 34.44 35.5 37.16 39.03
42.47 38.76 37.36 35.4 34.82
36.89 37.47 41.95 34.87 41.31
41.69 38.18 35.97 37.46 37.58
36.65 36.35 36.88 38.29 38.63
43.06 37.52 33.1 37.21 34.18
43.9 29.88 33.78 35.41 38.14
32.22 39.28 38.2 33.89 34.5
36.68 33.31 38.34 44.9 40.77
33.57 38.09 29.99 37.16 36.76
34.96 37.56 34.49 33.61 34.72
29.92 37.14 35.09 32.98 37.92
31.46 33.43 30.65 34.15 26.57
29.61 33.33 30.95 36.9 32.94
37.8 29.91 35.05 39.51 33.09
36.92 33.48 39.13 46.39 39.55
34.02 38.6 34.31 36.28 34.61
31.47 37.47 32.62 38.26 32.89
34.03 33.27 35.57 31.35 30.62
32.31 32.26 37.02 37.32 38
40.5 39.82 42.2 39.9 42.06
40.47 39.49 37.28 36.05 37.97
36.85 35.71 36.91 36.76 44.25
35.85 37.13 36.93 37.31 38.95
44.14 35.57 37.67 33.96 48.62
35.68 44.27 36.46 37.48 36.96
36.91 35.77 39.03 43.02 36.33
35.7 32.7 32.49 33.86 33.34
31.84 34.56 31.64 34.7 28.92
29.79 31.61 34.45 37.87 34.71
32.44 29.65 30.39 31.01 28.79
30.97 32.59 34.91 35.51 36.04
40.15 37.54 36.34 38.23 32.64
38.27 31.96 34.24 31.58 29.36
34.16 34.07 31.58 36.93 32.44
33.58 31.26 31.79 28.58 28.77
28.05 30.23 33.35 36.53 37.83
32.81 40.48 40.86 32.05 35.09
38.31 37.22 30.53 34.69 28.26
32.02 29.98 27.99 31.39 33.32
33.56 34.93 39.21 34.02 36.98
39.03 35.1 37.78 31.93 37.59
34.41 35.51 35.79 35.07 35.85
35.41 34.95 31.28 30.53 34.91
31.97 30.11 31.27 38.12 38.16
35.69 40.97 48.86 38.66 44.56
39.24 40.28 41.13 36.93 37.9
36.55 37.08 34.73 35.94 33.82
34.72 32.2 33.59 34.99 37.67
40.54 49.5 52.03 50.14 36.05
45.61 45.11 37.24 48.23 37.28
43.86 37.8 37.33 38.42 38
37.02 36.43 32.33 35.52 35.35
38.23 36.92 36.49 37.52 34.2
37.58 32.01 33.73 31.82 45.69
38.38 35.53 31.64 35.28 41.16
32.27 43.31 36.61 31.1 35.99
33.33 37.23 36.25 34.22 35.04
40.99 38.01 38.82 35.94 38.6
46.13 37.31 37.12 37.38 36.55
38.05 39.08 39.47 37.49 37.13
37.86 35.08 35.57 34.28 44.41
36.21 33.66 37.92 33.99 41.27
37.09 35.73 46.03 38.25 39.14
39.06 39.31 37.58 39.1 35.15
40.04 46.37 36.92 35.88 37.74
35.38 38.86 33.9 44.7 35.02
36.77 34.96 33.06 32.75 34.75
34.76 34.76 38.79 39.45 37.88
36.76 32.92 35.2 35.11 37.69
36.96 33.64 35.83 36.43 35.48
32.44 38.4 31.73 37.53 37.23
36.33 46.26 41.72 47.65 55.71
55.07 54.83 54.25 37.38 41.02
38.19 36.73 39.23 36.93 43.09
36.6 35.74 39.8 47.3 37.18
35.8 40.84 47.06 38.5 38.2
36.49 37.61 38.24 35.41 36.84
37.04 37.35 37.55 34.73 37.95
36.49 36.8 35.65 36.93 36.25
34.86 37.67 36.59 38.95 36.29
38.25 35.87 35.57 40.78 35.73
39.56 35.2 43.79 36.54 33.4
40.55 39.71 37.8 36.57 37.43
37.26 32.95 39.12 35.75 29.85
39.86 35.14 33.83 38.35 34.78
42.32 37.21 36.74 39.83 37.29
40.57 38.22 36.4 39.94 41.09
42.89 35.23 42.51 40.64 47.53
40.54 45.55 39.72 36.17 38.37
43.21 35.71 41.05 38.13 38.54
37.25 36.64 36.45 40.15 41.64
42.55 49.82 39.56 37.91 36.9
36.11 31.62 36.13 31.99 35.84
35.38 35.78 33.91 35.41 37.05
31.66 33.75 30.36 34.61 32.2
30.16 27.57 33.36 41.83 38.35
49.3 57.81 58.29 56.72 60.06
64.68 68.44 71.33 67.79 77.34
79.91 77.34 76.81 81.61 81.02
76.2 80.08 83.66 81.09 77.38
80.94 77.67 71.26 70.77 69.7
62.02 58.96 56.22 48.42 42.09
43.45 56.16 64.5 70.08 72.07
72.65 70.28 79.43 81.05 78.16
77.19 81.23 79.28 76.61 79.15
78.01 70.85 71.74 73.42 69.25
66.06 67.11 64.84 61.6 58.41
56.42 53.57 52.68 56.07 56.27
59.27 54.79 57 59.91 64.36
55.74 61.33 63.49 62.97 60.66
61.1 62.43 60.24 54.07 56.37
57.17 53.17 52.39 52.18 44.43
43.51 38.03 38.35 41.3 40.49
40.92 51.03 48.07 48.78 49.19
55.53 59.25 56.45 59.17 60.18
63.94 62.99 63.68 64.88 61.52
62.37 63.33 65.18 61.04 61.46
61.39 60.25 56.21 58.4 56.57
