38.67 40.45 51.92 43.65 48.71
48.43 49.62 51.98 51.86 50.05
56.76 55.25 52.87 49 45.82
43.05 43.35 42.38 39.06 35.64
38.18 39.18 38.93 44.92 50.13
59.32 74.34 74.05 65.28 63.09
75.25 76.58 80.05 82.23 79.07
78.61 78.64 80.73 81.31 73.8
71.77 69.05 62.79 65.92 71.09
67.96 60.58 63.58 62.2 70.83
68.86 78.07 74.73 78.37 74.31
79.71 74.61 76.52 76.62 68.36
69.75 69.31 67.23 64 60.86
62.92 62.64 67.28 67.43 63.77
66.56 74.83 77.5 79.3 75.58
70.51 62.78 56.79 59.79 62.05
70 74.3 74.83 75.78 74.73
75.67 77.85 78.88 75.81 70.08
71.19 71.31 77.62 74.45 77.66
71.62 76.3 76.61 81.5 78.54
81.24 78.89 70.61 72.07 67.6
55.25 57.64 60.64 71.86 73.13
71.17 73.92 81.12 82.21 82.06
82.42 81.51 78.08 75.73 79.27
81.4 80.94 79.91 77.32 77.17
81.31 81.02 77.24 71.26 71.01
72.99 78.98 81.82 81.83 78.02
82.06 81.29 86.48 81.91 85.58
82.49 79.01 75.84 73 61.08
60.66 55.96 67.49 71.43 68.68
70.05 77.37 79.46 80.7 82.4
81.37 76.62 74.15 77.98 78.62
78.92 78.74 78.47 77.3 80.08
81.61 80.03 73.24 73.72 73.46
79.83 79.08 81.64 78.05 81.36
81.66 84.17 80.68 84.5 81.78
73.08 73.24 73.83 73.29 66.8
54.45 46.72 41.57 38.18 41.47
34.96 40.07 38.7 46.98 52.94
64.14 71.19 70.38 66.68 65.63
74.05 79.23 78.42 81.86 78.17
75.1 72.73 71.71 76.49 73.19
72.47 75.23 73.66 72.09 79.09
79.3 73.13 71.4 74.09 77.71
75.82 80.45 73.42 81.65 79.21
85.71 80.81 85.49 79.48 75.47
75.27 67.16 59.62 56.38 62.73
69.19 59.37 59.2 54.63 71.51
77.12 79.22 82.42 79.35 77.99
74.41 78.06 78.63 76.69 72.48
70.74 72.75 78.48 75.17 76.7
71.92 69.81 75.87 81.35 79.81
82.16 79.57 83.41 79.05 85.28
81.17 83.69 78.43 72.21 70.37
65.63 46.22 43.47 42.57 51.9
63.57 58.53 63.96 65.61 72.18
77.49 79.16 79.42 79.55 79.44
78.14 76.99 76.52 81.21 80.36
81.57 80.15 82.31 82.99 83.33
82.96 84.36 78.03 81.31 83.53
83.5 82.07 78.89 82.02 76.66
81.14 81.8 84.47 78.24 75.28
75.31 72.75 82.17 77.25 82.27
82.79 85.15 87.13 87.2 86.55
87.43 85.26 82.9 84.4 87.57
86.21 87.75 89.29 89.64 87.52
84.17 83.01 80.97 77.88 82.75
84.82 85.69 89.58 87.53 88.8
87.14 83.61 83.31 88.62 84.75
85.32 84.98 83.07 79.78 84.86
86.18 87.48 87.27 87.81 87.07
83.93 86.03 84.32 82.25 77.25
70.22 72.04 79.41 79.39 77.64
83.35 84.14 84.54 84.94 84.26
85.69 81.82 80.41 82.31 85.01
77.32 83.64 82.53 85.04 83.87
82.81 81.3 85.62 79.19 77.64
72.05 66.16 62.18 69.71 71.49
77.62 85.08 83.23 86.01 79.91
73.95 79.95 85.57 92.29 94.91
97.03 96.89 97.27 95.76 92.75
87.99 88.34 89.43 93.76 93.25
93.01 92.43 91.14 90.53 82.43
84.09 77.67 83.15 88.67 88.14
87.74 90.84 91 86.13 81.78
87.95 84.49 88.57 93.51 93.23
96.67 96.7 97.67 96.59 96.14
94.33 92.34 92.44 93.48 94.33
95.78 97.05 96.58 95.45 90.86
87.86 84.06 83.87 89.67 93.05
96.08 94.49 94.58 93.9 92.91
90.06 85.89 80.31 76.14 70.52
65.58 66.61 64.71 76.35 86.82
91.09 92.01 93.96 94.93 90.02
87.86 85.88 90.7 90 90.03
93.88 93.13 96.35 97.73 98.26
97.79 97.13 96.15 95.91 95.36
95.01 97.08 97.66 98.36 98.02
97.3 95.68 91.62 89.81 91.79
94.18 96.03 97.78 97.26 97.51
96.8 94.89 94.46 92.73 92.16
92.61 94.16 94.79 94.95 95.75
96.07 96.42 95.33 92.85 86.3
83.91 91 93.43 96.7 95.43
97.69 98.36 98.25 97.88 96.89
95.7 93.73 93.52 95.37 97.45
97.71 98.5 98.34 97.95 96.21
93.36 88.78 85.55 89.94 93.54
95.71 97.99 97.63 97.45 96.16
96.37 97.16 94.54 93.74 91.73
91.3 95.94 94.8 95.41 95.77
95.95 92.79 89.39 88.44 91.87
89.47 90.44 96.5 95.21 96.31
98.02 97.67 96.47 93.37 91.37
85.73 85.76 91.22 93 97.18
97.74 98.15 97.73 95.92 93.34
85.81 90.07 93.68 94.68 97.43
95.77 94.94 94.75 92.68 93.2
89.3 90.01 87.08 86.81 90.3
89.1 91.68 92.93 93.83 92.19
91.88 89.34 89.75 91.17 92.64
91.25 92.64 96.63 95.16 97.46
97.78 97.36 95.53 93.97 90.26
88.96 92.85 96.22 97.9 98.15
97.25 95.48 92.02 88.87 91.7
91.77 93.65 96.58 96.68 96.09
95.25 92.37 92.28 88.11 87.6
90.1 89.4 87.89 93.65 92.08
92.2 91.21 90.98 89.72 84.9
90.67 87.16 87.49 94.33 94.46
97.11 97.55 97.24 96.51 95.32
94.85 91.45 91.18 91.36 94.09
90.72 89.31 88.41 91.56 93.68
90.32 90.94 89.92 87.1 84.49
84.87 86.45 88.84 91.03 87.7
90.95 93.63 93.33 94.35 95.23
95.38 96.48 95.08 93.93 93.92
90.34 87.56 87.21 85.74 87.95
89.18 91.15 91.02 93.86 93.98
94.99 94.7 94.88 93.66 91.61
88.88 93.43 90.64 90.52 88.72
88.44 88.54 88.86 90.89 92.96
93.42 92.69 89.65 81.27 81.82
81.98 74.48 75.57 76.63 65.35
62.54 59.34 55.77 52.7 50.71
45.95 43.93 38.58 39.48 30.68
35.15 32.97 30.05 30.84 26.82
30.1 22.03 25.27 26.2 23.62
28.8 23.2 25.72 26.9 34.7
23.93 31.03 22.61 29 22.66
26.69 24.64 29.61 21.09 26.42
23.68 38.12 24.33 25.44 23.98
22.55 22.91 24.28 20.4 23.98
18.89 24.12 25.47 22.33 25.37
24.91 21.77 22.81 25.58 21.28
24.36 24.9 21.4 25.44 24.42
25.49 32.45 27.47 43.13 35.76
41.23 46.19 50.38 55.72 56.5
65.91 75.3 80.83 82.92 85.4
87.85 88.63 91.21 92.12 92.19
93.33 93.61 91.81 91.73 90.76
90.85 91.55 87.48 83.93 88.16
78.13 78.45 78.1 71.14 63.67
61.88 50.25 40.61 39.36 35.64
34.06 29.66 32.57 31.16 25.94
41.28 30.02 30.97 30.79 27.68
32.19 28.51 32.3 32.61 30.26
27.68 28.6 28.56 24.7 30.05
31.98 40.27 35.91 31.73 32.9
30.23 32.07 32.54 30.03 29.79
29.29 32.51 31.6 32.51 32.67
35.99 35.67 31.74 32.17 43.48
