39.96 37.9 38.19 44 44.77
45.53 45.72 35.71 32.33 32.93
34.82 34.85 27.47 31.57 26.92
29.88 26.6 30.03 23.94 29.49
28.71 23.33 30.41 27.49 25.15
27.15 26.24 27.73 33.1 29.26
30.26 30.75 29.88 31.04 30.23
33.06 27.72 29.17 30.48 30.92
29.39 45.54 49.97 78.54 82.79
89.94 91.93 91.58 92.31 89.87
87.64 80.24 78.13 84.18 87.02
89.41 89.5 89.22 88.66 87.14
82.63 79.81 74.84 77.91 76.93
81.45 84.34 85.3 87.1 86.83
81.87 83.42 81.22 76.31 72.28
70.6 80.64 89.69 92.61 94.68
94.53 94.01 91.7 88.55 88.84
90.52 93.1 93.86 94.63 93.5
92.06 90.1 86.24 85.69 86.85
89.24 91.15 92.29 92.91 93.59
93.48 92.56 88.16 86.97 83.79
87.09 84.69 87.28 89.3 89.94
87.64 89.96 88.69 84.14 81.91
83.79 85.52 90.98 90.24 91.61
94.63 95.66 95.24 93.91 92.58
88.79 88.35 91.35 94.02 94.57
95.34 94.3 94.04 92.09 89.74
87.29 87.27 90.54 93.35 94
93.3 92.9 92.73 91.48 91.06
88.01 83.19 79.67 81.31 85.57
88.8 90.32 90.72 91.11 89.84
85.49 88.31 87.23 88.44 93.05
90.76 90.99 94.3 94.79 94.73
93.68 91.61 89.31 89.44 91.11
93.9 94.84 95.46 94.49 93.25
90.4 79.89 71.76 65.28 77.31
89.02 91.8 93.19 93.77 93.52
91.55 89.03 84.91 82.22 84.31
83.39 88.13 89.44 89.42 88.36
86.48 83.77 78.8 75.2 79
83.44 87.74 85.29 88.67 91.75
92.91 92.76 91.67 88.24 86.05
86.8 89.47 91.14 92.47 93.04
91.25 88.55 84.76 76.42 71
63.74 61.33 53.21 56.77 68.79
76.42 83.36 86.94 88.93 91.18
91.7 91.06 90.24 86.01 82.11
80.97 82.05 80.4 82.72 77.31
70.53 56.86 59.68 55.49 57.77
51.94 61.63 65.2 73.68 75.6
84.47 90.25 91.91 90.26 88.32
84.2 85.76 86.53 89.05 89.81
87.48 84.09 76.17 65.25 60.46
58.36 64.81 76.7 83.61 85.38
86.99 85.49 84.83 83.56 82.35
78.9 71.55 72.52 67.37 74.26
80.72 78.6 76.63 71.74 70.38
60.2 48.06 50.86 47.85 59.36
58.73 66.2 74.57 84.4 89.58
92.78 92.78 92.41 90.71 86.11
87.24 87.2 90.38 86.11 74.96
63.22 56.25 32.95 35.27 28.05
28.77 27.74 33.84 31.12 34.36
33.19 32.11 29.3 30.15 34.31
32.99 30.33 32.38 38.94 36.96
39.3 41.66 42.08 41.07 33.35
38.41 41.08 36.57 39.47 42.94
39.15 41.22 50.98 52.52 53.09
64.65 60.14 66.51 68.82 74.62
73.75 69.26 67.16 69.57 62.94
63.09 57.68 59.81 72.69 71.96
80.93 77.85 80.62 83.99 83.2
76.64 70.22 63.78 71.64 70.71
73.54 80.98 76.89 75.07 75.81
85.15 83.94 80.68 77.8 77.4
70.8 79.52 86.32 85.89 83.84
81.03 78.35 75.23 67.43 65.16
72.06 65.2 71.62 67.6 68.43
72.5 70.89 76.19 77.93 74.49
65.68 60.89 54.75 58.18 57.6
61.69 61.5 56.31 55.51 55.01
52.57 66.21 66.91 63.61 65.55
65.27 71.04 67.5 64.61 61.94
62.06 62.65 64.49 66.69 68.86
72.57 66.64 66.64 60.11 50.35
50.93 55.56 57.6 63.63 64.34
62.84 64.2 63.43 67.1 65.82
65.54 60.25 62.58 67.41 62.02
62.32 64.74 67.59 74.65 69.29
75.92 83.48 83.88 84.32 83.88
83.83 82.09 71.91 70.84 57.67
57.39 53.98 61.27 73.85 82.85
86.03 85.28 87.03 84.17 80.62
74.55 85.28 85.86 86.5 85.5
82.62 83.02 81.45 82.12 85.34
89.2 89.33 85.78 80.88 73.99
81.29 84.27 90.39 92.46 93.88
93.7 93.48 92.26 88.61 84.09
82.89 87.53 90.54 90.14 91.61
90.12 90.05 88.5 82.72 78.92
81.12 81.62 84.58 83.27 83.21
82.86 80.38 66.2 56.51 55.4
53.35 60.81 83.3 88.16 89.74
92.86 94.42 95.4 92.8 91.38
85.6 82.98 85.05 86.23 91.12
93.33 94.78 93.6 92.14 87.39
86.2 82.9 84.19 89.36 90.26
93.2 92.16 93.01 91.97 89.84
84.78 82.98 81.58 84.57 83.25
87.08 90.23 89.81 91.23 91.14
85.49 82.63 80.52 89.12 90.57
91.57 92.89 91.38 94.1 95.69
96.21 94.62 93.04 88.71 85.35
84.22 90.14 91.85 94.38 96.02
95.41 95.26 94.33 92.63 89.89
91.71 93.19 94.18 94.85 93.77
94.09 94.1 91.7 89.79 87.18
86.01 85.82 83.04 85.25 89.43
90.13 90.69 88.56 87.47 85.24
84.07 87.94 89.15 92.19 94.7
93.46 94.66 96.84 96.33 94.97
93.56 88.81 85.96 87.96 89.63
92.58 94.79 96.71 95.87 95.92
94.87 91.39 86.69 85.37 88.13
92.76 94.55 95.83 94.81 95.21
94.38 92.53 88.86 86.44 85.35
88.06 86.77 91.61 92.31 92.46
94.7 93.9 91.52 91.53 87.17
91.19 90.34 91.97 94.86 91.9
93.94 96.77 96.21 94.99 93.02
88.97 85.25 86.32 89.96 92.43
95.13 95.78 95.44 94.33 93.54
91.4 89.39 88.11 88.66 91.55
92.96 93.67 93.36 94.7 93.79
92.18 90.71 89.17 91.86 87.87
92.13 89.26 88.19 84.87 77.31
67.66 61.71 60.4 65.72 78.36
88.37 92.09 93.04 94.85 95.36
95.85 94.81 93.67 91.07 88.77
92.37 93.43 94.07 93.42 93.01
89.95 88.69 84.86 81.88 85.57
88.24 91.06 89.37 90.99 90.94
88.59 88.54 80.52 79.99 78.86
80.06 76.72 79.22 85.92 85.32
83.75 67.9 65.08 71.62 82.27
80.96 86.67 91.18 92.63 93.88
94.62 94.93 94.4 91.6 88.75
80.7 83.16 86.86 85.98 72.81
62.29 59.57 62.01 61.25 68.77
62.78 54.19 63.89 67.42 67.68
73.4 80.06 81.15 82.39 82.34
79.91 77.37 63.58 61.93 54.44
54.52 53.9 64.75 77.85 83
83.32 86.27 83.44 77.64 72.65
81.19 79 77.94 77.12 74.35
69.58 72.64 74.43 82.13 84.8
81.26 74.81 67.18 50.19 37.13
35.97 35.58 30.97 32.1 29.63
28.74 30.16 28.35 35.68 31.05
37.43 31.32 33.95 31.67 32.22
29.32 35.76 30.55 28.2 34.42
29.79 29.67 29.94 32.01 28.04
31.31 29.38 28.79 31.12 28.04
34.19 29.12 25.94 30.87 28.73
29.43 26.97 33.27 29.44 33.03
28.52 38.01 31.44 33.71 35
40.67 45.75 48.26 54.63 59.56
56.59 58.26 57.32 64.47 74.39
76.07 78.71 81.71 83.45 81.39
78.92 73.55 66.92 58.24 64.25
59.03 60.82 66.43 78 82.89
84.58 87.4 83.62 82.17 77.49
86.07 82.72 83.04 80.88 76.15
79.12 82.14 85.72 84.19 85.13
82.75 82.72 83.86 82.27 80.45
71.79 63.74 66.04 63.32 72.84
75.63 76.48 68.83 72.31 77.1
82.75 83.82 85.1 82.58 80.12
79.59 78.56 73.39 81.6 84.68
85.38 85.46 83.79 85.83 83.68
81.04 76.55 84.33 79.75 82.28
73.88 72.45 77.28 78.69 83.4
82.61 83.84 81.94 84.22 85.96
84.13 81.72 77.22 74.8 74.46
77.6 77.92 76.62 70.85 67.52
67.88 72.69 79.17 84.27 84.16
82.31 81.22 79.69 73.43 82.51
85.18 80.65 79.87 70.57 63.71
64.47 58.6 56.09 46.87 45.62
51.58 46.08 51.15 50.34 49.49
50.64 46.84 41.21 36.55 35.77
37.08 38.61 39.16 37.19 36.37
33.46 39.86 37.59 33.41 40.57
31.31 33.45 31.89 32.04 28.7
27.47 30.16 34.25 43.93 50.36
57.69 60.67 58.25 56.06 58.19
52.5 65.85 75.82 78.52 75.93
77.5 74.65 75.45 81.8 82.46
78.18 76.99 71.02 68.86 68.94
58.15 73.59 69 78.19 77.07
85.01 80.44 83.5 77.99 75.05
65.99 76.68 71.61 72.35 77.67
83.38 83.62 76.94 70.27 68.2
58.83 53.99 53.03 47.66 47.01
53.68 51.74 48.05 50.71 48.92
43.6 47.48 44.85 46.8 50.11
50.78 51.45 60.61 64.22 69.25
71.22 73.12 78.23 79.06 81.94
82.67 83.84 85.1 85.74 85.42
87.19 86.09 87.79 87.06 79.21
87.55 83.46 83.11 80.91 79.36
80.27 74.52 73.26 71.48 66.82
62.22 55.36 54.78 51.82 41.49
34.28 35.63 35.95 37.12 36.68
37.32 34.89 37.38 38.07 38.73
36.87 37.47 35.36 32.3 32.03
30.87 32.08 37.39 30.62 36.9
35.83 35.71 33.83 32.1 31.1
30.46 28.53 26.3 32.88 30.07
32.66 27.35 27.13 26.83 26.91
29.19 28.33 29.99 29.3 32.45
30.4 31.87 30.71 30.21 30.89
31.35 35.43 35.75 33.88 34.71
34.74 38.38 37.1 36.87 39
35.14 34.84 33.08 32.68 29.09
28.71 27.98 33.23 27.75 23.9
27.76 25.39 28.44 25.62 31.54
27.78 28.16 27.73 29.02 29.57
29.07 26.85 30.74 28.2 30.45
26.54 27.31 26.25 35.97 29.44
27 28.53 31.3 31.77 28.81
29.57 22.62 34.02 29.41 29.54
29.79 29.91 29.93 27.1 29.65
31.26 29.06 33.27 26.32 33.65
28.84 31.8 31.71 26.66 32.65
30.34 30.66 30.09 30.97 32.26
32.02 40.2 34.86 29.18 33.87
32.93 28.28 33.91 32.54 36.79
28.4 30.45 29.67 29.03 31.63
31.38 35.67 34.58 38.46 46.36
39.21 34.67 42.3 34.4 44.59
37.72 40.58
