36.01 39.22 42.75 49.72 37.92
47.26 39.43 42.99 33.76 41.23
38.64 35.03 43.57 36.8 44.45
46.28 36.94 31.83 36.24 34.94
33.11 33.98 38.73 34.62 29.84
44.64 36.98 39.66 37.4 37.88
34.33 38.17 35.12 34.17 39.68
36.24 37.97 40.57 36.51 37.17
37.4 38.39 35.12 39.11 34.25
32.66 27.29 36.18 32.56 35.7
29.76 33.88 34.32 36.02 34.93
30.94 31.17 34.01 38.56 34.71
36.84 33.21 35.24 37.91 35.14
34.08 35.26 38.1 30.38 34.7
29.07 34.74 31.37 29.01 29.08
29.79 34.38 30.73 38.35 34.41
37.01 38.58 33.79 38.29 36.14
37.12 34.53 34.72 34.37 33.65
34.64 32.53 34.31 32.03 33.37
31.56 32.73 32.6 30.22 25.35
32.32 29.13 32.94 32.29 32.56
28.65 31.22 26.56 33.58 30.77
34.47 30.52 35.72 32.95 33.39
29.82 34.91 32.35 28.65 28.39
29.7 27.99 37.5 31.74 44.59
33.93 36.61 42.18 33.29 32.79
44.61 39.2 37.26 32.6 34.1
32.75 40.95 39.99 45.13 42.29
40.1 53.85 57.35 46.64 45.76
48.08 46.03 37.06 47.31 47.02
45.82 49.07 51.85 63.05 66.08
62.51 63.79 69.68 74.7 70.48
73.23 78.21 78.23 78.77 77.94
77.27 77.66 80.87 81.47 80.95
83.26 84.58 84.77 86.61 82.59
84.98 88.46 87.42 87.34 89.49
