52.65 64.44 83.29 90.26 95.9
96.87 97.59 98.59 98.63 98.33
98.28 97.89 97.97 98.1 98.41
98.27 98.25 98.21 98.51 98.7
98.12 98.15 98.24 98.22 96.63
96.98 95.87 95.11 94.12 93.86
96.94 95.3 94.36 95.02 95.4
94.8 93.88 94.49 96.86 98.39
98.48 98.63 98.22 97.81 96.69
96.9 95.88 95.45 97.53 97.41
98.44 98.3 98.52 98.3 97.83
94.1 88.29 84.68 88.5 95.66
97.25 98.24 98.49 98.31 98.32
97.69 96.77 97.86 98.51 98.72
98.78 98.56 98.49 97.85 96.99
94.78 95.42 95.18 97.45 98.27
98.67 98.82 98.85 98.76 98.53
97.45 94.66 92.71 90.36 91.29
95.75 96.84 98.17 98.74 98.81
98.9 98.77 98.53 97.39 97.4
98.14 98.52 98.86 98.71 98.73
98.37 98.37 97.25 97.02 96.7
95.4 94.86 97.81 98.24 98.49
98.54 98.7 98.7 98.73 98.29
94.69 96.03 98.48 98.7 98.67
98.74 98.71 98.72 98.69 98.35
97.49 95.55
