44.23 43.65 43.66 44.83 38.05
43.09 45.19 45.84 41.17 43.44
45.75 37.76 38.41 47.03 37.41
40.34 39.84 37.15 36.11 36.15
33.26 35.68 35.08 35.86 32.51
37.98 35.73 43.03 44.11 53.29
44.28 42.01 49.76 53.24 44.95
52.85 57.48 55.07 66.2 65.49
76.1 83.8 91.79 93.6 92.77
94.14 95.42 95.25 94.18 97
95.83 94.21 93.93 95.7 94.64
92.99 94.69 93.95 91.63 92.34
91.26 91.09 89.15 91.77 91.81
89.45 90.78 92.48 90.14 87.43
88.06 91.61 94.03 93.8 95.15
97.04 97.3 97.1 97.77 98.15
97.63 97.55 97.91 97.22 95.98
96.96 96.37 95.03 94.29 93.56
91.71 90.17 88.61 88.77 85
83.49 83.31 80.7 74.06 71.61
68.7 64.98 67.57 73.02 81.21
79.21 77.89 80.87 86.32 85.32
84.83 88.29 91.55 91.07 92.22
93.99 95.45 94.68 95.36 96.98
97.21 97.07 97.37 97.77 96.63
97.96 97.86 97.68 97.28 97.2
97.09 96.22 95.95 96.07 94.35
93.3 92.97 93.15 92.33 90.5
89.07 90.17 84.82 70.9 64.28
74.48 78.35 85.04 88.49 90.02
90.85 91.12 92.38 93.12 94.22
94.16 94.91 95.16 95.22 94.39
96.2 95.72 92.65 95.13 95.59
94.51 92.74 95.25 94.52 93.75
93.33 93.96 94.17 91.9 91.64
90.57 89.86 88.14 85.41 84.43
84.09 82.64 77.63 74.92 73.7
75.31 71.78 68.58 71.91 69.85
68.74 67.72 66.43 69.95 64.54
71.42 76.23 71.07 69.07 74.46
75.22 67.37 71.15 73.32 70.13
67.31 66.8 67.73 57.96 53.85
55.31 56.99 51.63 51.8 54.31
48.2 44.79 47.15 48.07 54.75
59.08 63.7 64.66 60.74 64.17
73.22 74.11 73.99 76.31 80.57
78.53 74.36 76.42 76.17 73.57
67.46 75.96 73.76 64.26 67.71
73.35 65.88 65.78 65.2 71.9
64.14 67.45 74.6 74.17 68.94
68.53 79.78 73.42 71.85 74.93
77.25 72.78 72.09 81.75 76.52
72.05 76.15 81.89 71.88 70.48
81.95 80.94 68.48 71.27 83.22
76.85 69.92 78.42 80.92 77.04
75.97 82.11 78.04 75.68 75.37
82.41 73.81 73.52 80.01 82.16
76.4 77.94 82.06 83.25 73.82
79.09 80.95 80.14 73.27 78.23
80.75 75.67 76.58 76.68 76.48
71.64 71.92 72.06 61.43 59.15
57.75 50.46 44.67 42.68 42.69
49.21 48.62 48.25 43.89 40.97
38.47 41.82
