96.02 97.06 97.92 98.27 98.07
98.09 97.82 96.54 96.5 96.63
94.35 94.06 95.26 96.25 96.73
97.74 97.72 97.78 97.73 97.45
97.78 97.21 97.95 95.89 96.06
97.88 97.65 98.09 98.31 97.79
96.97 94.39 89.36 85.9 85.38
84.83 74.94 70.4 76.15 81.86
85.07 83.16 78.85 75.58 80.23
87.55 93.34 96.27 97.12 97.63
97.01 97.01 94.31 93.7 94.63
94.61 95.78 95.59 95.52 93.52
93.83 95.55 94.76 95.47 97.3
96.92 97.13 96.66 95.22 95.64
96.89 94.76 93.84 93.39 91.49
91.42 92.58 91.28 89.81 90.77
91.17 89.58 90.48 73.88 58.3
