77.18 81.81 84.03 85.45 92.3
93.5 95.71 95.65 94 92.98
91.2 93.84 93.67 94.19 96.06
94.81 92.63 95.8 97.92 98.33
98.43 97.81 95.07 90.31 84.56
76.82 74.01 67.57 64.71 60.58
49.8 48.17 41.91 40.5 38.34
36.07 38.86 35.94 37.49 37.56
33.48 33.75 31.98 35.46 33.63
36.34 35.93 35.79 35.89 35.98
29.99 31.16 31.99 36.82 35.23
29.55 32.44 29.74 29.51 32.4
29.08 32.6 32.15 34.39 34.16
30.85 30.76 27.82 30.44 29.88
30.89 31.06 29.08 33.53 30.13
28.15 31.12 27.98 28.67 26.73
26.46 27.01 27.81 21.97 25.98
25.48 26.89 27.07 27.85 30.45
30.01 30.77 34.6 37.88 37.75
36.38 43.35 42.82 44.8 42.9
47.4 49.26 55.79 60.13 68.9
72.77 83.52 88.67 92.94 95.26
97.6 97.82 97.56 96.52
