39.24 41.02 48.68 46.49 44.39
49.66 49.96 49.33 45.85 43.11
52.98 48.15 44.78 43.44 46.06
40.7 42.19 41.6 37.55 39.86
37.65 41.82 52.01 58.18 56.87
66.53 65.19 68.88 71.09 63.4
63.38 67.21 60.6 60.14 55.89
46.76 43.42 44.44 46.68 51.74
49.73 52.17 57.07 61.28 78.51
89.45 95.39 97.77 98.69 98.91
98.91 98.87 98.01 94.53 90.91
90.01 92.98 96.66 96.68 97.15
98.07 97.86 98.38 98.08 98.03
97.61 96.91 95.76 94.29 91.57
90.01 91.2 90.35 92.39 93.08
95.04 97.05 97.28 96.74 97.32
97.97 96.23 96.09 94.18 92.8
87.92 85.99 81.6 79.88 76.85
75.35 78.14 72.82 78.84 83.81
80.74 84.13 90.73 89.3 86.59
91.01 93.21 91.27 89.91 91.31
91.67 91.04 92.72 89.58 92.19
92.64 89.34 91.9 92.06 94.47
95.7 94.86 97.08 97.51 98.16
98.23 97.76 98.01 98.52 98.22
98.01 98.7 98.5 98.52 98.43
97.88 97.39 97.78 97.16 95.32
92.13 90.27 88.64 89.29 90.55
86.4 84.39 89.44 93.69 96.77
95.84 94.65 96.73 97.44 95.42
95.08 95.74 94.95 90.32 91.37
91.44 95.65 95.44 97.71 97.71
96.88 96.87 98.4 98.79 98.87
98.88 98.74 98.59 97.66 94.87
93.65 94.67 93.16 95.14 93.34
95.02 97.18 97.74 98.02 98.64
98.8 98.69 98.7 98.89 98.86
98.77 98.83 98.88 98.82 98.56
98.21 98.07 97.8 96.39 95.77
96.21 96.53 98.02 98.61 98.77
98.92 98.85 98.83 98.51 97.55
96.42 98.34 98.74 98.43 98.56
98.87 98.8 98.57 98.82 98.86
98.56 98.37 98.66 98.58 98.7
98.65 98.81 98.84 98.66 98.63
98.79 98.8 98.41 98.57 98.87
98.85 98.84 98.73 98.36 98.63
98.14 98.52 97.47 96.47 95.27
93.66 90.3 90.84 92.48 89.38
84.26 85.51 86.2 77.92 71.12
66.69 57.96 56.07 51.64 50.89
46.22 51.28 54.25 58.37 60.66
63.11 63.65 64.56 69.54 69.23
67.69 64.71 69.64 68.91 68.43
70.07 73.98 76.54 84.13 92.59
93.62 95.42 97.07 95.3 95.94
95.73 97.29 97.75 97.12 95.71
97.29 98.29 98.46 98.03 97.92
98.28 97.92 97.27 96.76 97.97
98.24 98.35 98.23 95.33 96.91
97.76 96.6 97.67 97.83 96.42
94.54 95.67 94.88 90.86 90.29
89.23 91.18 90.18 91.73 94.45
94.14 92.8 94.09 93.88 91.78
92.9 92.79 93.66 93.67 95.58
92.94 94.16 97.42 98.01 98.6
98.7 98.59 98.72 98.54 98.79
98.78 98.76 98.75 98.69 98.43
98.56 98.2 98.05 98.07 97.88
96.44 97.58 98.2 97.04 98.07
96.96 95.79 95.08 91.4 91.74
87.95 83.3 85.6 86.85 91.77
95.62 95.92 96.96 98.25 98.32
98.36 98.69 98.49 97.69 95.47
94.59 97.7 98.6 98.76 98.21
98.57 98.55 98.4 98.58 98.29
97.96 97.81 98.61 98.02 96.15
97.37 98.14 97.45 97.95 97.79
98.44 98.27 98.48 98.38 98.37
98.43 98.01 96.86 97.05 95.42
94.91 88.69 91.23 94.44 93.47
93.05 94.74 94.93 95.78 97.39
97.09 95.77 96.91 97.25 95.45
95.22 96.77 95.94 91.61 89.44
85.39 83.87 81.04 59.03 52.69
39.09 43.56 37.54 40.11 47.99
41.27 42.82 45.84 52 54.09
63.63 61.31 61.46 72.02 65.46
