44.78 39.31 44.34 44.34 38.21
53.23 36.34 52.56 35.97 44.63
38.31 42.53 39.98 36.57 42.81
39.97 37.82 38.74 37.62 37.86
32.71 40.66 39.06 36.52 38.31
39.53 38.38 45.79 40.39 39.6
38.09 43.14 36.41 37.6 40.22
37.17 41.75 40.6 39.58 38
36.86 38.57 35.71 39.01 36.45
33.38 33.7 34.55 34.4 31.54
31.28 32.22 34.61 35.11 34.62
36.74 32.6 33.41 35.64 35.53
31.35 39.04 35.96 40.06 40.16
38.11 37.5 38.01 30.73 33.14
29.98 32.59 30.18 28.43 32.34
30.9 31.2 29.53 33.92 31.45
37.74 34.27 38.28 35.75 32.51
37.09 33.65 34.91 34.26 29.53
37.99 32.64 36.94 30.52 34.24
32.11 36.45 33.23 35.2 34.17
31.27 36.14 32.22 35.99 35.81
30.54 36.2 29.99 39.49 31.19
37.37 30.43 32.72 34.39 34.61
32.48 35.47 30.38 32.12 33.64
34.73 38.23 38.36 40.09 47.48
36.3 33.86 43.86 36.38 40.05
53.99 44.76 43.14 40.2 43.07
39.19 45.51 44.71 46.63 50.69
45.82 56.98 58.64 47.73 47.15
49.12 49.81 41.08 46.11 47.49
45.72 49.44 48.88 62.24 65.18
62.12 63.92 73.6 74.74 72.83
75.91 79.75 79.47 80.14 79.8
78.94 78.35 82.96 82.06 82.61
84.91 86.41 85.38 86.64 80.91
83.43 88.19 84.1 85.98 88.89
