51.17 51.14 48.36 47.96 47.25
46.06 49.31 49.01 49.34 49.95
46.43 50.22 47.25 45.99 48.98
52.4 50.29 50.06 51.17 48.56
47.62 45.74 45.97 45.12 43.86
41.59 38.33 37.44 38.9 45.51
48.83 58.84 64.82 89.26 91.42
92.65 93.3 91.99 94.14 94.83
92.63 92.11 95.23 93.84 91
94.77 95.41 95.68 95.96 95.64
96.31 97.21 97.59 97.77 98.43
98.33 98.07 98.05 98.34 97.78
96.44 96.84 98.61 98.57 98.62
98.6 98.23 98.45 98.76 98.68
98.17 98.32 98.72 98.82 98.71
98.37 97.47 98.61 98.73 98.58
98.53 97.85 97.93 97.84 97.07
97.05 95.43 95.83 94.69 95.36
93.69 95.19 95.24 93.84 94.97
93.37 92.78 88.57 91.3 93.12
93.38 95.42 95.11 94.73 95.31
97.14 98.63 98.78 98.88 98.65
98.75 98.7 98.78 98.6 96.26
97.42 97.85 98.48 98.87 98.91
98.92 98.88 98.83 98.78 98.56
98.24 97.97 97.55 96.25 96.57
97.31 97.54 98.14 97.54 97.5
97.74 98.33 98.44 98.45 98.74
98.83 98.81 98.83 98.74 98.89
98.84 98.72 98.79 98.53 98.33
97.94 98.19 98.52 98.83 98.91
98.93 98.83 98.85 98.77 98.48
96.93 94.26 95.6 96.93 97.22
96.41 96.55 95.85 95.62 96.6
96.75 96.98 97.4 98.16 98.22
98.24 98.35 98.59 98.79 98.79
98.8 98.8 98.9 98.8 98.51
98.74 98.77 98.31 98.7 98.85
98.85 98.92 98.91 98.88 98.83
98.79 98.63 98.27 97.48 97.79
93.45 94.16 92.48 95.95 97.86
98.26 98.54 98.51 98.31 98.69
98.87 98.86 98.87 98.76 98.82
98.79 98.75 98.27 96.77 97.5
98.11 97.9 97.55 97.33 96.48
94.22 93.92 94.72 94.07 93.83
95.58 95.9 96.22 96.79 95.68
93.86 94.87 95.94 96.27 96.12
94.84 95.86 96.83 96.76 97.8
98 98.21 97.96 98.11 98.51
98.52 98.05 97.2 97.67 97.59
98.2 98.5 98.67 98.21 98.33
98.45 98.12 98.38 98.61 98.61
98.41 98.63 98.64 98.07 98.26
98.51 98.18 96.31 98.06 97.98
96.28 97.97 98.16 97.87 98.01
98.31 97.44 96.08 94.29 91.23
91.73 92.69 94.05 92.21 93.35
93.16 93.72 94.99 96.47 96.03
96.35 96.66 97.45 97.71 97.16
96.25 97.62 97.61 96.38 96.78
97.05 95.36 88.73 89 85.36
87.27 94.33 96.03 97.88 97.95
98.62 98.31 97.99 98.52 98.63
98.29 97.69 98.2 98.23 97.9
95.77 96.45 97.1 98.24 98.18
98.55 98.63 98.56 98.07 98.14
98.6 98.3 98.57 98.53 98.8
98.88 98.92 98.79 98.76 98.47
98.28 97.83 96.62 96.84 97.3
98.37 98.64 98.83 98.89 98.9
98.52 98.81 98.5 97.91 97.16
97.42 95.08 94.94 97.23 97.77
98.73 98.46 98.61 98.55 98.62
98.71 98.62 98.79 98.69 98.83
98.85 98.91 98.88 98.81 98.84
98.75 98.32 98.16 98.57 96.74
98.36 98.38 98.8 98.81 98.91
98.83 98.79 98.24 97.86 95.47
96.09 97 95.9 93.04 94.43
97.56 97.46 98.04 98.18 98.15
98.07 98.07 98.17 98.38 98.21
98.49 98 98.53 98.8 98.66
98.47 98.61 98.7 98.65 98.06
97.96 98.27 98.02 98.01 98.25
98.57 98.7 98.86 98.8 98.63
98.31 97.09 96.25 97.26 95.22
93.91 95.32 97.46 97.62 96.98
98.17 98.37 98.08 97.4 97.3
97.37 96.26 92.46 93.99 98.02
97.9 98.54 98.68 98.54 98.34
96.48 96.15 96.78 95.28 95.28
94.08 92.58 89.99 86.66 87.72
86.01 86.02 89.08 89.59 89.19
89.06 87.59 85.06 81.23 79.17
81.2 81.34 86.91 86.85 87.59
90.37 89.23 88.7 89.69 90.71
90.68 88.77 89.03 88.6 88.54
87.55 92.24 95.04 96.36 94.3
95.47 96.19 95.9 95.98 96.11
96.83 97.44 97.78 98.13 98.33
98.42 98.22 98.56 98.39 98.31
98.68 98.36 98.07 98.26 98.45
98.05 97.61 98.11 97.54 96.42
96.98 97.25 95.11 94.79 97.1
95.67 95.13 94.22 93.36 96.57
97.56 97.19 97.46 97.23 95.96
97.61 98.36 98.16 96.97
