63.94 78.13 87.14 88.61 88.31
90.21 90.72 91.73 91.58 92.78
92.33 92.98 91.85 92.07 93.73
92.05 89.06 91.26 91.63 87.52
89.4 89.16 90.26 93.42 92.45
92.91 93.5 93.64 92.38 93.5
93.18 92.43 91.08 93.32 91.92
89.89 91.02 86.73 89.07 89.86
86.91 90.74 91.1 90.58 91.89
91.16 90.95 90.71 91.41 89.8
88.74 86.78 86.21 85.56 84.76
84.01 85.27 86.36 84.12 83.41
82.74 81.65 74.15 65.35 57.16
48.14 45.87 51.03 46.28 48.27
46.9 47.75 40.77 40.41 37
42.22 41.6 30.06 33.32 36.96
36.16 38.2 31.79 35.05 32.52
39.43 41.13 43.54 39.08 37.88
44.01 41.07 37.64 49.92 48.51
41.69 47.86 51.32 50.73 48.45
37.63 46.39 48.13 51.17 55.24
60.33 64.98 64.72 64.78 65.55
70.83 67.08 67.99 61.88
