97.74 97.79 98.33 98.3 98.71
98.5 98.52 97.68 97.63 97.47
96.32 95.02 94.78 91.67 92.35
90.49 95.19 97.7 97.48 98.26
98.42 98.62 98.73 98.52 98.52
97.33 97.34 96.89 95.79 94.28
94.43 93.29 95.34 96.44 98.24
98.45 98.7 98.52 97.92 97.04
97.15 98.27 98.44 97.83 97.51
97.38 97 98.25 97.03 95.75
94.37 92.84 94.15 93.91 91.28
90.19 86.06 89.98 90.26 95.28
95.26 96.3 96.45 97.66 98.5
98.55 98.57 98.29 97.02 96.36
93.97 92.84 89.76 91.42 94.9
96.91 98.16 98.41 98.7 98.69
98.7 98.21 97.46 95.21 96.06
98.17 97.38 97.89 98.26 98.26
98.15 98.42 97.9 97.33
