40.37 38.63 29.84 40.66 42.74
40.39 36.26 39.13 38.77 38.49
39.37 37.75 39.9 37.68 36.84
38.66 33.49 37.94 31.33 40.27
43.12 36.07 38.29 40.22 38.91
37.67 39.31 38.65 36.09 39.61
31.45 32.77 33.56 30.27 32.85
36.2 31.73 29.92 32.64 30.63
30.44 31.51 27.83 28.78 26.14
35.1 29.78 34.33 33.23 33.86
36.49 33.43 36.5 37.41 35.33
33.28 48.74 60.52 78.47 89.42
93.14 95.03 96.2 95.41 94.4
94.48 91.56 90.27 92.23 94.47
95.81 96.46 96.27 95.98 94.34
86.62 83.97 81.82 90.45 92.93
93.67 94.31 94.21 94.97 95.67
95.54 95.45 95.29 93.8 86.31
88.9 85.65 88.63 92.43 94.46
95.99 96.52 96.66 96.35 94.43
93.74 94.77 91.87 90.08 89.82
91.99 94.58 96.18 96.14 96.45
95.88 95.91 95.1 93.65 91.74
93.35 91.32 90.43 93.07 93.5
94.6 92.84 93.53 94.67 95.4
94.42 93.83 90.69 91.11 92.73
95.01 95.75 95.64 96.35 96.66
95.25 92.18 92.14 92.8 94.37
92.7 92.07 95.14 95.79 95.78
94.81 95.15 94.56 93.73 94.27
95.76 93.76 93.15 92.81 90.49
92.72 92.96 92.95 90.58 90.33
87.74 92.76 94.58 95.66 96.61
96.15 95.29 92.51 94.11 94.25
92.98 93.14 91 91.66 89.03
86.65 85.89 83.57 82.48 82.13
85.61 90.41 89.41 91.13 91.19
92.25 94.62 95.72 94.8 94.49
95.09 95.73 95.31 94.41 94.57
93.38 90.72 87.35 86.39 88.87
92.73 93.11 91.83 90.09 85.11
77.88 72.29 75.25 77.05 83.79
83.67 83.62 80.52 86.5 90.05
87.16 85.35 89.02 89.02 85.37
85.12 86.01 79.84 76.34 77.08
75.17 72.56 74.22 80.45 89.2
92.31 94.32 94.23 94.88 93.3
93.12 88.73 85.16 89.37 90.65
89 83.58 86.56 91.54 87.6
86.88 90.98 90.63 84.43 87.17
88.66 85.54 78.48 81.28 84.12
88.83 89.73 90.29 87.13 85.43
83.83 86.98 89.05 85.69 91.92
94.16 95.34 96.48 95.74 92.56
90.31 90.58 91.99 92.5 92.97
94.15 94.33 94.71 94.59 94.32
95.68 95.9 95.66 96.56 96.81
96.08 96 96.9 96.27 95.72
95.69 95.43 93.78 93.49 93.63
92.49 90.68 89.11 86.46 87.95
91.92 92.69 94.62 93.54 92.94
89.43 87.23 90.44 89.85 91.61
93.42 93.44 92.64 94 94.19
94.26 93.96 92.35 94.24 93.21
90.86 92.44 90.82 92.6 95.37
94.59 93.81 91.18 91.36 92.77
94.58 94.52 95.17 94.54 93.04
93.99 94.65 93.32 93.14 94.16
93.87 94.54 94.38 93.54 94.79
93.79 91.93 91.62 92.02 89.07
90.91 90.51 91.82 93.81 92.69
93.78 92.05 91.94 87.1 83.59
80.87 77.13 75.31 77.45 73.23
77.06 77.64 84.99 87.04 90.3
88.46 86.03 87.26 90.3 87.7
85.71 89.1 91.18 89.84 89.22
90.77 91.7 92.25 91.03 89.86
87.41 88.53 89.12 91.03 89.57
90.95 91.24 91.14 92.45 92.67
94.09 92.83 93.66 93.09 93.84
93.5 91.09 92.31 92.8 93.2
90.69 91.62 92.3 92.24 93.36
91.86 90.92 92.22 93.27 94.95
95.64 96.35 96.71 96.97 97.06
96.51 96.31 96.07 96.47 95.61
96.45 96.32 95.79 95.56 94.96
95.1 92.48 92.53 94.18 91.85
90.63 91.44 92.67 93.17 94.14
92.89 90.34 89.37 90.08 91.55
91.25 92.82 92.34 92.53 93.83
92.51 93.52 93.8 94.55 93.9
95.29 95.44 94.71 95.5 96
94.85 95.04 96.47 95.45 94.82
94.67 93.66 93.06 88.67 84.84
85.84 86.77 79.72 78.99 82.99
84.22 84.73 89.74 90.57 91.41
91.44 93.39 93.78 93.41 94.98
95.25 95.55 95.87 96.04 95
96.4 96.17 95.62 94.65 94.61
94.76 93.02 94.17 93.62 92.81
92.72 93.67 93.81 92.78 93.13
94.7 95.09 94.18 91.57 93.63
93.36 94.43 93.71 94.38 93.97
93.55 94.13 93.68 93.42 92.87
92.83 92.2 91.96 90.96 90.73
88.1 83.27 76.59 57.76
