48.5 54.02 52.09 59.17 64.87
61.22 64.28 58.83 56.31 56.75
56.59 62.26 75.47 84.41 89.34
94.15 96 97.91 98.42 98.11
98.32 98.39 98.37 97.82 96.35
95.06 97.59 97.88 98.37 97.87
96.5 94.02 90.18 82.9 74.96
75.33 68.85 72.02 86.98 93.28
95.14 97.19 97.54 98.58 98.68
98.62 98.74 98.56 98.59 97.71
96.71 95.26 97.3 97.53 97.83
97.74 98.06 98.47 98.56 98.69
98.24 98.58 98.36 96.91 94.81
95.47 92.21 95 90.88 94.92
96.21 97.98 98.21 98.05 98.42
98.4 98.31 98.51 98.5 98.32
97.05 97.52 98.3 97.89 97.81
98.52 98.67 98.39 98.21 96.83
96.59 97.78 97.23 96.39 94.95
95.62 95.37 97.21 98.37 98.63
98.43 98.23 97.91 96.18 97.05
97.4 96.09 98.17 98.68 98.67
98.74 98.58 98.38 98.03 96.64
94.71 92.99 87.57 74.46 65.38
55.32 50.99 52.81 48.77 49.36
46.45 49.98 49.12 50.11 49.68
48.44 48.02 50.43 51.19 44.23
46.63 44.92 44.73 51.39 47.53
47.54 45.26 42.52 46.88 45.65
46.75 48.45 46.18 52.15 52.21
54.77 48.8 44.66 50.2 46.34
49.74 45.58 41.49 41.2 40.43
53.66 48.46 53.42 56.37 55.75
58.39 58.51 61.44 59.15 51.99
61.43 53.4 60.58 49.35 60.05
55.44 57.16 53.68 60.62 57.2
58.51 62.23 52.02 58.21 47.03
49.43 45.43 49.18 48.12 40.37
44.37 43.4 43.63 50.53 49.16
47.95 43.03 43.03 50.64 46.17
49.21 48.42 49.39 39.66 52.55
44.72 61.55 44.88 59.87 43.99
44.35 45.32 49.94 54.31 47.23
43.45 44.83 46.37 47.63 43.5
40.84 54.56 45.2 38.66 39.72
41.4 42.19 46.01 43.13 32.75
37.21 31.91 39.95 34.63 39.2
45.89 39.76 45.37 48.25 50.15
53.55 64.19 83.68 86.16 88.68
88.8 89.85 91.34 90.91 89.55
90.27 89.2 89.05 84.92 87.67
86.4 85.95 79.14 76.7 82.35
86.96 86.77 86.87 89.24 89.53
90.3 88.53 91.87 91.24 90.12
90.14 90.61 89.66 85.53 85.58
88.3 83.79 84.99 86.27 88.41
89.23 90.94 90.91 91.81 92.63
92.49 92.93 93.17 93.38 92.67
90.75 89.21 87.48 84.49
