50.04 45.01 49.04 49.17 48.24
59.64 55.79 56.57 52.05 57.91
52.45 54.12 54.49 46.82 47.67
46.4 42.53 40.86 39.04 38.74
35.96 35.02 45.49 60.07 76.1
81.74 89.72 93.97 95.14 96.68
95.48 92.89 88.06 96.25 98.24
98.34 98.83 98.8 98.8 98.72
98.78 98.57 97.28 96.06 96.03
97.42 97 98.53 98.68 98.87
98.95 98.92 98.83 98.4 98.4
98.7 98.89 98.94 98.93 98.92
98.83 98.59 98.51 98.58 98.44
98.02 96.49 97.26 98.63 98.74
98.83 98.66 98.68 98.1 97.95
97.3 96.58 96.32 94.81 95.34
95.51 95.59 95.42 92.99 97.92
98.52 98.49 98.75 98.71 98.7
98.47 98.26 98.54 98.65 98.42
98.8 98.39 98.61 98.69 98.48
97.26 97.28 97.7 98.42 98.66
98.79 98.85 98.9 98.82 98.9
98.89 98.77 98.82 98.57 98.53
98.62 98.71 98.56 98.32 97
96 95.81 98.48 98.24 98.63
98.82 98.63 98.83 98.62 98.33
98.23 97.77 96.44 97.76 98.37
98.39 98.4 98.22 98.58 98.48
98.29 98.32 98.01 97.2 93.31
88.92 84.53 78.82 71.24 72.86
80.93 83.26 87.43 90.95 93.19
94.75 96.56 97.62 97.74 97.84
97.03 97.36 97.75 98.37 98.73
98.57 98.29 96.95 97.9 98.2
98.23 98.23 98.23 98.09 98
97.65 97.51 98.14 98.49 98.1
97.86 98.69 98.75 98.72 98.63
98.22 97.36 96.65 96.78 95.78
93.26 90.7 90.87 88.93 86.17
90.9 86.88 92.65 96.62 97.54
98.66 98.62 98.73 98.78 98.81
98.41 96.95 97.68 98.72 98.88
98.83 98.85 98.88 98.62 98.51
97.69 94.44 91.02 89.83 89.18
89.81 91.39 94.29 96.37 96.64
97.33 97.63 98.5 98.75 98.87
98.79 98.88 98.76 98.76 98.89
98.84 98.62 98.79 98.87 98.67
98.64 98.72 98.61 98.39 98.27
97.55 83.24
