47.17 41.89 43.06 43.05 40.07
40.07 39.29 38.91 35.49 35.36
32.81 35.88 32.6 36.58 35.13
31.33 32.07 29.18 32.25 33.03
30.7 32.29 34.07 37.48 32.67
32.63 33.79 35.63 34.06 34.55
31.94 27.39 31.38 31.41 29.59
36.67 31.91 36.69 30.23 35.17
32.12 30.58 45.65 30.17 34.84
30.97 34.12 30.59 35.51 31.49
33.38 33.58 30.56 33.89 32.47
33.58 32.37 33.01 33.35 29.97
31.47 29.08 31.48 33.81 31.66
32.67 30.01 36.47 33.44 34.49
35.94 33.6 32.86 35.38 35.03
35.46 33.82 34.79 38.23 37.45
40.47 34.55 39.38 35.7 38.79
37.58 38.99 36.02 39.1 38.42
39.97 36.08 40.93 34.45 40.24
34.15 39.59 38.25 38.32 40.94
40.01 37.77 38.1 39.37 39.43
36.28 41.67 36.81 41.05 40.66
41 43.51 44.18 48.08 52.29
58.09 63.44 74 73.78 75.06
77.39 81.7 83.43 83.88 84.81
81.8 86.87 87.36 87.66 90.82
90.73 91.89 92.68 92.87 95.44
93.56 94.13 94.4 94.62 95.67
95.46 94.54 95.45 96.88 95.13
95.22 94.67 95.28 91.2 88.94
90.05 87.2 81.34 80.38 78.67
71.63 58.89 61.2 61.24 62.02
62.51 68.78 72.75 76.09 84.5
87.17 88.23 89.95 91.57 93.82
93.4 94.39 95.98 97.01 96.43
96.51 97.07
