42.3 45.65 46.29 50 50.44
48.61 48.5 50.39 53.03 51.96
49.85 57.24 54.93 55.92 75.72
83.04 85.85 85.2 88.12 88.97
88.84 89.4 89.74 90.31 87.58
86.91 86.28 85.58 84.56 83.42
82.37 82.38 84.22 85.2 82.79
83.76 88.04 91.81 91.51 94.88
96.45 97.55 97.98 98.25 98.42
97.97 97.66 96.87 96.1 95.95
96.53 97.13 97.6 97.57 97.96
97.61 96.96 96.81 96.99 96.76
96.83 97.68 96.94 95.92 94.34
93.87 92.26 91.97 89.71 85.94
85.6 86.93 87.21 90.13 90.35
88.11 89.07 86.54 89.9 88.33
83.72 82 82.81 78.2 73.57
74.97 79.11 82.08 79.21 83.96
86.01 91.3 92.55 94.54 94.36
95.75 97.35 98.17 98.19 98.15
98.12 97.79 96.86 94.13 92.27
93.7 95.22 97.22 97.84 98.42
98.66 98.66 98.73 98.64 97.98
97.69 97.48 97 96.14 96.85
93.87 94.4 92.55 92.38 95.88
98.4 98.79 98.84 98.93 98.91
98.8 97.98 95.47 93.98 92.18
94.91 96.49 96.87 94.98 93.94
93.49 93.85 96.12 96.61 95.8
97.45 98.38 97.87 97.97 98.61
98.35 98.18 98.27 98.19 98.64
98.65 98.85 98.84 98.87 98.82
98.47 98.14 96.78 95.39 95.63
96.04 91.41 91.52 94.39 93.65
94.34 93.42 91.97 91.81 93.56
95.13 96.59 96.38 96.04 96.71
96.92 98.32 97.67 98.27 98.78
98.61 98.58 98.79 98.78 98.3
98.59 98.63 98.17 98 98.18
97.92 96.97 95.55 97.89 97.97
98.72 98.83 98.93 98.92 98.77
98.4 96.9 97.43 98.57 98.6
98.72 98.8 98.87 98.86 98.79
98.84 98.84 98.48 98.5 97.88
97.26 98 98.54 98.45 97.27
96.59 98.56 98.29 98.74 98.87
98.88 98.65 98.57 97.81 96.58
95.76 97.86 97.42 96.1 94.73
94.39 93.78 90.74 88.6 88.56
84 80.9 81.67 77.33 77.75
79.4 83.4 85.62 87.2 89.27
89.77 91.26 92.31 92.16 92.54
94.43 94.93 93.33 95.57 96.03
95.71 95.32 95.31 94.97 94.94
93.75 92.07 90.07 90.45 91.82
90.14 85.31 76.88 69.21 69.48
58.59 61.44 53.19 64.49 72.88
85.48 86.73 86.38 89.24 92.76
93.04 94.48 95.56 95.5 95.47
96.04 96.05 93.89 94.26 94.46
94.73 95.53 96.53 96.32 95.13
93.54 94.23 94.71 95 93.4
91.28 88.26 90.03 93.82 92.83
95.85 95.91 96.73 96.84 97.32
97.48 96.64 96.93 97.21 98.17
98.2 97.31 96.09 98.32 98.19
96.71 98.09 98.53 98.1 98.4
98.6 98.77 98.75 98.81 98.75
98.53 97.59 96.41 94.71 95.29
92.79 92.52 94.54 94.28 93.42
94.38 96.66 97.68 97.3 97.87
98.25 98.2 97.85 98.13 97.82
96.54 97.07 97.39 96.78 97.7
98.53 98.59 98.73 98.68 98.27
97.75 96.11 95.42 94.56 94.18
95.21 94.62 92.71 94.59 93.45
89.96 80.35 77.79 78.41 79.23
82.25 84.97 88.67 87.83 92.3
94.33 96.08 95.88 96.51 97.62
98.42 98.58 98.51 98.09 98.64
98.62 98.32 98.23 98.25 97.6
97.16 96.37 94.5 91.21 91.38
89.03 84.09 80.7 75.35 69.61
65.61 61.15 58.93 45.56 53.94
58.34 56.52 61.91 66.99 58.82
