36.83 42.02 34.67 40.78 35.67
33.67 40.78 34.72 44.98 39.97
33.07 40.84 35.94 39.22 36.27
36.21 33.17 36.28 36.33 34.34
38.5 35.2 35.72 35.35 36.33
35.51 32.9 39.02 34.53 38.22
41.54 40.66 36.24 36.24 31.81
32.72 37.36 40.27 40.84 41.69
44.97 56.97 61.68 78.14 77.73
81.12 88.18 89.93 91.05 91.97
92.78 93.03 93.76 93.91 93.83
95.01 95.56 94.91 95.9 96.24
95.48 94.98 96.37 96.81 95.65
94.91 97.08 96.18 95.11 95.01
95.48 93.59 92.7 92.98 92.24
90.84 89.21 85.08 83.35 83.36
83.91 80.42 85.18 86.28 91.15
91.62 91.46 92.79 92.1 91.7
91.87 88.05 86.27 90.64 91.01
92.57 94.99 96.15 97.4 97.99
98.13 98.07 98.27 97.82 97.62
98.39 97.59 97.26 96.55 96.89
95.91 95 93.74 92.54 95.69
96.29 97.25 97.73 98.1 98.54
98.34 98.35 98.16 97.57 95.27
92.79 96.62 96.36 96.5 96.43
95.38 95.36 94.11 92.19 89.72
88.95 86.94 76 73.3 74.97
84.14 88.39 93.27 94.72 95.63
96.74 97.37 96.69 94.05 94.23
95.28 95.18 93.87 93.32 92.62
91.61 93.64 94.72 94.29 96.27
96.03 94.87 96.96 96.68 96.47
94.6 95.35 93.25 93.6 94.19
95.43 96.64 96.34 95.09 94.74
96.81 96.9 96.02 96.02 94.44
94.3 93 91.81 92.7 92.9
93.38 93.42 93.65 94.38 93.42
94.12 94.99 95.61 95.82 95.9
94.72 95.13 95.97 95.08 95.65
94.57 94.84 96.8 97.23 97.9
98.25 98.25 97.86 97.61 98.13
98.15 97.52 97.94 97.42 98.21
98.15 97.56 97.78 97.74 97.73
97.73 97.89 97.44 97.58 96.67
94.38 94.94 96.24 95.04 93.39
93.12 92.32 92.64 92.06 93.14
93.78 95.54 96.11 95.3 96.19
94.88 94.37 94.63 92.75 93.82
91.58 93.72 91.08 90.7 93.75
94.81 95.76 96.98 96.14 96.99
97.85 97.85 98.02 98.04 98.14
98.02 97.31 97.5 97.85 98.05
97.98 98.04 97.87 97.29 95.81
97.6 97.18 97.7 97.4 96.66
97.58 97.1 95.19 95.34 96.63
96.82 98.06 98.11 98.3 98.17
97.85 96.78 96.81 97.8 97.76
97.07 97.88 97.45 96.77 96.73
96.97 97.79 98.08 97.98 96.42
95.69 95.46 92.52 94.79 92.01
92.71 90.58 84.45 81.23 82.67
76.65 84.31 86.21 91.98 91.43
91.87 90.24 93.15 92.58 90.6
87.7 84.02 79.12 62.91 71.26
81.39 84.51 90.94 93.76 93.9
95.02 95.62 96.46 96.01 95.08
94.98 95.66 94.29 94.5 91.47
91.95 92.38 93.16 92.03 91.66
92.58 91.31 88.19
