45.83 45.15 41.23 45.12 47.73
45.75 39.55 42.66 40.56 37.7
38.79 38.53 38.03 41.46 45.91
41.14 46.84 33.73 34.97 38.5
46.01 37.82 42.16 38.16 36.41
42.63 49.92 54.03 60.44 62.31
67.05 73.23 87.77 95.93 97.48
97.84 98.3 98.8 98.82 98.89
98.85 98.76 98.85 98.92 98.94
98.94 98.87 98.93 98.84 98.5
98.04 95.91 95.7 97.36 98.08
98.61 97.76 97.76 98.51 98.69
98.75 98.81 98.84 98.92 98.95
98.92 98.92 98.94 98.94 98.9
98.85 98.86 98.79 98.63 98.67
98.47 98.34 98.45 98.33 98.66
98.45 98.6 98.87 98.83 98.91
98.95 98.94 98.96 98.91 98.83
98.19 97.57 97.03 95.71 95.97
97.65 98.22 98.65 98.7 98.65
98.87 98.85 98.83 98.91 98.89
98.87 98.78 98.79 98.63 98.83
98.74 98.65 98.75 98.9 98.86
98.88 98.9 98.93 98.82 98.52
98.53 97.74 97.2 98.58 98.79
98.81 98.9 98.92 98.92 98.94
98.85 98.89 98.93 98.88 98.77
98.86 98.86 98.56 98.44 98.48
98.73 98.8 98.82 98.9 98.9
98.95 98.96 98.94 98.91 98.93
98.76 98.62 98.3 97.85 97.44
94.83 90.22 87.63 85.03 88.31
88.48 92.26 94.9 95.5 96.56
95.62 96.44 95.39 94.18 97.54
97.55 97.34 97.65 97.41 97.06
97.98 97.39 96.34 96.89 96.86
97.24 97.49 98.56 98.47 98.71
98.73 98.66 98.79 98.76 98.49
98.55 98.57 98.24 98.69 98.53
98.54 98.63 98.55 98.84 98.84
98.75 98.67 98.82 98.83 98.75
98.85 98.82 98.75 98.84 98.86
98.79 98.76 98.76 98.61 98.4
98.48 98.36 98.57 98.76 98.27
97.96 98.73 98.9 98.86 98.73
98.82 98.56 98.29 97.18 96.82
94.88 89.54 88.31 91.81 89.68
93.61 95.55 95.33 97.5 98.15
98.62 98.74 98.6 98.58 98.81
98.15 98.31 98.7 98.43 97.72
98.28 98.41 98.62 98.57 98.42
98.58 98.71 98.42 98.38 98.52
98.16 98.57 97.92 97.1 96.75
96.12 96.11 97.93 98.69 98.8
98.8 98.23 98.46 98.74 98.74
98.42 98.52 97.99 98.72 98.8
98.88 98.95 98.96 98.95 98.95
98.93 98.93 98.91 98.83 98.72
98.51 98.73 98.6 98.12 98.36
98.4 98.15 98.39 97.78 98.21
98.56 98.55 98.69 98.77 98.46
98.72 98.89 98.87 98.85 98.83
98.7 98.75 98.56 98.5 98.41
98.46 98.4 98.31 98.77 98.82
98.85 98.81 98.8 98.89 98.9
98.82 98.84 98.81 98.69 98.44
98.3 97.98 97.38 98.02 98.19
98.28 97.61 97.77 98.65 98.63
98.83 98.92 98.93 98.88 98.79
98.76 97.89 98.79 98.77 98.63
98.52 98.64 98.71 98.81 98.78
98.69 98.56 98.54 98.55 98.61
98.54 97.96 97.21 98.01 98.71
98.86 98.84 98.77 98.82 98.75
98.73 98.77 98.78 98.78 98.69
98.69 98.74 98.56 98.28 98.5
98.87 98.87 98.86 98.91 98.88
98.93 98.94 98.92 98.92 98.9
98.83 98.71 98.71 98.51 98.34
97.82 97.27 96.57 95.72 97.07
98.02 98.57 98.84 98.94 98.95
98.94 98.85 98.47 98.63 96.15
97.14 98.43 98.87 98.86 98.9
98.94 98.94 98.87 98.84 98.65
98.36 92.84 85.88 70.66
