32.61 36.46 27.62 34.95 34.66
35.53 30.75 33.58 30.86 33.61
29.5 32.13 29.9 30.02 30.48
29.83 31.8 30.5 30.25 33.78
38.25 46.51 46.78 51 54.08
56.83 69.78 83.07 86.9 90.44
91.94 92.4 96.12 96.86 96.97
96.56 94.25 95.83 96.51 96.94
98.09 97.1 96.24 97.56 96.91
94.83 93.6 94.94 95.21 97.32
97.94 98.49 98 97.62 95.66
95.98 96.11 96.15 95.54 96.38
95.67 97.03 96.32 96.14 97.04
97.69 97.29 96.94 97.43 97.14
96.15 96.4 96.37 92.77 90.27
92.17 96.68 97.59 97.6 97.97
97.17 96.45 94.22 95.7 95.8
93.31 94.16 92.06 90.57 87.12
80.94 78.13 78.97 78.61 86.51
87.64 94.51 96.07 95.65 95.38
97.1 97.43 96.62 96.62 97.05
97.37 96.31 97.08 97.23 95.13
94.77 94.63 89.89 92.97 94.96
94.93 97.95 98.16 98.56 98.56
97.91 96.53 95.02 95.1 93.05
91.86 90.7 91.42 93.24 94.39
93.45 93.7 95.63 94.89 93.04
93.43 94.16 91.34 90.36 91.64
90.51 94.35 94.93 96.26 97.3
96.12 96.39 94.81 95.56 94.96
95.21 94.94 95.02 95.27 94.54
95.97 96.2 95.95 96.58 96.51
94.6 94.43 93.37 91.04 89.92
89.79 91.53 93.39 95.36 95.39
95.51 94.64 95.78 95.67 94.4
94.2 94.19 92.65 90.34 91.44
85.56 81.27 82.1 88.59 94.92
96.5 95.74 96.8 97.86 98.05
98.58 97.83 98.21 97.43 94.67
96.55 98.06 97.73 97.16 98.03
98.42 97.77 97.76 98.29 98.25
97.86 98.2 98.31 98.02 97.45
97.53 96.79 94.97 94.37 95.68
94.06 94.32 94.72 92.21 89.81
87.65 87.76 82.71 79.71
