36.31 33.77 36.65 36.19 33.27
40.25 37.26 37.98 32.23 33.42
36.85 34.08 39.19 35.24 42.01
37.35 34.74 36.9 33.98 39.9
34.99 37.04 35.08 37.67 35.54
34.83 39.86 36.76 42.06 42.74
41.92 40.23 38.42 48.73 50.08
57.2 74.39 88.43 93.93 97.78
98.4 98.72 98.82 98.87 98.94
98.95 98.92 98.83 98.84 98.72
98.66 98.73 98.81 98.76 98.86
98.92 98.91 98.89 98.88 98.89
98.83 98.77 98.69 98.54 98.8
98.8 98.91 98.89 98.9 98.89
98.77 98.45 97.92 97.61 98.22
98.64 98.25 98.41 98.14 97.37
97.11 98.3 97.76 97.66 96.72
98.15 98.32 97.85 98.53 98.63
98.84 98.81 98.81 98.83 98.88
98.8 98.78 98.84 98.68 98.63
98.68 98.37 96.76 97.21 98.49
98.56 98.43 98.46 98.47 98.35
98.63 97.85 97.73 97.25 97.45
98.42 98.39 98.75 98.68 98.76
98.72 98.78 98.82 98.72 98.74
98.72 98.66 98.45 98.65 98.5
98.53 98.52 98.52 98.22 98.1
98.19 98.37 98.45 98.48 98.55
98.6 98.7 98.44 98.6 98.71
98.51 98.83 98.73 98.63 98.57
98.33 98.38 98.66 98.54 98.8
98.77 98.22 97.54 97.46 98.55
98.63 98.76 98.65 98.66 98.38
97.39 95.99 94.82 95.47 96.12
97.83 98.34 98.47 98.76 98.69
98.84 98.7 98.89 98.93 98.94
98.94 98.9 98.86 98.65 98.8
98.56 98.47 98.42 97.49 97.96
97.15 96.45 97.97 98.13 98.55
97.91 98.22 97.55 98.05 98.64
98.82 98.77 98.35 98.45 98.55
98.68 98.68 98.51 98.65 98.26
98.41 98.76 98.59 98.7 98.75
98.88 98.87 98.9 98.64 98.21
98.48 98.11 98.42 98.4 98.54
98.65 98.83 98.78 98.78 98.84
98.87 98.89 98.87 98.8 98.82
98.53 98.83 98.81 98.91 98.87
98.82 98.63 98.38 97.16 96.72
97.59 98.4 98.37 97.7 96.58
96.14 96.48 98.62 98.81 98.71
98.77 98.81 98.82 98.68 98.71
98.83 98.76 98.7 98.66 98.75
98.78 98.39 98.29 98.45 98.73
98.84 98.69 98.13 98.03 97.72
98 97.01 97.82 96.45 97.46
98.22 97.93 97.52 97.05 96.12
96.11 95.15 97.99 98.69 98.49
98.57 98.15 98.07 96.6 96.19
94.51 93.92 86.17 85.43 82.83
93.52 96.7 98 97.88 98.59
98.78 98.65 98.83 98.88 98.84
98.73 96.75 97.32 97.04 98.49
98.45 98.76 98.75 98.59 98.22
97.92 98.57 98.11 98.02 96.31
96 96.53 96.96 98.02 97.52
98.52 98.37 98.08 97.51 98.35
98.77 98.82 98.75 98.82 98.49
97.89 98.56 98.83 98.79 98.74
98.1 98.51 98.24 98.69 98.83
98.92 98.94 98.93 98.79 98.8
98.82 98.86 98.56 97.8 97.88
98.59 98.51 98.37 98.49 98.72
98.87 98.86 98.75 98.9 98.85
98.9 98.71 98.89 98.86 98.81
98.71 98.65 98.58 98.16 98.11
97.95 98.32 98.11 98.31 98.4
98.35 98.53 98.67 98.73 98.8
98.87 98.8 98.79 98.76 98.73
98.67 98.73 98.88 98.91 98.89
98.91 98.89 98.77 98.82 98.85
98.7 98.58 98.5 98.7 98.6
98.29 98.39 98.38 98.53 98.64
98.82 98.79 98.89 98.83 98.89
98.89 98.78 98.85 98.62 98.65
98.85 98.64 98.75 98.8 98.64
98.69 98.58 98.55 98.48 98.71
98.6 98.65 98.88 98.92 98.94
98.93 98.92 98.8 98.75 98.34
97.94 98.56 98.71 98.74 98.86
98.87 98.89 98.94 98.94 98.94
98.94 98.78 98.53 98.18 98.84
98.59 98.82 98.82 98.83 98.84
98.88 98.88 98.81 98.83 98.81
98.7 98.58 98.53 98.55 98.79
98.86 98.84 98.84 98.85 98.86
98.8 98.59 98.8 98.7 98.73
98.69 98.52 97.77 98.79 98.78
98.69 98.83 98.85 98.9 98.87
98.91 98.89 98.9 98.81 98.84
98.8 98.72 98.29 97.67 96.57
97.97 98.54 97.88 73.03
