56.7 84.73 89.76 90.63 92.64
92.68 93.37 93.35 93.52 94.35
94.21 95.08 95.25 95.22 96.13
96.18 95.23 95.66 93.99 92.12
89.23 91.47 90.08 85.87 82.69
83.51 83.46 78.96 73.83 71.95
68.8 63.72 64.63 56.15 55.93
64.11 82.61 87.35 91.38 90.64
89.9 93.2 93.86 92.48 93.95
95.69 95.25 93.98 95.85 95.87
94.04 93.51 94.31 91.88 91.28
91.77 91.9 89.23 88.28 90.02
87.79 84.51 85.6 84.11 83.57
87.68 89.57 87.18 89.8 91.96
91.22 91.13 92.88 94.11 91.89
91.77 93.43 94.91 92.56 92.74
95.07 94.86 94 94.58 95.71
95.88 93.97 93.82 95.06 95.71
95.72 95.52 94.61 93.8 92.94
93.12 90.87 90.07 90.93 86.78
84.33 85.31 80.15 80.16 79.16
77.47 80.88 87.02 87.6 89.5
92.4 92.52 93.08 94.22 94.97
94.16 95.1 94.87 94.69 93.64
92.11 92.23 91.9 90.56 86.32
86.7 83.41 75.82 76.4 73.12
68.18 63.2 61.56 56.65 54.77
55.42 56.19 56.28 61.86 64.41
68.88 78.98 81.88 80.83 83.24
88.09 88.59 86.42 89.44 91.88
90.91 91.38 92.52 93.47 92.41
93.53 90.98 90.17 92.84 92.17
88.47 89.49 90.9 89.17 86.78
86.66 87.44 85.13 80.01 81.14
80.95 78.1 75.01 75.92 71.81
73.32 74.24 74.08 73.29 74.96
80.12 84.37 88.66 89.03 86.91
89.97 93.15 91.88 91.09 93.23
95.37 93.35 94.41 95.92 95.72
94.67 95.46 96.25 93.97 95.25
95.9 94.5 93.23 93.78 93.64
89.19 87.65 88.7 89.04 85.02
83.17 83.55 81.95 75.07 73.46
71.48 65.41 51.34 49.82 44.43
40.29 39.43 40.29 41.7 43.37
47.29 59.35 55.59 56.55 57.07
55.84 52.15 54.13 50.55 51.64
48.57 46.37 51.53 54.78 60.38
63.49 65.12 79.22 83.97 86.22
89.48 87.97 91.33 92.87 93.15
94.42 93.8 94.32 95.51 95.18
93.44 93.72 94.41 93.1 92.38
92.63 94.36 90.05 89.09 90.32
90.89 86.72 87.92 90.84 87.51
84.77 87.9 88.25 84.36 84.04
87 86.15 83.69 85.22 91.09
88.73 86.74 85.2 86.55 87.41
82.47 85.16 86.06 80.09 80.83
84.14 85.01 78.22 85.3 87.91
85.51 88.67 89.12 89.43 86.03
89.69 90.67 86.55 86.98 91.15
88.71 86.09 87.61 89.85 84.77
79.32 71.45 63.03 57.31 53.86
52.19 59.98 63.5 62.1 66.4
68.7 70.65 68.96 70.97 75.87
75.13 74.53 74.6 80.6 76.49
66.69 67.93 64.88 64.35 73.66
70.1 70.78 76.5 78.9 72.66
77.89 83.82 79.65 76.09 82.97
85.44 81.74 80.95 85.35 86.08
84.37 85.3 87.81 82.22 85.58
86.43 87.86 81.06 83.94 85.97
84.76 84.25 85.1 85.06 83.78
83.07 84.05 82.51 82.53 83
77.09 76.97 71.1 71.72 81.48
84.58 87.64 89.74 89.22 89.51
92.54 92.36 90.63 92.91 94.61
92.99 92.15 94.11 93.99 92.59
91.82 91.58 91.16 89.52 88.3
85.92 84.22 82.11 78.71 70.64
71.08 70.23 69.04 69.73 71.86
74.36 78.78 81.15 83.63 82.53
82.64 84.27 81.83 79.55 75.09
68.23 72.12 77.15 76.27 80.33
84.82 87.49 85.27 87.63 90.77
91.99 91.8 93.9 95.07 94.8
94.94 96.18 95.78 93.27 94.46
94.79 92.19 91.11 92.08 90.75
85.08 85.97 87.88 81.78 75.99
77.02 67.89 56.88 50.24 42.53
40.45 33.32 31.65 25.35 35.37
