34.59 37.93 41.28 44.67 65.59
70.67 79 82.66 82.84 79.68
85.72 89.4 91.1 91.54 91.99
93.36 94.89 94.4 96.17 96.09
97.12 96.68 97.53 97.81 97.48
97.92 97.82 97.8 97.36 97.59
96.74 94.3 96.19 95.31 92.63
92.89 95.12 91.97 90.41 92.98
95.51 93.79 92.53 96.64 97.71
97.32 97.76 98.63 98.58 98.45
98.63 98.8 98.7 98.64 98.72
98.51 98.68 98.6 98.73 98.44
98.43 98.53 98.54 98.51 98.47
98.63 98.51 97.6 97.86 97.69
95.31 94.25 94.76 93.47 89.34
87.88 86.17 74.65 65.41 59.48
58.21 52.52 43.05 45.04 48.15
50.69 42.33 48.56 56.66 60.39
68.7 82.51 92.12 94.84 95.38
92.74 93.18 95.59 95.07 92.72
95.44 96.94 95.88 94.73 97.32
98.06 96.82 96.47 98.06 98.37
98.13 98.4 98.63 98.67 98.5
98.37 98.56 98.48 98.63 98.54
98.53 98.28 98.12 98.43 98.5
98.39 97.83 98.08 97.62 96.36
95.81 95.11 94.78 93.14 91.68
91.03 93.32 91.89 90.97 92.84
93.78 92.78 93.62 95.23 95.71
95.71 96.42 97.2 97.28 97.71
97.98 97.83 97.99 97.49 97.67
97.6 97.33 95.93 96.2 96.61
94.39 95.17 96.27 95.46 94.86
95.68 96.89 95.48 95.67 96.55
95.66 95.07 95.39 95.15 95.16
94.65 94.23 95.43 94.36 93.94
91.67 92.96 90.72 88.68 88.32
89.25 83.31 80.3 80.5 79.72
69.04 67.29 62.95 59.62 54.28
54.69 56.16 52.92 52.64 53.04
53.59 49.34 43.21 41.39 44.03
49.45 46.21 40.93 41.69 50.87
52.18 53.17 55.24 54.08 55.4
52.76 52.81 51.28 56.89 56.8
55.42 61.29 63.37 70.07 75.46
78.73 83.56 80.4 83.9 88.14
87.45 89.59 90.85 92.8 92.29
93.45 94.52 95.18 95.54 95.91
96.24 96.43 96.86 97 97.45
96.66 97.29 97.96 97.51 97.8
97.86 97.72 97.92 97.97 97.92
97.69 97.78 97.79 97.5 98.24
98.2 98.2 98.11 98.44 98.45
98.25 98.42 97.99 97.85 97.1
97.21 95.21 94.85 94 92.74
92.53 89.06 82.79 79.3 78.26
86.56 89.07 91.36 94.25 95.57
96.56 96.45 96.73 98.32 98.02
97.97 98.3 98.47 98.44 98.43
98.62 98.66 98.42 98.28 98.31
98.33 97.78 97.79 98.2 97.58
98.08 98.18 97.82 97.27 98.19
98.27 97.35 97.85 98.28 97.71
96.53 97.83 97.25 96.18 96.88
96.18 96.39 96.15 95.44 95.32
95.21 94.15 91.82 92.11 93.03
91.01 89.25 90.95 91.39 93.36
95.02 94.56 93.03 94.51 94.87
94.86 96.13 95.34 94.28 93.3
93.3 93.08 92.72 91.12 90.02
93.94 89.97 87.6 90.74 92.43
93.22 91.01 91.41 90.65 90.34
86.9 93.07 92.79 92 94.32
95.26 94.53 94.42 96.05 95.09
95.44 95.86 96.84 96.01 95.62
96.14 95.96 95.44 95.05 95.27
94.35 94.26 93.37 94.46 95.15
94.9 95.72 96.07 96.75 96.46
96.33 97.13 97.5 97.06 97.32
97.42 97.24 97.14 96.8 95.84
94.8 94.12 94.1 93.62 92.45
90.25 90.57 92.45 92.18 90.78
87.46 86.31 87.35 85.9 76.89
65.06 57.9 47.74 56.09 50.84
44.59 48.78 45.54 46.12 48.51
47.74 51.3 47.81 52.78 51.25
56.61 58.67 64.11 63.09 80.62
85.58 89.54 91.25 89.53 93.41
94.46 95.15 95.73 96.71 97.2
96.47 97.42 97.07 97.32 97.24
95.82 95.44 93.92 92.17 91.35
89.63 85.25 69.65 51.33
