31.86 33.69 30.74 30.98 40.3
32.09 33.9 33.48 35.13 36.35
38.21 34.35 29.84 34.58 35
34.23 31.32 35.54 39 37.36
33.35 39.97 41.42 38.8 41.19
39.11 44.21 42.15 43.46 37.8
42.18 38.79 35.2 42.58 38.45
39.78 38.17 44.01 54.41 56.22
54.87 61.48 58.35 60.63 60.21
63.22 58.15 50.07 61.85 63.93
59.69 61.33 66.52 48.57 55.71
62.48 61.27 57.38 59.79 67.19
60.8 61.05 61.52 61.56 56.94
58.15 52.16 56.14 58.73 54.35
46.01 42.97 50.98 44.44 38.38
46.21 46.56 38.06 43.42 45.49
51.49 58.72 58.23 57.09 54.87
58.35 59.78 53.97 54.66 55.48
54.96 53.37 48.21 48.5 49.15
48.04 48.13 49.5 51.18 56.06
55.01 55.72 51.48 63.65 60.43
59.91 63.69 71.68 63.35 62.5
70.11 69.13 64.23 63.09 74.05
75.42 63.94 67.6 73.38 69.01
68.13 65.63 71.97 58.88 59.44
54.68 54.7 55.45 50.89 53.55
52.08 51.14 47.77 54.26 48.02
51.97 53.08 50.68 47.12 55.14
49.8 63.59 62.9 68.81 64.2
65.96 72.53 73.7 77.34 75.18
73.48 78.11 78.62 74.64 75.09
74.91 68.9 71.26 73.63 72.3
69.13 74.44 67.64 61.13 67.88
69.15 60.52 63.99 65.86 63.47
59.24 65.8 59.13 55.33 56.38
71.87 61.67 62.06 63.58 72.05
59.52 64.01 74.5 66.01 68.46
71.7 74.33 69.42 71.86 77.04
74.13 74.2 75.06 77.45 72.38
73.11 75.87 68.88 60.72 68.23
60.29 58.04 52.33 47.96 50.55
48.63 51.02 49.67 41.52 43.81
43.9 46.03 46.71 46.19 47.02
48.15 44.48 47.33 43.49 46.77
47.73 47.06 42.59 43.78 47.57
47.12 43.51 39.6 48.15 39.15
42.65 53.88 41.68 46.13 52.54
46.56 52.74 53.35 47.92 55.06
53.24 53.36 50.33 47.2 45.69
44.24 53.98 57.61 57.34 44.5
38.52 37.59 32.91 31.89 38.07
38.19 41.17 40.31 40.79 38.61
43.11 38.23 37.18 38.8 35.37
35.87 42.61 37.75 34.46 37.51
38.7 40.87 41.12 40.48 46.21
41.47 36.86 42.34 38.42 43.67
37.59 42.11 38.76 40.26 41.65
45.73 39.78 35.09 37.52 39.12
38.99 36.67 38.02 45.73 40.2
39.74 37.88 35.45 42.05 33.45
36.55 36.06 39.95 40.39 37.57
39.22 38.28 40.02 36.87 40.57
30.3 37.57 35.31 40.46 44.12
34.83 41.39 47.27 37.63 43.93
33.77 39.81 34.73 34.2 37.14
40.56 34.96 42.43 38.34 33.69
31.05 38.44 34.83 41.47 35.27
52.21 44.62 38.84 46.48 51.19
51.66 41.92 47.24 45.81 51.78
45.34 46.78 41.28 40.35 48.45
46.64 39.11 33.17 34.61 38.55
35.78 42.56 42.3 38.67 42.43
36.97 51.5 39.26 46.15 45.88
56.41 38.55 58.9 51.98
