54.04 67.15 74.6 75.91 72.92
72.94 71.19 68.91 75.64 77.69
76.74 81.54 81.18 79.75 80.89
81.43 71.72 70.19 70.58 62.35
60.25 55.27 54.65 52.14 48.14
52.42 48.46 50.45 51.4 45.72
46.53 54.51 48.98 52.52 45.21
53.89 54.22 47.23 51.74 56.36
51 46.43 51.92 49.24 49.23
44.41 49.63 51.55 48.4 47.77
56.36 63.77 57.64 44.51 49.72
48.05 47.32 50.47 50.46 45.24
39.83 47.16 41.23 44.83 46.6
42.91 39.24 48.18 48.68 55.96
56.85 61.48 73.48 80.47 84.73
89.25 92.6 95.44 97.45 97.53
97.75 98.33 98.23 96.19 96.43
97.14 96.5 95.8 95.52 95.82
95.27 94.1 94.2 90.58 93.53
89.84 91.4 90.7 88.15 86.79
88.26 86.81 85.07 83.56 81.02
83.97 79.32 85.05 84.24 81.49
73.17 74.02 67.85 69.17 69.3
68.08 59.3
