35.2 31.72 37.42 38.37 42.55
38.95 45.98 44.92 48.43 53.47
47.9 52.51 51.21 50.36 54.48
61.15 53.6 54.06 66.14 62.88
56.15 66.13 73.09 59.25 58.18
56.91 54.5 52.53 53.21 55.32
52.36 53.96 53.1 48.75 50.1
50.88 52.55 49.79 49.58 50.43
50.61 49.68 47.35 52.14 50.2
44.99 46.94 47.12 48.25 46.39
48.77 45.81 48.87 45.01 43.57
48.41 44.67 43.62 53.24 46.92
58.78 61.39 52.16 71.03 73
75.4 74.51 81 74.27 74.02
75.04 84.53 77.15 80.77 79.3
82.52 76.28 82.65 81.05 84.28
86.24 83.26 86.63 85.98 87.58
88.15 94.56 90.27 88.85 93.86
95.95 93.45 95.21 97.33 96.61
96 97.27 96.75 96.9 94.34
94.45 97.19 95.54 92.72 94.21
94.93 92.82 93.2 93.45 94.65
93.13 92.9 93.42 93.95 92.08
93.85 95.1 93.51 93.56 94.36
93.92 94.66 93.87 93.66 92.81
92.58 90.11 90.05 87.56 81
75.73 65.27 59.59 52.59 51.55
46.12 49.48 54.67 56.66 58.22
65.09 70.78 77.39 78.03 81.72
84.9 86.45 86.36 89.08 91.83
92.63 92.05 94.51 94.64 95.23
93.35 93.65 92.8 93.57 91.23
90.28 90.63 88.77 77.98 67.68
52.8 47.77 43.86 44.25 44.52
44.68 45.6 46.21 43.53 43.54
42.91 38.95 41.23 38.6 36.39
41.53 39.87 34.96 32.99 32.76
36.88 35 36.52 35.78 39.11
36.92 33.1 37.05 30.97 38.06
30.32 36.73 35.62 32.35 34.25
30.43 33.67 31.93 35.54 33.86
30.83 31.58 27.33 33.32 25.44
25.32 29.25 25.96 31.75 29.25
30.09 34.2 31.59 30.4 32.71
31.71 36.01 34.47 33.58 37.03
29.46 31.31 30.35 33.24 29.58
28.54 33.56 31.87 33.19 30.24
33.45 31.89 26.97 27.13 29.8
31.76 28.59 30.79 29.5 34.01
29.74 33.2 30.49 33.99 32.51
27.45 34.99 31.54 30.94 33.55
34.51 32.76 31.53 34.99 29.98
34.44 28.26 34.8 31.26 32.8
36.88 29.16 35.81 35.24 34.98
38.24 39.98 34.58 41.85 41.24
41.57 38.45 48.22 42.69 50.15
56.48 49.65 54.07 54.59 53.44
56.46 68.8 71.05 63.66 75.47
76.89 73.86 76.92 84.45 75.89
80.56 71.95 74.96 74.34 78.24
75.88 77.31 83.21 78.44 74.85
71.12 73.2 71.15 70.22 75.84
66.23 71.08 61.8 50.97 55.3
57.44 56.36 49.03 52.55 50.91
50.49 51.01 50.46 52.61 48.62
43.19 48.96 46.31 45.37 52.85
48.67 58.41 60.04 52.63 69.98
74.18 73.28 75.96 81.57 74.73
75 73.18 84.83 76.47 80.08
76.37 81.01 74.17 82.65 81.04
84.07 86.32 82 86.3 86.64
88.02 87.68 94.56 90.32 88.14
93.85 96.13 94.02 95.5 97.73
96.26 96.93 97.34 96.93 97.08
94.75 95.38 97.37 95 93.63
94.58 95.58 93.49 94.2 93.79
94.39 92.8 93.06 92.65 94.07
91.8 93.62 94.78 93.45 93.77
94.24 93.75 94.56 93.88 93.5
92.56 92.31 89.64 89.86 86.96
79.96 74.06 65.91 56.52 57.24
52.72 52.04 49.9 55.26 56.25
55.07 65.06 72.83 77.93 77.57
81.67 84.64 86.52 85.64 88.18
91.31 91.58 90.69 93.87 93.86
94.06 92.29 92.75 91.82 92.88
90.14 88.9 88.83 85.79 72.71
63.65 53.57 46.35 50.76 45.74
46.45 47.09 47.44 46.23 41.99
47.57 48.29 43.21 47.76 42.84
45.36 39.88 43.14 41.96 38.71
33.43 39.35 33.96 35.77 41.06
38.39 36.03 36.46 35.58 31.91
37.21 34.08 39.15 34.26 36.56
41.62 31.66 32.44 39.24 32.31
38.13 34.03 34.84 32.7 32.92
33.59 30.85 35.48 31.03 32.74
35.8 34.57 41.09 31.56 30.56
36.07 32.16 34.76 36.09 32.41
36.78 31.82 38.27 33.02 39.59
34.09 31.45 35.9 35.95 36.87
37.59 36.26 31.93 35.28 28.51
33.96 34.25 33.86 33.83 33.19
35.91 32.43 31.22 41.78 36.09
41.69 35.94 36.24 38.22 40.55
40.92 34.71 44.79 34.83 32.46
36.73 36.1 35.01 32.35 41.41
32.28 32.17 38.16 29.24 37.59
28.34 39.27 32.22 28.54 40.72
32.34 33.18 29.38 33.76 30.67
32.24 28.06 32.94 30.45 35.39
30.29 34.28 34.67 29.41 33.61
40.74 32.27 35.01 35.11 34.21
37.82 33.08 30.9 32.12 37.27
35.96 37.16 32.87 33.31 34.42
31.99 30.52 30.09 30.71 32.52
35.75 29.48 35.52 33.53 32.4
36.34 31.94 34.69 32.76 32.68
30.9 30.77 32.49 32.85 29.2
32.78 33.69 35.07 35.1 33.76
32.98 33.7 34.68 27.45 34.38
28.29 33.17 30.91 39.64 32.62
34.95 31.97 35.22 32.83 38.85
25.22 32.05 29.74 29.07 34.21
31.8 38.93 26.89 35.64 29.69
33.43 34.21 25.53 34.89 29.81
34.74 30.96 33.55 30.96 31.69
27.61 30.7 33.97 29.37 32.47
32.95 30.19 31.9 28.54 32.03
24.69 32.99 33.08 31.16 33.52
30.24 30.83 25.9 30.09 30.72
26.6 33.22 26.33 32.7 27.74
29.53 32.4 28.79 30.82 28.76
29.84 31.88 33.71 30.83 30.39
31.33 33.79 38.37 33.04 34.62
37.14 32.64 34.48 30.79 32.84
31.33 30.51 34.37 29.85 31.96
31.61 30.87 30.21 34.71 30.71
28.24 32.74 28.57 28.19 32.25
31.79 36.36 24.72 29.36 35.07
27.87 36.39 24.04 32.18 28.52
29.02 32.12 30.84 33.03 31.48
30.48 30.75 29.52 28.67 33.08
26.03 30.35 32.94 26.38 29.69
25.75 30.41 28.59 33.78 29.73
29.14 30.94 28.36 31.09 31.35
27.89 29.34 28.47 30.29 30.03
34.94 36.76 30.24 35.41 32.19
31.56 31.02 32.01 31.83 34.56
34.55 34.86 37.25 35.26 33.6
34.63 33.58 31.79 30.26 34.79
29.45 31.26 33.18 29.73 33.71
32 34.87 31.91 39.55 37.06
31.7 34.68 27.94 35.57 28.69
31.02 37.73 26.43 36.91 31.79
30.32 40.78 27.43 34.29 30.65
31.31 34.73 31.77 28.64 30.43
33.71 28.09 30.94 35.64 33.74
27.14 32.86 28.6 35.26 29.24
26.78 34.48 28.8 35.33 28.65
27.48 30.92 28.23 31.96 33.7
29.7 28.22 26.23 28.73 30.22
30.53 30.73 29.93 32.32 30.93
33.35 33.36 33.57 32.41 31.48
32.8 30.89 34.77 35.17 34.18
33.93 33.06 33 37.87 34.68
35.5 35.74 37.35 37.2 40.69
36.71 38.41 37.52 39.47 38.44
37.67 37.39 36.31 35.76 35.27
38.26 32.61 30.41 33.5 35.34
29.27 29.73 34.03 27.49 32.27
34.59 28.01 40.54 34.28 26.21
33.96 26.56 32.04 29.77 28.7
34.94 27.38 37.07 33.17 28.86
36.48 28.6 38.64 34.32 33.72
34.17 35.71 35.4 31.7 35.84
31.25 30.27 33.05 28.44 29.03
33.88 27.16 28.84 34.66 28.33
33.87 29.12 36.21 35.08 32.49
32.4 29.6 31.53 33.7 27.37
28.09 27.77 29.97 28.5 33.03
34.44 30.17 32.68 29.65 30.06
29.41 32.33 32.4 33.17 34.85
34.71 37.3 34.84 34.82 34.98
33.64 32.71 35.04 33.61 28.27
33.49 30.58 34.96 30.18 34.52
32.37 28.67 35.32 31.21 28.99
33.93 31.31 27.61 32.7 37.43
34.08 24.14 31.31 27.96 40.89
33.89 34.19 33.93 29.58 31.14
35.24 34.46 40.76 33.76 28.52
31.3 36.04 26.5 28.99 34.78
28.86 34.59 34.03 23.27 34.43
29.5 29.41 31.59 35.23 27.8
29.44 26.76 28.51 31.29 28.86
25.97 25.71 27.25 28.6 33.84
36.71 30.09 33.25 30.92 35.39
36.12 37.17 34.63 33.43 38.24
31.69 39.11 40.39 34.43 39.67
35.76 35.81 40.03 37.72 34.52
38.56 34.21 43.73 40.41 40.79
42.25 38.89 45.95 40.3 43.29
45.29 38.75 39.58 37.81 41.38
38.63 35.29 38.32 36.21 38.29
32.46 37.46 34.33 32.91 39.17
34.2 41.07 35.33 31.9 34.23
32.95 35.81 35.33 32.38 35.34
30.66 39.15 33.22 34.23 30.72
29.6 34.01 30.7 33.41 33.42
36.7 35.74 33.25 34.21 35.46
32.63 32.94 32.49 31.49 30.74
32.02 28.97 30.72 29.89 29.51
30.28 31.21 34.66 34.42 32.67
29.71 33.6 31.72 29.17 28.69
26.11 29.53 27.37 27.82 29.16
27.22 29.85 28.26 30.56 29.65
25.5 23.76 23.56 27.49 25
29.16 27.92 30.01 30.28 30.78
32.89 26.92 27.4 24.98 26.24
26.27 27.1 25.53 25.85 28.86
26.52 28.67 27.56 24.69 26.14
25.25 29.93 31.04 30.6 37.87
30.84
