57.2 66.37 73.73 75.33 75.8
78.52 78.74 79.59 76.54 76
74.95 69.53 66.61 61.76 57.88
62.2 45.65 50.49 47.14 56.77
55.32 49.72 60.84 61.3 63.28
77.17 81.69 82.62 85.17 86.41
89.41 90.5 87.44 89.96 92.46
91.01 90.04 90.59 89.63 88.19
86.41 86.52 85.03 84.47 79.84
75.43 75.78 63.83 73.56 68.88
78.1 83.7 87.3 88.47 88.1
91.58 89.21 90.98 89.18 90.9
88.78 88.53 91.51 90.84 89.81
91.22 90.01 89.58 90.42 89.42
91.24 92.63 91.96 92.56 91.95
92.99 94.8 93.31 92.28 93.75
94.79 93.55 93.34 93.65 93.88
91.6 90.99 91.13 89.34 85.33
84.85 84.69 80.64 78.8 78.88
76.31 67.34 67.45 68.93 67.18
74.04 72.66 71.79 72.06 74.58
75.63 77.82 71.59 76.32 74.11
70.23 60.32 59.66 56.44 53.04
52.39 52.15 50.69 42.45 41.82
45.07 41.36 33.93 40.13 33.5
45.09 41.81 35.93 47.48 40.48
43.56 46.72 43.49 42.79 41.75
47.76 41.5 40.32 42.37 40.11
50.72 40.79 45.66 45.51 43.71
47.99 42.81 40.87 39.49 38.42
41.43 31.15 33.25 34.64 41.58
36.26 39.76 45.04 33.98 39.12
40.28 40.8 44.19 43.61 45.88
40.49 38.41 42.2 34.21 42.11
35.65 36.37 33.82 35.26 35.76
35.29 39.9 40.89 39.08 40.38
43.33 40.64 51.24 40.73 42.26
51.14 36.42 44.71 42.1 43.24
33.97 44.98 41.02 34.45 46.42
32.03 42.94 38.92 39.04 40.56
45.07 38.27 42.29 41.44 35.42
39.29 38.9 37.92 35.1 36.53
44.01 41.14 50.69 40.41 41.22
35.98 43.26 36 39.06 43.85
36.54 33.99 37.75 36.71 36.35
44.51 41.48 38.2 40.8 39.24
43.16 45.71 46.85 45.28 44.1
44.76 44.17 43.79 41.39 42.25
41.23 41.39 38.99 44.41 55.89
44.13 46.51 44.62 40.42 43.14
35.12 43.07 35.66 43.61 40.32
45.75 39.7 43.16 45.16 37.96
43.52 37.03 49.94 42.4 48.9
45.48 40.37 47.06 38.86 43.06
43 44.72 38.53 37.06 44.36
40.25 55.03 44.58 50.58 44.99
52.39 50.8 54.15 49.31 46.62
44.62 39.78 41.84 41.2 45.36
45.67 33.32 39.37 38.14 35.87
38.03 33.93 32.61 30.26 33.4
38.47 35.57 32.76 34.81 36.13
34.92 33.67 36.21 33.54 36.46
37.16 34.83 42.29 36.06 33.58
36.29 40.16 39.83 33.55 39.09
46.47 52.02 54.63 53.46 56.03
63.06 68.09 71.03 75.44 78.43
82.33 80.57 80.98 89.95 89.63
84.14 90.91 92.08 90.78 93.35
94.98 87.82 92.43 96.49 96.45
94.57 95.64 95.29 92.16 93.06
90.97 88.28 83.75 83.64 77.71
77.77 69.45 61.63 54.13 55.97
49.93 51.8 51.44 50.67 47.65
51.15 48.05 47.64 53.91 58.85
50.5 52.88 61.68 60.16 47.88
50.18 54.22 51.5 46.76 49.26
51.01 47.69 43.56 53.75 39.05
46.22 43.38 52.58 48.91 48.99
52.18 48.34 43.65 49.81 57.05
51.18 37.8 38.79 53.14 44.93
42.76 41.97 46.74 45.24 44.4
40.24 43.19 45.44 45.27 46.59
41.46 42.24 42.12 40.89 60.72
47.74 48.24 54.34 51.32 54.72
59.98 51.58 50.43 53.01 60.22
60.39 67.18 78.73 78.79 83.19
85.93 87.65 89.07 90.83 90.26
91.25 95.9 94.37 95.44 95.53
95.46 96.12 96.5 97.51 96.05
96.65 96.87 96 96.27 95.67
96.26 94.85 93.87 94.11 92.07
87.96 63.83
