47.34 46.94 45.89 59.9 54.49
64.15 52.12 55.11 54.07 48.35
57.83 50.25 58.21 61.01 52.9
60.02 58.06 59.25 58.23 59.61
63.5 55.82 58.89 54.64 55.47
55.01 57.75 56.16 57.82 56.42
60.69 60.07 59.75 67.49 74.86
87.99 89.48 90.49 93.37 94.63
93.82 91.33 93.62 94.87 95.2
94.94 94.56 95.78 95.07 94.68
95.11 95.26 94.97 94.41 95.05
95.42 95.21 93.61 93.24 94.39
92.89 94.36 93.75 95.53 94.89
94.04 93.35 86.62 81.81 90.19
93.5 95.61 97.17 96.4 97.03
97.04 97.83 97.69 96.88 97.34
96.29 96.62 96.02 95.9 97.48
98.02 98.15 98.51 98.17 97.99
97.66 96.69 95.87 94.61 93.29
95.3 95.75 96.71 97.1 98.03
98.25 98.72 98.66 98.64 98.64
98.59 98.13 97.37 97.18 97.82
98.56 98.51 98.3 98.3 97.69
97.28 97.95 97.77 98.38 98.55
98.11 98.17 96.73 95.57 92.2
85.61 83.03 70.75 62.57
