50.49 43.31 40.63 47.66 52.69
47.06 55.02 45.29 43.01 43.02
41.76 47.86 46.3 45.51 47.7
46.1 47.33 48.67 47.06 46.57
45.54 44.89 46.6 54.41 61.92
74.09 85.94 91.94 91.7 94.73
94.58 94.37 91.49 91.98 93.43
94.34 94.03 95.31 96.14 95.65
95.8 97.17 96.83 96.93 97.67
97.54 96.78 97.35 97.9 97.52
96.94 97.28 97.27 95.71 96.21
93.51 93.21 95.23 93.78 95.63
94.95 96.21 95.97 95.26 95.08
90.89 92.22 89.19 88.88 89.37
92.55 91.4 93.68 91.8 91.61
88.45 89.74 89.53 90.98 94.88
94.63 92.53 93.76 95.59 95.51
96.16 95.2 95.07 94.87 94.91
96.66 96.45 95.39 94.94 96.06
95.89 94.7 94.16 93.63 93.62
93.97 91.98 91.17 91.22 91.86
88.89 82.31 84.92 86.23 78.48
88.21 91.8 93.54 95.75 97.3
97.42 97.35 97.64 98.19 97.75
97.49 97.68 97.48 96.26 95.9
95.09 94.41 93.42 91.1 91.29
88.5 77.31 72.71 80.18 89.46
94.46 94.67 96.03 96.5 96.31
97 96.83 97.17 97.61 97.52
97 98 97.87 97.25 97.77
98.01 97.08 97.26 97.28 96.99
95.98 96.82 94.43 96.32 94.65
94.95 91.67 88.35 90.54 89.61
92.2 92.22 92.65 94.96 93.83
94.54 95.44 95.4 93.32 92.22
92.94 91.72 90.57 93.04 94.23
93.91 94.18 94.52 95.11 94.27
93.66 93.45 92.6 90.98 90.02
89.34 86.42 84.1 82.4 79.81
71.91 74.01 76.84 83.79 79.9
85 82.48 84.72 83.95 83.9
89.67 92.64 92.96 93.08 90.46
90.93 86.48 84.91 76.95 76.23
78.46 85.55 85.96 89.82 88.88
92.73 93.59 95.73 95.92 94.49
93.73 94.46 95.63 93.36 92.12
86.38 80.73 80.61 74.82 86.41
86.56 92.99 90.88 94.25 90.74
92.19 94.95 97.14 96.96 96.62
96.07 94.35 93.74 92.42 93.81
94.25 93.26 90.54 89 88.49
86.75 88.59 91.33 92.38 92.2
91.83 91.78 92.59 91.69 91.13
92.48 92.27 91.34 93.24 95.8
96.5 96.7 97.09 97.06 95.64
94.94 95.04 95.32 93.76 92.28
92.75 93.88 94.56 93.04 91.58
94.31 93.71 92.69 91.43 91.44
92.5 91.54 88.6 87.98 89.77
94.15 95.77 96.64 97.25 96.92
96.91 95.54 93 88.21 86.65
90.44 89.84 90.04 93.45 93.62
93.34 93.57 94.7 93.5 93.72
93.9 94.53 93.78 92.89 94.18
93.01 91.61 92.8 93.69 93.06
85.44 79.06 68.4 68.79 68.56
66.35 81.73 86.6 88.86 87.89
89.07 92.33 92.16 91.3 92.14
93.03 94.78 95.32 95.56 93.66
88.64 89.06 92.06 91.44 94.27
91.42 92.49 87.85 90.66 93.27
90.26 91.87 87.38 84.35 88.42
90.03 89.41 92.1 89.29 93.6
92.86 91.5 90.72 94.46 93.28
90.96 92.35 93.48 92.45 89.36
92.74 91.58 87.54 87.52 90.79
86.67 84.44 84.98 79.55 82.64
87.43 83.42 79.34 86.02 89.6
81.76 80.77 88.62 86.11 79.68
80.69 84.05 75.96 69.5 69.14
76.08 85.99 85.2 89.35 89.18
91.61 91.49 91.63 93.86 91.91
88.08 90.15 90.99 91.41 87.42
91.68 91.98 89.46 88.54 90.54
92.15 88.45 89.29 92.9 90.73
88.91 92.65 93.1 88.79 91.77
94.32 92.21 89.15 93.02 95.31
96.63 97.03 96.89 96.21 94.6
96.09 97.21 97.37 97.66 97.3
96.44 96.89 96.2 95.38 95.08
95.6 93.02 92.87 94.69 94.93
95.99 96.52 94.97 94.68 95.34
96.05 96.12 95.81 96.42 97.17
96.27 97.05 97.95 97.07 96.54
97.96 97.94 97.95 97.99 97.85
97.79 97.62 97.66 97.4 97.33
97.27 97.08 96.03 95.74 96.15
95.42 95.05 95.17 96.3 96.59
97.01 96.53 96.38 96.18 94.86
95.39 95.03 94.54 93.55 94.5
96.89 96.86 97.63 96.97 96.39
94.3 95.06 95.14 95.85 96.97
96.92 96.84 95.27 91.65 93.14
93.61 92.35 95.26 95.33 96.67
96.51 97.47 96.34 96.27 97.39
97.01 97.05 97.39 97.98 97.58
97.02 97.49 97.6 96.29 95.29
95.74 95.2 95.2 94.2 94.86
94.71 93.8 93.32 95.35 95.02
95 93.33 90.6 85.43 77.39
72.53 61.92 55.05 43.55 43.08
43.17 36.82 42.51 37.03 41.76
42.02 41.22 39.98 42.52 43.53
47.92 48.43 47.47 41.7 49.65
53.11 45.28 50.76
