47.11 44.79 35.15 37.1 39.77
40.49 36.02 40.5 38.11 42.34
44.02 42.49 34.4 28.21 32.51
31.43 48.73 40.31 38.56 42.76
42.41 42.22 42.41 41.48 41.55
38.1 37.3 56.83 46.91 37.48
46.37 41.95 44.79 38.75 38.14
40.62 34.72 38.36 31.93 40.32
32.1 37.6 38.86 35.2 42.7
42.45 43.55 38.87 39.24 37.51
42.94 35.18 43.71 37.53 41.03
38.11 38.25 36.62 41.52 35.35
38.61 37.55 35.55 37.71 38.06
36.54 33.99 34.13 37.24 36.69
37.05 38.53 37.86 37.04 43.93
46.47 43.73 34.02 44.15 40.8
40.54 44.31 53.87 50.22 65.56
77.24 72.61 74.22 77.04 79.41
78.02 80.31 81.58 83.44 87.61
86.42 87.82 89.47 88.82 87.69
87.18 87.4 90.31 86.51 90.15
84.49 85.24 85.39 78.07 74.58
72.74 72.5 66.83 62.08 56.27
53.61 47.69 47.9 39.32 30.82
30.12 33.28 42.94 40.43 34.41
36.18 37.83 36.26 34.88 36.62
33.95 35.31 47.14 47.66 42.33
36.39 45.99 41.16 38.85 39.71
42.59 36.71 38.1 32.29 28.65
27.66 27.49 31.72 36.21 40.52
41 42.93 36.97 34.11 32.26
34 35.78 34.91 34.74 31.54
30.41 30.07 30.22 33.53 35.52
41.6 43.39 37.14 41.33 35.6
32.21 34.12 32.64 37.76 30.6
32.41 30.9 27.86 28.91 29.24
28.78 28.98 29.43 32.07 29.71
30.48 47.1 34.05 36.28 38.79
35.72 35.58 31.17 36.69 35.34
42.86 38.64 39.37 35.37 35.1
50.3 39.08 39.14 37.14 31.43
27.93 31.48 42.74 32.07 38.29
37.04 39.97 39.52 33.17 38.31
37.85 39.89 44 39.46 41.9
47.9 51.03 31.92 30.82 35.46
28.74 30.96 29.54 26.15 28
29.33 29.12 32.87 34.13 33.93
33.69 40.47 31.19 31.55 40.77
41.1 45.96 45.99 35.59 35.88
39.43 47.52 48.51 43.35 35.35
34.55 40.13 39.09 31.23 32.08
44.46 43.82 34.8 44.54 30.92
32.3 33.93 34.83 29.41 27.9
33.32 38.72 28.23 37.99 35.19
32.38 31.24 36.51 36.4 36.44
35.05 35.23 31.08 34.39 30.54
30.54 38.17 40.57 29.19 38.73
41.8 37.67 46.44 34.6 43.63
50.04 39.78 37.88 48.29 43.68
42.55 46.19 43.05 43.28 41.67
38.02 42.33 36.16 29.57 36.99
35.84 37.51 37.6 33.57 35.66
35.37 41.41 44.7 42.54 40.67
38.58 29.04 30.94 35.31 40.43
32.22 28.79 29.09 40.7 38.08
31.45 34.5 37.2 40.55 46.16
37.09 37.26 34.97 33.93 29.56
33.21 33.66 48.54 34.62 33.46
41.39 39.21 28.31 20.05 23.53
27.21 31.32 28.9 37.8 39.14
43.87 45.8 38.34 42.28 35.33
32.75 38.66 34.73 35.15 35.73
31.12 34.35 28.15 30.25 29.61
31.79 27.84 30.72 32.17 35.88
35.36 31.02 29.69 27.56 36.42
39.98 31.82 39.02 33.34 32.28
30.83 36.12 48.75 42.51 33.03
34.57 34.06 34.13 35.12 35.11
36.88 32.14 36.34 38.06 36.44
44.32 47.39 38.35 39.3 48.21
49.78 41.23 37.84 42.77 28.85
37.25 35.42 26.63 30.7 28.84
35.33 31.97 33.37 32.74 34.4
24.08 26.93 29.18 25.99 24.89
30.56 28.66 36.02 44.38 38.34
47.49 35.75 44.53 38.9 39.95
38.02 42.99 42.66 37.69 37.99
30.41 28.04 24.19 25.21 18.73
24.52 25.05 27.86 30.87 33.19
34.37 30.47 28.82 29.99 36.55
41.17 37.71 41.09 34.46 36.51
38.92 41.74 40.27 39.69 35.19
38.03 37.53 40.41 32.62 35.32
29.13 29.81 34.03 31.37 38.71
31.07 36.42 36.82 33.78 39.62
33.65 40.77 34.09 39.02 36.13
36.36 42.25 33.58 32.77 34.2
31.38 32.81 43.54 28.63 25.23
34.52 41.3 47.3 47.74 54.37
54.03 56.96 47.45 52.92 43.35
50.62 39.93 34.55 31.45 29.18
28 28.92 27.19 27.39 27.69
38.93 34.52 32.56 34.46 34.94
29.08 31.85 29.63 33.66 31.85
33.03 31.65 29.2 40.48 26.52
26.97 30.29 28.04 27.65 32.04
30.68 28.64 31.81 30.9 28.79
28.32 29.67 29.05 32.93 28.4
32.58 30.71 35.85 36.45 36.45
34.29 42.23 30.78 35.08 31.83
33.31 30.07 34.46 31.56 33.74
34.06 33.48 34.57 39.51 39.99
43.14 31.68 38.13 39.31 39.55
36.94 38.29 41.17 37.96 41.65
49.97 47.82 38.72 39.94 41.15
39.7 41.43 47.11 44.88 46.82
36.64 33.42 37.7 40.36 33.76
36.05 37.58 34.01 39.18 35.26
39.35 37.4 37.96 51.24 36.94
37.34 39.35 45.66 44.05 35.98
38.68 38.49 35.97 34.04 37.09
34.86 34.32 29.72 35.31 28.66
38.41 34.57 32.81 36.42 32.84
37.6 41.13 40.02 34.4 34.47
32.08 29.12 37.86 35.5 31.54
32.77 31.76 34.65 29.64 42.17
31.62 35.81 31.19 32.66 34.81
34.71 30.49 31.57 33.67 34.65
33.34 32.22 34.55 36.75 39.72
29.95 41.75 38.71 42.79 38.78
35.99 42.73 38.52 34.36 40.14
35.95 44.97 33.23 32.82 40.71
37.12 45.31 34.89 46.66 47.38
48.48 45.05 39.85 40.94 45.47
36.59 46.24 44.51 41.88 47.83
48.48 40.13 36.95 46.22 37.44
35.67 31.96 35.12 31.87 31.79
36.29 33.73 31.87 36.49 32.68
35.4 35.05 41.95 41.65 45.77
46.27 45.72 39.05 37.95 36.77
44.11 46.71 41.17 50.32 50.29
36.96 42.29 43.94 42.87 41.66
43.03 45.63 45.08 44.74 36.03
36.24 38.9 38.24 33.2 38.94
34.25 49.1 39.08 47.38 49.99
56.23 57.52 54.81 57.36 57.44
54.07 59.64 57.03 49.38 47.02
45.89 37.9 36.12 45.8 43.62
42.69 43.47 44.23 43.16 42
39.83 41.51 35.24 32.18 38.12
36.21 34.83 38.55 38.14 42.02
38.6 48.8 31.34 32.22 36.65
29.66 33.72 26.21 33.07 27.53
27.5 26.54 27.84 31.21 31.46
31.03 34.73 32.46 31.08 29.23
34 29.26 27.73 29.8 29.69
30.44 30.67 31.64 31.33 30.68
28.02 31.78 31.58 37.42 32.5
35.61 35.82 40.84 41.31 39.22
39.1 48.52 38.2 44.55 47.55
41.28 48.04 55.41 57.07 52.57
51.14 54.22 52.9 41.07 50.32
52.62 44.41 41.03 45.47 35.84
41.2 41.63 40.28 39 31.31
36.3 29.18 31.36 33.8 36.31
39.91 42.2 43.29 43.57 40.35
43.79 40.03 37.06 37.36 48.37
36.13 40.67 40.61 41.61 49.37
40.66 39.84 35.02 36.05 34.89
37.96 34.62 35.48 39 32.45
34.99 37.68 37.17 35.24 37.48
37.96 44.55 44.43 42.92 47.43
41.96 40.6 38.57 46.55 43.64
53.43 39.75 35.99 34.57 37.01
36.1 37.72 45.05 35.3 43.27
40.25 39.39 48.89 55.18 48.49
42.45 40.44 41.71 35.19 40.08
34.22 43.5 37.43 41.94 36.94
38.84 38.3 31.68 29.84 31.05
30.23 34.98 33.13 36.34 42.96
44.74 42.89 44.78 48.94 48.71
41.14 40.76 37.08 39.96 37.53
39.23 44.99 34.56 46.16 35.08
36.55 33.69 38.46 33.44 30.34
31.16 30.47 32.82 33.36 31.12
34.89 37.53 37.35 33.09 37.45
37.51 38.79 35.26 29.13 26.72
23.97 26.17 24.54 33.22 35.64
40.25 37.94 38.6 33.33 45.05
35.91 37.13 40.34 40.51 33.96
42.2 33.9 35.93 32.58 29.58
25.36 29.8 38.19 38.28 37.53
35 30.37 29.52 31.24 32.37
35.59 30.49 32.11 30.91 31.37
33.02 33.29 35.11 34.55 30.5
36.26 37.03 36.58 38.77 33.08
30.26 27.06 36.01 29.29 33.68
29.06 33.65 24.45 32.52 27.72
38.98 29.52 29.02 29.24 29.81
31.86 40.21 27.45 24.23 26.58
28.6 31.92 31.29 27.97 29.32
29.64 43.48 30.42 32.85 32.61
32.53 30.52 30.26 33.06 32.15
34.01 33.11 36.37 34.17 30.99
30.28 37.23 41.24 39.36 39.47
40.92 34.49 33.05 34.06 38.6
25.82 27.14 28.36 27.02 30.22
30.61 33.66 32.78 33.17 30.62
31.27 32.75 32.47 38.3 34.78
32.71 32.66 32.1 34.33 36.56
36.63 40.63 31.96 38.33 36.85
30.71 32.05 31.74 34.75 31.35
30.12 32.61 32.45 32.77 31.07
29.79 30.98 30.1 30.19 35.21
28.28 29.66 28.31 31.78 31.37
34.49 30.14 28.17 25.02 29.85
25.7 25.45 25.37 39 36.37
25.16 26.38 29.16 34.31 34.37
33.79 34.9 39.5 32.96 29.36
31.12 29.25 28.56 29.23 29.01
27.38 34.2 30.66 33.14 31.27
37.05 36.62 38 45.33 41.16
42.57 41.32 38.22 33.66 37.99
43.85 43.07 36.85 47.03 39.5
45.15 35.87 40.03 36.65 38.73
47.13 33.8 32.33 33.79 39.11
34.18 33.85 32.15 31.57 30.5
29.43 35.89 30.12 29.88 34.05
27.11 30.57 29.68 28.99 31.28
32.36 37 33.14 32.9 33.46
40.74 37.46 34.79 38.18 33.24
42.12 37.2 37.97 38.18 37.3
39.18 32.1 32.88 28.32 25.88
30.15 35.27 38.64 36.14 42.17
38.08 35.45 36.42 36.37 34.89
39.98 42.32 32.95 38.4 34.98
32.62 29.36 29.04 28.4 28.94
28.13 30.65 30.22 32.14 31.49
32.23 32.52 34.98 29.34 35.26
31.49 35.06 34.63 30.85 35.75
29.42 29.62 29.96 32.87 32.81
31.29 39.63 42.62 36.47 39.2
41.29 41.45 34.43 44.29 41.02
38.06 35.43 37.74 36.55 36.88
30.01 31.08 30.95 26.92 28.9
28.59 28.12 35.2 34.1 28.41
27.14 28.51 31.01 32.35 30.64
31.44 31.75 31.24 34.42 30.07
31.08 32.69 29.77 36.73 31
34.34 34.98 41.02 40.27 35.33
40.04 37.77 38.89 38.34 40.42
38.27 39.52 37.18 42.04 37.36
35.16 35.4 29.73 33.55 35.83
32.8 34.64 31.67 31.14 33.89
33 29.83 29.66 34.42 30.28
37.74 44.09 46.57 43.31 50.96
52.72 55.11 64.44 69.76 77.5
76.15 82.39 76.2 64.61 75.11
65.8 73.29 74.04 76.26 72.47
59.82 64.82 53.88 52.05 55.58
44.88 46.82 44.55 38.31 41.46
36.45 41.65 39.95 31.76 36.7
30.81 39.94 33.77 35.15 35.44
33.65 37.59 34.23 34.78 34.77
34.65 34.28 33.67 32.38 35.79
31.75 36.85 37.48 37.6 33.65
35.87 30.2 35.92 34.48 31.08
34.16 34.4 33.03 32.52 31.68
41.13 32.78 36.44 31.28 32.81
34.02 41.91 36.55 29.52 40.87
32.67 25.9 33.41 31.77 26.59
28.12 27.91 32.19 26.7 30.21
29.17 34.48 33.14 31.27 31.06
29.65 40.07 33.84 36.63 40.43
39.46 47.19 46.86 37.44 45.41
44.5 39.82 47.76 39.12 38.01
40.51 36.85 40.07 39.51 35.61
37.67 42.37 46.82 36.33 44.62
40.18 39.82 35.34 38.98 41.52
36.11 45 47.52 40.47 39.78
44.85 45.22 40.52 41.55 38.4
34.29 43.75 38.48 31.02 30.86
28.94 29.8 29.14 29.18 30.35
29.92 32.47 34.19 34.99 29.66
35.7 38.87 35.27 37.97 39.06
36.35 36.75 37.81 38.19 43
36.2 48.71 35.72 38.48 33.43
38.56 39.28 39.72 35.33 45.36
42.3 38.04 42.13 39.26 41.15
42.55 44.22 41.03 40.07 44.6
33.2 34.92 37.72 42.09 44.53
47.3 43.76 38.13 42.67 41.11
41.94 39.31 39.54 36.7 42.9
36.87 34.04 38.52 32.95 40.1
38.41 44 43.81 41.81 40.22
30.74 34.7 33.33 34.8 39.68
38.16 35.26 33.72 32.57 38.66
39.16 42.04 45.49 46.83 44.55
43.05 43.81 39.02 35.7 30.28
44.83 34.19 30.62 35.56 35.31
34.85 32.88 36.07 33.03 38.23
31.43 33.39 37.59 32.52 30.37
30.79 29.94 29.23 33.17 38.15
44.38 37.17 33.78 31.92 31.53
38.02 32.76 33.04 33.09 33.27
38.15 31.56 30.52 28.84 31.73
39.07 36.33 42.08 37.47 41.82
38.12 46.47 44.88 39.26 33.13
40.34 38.38 37.38 36.66 31.38
34.2 45.92 43.9 42.11 41.08
37.57 40.51 39.89 47.67 41.63
46.75 42.9 36.02 45.72 38.6
32.45 28.93 28.84 29.46 30.53
29.09 30.89 35.13 29.03 30.6
30.4 33.1 30.32 38.1 36.74
37.11 38.98 45.37 39.1 44.67
43.63 42.25 43.06 42.74 37.65
40.17 46.13 34.17 42.24 37.77
33.74 35.75 43.09 46.85 45.3
39.16 35.22 37.41 37.57 33.55
40.24 38.96 43.57 36.16 47.14
54.46 41.19 34.19 38.08 34.97
31.91 40.35 44.1 37.8 38.2
43.66 40.02 38.39 45.33 43.88
38.17 37.54 40.26 41.19 43.41
40.4 42.33 45.49 37.23 42.2
45.27 42.27 42.31 35.42 36.87
38.82 43.34 43.89 44.35 41.97
39.01 40.45 35.94 34.66 44.52
43.16 50.14 47.08 47.65 43.67
53.21 41.45 41.25 44.78 38.78
47.08 44.24 41.15 44.24 46.58
43.57 42.37 52.17 51.01 57.02
65.32 72.27 69.96 66.53 72.56
74.54 72.68 73.26 75.51 77.52
77.6 72.69 76.08 73.18 78.2
77.93 75.05 75.67 82.17 76.02
78.12 71.85 74.38 58.53 64.78
62.49 62.53 65.48 65.95 68.3
65.8 73.54 70.28 67.5 67.3
65.96 71.47 70.13 69.47 68.69
69.4 67.79 60.32 60.68 64.14
61.67 66.04 63.09 65.87 75.49
69.01 68.86 67.79 70.76 71.68
67.54 68.69 70.83 75 73.17
75.9 74.28 80.98 75.73 76.59
76.98 75.58 74.33 75.46 74.96
70.79 72.71 74.79 76.52 69.17
65.83 65.12 66.38 68.86 68.26
67.34 73.52 74.57 72.6 75.49
77.39 75.06 65.79 61.65 66.29
71.4 77.53 75.36 70.21 74.77
74.11 69.48 67.09 68.62 69.56
66.63 63.96 64.4 64.45 65.08
63.46 61.37 56.25 49.14 53.97
48.16 55 55.48 57.75 52.16
46.17 45.41 47.42 38.69 39.16
38.01 37 37.76 35.83 43.84
43.11 40.12 39.99 45.4 36.89
39.28 40.28 35.61 37.13 39.31
40.31 42.82 46.18 47.55 53.43
54.82 54.04 47.14 61.67 59.41
57.72 61.18 71.95 76.3 77.75
81.81 85 88.82 85.54 86.56
86.37 83.39 83.02 82.93 79.17
70.28 56.37
