49.81 52.28 53.49 53.65 53.96
53.25 50.95 50.37 50.16 50.14
44.09 44.25 46.17 49.12 45.84
37.27 41.03 43.14 30.83 35.11
30.39 34.47 28.88 36.1 48.51
64.85 80.25 85.23 89.36 91.01
91.1 89.92 89.49 92.51 91.22
91.83 90.98 93.03 92.18 94.58
93.68 94.98 95.87 93.25 95.22
95.82 93.38 92.19 93 94.39
93.87 94.16 89.53 91.93 94.02
94.43 95.8 95.04 95.93 96.35
96.15 97.07 96.95 96.95 95.95
96.27 97.1 95.96 96.36 97.18
96.21 95.35 96.82 97.06 97.3
97.61 97.51 97.86 97.55 96.54
97.56 97.34 96.28 95.9 95.73
96.83 95.08 95.71 96.93 96.68
96.29 96.8 93.93 94.92 95.05
94.4 95.3 96.96 96.6 97.91
97.59 97.56 98.01 98.4 98.17
98.14 98.39 98.48 98.34 98.39
98.51 97.95 98.19 98.41 98.14
97.88 97.91 98 97.68 98.25
97.84 96.76 96.84 97.36 97.02
96.1 94.93 95.22 95.07 96.79
95.25 96.65 97.32 96.35 97.28
97.22 97.36 98.06 97.17 97.41
97.53 97.45 96.73 97.52 97.61
97.26 96.54 97.3 95.44 97.05
95.74 94.96 93.65 95.93 95.37
95.93 95.81 96.05 97.27 97.56
96.62 95.34 95.58 95.97 94.8
96.77 97.35 96.6 93.86
