62.08 72.11 76.46 81.97 80.7
82.22 84.49 84.24 84.21 84.83
84.08 81.39 82.33 81.17 79.67
78.27 76.62 73.02 69.03 67.02
63.45 60.34 60.69 62.74 59.89
55.95 56.95 59.83 59.66 60
65.67 78.34 86.76 95.59 97.04
96.13 97.4 98.23 97.84 97.66
96.57 97.53 96.79 97.23 96.48
96.6 97.2 98.03 97.48 97.33
97.24 96.4 96.04 96.15 93.18
92.83 92.76 94.28 94.69 95.52
97.07 98.06 97.87 98.18 98.23
97.75 97.69 97.43 97.32 95.15
97.08 97.23 97.78 98.34 98.44
98.42 98.07 97.69 98.2 97.93
98.23 98.46 98.21 97.78 98.09
98.04 97.47 96.54 96.81 94.97
92.16 75.33
