37.61 50.51 45.38 51.7 44.97
45.07 34.87 49.67 42.24 43.96
42.21 44.79 40.78 41.13 39.94
33.78 33.11 31.21 36.04 33.29
31.1 31.1 30.96 30.81 29.13
29.52 27.66 26.73 27.63 26.53
27.06 31.39 28.99 28.17 30.09
30.42 30.08 30.29 31.94 36.28
49.54 57.33 66.69 76.53 78.91
77.88 79.06 80.35 77.54 72.24
74.62 69.77 68.96 73.94 75.13
80.39 81.39 79.4 79.32 74.73
75.42 74.28 70.07 67.57 63.76
62.35 55.68 43.67 47.24 54.51
51.02 50.94 59.41 57.16 57.49
56.89 56.92 52.66 49.96 46.9
41.3 34.95 29.51 31.85 30.75
29.68 34.03 34.35 32.93 32.67
29.89 31.52 33.15 30.69 33.74
28.14 29.98 30.63 30.29 33.5
32.27 32.64 37.9 35.71 37.4
30.45 32.45 28.51 25.46 28.33
24.88 26.91 27.3 28.02 29.31
28.77 34.35 36.44 40.92 50.49
57.72 63.45 70.06 73.49 79.58
81.89 84.61 87.84 91.5 92.77
90.25 87.51 90.81 92.71 95
94.66 94.04 91.46 88.12 81.58
72.73 76.79 82.41 82.95 75.28
80.6 88.35 87.05 85.87 90.43
92.4 90.86 91.48 94.57 94.67
92.82 94.63 95.6 94.45 93.73
93.46 93.96 92.63 94.11 93.81
94.22 90.98 87.76 88.24 84.23
84.73 87.87 86.93 90.78 93.31
94.39 92.78 92.31 89.71 85.62
81.19 78.42 79.86 84.23 88.59
89.42 91.64 90.83 90.35 92
92.3 87.28 81.38 76.84 84.67
89.31 90.49 89.84 92.47 91.23
89.38 82.61 82.94 82.53 86.96
83.81 90.82 92.72 92.68 92.39
94.32 95.9 94.74 94.73 95.87
95.53 94.02 94.97 94.57 92.44
92.32 89.61 90.77 91.94 89.62
88.5 87.31 86.02 88.36 90.15
91.27 90.67 91.33 92.94 92.81
93.2 92.77 90.25 91.83 93.16
90 88.26 85.24 80.62 84.12
81.38 78.59 80.68 87.27 84.93
85.67 79.2 74.45 72.13 70.01
69.21 73.24 77.53 75.08 81.62
79.6 87.29 89.17 90.16 91.47
91.8 91.74 94.16 93.87 93.08
93.99 91.63 90.87 91.49 89.93
88.25 88.58 89.64 88.33 84.64
81.65 86.47 90.28 91.92 93.12
93.48 92.55 92.81 90.53 86.04
80.74 72.48 76.58 74.3 80.97
81.5 86.2 87.62 91.49 88.93
92.28 90.03 91.43 93.15 94.32
94.43 92.6 91.82 94.08 93.89
92.68 92.26 93.19 92.36 91.65
92.05 92.17 91.3 92.13 90.23
86.01 90.75 90.81 92.72 94.31
94.33 91.39 89.41 87.45 92.73
93.6 95.25 95.48 95.19 93.13
91.13 88.93 90.12 91.57 87.81
85.99 88.64 86.94 85.23 84.92
89.08 91.91 94.03 95.15 95.63
94.99 95.11 92.67 90.52 86.28
81.66 77.54 88.07 91.24 93.74
94.99 96.55 96.57 96.03 94.63
95.48 94.5 93.82 92.11 90.42
89.16 88.69 87.36 86.22 90.8
86.86 89.02 92.9 94.16 95.18
95.37 96.88 96.85 94 91.97
88.55 87.02 87.7 88.53 91.45
95.04 94.56 93.9 92.79 94.9
94.88 93.02 92.02 91.33 92.59
94.01 93.79 94.31 94.36 94.76
92.43 93.38 89.9 87.93 89.77
92.8 95.33 95.33 96.24 95.28
94.87 93.17 91.49 86.82 77.78
78.13 72.59 76.93 84.36 90.91
93.01 94.99 96.25 96.52 97.17
96.03 93.94 91.46 90.05 89
86.56 87.43 89.65 88.72 90.7
87.84 90.56 88.95 86.37 87.33
90.97 91.14 92.17 89.52 86.96
86.95 85.17 84.29 89 90.27
88.23 91.05 91.42 90.03 93.66
93.68 94.71 93.79 94.28 93.6
94.41 93.77 93.95 90.53 86.14
90.72 92.48 93.54 93.86 93.66
91.19 90.24 84.63 87.86 91.78
91.46 93.82 94.54 92.37 92
87.54 90.08 91.98 90.89 91.83
96.36 96.09 96.32 96.03 96.76
96.93 94.5 93.54 90.6 91.96
90.2 92.01 93.86 94.59 94.33
93.93 93.2 95.19 96.09 95
92.84 89.34 88.94 88.11 91.78
91.02 89.03 92.26 91.32 93.25
91.67 92.55 93.83 95.21 95.38
95.92 95.17 95.99 95.95 95.93
94.78 93.32 91.82 90.42 86.91
89.3 91.07 87.95 91.23 92.54
90.49 91.56 90.17 92.7 91.7
91.8 90.35 87.67 84.45 86.2
86.83 85.17 83.6 84.42 86.13
81.52 79.31 84.44 88.32 86.33
85.54 85.6 89.77 86.65 82.89
81.7 80.2 76.84 82.28 85.62
87.78 88.05 84.04 81.96 80.03
66.62 70.35 77.04 70.06 78.41
79.67 78.81 85.54 81.88 84.44
85.43 82.18 79.14 69.09 70.96
80.9 83.12 84.68 86.69 87.85
87.47 87.22 86.5 89.54 91.14
92.07 92.53 92.71 91.41 87.37
83.24 84.74 85.67 85.7 87.08
90.68 86.89 85.29 84.17 86.34
88.53 89.19 91.04 92.1 91.84
92.73 92.26 88.45 86.32 80.29
77.04 85.68 87.62 90.54 91.59
93.65 93.89 94.6 92.64 95
94.68 93.02 91.01 89.94 76.84
78.2 73.54 81.49 85.42 82.57
86.83 92.52 94.03 95.39 94.81
95.83 95.2 90.24 88.2 86.81
84.89 81.35 84.01 86.71 88.23
91.32 90.09 90.65 92.8 94.56
93.12 90.98 89.67 89.04 90.85
92.02 90.67 91.47 92.03 89.34
90.53 85.38 85.72 89.3 92.3
93.29 94.22 94.39 93.64 94.17
91.87 90.95 89.07 85.15 80.64
82.03 85.84 89.73 90.95 92.33
94.54 94.85 94.92 94.36 93.84
90.89 86.84 82.53 79.33 74.76
80.76 80.9 73.39 72.76 76.56
78.57 75.33 80.7 85.1 83.31
81.83 82.37 82.85 80.49 68.53
67.48 69.07 69.51 74.8 80.04
83.39 84.49 80.68 75.03 73.09
60.29 58 68.26 65.81 69.91
74.95 76.3 81.89 78.18 79.87
81.25 74.91 67.92 57.87 51.64
60.2 72.24 81.2 81.25 86.2
86.5 85.35 85.03 84.1 90.61
89.09 90.66 90.85 91.9 90.82
86.63 85.05 83.05 85.46 85.68
87.03 89.43 86.58 86.78 86.28
84.1 89.7 90.03 92.05 92.87
92.39 92.62 90.32 86.74 84.95
82.01 81.12 90.07 92.02 92.63
94.38 94.69 95.88 94.25 92.15
92.45 93.3 94.17 93.73 93.66
89.42 89.48 83.54 87.06 88.87
88.01 90.29 94.27 94.37 94.8
94.48 96.07 96.32 93.1 91.17
87.96 89.36 88.73 90.2 91.05
93.67 93.47 92.74 91.68 93.94
94.66 93.54 92.4 91.27 91.25
91.2 91.28 93.49 93.58 93.98
92.83 92.67 90.19 88.71 89.5
91.64 94.23 94.89 94.52 94.07
94.43 93.25 92.41 91.54 88.75
85.23 84.12 89.67 92.66 90.7
92.31 93.62 94.12 93.96 95.38
93.64 93.57 91.33 90.57 91.25
88.69 87.47 89.07 89.56 90.04
88.58 89.11 85.91 86.95 89.86
89.73 90.6 91.17 91.65 90.95
90.73 86.67 84.08 83.8 74.97
74.72 82.09 88.76 89.18 89.66
91.36 91.05 89.81 93.54 93.45
94.26 94.03 94.28 93.43 93.22
91.81 89.03 83.64 82.64 88.45
89.12 91.87 91.58 92.06 90.96
90.24 87.99 86.82 91.85 90.28
91.7 93.05 90.68 90.34 85.87
87.7 89.02 89.51 91.29 94.61
94.62 94.29 93.99 93.94 95.04
92.35 92.37 91.22 90.79 89.24
91.21 89.92 91.71 91.89 89.72
90.09 92.84 93.93 92.67 89.98
84.26 77.48 76.83 63.68 75.51
82.53 87.33 88.21 89.42 85.87
86.67 91.03 92.68 93.96 95
94.44 95.01 95.1 95.61 94.67
93.08 90.44 86.8 84.07 88.68
89.61 87.98 90.58 91.29 91.03
91 91.72 92.89 92.84 91.73
86.01 80.57 71.33 53.46 52.32
49.41 42.54 44.38 40.78 36.97
32.62
