44.53 46.72 46.36 54 50.15
47.17 51.81 47.89 49.56 47.67
48.62 49.16 45.46 47.72 43.34
50.61 41.45 41.51 45.82 49.38
49.7 49.69 44.22 49.98 48.73
50.49 48.23 48.07 46.78 42.3
36.49 37.18 36.63 36.96 42.82
55.65 71.29 88.68 94.2 95.62
97.99 98.27 98.35 98.61 98.62
98.65 98.48 98.52 98.03 97.26
98.16 98.12 98.64 98.83 98.88
98.86 98.76 98.5 97.9 97.36
95.38 93.39 94.02 95.44 97.47
98.24 98.3 98.69 98.56 98.69
98.38 98.07 94.95 93.47 95.61
96.95 97.95 98.12 98.05 98.52
98.16 97.75 96.75 98.03 97.91
98.36 98.65 98.73 98.79 98.66
98.68 98.14 96.53 97.32 97.52
96.91 95.43 96.61 97.52 97.12
97.93 98.45 98.66 98.5 98.74
98.51 98.68 97.78 96.97 95.82
94.24 92.73 90.15 89.32 89.99
86.79 84.14 79.01 74.31 71.02
79.59 79.6 84.61 91.77 94.08
96.48 98.12 98.33 98.42 98.22
98.23 98.5 98.43 98.21 98.03
98.14 98.28 98.29 98.32 97.98
96.86 97.99 98.15 97.87 97.81
96.85 95.35 94.34 93.15 91.38
90.21 90.73 94.08 95.29 95.97
97.04 97.78 98.03 98.31 97.81
95.76 93.1 94.56 94.87 91.95
94.3 92.19 91.04 89.11 85.26
92.77 94.52 96.51 96.75 96.62
97.22 96.75 97.31 97.32 96.8
96.96 97.66 98.22 98.28 98.58
98.42 98.41 97.62 96.75 96.05
94.17 86.39 83.79 85.05 78.72
89.68 92.73 96.34 97.62 97.87
97.93 97.89 96.27 96.82 97.34
97.73 98.07 96.96 96.46 95.53
93.54 91.53 86.98 84.29 89.04
90.92 94.47 95.43 96.79 97.53
98.25 98.29 98.38 98.39 98.34
97.8 97.06 97.42 95.15 95.64
96.56 97.99 98.06 98.02 97.71
97.78 98.1 97.43 95.78 94.9
93.34 90.39 71.48 50.33 43.22
35.01 37.48 47.08 51.38 53.89
59.98 65.87 73.37 76.45 82.2
85.19 88.99 90.61 93.42 93.9
93.5 94.91 93.99 94.63 94.78
94.23 93.45 93.72 93.68 92.96
91.33 91.81 89.35 88.18 84.4
81.04 77.36 75.74 62.46 58.38
53.32 52.24 48.35 48.54 45.55
45.3 45.59 51.93 50.56 50.11
51.31 48.41 50.13 55.51 39.69
