34.6 38.02 47.99 44.98 47.3
55.9 60.11 64.52 83.19 88.82
91.86 91.16 91.83 94.8 95.25
93.28 94.91 95.44 94.23 93.62
94.08 92.32 92.53 92.84 92
91.18 86.84 91.44 93.87 92.04
92.36 89.75 89.64 91.9 92.09
94.6 92.36 92.28 89.57 89.93
92.49 96.35 95.51 94.38 93.94
95.12 92.94 94.35 93.84 94.08
94.73 95.01 95.84 95.77 96.02
95.85 94.74 95.18 93.61 93.64
94.89 94.98 95.51 94.34 94.15
94.86 96.21 96.05 97.36 97.27
95.9 92.77 85.05 88.22 93.07
95.78 94.39 93.54 94.37 90.94
92.16 90.53 86.71 91.84 93.6
95.48 95.33 93.28 89.17 90.7
94.14 94.38 94.85 94.63 94.03
92.22 94.85 91.76 91.08 88.49
91.17 94.91 95.51 97.83 97.31
98.12 96.48 94.25 91.05 81.06
67.8 59.84 56.34 55.77 63.77
72.14 84.8 93.58 96.51 97.31
98.45 98.02 98.49 97.15 95.16
89.02 90.29 95.53 96.22 96.29
96.73 97.14 97.38 95.7 96.85
92.77 92.16 92.79 91.16 95.29
96.68 95.23 95.5 98.06 97.66
95.4 95.35 92.34 94.69 97.75
97.24 97.48 97.93 97.7 98.1
98.42 96.73 97.03 97.61 97.39
98.44 98.75 98.74 98.79 98.7
98.47 97.48 96.28 92.98 88.28
86.56 86.78 89.06 87.83 89.91
87.8 88.36 78.35 72.54 65.27
57.34 48.47 47.37 46.31 47.49
44.03 48.64 51.41 51.6 49.33
46.31 47.86 45.84 44.89 43.43
45.04 52.19 60.78 72.18 83.07
89.56 89.77 90.64 92.63 90.65
92.42 93.35 92.28 91.32 94.28
96.06 96.89 96.52 97.49 94.76
96.47 92.58 91.83 95.73 95.31
95.38 97.9 98.24 98.45 98.53
98.21 98.5 98.17 97.32 96.59
96.02 95.44 97 97.84 95.58
96.22 95.43 91.37 89.71 95.34
95.16 93.38 94.42 96.68 97.9
98.45 98.42 97.95 98.49 97.95
98.31 97.63 95.56 93.14 95.98
94.31 96.92 98.35 98.58 98.66
98.68 98.24 97.68 95.71 93.52
84.13 77.29 88.89 94.01 94.96
96.64 95.96 95.6 93.76 96.02
94.92 95.31 95.42 95.92 97.51
98.32 98.53 98.5 98.15 97.44
95.06 92.46 87.43 83.08 84.18
92.12 96.44 96.08 97.36 97.79
97.28 92.98 93.6 93.38 95.86
96.64 97.8 97.71 97.81 98.47
98.07 98.2 98.23 96.89 96.97
97.26 98.08 98.43 98.72 98.77
98.69 98.6 98.09 95.68 94.17
91.33 90.61 92.36 96.65 96.66
96.67 96.72 98.08 98.13 98.39
98.8 98.69 98.75 98.68 98.43
97.51 96.37 97.4 96.74 97.82
98.2 97.71 98.5 98.73 98.68
98.01 98.22 98.25 97.55 96.25
91.86 87.9 87 86.76 92.67
96.66 97.01 98.31 98.62 98.09
96.37 89.48 95.25 97.7 95.48
92.73 94.43 98.07 98.7 98.39
97.14 97.6 98.36 98.33 98.62
98.8 98.75 98.53 97.9 98.05
96.81 96.01 95.89 97.06 96.27
96.09 96.32 97.8 98.11 98.55
98.7 98.53 98.13 95.73 95.44
97.06 96.93 97.86 96.8 95.81
96.79 95.43 88.36 79.74 78.19
75.61 85.6 94.31 96.97 96.69
96.21 97.4 96.18 96.54 97.55
95.13 94.6 97.22 97.66 97.95
97.37 96.5 95.51 95.53 96.33
97.17 97.05 95.79 95.37 93.98
93.01 92.54 94.53 95.28 97.27
97.26 98.02 98.06 96.86 94.55
94.09 92.37 94.46 93.84 88.26
91.83 94.55 93.93 94.25 95.62
94 92.21 82.81 84.11 87.27
89.25 92.61 93.08 91.91 90.92
94.85 95.47 96.63 96.89 97.49
97.98 97.26 98.38 97 96.26
96.14 95.55 95.66 96.05 94.77
96.03 93.08 95.98 96.51 95.47
95.19 96.61 97.06 98.26 98.37
98.85 98.81 98.7 98.18 96.17
93.04 83.47 78.68 80.41 78.99
86.76 85.98 87.5 88.67 92.62
95.34 97.63 98.61 98.94 98.87
98.86 98.65 97.89 92.89 97.19
98.44 97.83 98.27 98.64 98.03
98.1 96.83 96.47 96.95 95.7
96.23 97.6 95.67 93.81 94.64
94.59 92.19 91.23 91.5 94.43
97.27 98.64 98.91 98.92 98.94
98.86 98.86 98.56 98.36 98.69
98.27 97.76 97.83 97.96 98.01
98.31 98.08 98.41 98.21 98.42
98.74 98.44 98.02 98.54 98.74
98.6 98.62 98.55 98.78 98.91
98.84 98.89 98.94 98.84 98.77
98.88 98.85 98.51 98.47 98.31
97.52 96.31 95.88 94.5 92.69
94.26 93.88 94.27 93.92 95.45
98.42 98.62 98.9 98.8 98.6
98.48 98.61 98.82 98.85 98.87
98.93 98.95 98.94 98.94 98.91
98.95 98.83 98.79 98.73 98.74
97.87 97.11 98.09 98.61 97.84
98.55 98.9 98.9 98.87 98.65
98.76 98.83 98.89 98.87 98.71
98.7 98.16 97.66 98.32 96.61
93.34 95.62 97.73 96.98 96.94
95.88 95.66 97.34 98.08 97.2
97.26 98.32 97.92 97.19 96.79
93.98 92.74 89.08 82.24 85.52
85.57 89 94.52 94.64 96.06
97.08 97.78 98.01 98.38 98.49
98.65 98.64 98.44 98.68 98.88
98.79 98.54 98.24 98.67 98.28
98.17 98.57 98.76 98.15 98.71
98.67 98.89 98.91 98.91 98.81
98.82 98.69 98.55 97.79 98.58
97.94 98.5 98.74 98.59 98.55
98.56 98.67 98.66 98.5 98.21
98.66 98.83 98.7 98.47 98.66
98.32 97.51 97.13 97.35 98.48
98.45 98.78 98.68 98.81 98.8
98.68 98.66 97.77 94.84 98.28
97.73 98.26 95.41 97.28 94.97
96.68 96.91 97.11 98.25 97.5
97.03 97.78 97.11 95.82 96.5
97.96 97.32 94.84 95.13 96.96
95.54 91.71 93.5 95.13 91.01
74.75 53.01
