98.07 98.32 98.01 98.57 98.13
98.11 96.23 96.1 94.47 92.46
89.08 87.04 88.14 87.74 87.81
92.03 94.08 94.29 96.34 97.14
98.18 98.51 98.45 98.61 98.13
97.69 98.22 98.1 97.34 96.38
97.18 98.23 98.21 98.39 98.38
98.49 98.31 96.88 95.53 95.05
97.4 98.02 96.98 97.16 96.21
95.38 98.13 97.81 97.68 96.49
95.39 96.52 97.7 97.52 96.27
95.1 94.84 92.82 97.49 98.49
98.44 98.49 98.49 98.47 98.36
98.19 97.05 94.33 94.17 89.71
90.84 89.62 89.5 93.49 95.67
97.23 98.19 98.5 98.59 98.64
98.47 98.61 97.38 97.25 97.99
97.09 97.78 98.07 98.08 97.76
98.11 97.13 95.74
