42.09 40.74 38.58 40.69 40.15
46.7 47.12 50.05 50.19 43.02
44.02 51.49 44.47 42.82 38.04
37.21 31.44 37.04 36.83 47.51
60.76 66.08 77.78 81.03 81.03
79.39 79.07 82.34 82.8 83.77
82.28 77.06 72.49 69.58 79.27
81.2 78.11 79.76 77.89 81.42
80.49 73.36 80 84.95 82.4
81.58 87.69 84.83 84.45 86.29
88.23 82.63 85.71 84.82 85.82
84.83 82.78 79.95 79.39 78.6
72.36 58.69 58.15 47.41 62.91
69.24 80.2 82.32 81.96 81.83
85.24 84.33 82.9 83.88 83.51
80.37 74.8 75.46 68.38 64.35
62.37 49.94 34.85 34.4 29.59
33.62 30.65 27.48 34.53 27.07
32.12 26.77 29.88 26.57 25.32
26.75 26.17 25.62 31.63 31.27
31.8 28.92 34.56 29.27 30.64
29.11 28.73 31.92 27.61 29.24
30.26 35.88 30.63 31.13 29.3
29.4 27.92 23 25.33 25.25
25.98 27.13 26.13 30.66 31.69
26.9 29.32 28.7 33.65 25.74
32.65 28.23 33.11 27.49 30.69
28.98 26.34 30.67 29.83 28.51
26.45 28.77 26.69 29.55 28.65
30.13 29.3 33.9 30.17 31.11
35.97 31.77 28.51 34.96 30.12
35.51 30.68 31.46 27.1 31.06
26.68 32.44 28.68 24.68 26.66
24.82 27.84 26.41 27.06 26.73
25.88 31.07 28.41 27.75 35.1
28.98 31.16 35.86 32.13 35
29.73 34 30.98 32.73 32.17
31.11 40.83 40.44 45.18 45.86
45.33 49.91 47.59 47.26 49.09
64.14 73.87 76.82 78.61 77.86
84.11 80.64 78.62 81.4 81.86
80.96 82.84 82.32 82.03 84.33
83.08 85.78 84.65 85.67 84.48
83.96 84.04 83.35 86.61 79.56
81.69 84.81 82.66 85.37 87.84
87.91 89.17 85.44 89.27 88.11
85.42 84.79 85.58 84.15 88.77
86.15 87.41 87.69 88.77 88.25
86.96 89.29 87.01 86.48 86.9
87.2 87.89 84.78 84.49 86.61
83.33 85.29 87.14 88.24 88.78
84.42 88.7 87.18 83.96 85.14
85.4 84.12 88.57 85.79 86.84
86.1 87.59 86.9 86.07 88.8
86.28 84.17 85.66 83.65 84.31
80.4 81.24 82.54 77.27 79.12
82.79 84.65 86.73 85.07 87.25
86.56 84.53 85.54 85 83.7
86.25 84.72 85.79 84.64 87.12
86.4 86.6 88.81 86.66 85.16
87.04 87.08 87.67 84.88 85.26
86.3 83.73 85.63 87.85 88.5
89.21 87.44 89.25 88.36 84.39
87.36 85.62 85.05 89.2 87.06
86.29 85.69 87.95 84.51 85.87
89.05 85.96 84.37 87.44 86.15
87.53 85.32 84.82 85.83 82.61
83.01 85.62 87.32 88.67 87.72
90.38 89.66 87.36 88.6 86.5
85.91 88.5 86.43 85.83 84.2
87.09 85.32 86.87 89.91 88.05
86.23 88.65 88.89 89.3 87.24
87.62 88.41 85.3 87.28 89.03
88.59 89.87 88.12 91.25 89.98
88.11 90.39 88.34 88.08 90.13
87.79 86.86 85.37 87.1 84.85
86.48 89.49 86.14 86.09 88.97
87.33 87.7 87.37 86.38 87.6
84.18 84.85 87.59 87.81 89.69
89.39 91.32 90.56 88.29 91.11
89.04 88.81 90.24 88.21 87.64
86.53 87.15 86.73 89.44 91.43
89.01 87.95 89.74 89.89 89.35
87.34 87.4 88.36 83.66 86.5
89.25 89.05 91.22 90.17 92.62
90.3 89.23 92.42 90.13 91.54
92.3 89.85 89.53 88.99 89.29
89.57 90.69 92.12 89.96 89.17
91.29 90.51 91.55 90.67 90.1
90.79 88.21 90.71 91.66 91.29
93.17 92.02 94.41 92.38 90.34
93.5 90.88 91.3 93.12 90.73
90.78 90.2 91.5 90.24 92.51
93.52 91.63 91.16 91.95 91.95
91.97 90.98 90.17 91.43 88.66
91.48 91.52 90.63 92.45 90.94
93.47 91.49 89.8 93.23 90.65
91.89 92.71 90.83 90.09 90.98
90.52 89.62 91.45 92.64 90.9
90.59 91.49 91.47 91.71 90.73
90.29 91.03 88.26 90.75 91.67
89.59 91.33 89.98 93.08 90.65
89.51 93.27 90.42 92.42 92.77
91.1 89.8 90.78 89.74 90.46
91.33 92.16 90.26 89.52 91.58
90.97 91.66 90.62 89.26 89.96
87.2 90 90.38 89.81 91.27
89 92.34 89.64 87.93 92.38
88.59 90.26 91.67 90.29 89.25
89.63 89.34 90.73 91.49 91.3
90.25 89.94 90.61 89.04 90.18
88.8 84.33 78.51 69.47 53.89
