98.7 98.4 98.62 98.29 98.21
98.21 97.92 97.58 97.73 97.54
95.82 95.18 95.72 95.52 92.6
93.95 95.72 95.15 96.27 97.38
97.53 97.41 98.25 97.77 97.52
98.11 98.3 97.53 97.39 98.02
96.42 95.46 95.82 95.12 96.59
97.14 93.55 94.88 95.72 92.81
91.72 92.07 89.86 89.25 90.41
92.24 92.58 90.85 94.74 96.78
93.13 94.18 97.3 97.95 97.64
98.34 98.46 98.34 98.55 98.53
98.42 98.5 98.39 98.21 98.2
98.18 97.69 97.88 97.34 97.07
96.46 96.12 94.17 93.65 93.26
92.01 89.16 87 85.99 83.78
79.38 79.02 76.32 73.73 69.95
67.71 64.51 61.55 58.77 56.34
53.94 41.97
