51.81 62.24 72.09 77.26 83.65
82.83 83.07 83.76 84.64 86.81
87.1 85.51 82.28 83.72 78.34
79.41 84.57 83.76 83.32 88.5
86.33 91.6 86.28 89.25 90.85
89.16 88.38 89.49 92.36 89.14
92.79 92.22 91.31 89.69 90.79
88.08 85.37 86.05 84.81 83.03
82.03 79.8 73.49 64.3 60.1
58.36 52.5 64.49 70.76 77.3
81.18 80.6 85.36 86.65 85.62
82.88 85.73 84.65 79.68 75.39
77 73.96 64.51 64.34 51.55
41.84 41.57 34.38 33.94 29.99
26.08 29.91 26.03 30.89 26.87
24.57 34.29 28.56 25.55 32.66
27.61 33.08 25.78 34.27 27.21
32.64 27.56 30.87 31.23 27.84
32.92 30.21 30.94 30.8 29.27
31.64 33.19 32.1 31.64 32.78
30.62 30.85 27.45 30.1 29.64
29.16 31.19 30.75 32.66 25.84
28.47 30.69 34.62 36.46 33.12
32.97 33.05 31.83 32.19 32.71
31.81 33.4 32.25 28.43 34.36
31.7 29.33 32.71 29.06 28.58
30.63 25.75 27.31 27 34.75
29.37 26.12 29.41 31.11 27.41
27.65 27.5 24.56 28.98 25.33
25.47 23.79 23.49 25.56 23.76
24.93 24.78 26.52 25.19 24.53
24.71 23.46 25.91 23.13 25.46
24.71 23.43 26.52 26.21 26.37
28.36 25.35 30.01 29.32 28.48
26.02 29.2 25.64 29.22 27.81
26.77 28.51 27.37 27.5 24.01
23.91 21.95 26.83 25.72 24.76
26.28 27.72 26.01 24.92 26.63
26.67 28.43 31.22 28.76 41.68
39.68 41.09 43.62 40 45.07
42.11 48.63 51.09 43.63 46.99
46.27 43.27 46.68 45.83 45.3
45.91 46.51 46.3 49.94 43.48
36.57 37.61 33.31 38.05 33.98
35.85 34.86 40.62 44.95 52.37
51.54 48.91 49.83 51.14 54.43
46.27 48.49 51.76 45.69 46.39
46.04 49.37 49.21 47.89 42.35
48.56 43.4 45.63 42.48 49.88
48.28 54.36 57.72 63.02 65.88
69.4 78.8 78.56 77.17 83.15
80.22 78.18 74.72 73.82 69.33
66.29 65.98 75.12 77.73 77.73
77.01 78.7 81.13 76.81 84.77
78.48 83.18 82.11 80.12 81.43
87.36 83.45 86.05 84.89 85.86
83.91 80.91 84.26 84.02 86.4
83.14 89.13 85.77 83.61 82.67
85.85 85.78 86.63 83.94 86.3
85.13 82.25 87.43 80.58 82.87
84.36 80.9 82.63 88.61 86.73
90.13 89.14 90.49 87.67 84.04
87.3 85.48 88.53 88.12 91.04
87.06 86.38 86.69 87 89.72
89.37 87.26 88.34 88.2 85.76
89.72 82.93 85.84 85.88 82.45
85.23 89.94 87.82 90.9 88.19
89.54 85.24 80.43 85.02 83.53
88.26 89.62 92.34 88.99 87.88
88.17 89 91.11 90 87.77
88.6 86.41 83.93 86.73 77.45
81.5 83.66 76.84 78.96 84.95
84.55 85.63 78.11 76.38 76.78
68.85 75.35 73.92 75.64 77.25
80.95 82.48 81.03 82.13 79.77
77.14 77.17 76.38 68.17 66.35
64.12 67.01 56.09 63.11 59.81
45.29 39.58 36.04 35.62 34.45
31.04 33.85 28.73 30.55 35.85
37.01 41.47 45.22 51.18 48.97
50.51 51.42 54.87 47.89 56.68
52.74 54.59 54.53 54.95 63.04
71.99 70.04 76.18 74.72 82.92
80.48 80.57 87.23 82.19 84.02
82.1 79.01 73.05 69.13 76.12
76.14 80.65 81.02 82.81 82.61
84.13 80.58 82.42 82.2 84.23
82.66 78.69 79.5 83.89 80.84
85.83 86.67 90.75 87.02 81.71
90.37 86.09 90.01 89.36 89.09
82.65 83.22 82.76 85.11 86.09
87.38 86.34 89.18 90.48 87.44
90.36 85.7 89.49 87.38 85.01
86.58 90.48 87.06 90.6 89.85
91.54 88.95 87.42 90.64 87.92
91.66 91.68 93.63 90.29 89.1
87.07 89.2 91.13 91.66 88.89
89.58 91.86 89.45 91.7 87.81
88.6 87.22 85.6 87.7 91.26
89.15 92.88 93.38 90.78 90.58
87.15 90.08 87.65 90.7 92.73
93.82 91.27 90.33 91.65 88.84
91.28 91.47 88.72 89.27 88.8
87.48 90.18 85.26 86.5 86.64
81.97 86.29 89.61 88.19 91.06
91.37 93.47 90.94 89.58 92.32
88.84 93.01 91.52 91.89 89.43
90.62 90.73 89.74 91.73 92.41
91 90.86 92.37 91.5 92.31
90.36 91.6 89.68 86.73 90.93
92.14 90.08 92.36 91.29 92.58
89.82 86.57 90.87 88.53 92.63
92.75 93.19 90.95 91.64 92.45
89.11 90.93 92.14 90.01 89.1
89.89 88.46 89.01 85.6 86.54
85.73 81.03 83.11 87.96 85.45
87.18 86.95 86.58 84.07 80.11
84.27 84.54 87.72 89.49 88.88
87.48 88.56 86.94 88.93 88.68
88.62 86.28 85.67 84.07 81.35
83.15 78.56 75.13 67.79 58.43
53.77 50.43 47.16 48.72 47.85
44.03 46.43 44.78 40.05 40.67
36.37 35.22 34.49 29.07 35.16
28.97 35.56 30.41 31.35 34.46
33.93 37.9 34.91 35.02 43.23
55.27 62.32 75.02 79.3 77.62
82.11 81.9 80.48 85.82 77.1
77.8 76.87 78.49 70.87 75.87
81.61 82.63 84.98 83.76 87.24
86.07 85.08 84.86 86.49 82.65
86.78 86.49 84.51 89.6 90.17
88.71 90.73 87.54 91.11 87
86.68 90.84 87.59 92.12 91.45
90.6 84.37 87.98 87.21 89.49
88.67 88.8 87.63 88.14 88.89
87.24 87.82 85.33 83.32 75.56
60.9
