33.65 50.53 32.61 41.67 30.6
33.74 27.63 31.81 26.87 32.2
27.59 26.31 30.1 25.56 31.51
28.38 23.52 28.73 24.78 26.66
25.19 25.99 24.62 25.78 25.71
27.73 30.23 32.61 34.68 43.86
46.03 55.14 59.87 59.94 66.05
66.61 66.67 69.23 71.82 66.01
70.01 73.24 69.65 65.74 65.87
63.54 55.29 52.33 44.69 37.78
38.94 32.62 31.37 33.2 29.46
26.23 26.94 28.7 31.79 29.09
32.18 34.91 32.97 34.58 33.85
34.41 35.06 32.61 37.7 38.26
38.89 41.84 39.78 42.32 46.88
48.39 47.47 48.51 45.2 44.67
44.58 47.53 44 44.73 42.71
49.88 54.77 68.07 88.16 91.55
93.64 95.33 94.85 94.74 96.02
95.3 95.7 95.71 95.9 94.78
92.73 91.79 93.22 93.8 93.17
91.67 93.09 92.43 93.84 92.78
91.9 93.26 93.57 91.51 93.27
94.68 93.78 92.62 93.39 95.12
93.94 92.69 93.25 94.93 93.38
92.52 86.49 88.76 93.83 95.76
95.32 94.71 94.41 96.32 95.22
93.51 94.44 95.47 93.43 94.06
92.43 93.96 94.08 92.57 94.21
95.32 95.71 93.95 95.4 96.36
96.08 94.66 95.44 96.5 96.04
96.25 97.26 95.39 96.39 96.51
95.81 95.56 95.38 92.93 94.95
93.56 94.36 95.42 96.3 95.45
94.67 95.34 95.94 96.46 98.2
98.64 98.48 98.26 98.27 98.39
97.86 98 98.4 98.24 98.53
98.41 98.25 98.21 97.49 95.96
96.84 95.35 95.76 96.96 96.84
96.13 96.56 97.94 98.17 98.48
98.54 98.74 98.85 98.92 98.94
98.93 98.89 98.82 98.87 98.83
98.87 98.85 98.54 98.64 98.8
98.77 98.51 98.33 98.73 98.6
98.44 97.83 97.33 96.23 95.27
94.6 97.95 98.31 98.76 98.54
98.24 96.59 97.59 97.29 97.99
97.68 96.62 95.11 95.01 95.22
96.47 98.21 98.71 98.61 98.7
98.79 98.82 98.67 98.5 98.03
97.87 98.71 98.79 98.9 98.86
98.86 98.74 98.89 98.88 98.76
98.7 98.79 98.7 97.86 95.49
97.25 91.31 93.55 96.99 93.65
97.41 98.58 98.57 98.79 98.92
98.93 98.94 98.89 98.53 98.63
98.89 98.66 98.44 98.31 97.66
95.96 94.91 92.65 96.14 98.04
98.41 98.54 97.95 98.56 98.8
98.77 98.81 98.86 98.77 98.85
98.86 98.87 98.78 98.74 98.69
98.4 98.4 98.46 98.28 96.67
97.55 98.5 98.66 98.9 98.92
98.93 98.94 98.91 98.72 98.43
98.23 98.62 98.3 98.07 97.5
95.53 96.35 98.03 98.64 98.57
98.57 98.31 97.87 98.02 95.53
95.7 94.71 92.4 97.8 98.48
98.44 98.69 98.83 98.81 98.73
98.81 98.88 98.85 98.75 98.77
98.84 98.66 98.36 98.76 98.78
98.58 98.58 98.36 98.84 98.83
98.7 98.69 98.87 98.74 98.44
98.49 98.78 98.91 98.94 98.91
98.84 98.63 97.97 94.41 97.49
98.06 98.8 98.82 98.93 98.95
98.95 98.94 98.92 98.87 98.65
98.83 98.66 97.64 95.74 93.66
97.45 96.25 98.34 98.11 97.17
97.82 98.18 98.42 98.71 98.74
98.69 98.64 98.62 98.89 98.91
98.76 98.83 98.93 98.9 98.81
98.87 98.93 98.86 98.74 98.81
98.79 98.63 98.34 98.13 98.69
98.82 98.93 98.94 98.96 98.96
98.88 98.81 98.52 98.66 98.49
97.56 96.07 98.39 97.57 98.01
98.35 98.8 98.81 98.76 98.88
98.92 98.89 98.79 98.91 98.91
98.79 98.78 98.88 98.8 98.7
98.87 98.82 98.8 98.59 98.94
98.95 98.92 98.47 98.4 97.59
98.44 98.46 98.78 98.7 98.91
98.86 98.82 98.88 98.86 98.53
97.61 97.4 97.83 98.42 98.13
98.57 98.74 98.72 98.86 98.87
98.93 98.94 98.83 98.84 98.78
98.81 98.9 98.85 98.8 98.47
97.43 98.01 98.68 98.86 98.89
98.82 98.91 98.92 98.92 98.92
98.85 98.76 98.57 98.04 97.75
97.9 96.65 96.04 98.35 98.39
98.71 98.77 98.77 98.76 98.8
98.88 98.89 98.91 98.87 98.88
98.84 98.75 98.76 98.35 98.42
98.51 98.58 98.19 96.71 95.3
97.49 96.3 97.6 97.77 98.59
98.22 98.65 98.68 98.86 98.83
98.82 98.65 98.7 98.58 98.62
98.52 98.51 98.06 98.23 98.6
98.65 98.73 98.72 98.77 98.85
98.77 98.73 98.85 98.74 98.49
98.49 98.55 97.2 95.7 97.87
97.27 98.26 98.63 98.68 98.42
98.74 98.77 98.54 98.76 98.81
98.61 98.75 98.75 98.52 98.45
97.5 95.95 93.9 94.51 94.09
94.56 92.37 93.27 92.6 94.98
95.66 96.13 94.5 96.56 98.11
97.97 96.86 98.59 98.62 98.28
98.61 98.45 94.74 95.2 95.39
93.93 95.83 97.02 96.26 94.01
94.83 94.18 85.55 63.44 59.47
52.61 53.29 53.84 48.88 47.06
46.63 45.42 40.57 43.12 41.73
35.45 41.77 31.69 36.45 33.69
30.84
