48 58.29 61.99 74.8 82.31
85.27 85.76 89.9 90.21 89.49
82.42 83.08 80.23 85.4 85.78
86.11 91.22 89.41 90.46 88.07
90.45 90.85 92.1 91.17 90.22
88.67 90.69 88.63 85.32 84.21
80.72 76.8 66.21 63.2 55.03
54.23 48.98 49.3 49.46 45.32
45.1 42.43 40.64 40.44 51.32
46.11 54.28 51.11 49.61 45.36
56.62 52.28 62.42 58.5 63.94
62.84 60 68.04 66.04 63.92
63.24 70.79 65.27 63.75 60.35
59.79 60.32 61.06 57.5 54.65
58.44 57 56.27 55.4 60.03
58.83 60.39 59.11 65.1 66.26
58.48 64.27 61.8 60.27 60.57
60.62 58.7 56.39 54.3 52.93
47.3 45.57 43.64 48.93 43.25
40.13 44.24 41.52 45.82 39.3
48.04 54.3 35.86 44.48 42.53
37.59 50.04 43.75 45.01 42.25
36.73 46.2 47.66 48.63 37.46
40.63 50.47 41.57 55.8 39.31
42.72 44.13 37.67 43.06 45.16
41.61 39.61 43.02 57.84 44.38
36.78 50.26 42.62 47 40.53
44.7 42.17 40.68 41.04 35.93
41.47 40.37 40.08 41.34 40.35
45.71 37.28 44.16 38.36 39.28
42.82 45.26 42.72 41.47 48.35
38.1 44.29 36.14 39 39.14
39.25 44.2 45.03 37.17 43.12
43.8 41.17 40.85 41.67 56.26
39.02 46.22 45.51 38.33 48.2
37.25 42.7 37.26 38.01 44.33
39.94 39.97 37.91 39.32 42.87
37.8 32.6 38.09 41.76 41.03
40.96 46.36 51.11 57.05 56.88
63.37 63.56 66.79 68.08 68.84
75.36 75.09 74.25 70.04 68.02
64.3 59.79 55.88 54.9 58.39
59.73 53.17 52.47 51.28 43.45
43.41 47.68 37.81 45.97 37.36
42.09 42.9 44.91 50.63 45.92
38.7 56.62 42.95 46.13 40.4
41.05 47.49 40.62 46.94 52.73
37.74 45.05 61.24 50.86 42.58
39.04 41.65 39.65 39.44 44.22
35.23 44.21 41.57 40.5 45.61
49.08 58.49 59.23 71.82 76.2
76.78 75.57 76.98 81.42 78.98
83.93 77.06 79.51 73.51 73.65
67.79 62.29 56.13 54.09 49.44
53.79 44.33 37.99 37.99 38.52
39.45 42.32 48.75 47.61 42.76
41.99 39.6 44.31 43.9 52.79
42.36 46.26 37.68 42.61 46.69
32.53 39.76 38.04 38.14 38.51
37.09 42.05 43.83 43.24 51.27
43.75 45 54.83 45.36 52.73
49.72 47.93 56.1 44.98 51.43
55.18 45.29 48.09 55.28 54.39
56 49.21 49.31 54.12 41.53
46.79 42.44 47.78 51.91 47.65
56.46 64.11 59.72 73.58 87.23
90.61 92.3 93.88 91.99 94.01
95.37 95.05 94.83 96.93 97.29
97.32 98.3 98.4 98.17 98.3
98.42 98.28 98.45 98.42 98.43
98.64 98.53 98.39 98.59 98.44
98.18 98.64 98.37 98.61 98.59
98.61 98.61 98.46 98.66 98.64
98.74 98.55 98.59 98.62 98.6
98.34 98.51 98.64 98.67 98.49
98.5 98.53 98.65 98.42 98.6
98.63 98.41 98.11 98.12 98.44
97.81 97.87 97.55 96.59 96.48
94.84 92.85 92.61 91.43 88.33
83.11 81.19 82.39 77.61 77.54
73.48 72.07 73.78 74.48 72.99
72.03 71.14 62.33 55.48 49.26
52.07 45.56 43.14 47.43 42.47
40.71 45.53 45.33 38.17 51.04
37.67 39.34 45.22 46.47 39.16
48.28 50.97 46.11 41.87 52.18
40.83 44.09 35.81 47.21 42.57
42.83 50.49 56.83 52.97 53.47
58.26 64.87 69.78 74.51 73.26
76.65 73.93 75.87 79.05 77.01
79.36 79.93 78.6 76.12 77.03
74.18 73.11 68.97 67.76 58.02
55.9 52.24 49.93 47.78 39.04
40.75 44.99 38.23 41.38 41.26
43.99 47.1 51.36 53.8 60.05
62.36 49.78 60.42 53.6 57.89
56.75 60.26 50.71
