40.52 49.98 55.17 57.99 63.44
77.48 84.01 83.64 85.73 86.19
87.44 87.08 88.22 89.5 90.09
90.54 91.21 89.74 87.4 88.63
87.17 84.51 82.85 80.08 80.12
77.9 74.85 73.83 72.71 70.23
73.79 83.99 90.59 93 94.79
96.54 97.6 97.93 97.87 97.65
96.32 92.98 92.9 96.97 96.74
97.32 96.94 97.33 97.71 96.9
96.89 97.68 96.74 95.7 96.4
96.09 94.77 93.69 92.64 94.84
95.95 95.98 96.5 96.34 95.47
97.75 96.58 96.15 96.97 96.31
95.92 96.6 97.53 96.99 97.09
97.74 98.03 97.66 97.07 98.12
98.48 97.65 97.92 98.55 98.1
97.32 98.02 98 94.72 94.71
97.47 97.5 97.91 97.88 98.3
97.85 97.77 96.48 96.55 97.93
96.9 97.66 98.26 97.92 97.64
97.85 97.99 96.46 96.67 95.96
94.08 92.02 90.55 89.87 90.84
89.7 89.36 90.74 94.16 96.76
95.96 96.78 97.16 97.64 98.36
98.29 98.4 98.69 98.5 98.65
98.7 98.65 98.46 98.64 98.56
98.39 98.44 98.56 98.21 98.42
98.16 96.2 96.1 96.24 94.34
95.33 96.11 94.01 96.62 94.87
94.07 96.3 98.17 97.72 98.17
98.44 98.64 98.42 97.98 98.35
97.95 98.22 97.49 97.22 97.47
93.49 95.4 97.39 97.39 98.28
97.92 96.99 97.58 98.3 98.13
97.83 97.64 97.37 94.92 93.61
91.69 90.78 89.86 91.56 92.61
93.19 94.69 94.36 95.31 95
91.79 90.82 87.38 84.79 90.77
92.65 95.12 95.83 96.84 97.32
96.58 95.95 94.31 91.54 92.29
93.46 92.66 94.25 93.79 91.74
93.18 93.8 89.68 89.84 93.55
92.76 90.99 89.5 93.87 92.65
95.11 96.94 97.89 98.55 98.66
98.76 98.36 98.67 97.42 97.29
97.63 96.95 96.91 96.18 94.82
91.99 91.89 92.87 90.9 94.24
95.79 96.55 97.01 98.24 97.96
97.97 98.54 98.73 98.22 97.93
98.42 98.31 96.85 96.16 96.83
96.55 93.89 92.6 92.15 92.8
89.49 86.89 92.03 92.71 95.87
97.65 98.5 98.74 98.82 98.73
98.2 98.35 97.75 97.65 98.47
98.34 96.64 97 98.04 97.12
95.84 96.43 97.6 98.33 98.15
96.48 97.28 98.02 97.82 97.15
98.28 97.59 96.82 97.49 97.39
98.21 98.35 98.32 98.52 98.6
98.68 98.44 98.75 98.75 98.73
98.28 98.59 98.69 98.15 97.78
98.16 97.35 96.25 93.82 92.28
89.85 89.61 90.59 91.46 95.66
95.96 97.92 98.27 98.55 98.56
98.24 97.75 97.05 97.97 97.85
97.8 98.11 98.05 96.9 96.82
96.18 94.82 94.73 93.39 91.98
92.04 89.59 86.67 88.46 85.37
83.66 80.75 75.28 71.89 67.12
61.71 58.57 51.75 49.49 41.12
