43.13 45.15 42.56 49.06 47.43
58.09 50.12 40.8 48.64 55.09
53.78 50.04 52.95 47.12 53.44
50.37 41.69 48.5 40.37 49.34
53.32 39.31 44.67 41.29 54.78
44.14 41.57 41.52 38.39 36.95
33.8 39.59 32.29 39.47 38.45
35.12 38.74 36.97 38.86 38.47
32.81 41.69 34.71 45.01 37.77
39.44 45.45 36.47 42.02 36.21
42.85 42.68 38.62 48.24 39.25
39.52 42.32 43.09 39.4 41.52
40.63 40.97 41.75 39.07 36.14
42.19 39.68 43.98 44.26 56.33
48.75 50.46 58.02 54.99 53.39
45.26 47.22 51.96 48.85 46.37
44.83 42.94 41.73 39.87 38.16
37.47 40.08 35.21 37.85 35.78
40.85 35.67 38.27 42.51 39.24
39.28 37.65 41.58 37.85 33.97
40.98 31.97 42.2 33.6 37.1
30.33 36.56 36.54 34.65 35.87
32.62 42.67 39.29 36.38 40.65
37.41 42.26 37.61 39.57 39.72
40.67 38.34 39.25 42.25 37.3
39.54 35.43 37.6 37.05 33.69
35.29 34.22 37.61 43.39 33.99
35.66 33.73 37.88 40.22 36.49
42.12 45.27 36.25 39.72 40.98
47.62 39.85 45.28 43.33 42.71
47.15 48.03 49.44 39.6 47.24
40 49.84 36.14 37.83 40.46
39.08 43.81 49.36 59.11 62.61
61.46 61.51 61.18 68.11 72.41
70.62 73.9 80.62 82.19 87.61
91.92 90.92 87.55 90.23 91.42
88.8 87.48 89.05 86.34 86.51
86.48 83.37 80.35 80.82 75.54
71.22 72.44 64.4 62.22 62.87
63.62 62.23 59.67 60.15 60.79
61.59 65.26 66.81 74.03 78.52
84.53 86.73 89.26 91.22 91.04
88.71 86.85 87.76 88.67 90.12
92.46 93.25 93.36 93.1 92.27
90.08 92.24 91.62 91.37 91.54
91.58 90.31 90.21 89.84 89.32
91.28 91.29 92.25 91.33 92.43
92.34 92.93 92.2 93.77 92.73
92.01 92.9 92 90.71 89.82
88.97 90 91.24 91.68 91.64
89.92 86.62 87.43 88.09 90.87
92.95 93.3 93.65 91.12 90.31
90.57 90.81 91.46 91.29 91.42
91.87 91.98 92.01 93.17 93.13
92.48 90.78 92.06 93.51 91.76
89.74 90.92 92.65 91.21 90.48
91.3 88.97 89.93 86.66 86.42
84.94 87.39 89.18 92.41 92.94
92.19 92.19 90.04 90 89.44
87.68 90.88 92.1 92.99 93.06
93.97 92.68 90.36 87.71 88
89.12 91.69 92.89 91.82 91.97
91.07 90.37 90.78 90.79 86.05
83.41 77.11 78.19 76.52 72.87
77.81 76.37 74.62 75.66 77.1
81.16 82.51 82.44 84.67 85.9
86.74 85.97 72.08
