43.49 49.65 46.27 59.35 65.69
74.55 87.29 91.8 93.55 95.59
95.71 96.26 93.68 93.51 97.25
97.99 98.25 97.69 97.77 96.87
95.49 96.62 96.69 96.88 96.85
97.47 97.44 97.84 97.55 95.83
94.89 91.78 90.5 86.83 85.47
87.2 88.95 89.07 86.79 91.05
94.7 94.85 95.58 97.08 97.68
98.14 98.36 98.43 97.82 97.2
95.64 97 96.95 96.02 93.69
95.27 96.97 97.71 98.29 98.25
98.08 97.95 96.79 95.69 91.34
90.54 93.24 94.48 97.09 97.05
95.18 94.34 96.28 94.09 92
96.28 97.71 96.7 97.37 94
91.46 95.99 96.17 93.53 95.23
95.78 97.66 97.92 98.24 98.02
97.32 97.88 97.14 96.74 97.73
97.41 96.72 96.36 97.76 97.95
97.71 98.21 98.41 97.92 97.98
97.48 96.08 95.69 95.21 92.3
91.13 91.86 94.21 94.97 96.43
95.12 93.46 91.23 91.55 94.89
97.8 98.25 98.51 98.54 98.35
98.08
