72.81 91.55 92.34 92.42 93.71
94.49 95 93.78 96.95 97.54
98.23 98.41 98.02 98.5 98.63
98.62 98.52 98.58 98.27 98.43
98.41 98.23 97.71 97.67 97.07
96.79 95.85 95.41 93.63 92.26
91.33 90.84 88.04 84.99 85.18
81.11 72.09 56.66 54.96 47.57
49.91 54.67 52.41 53.99 54.02
62.38 77.81 83.63 85.24 87.31
88.17 89.9 92 92.05 92.51
93.6 95.24 95.4 94.76 95.5
96.94 96.9 95.79 97.66 98.11
97.86 98.34 98.29 98.4 98.48
98.69 98.65 98.3 98.36 98.19
97.72 96.99 96.07 96.72 97.74
97.86 97.85 98.44 98.44 98.37
98.35 98.56 98.31 97.87 98.33
98.01 96.57 96.08 95.94 95.03
93.74 94.28 93.93 92.15 90.95
89.16 86.34 81.97 78.04 73.48
79.72 80.33 84.23 85.04 85.89
86.5 88.21 91.79 93.68 95.35
94.46 97.14 97.48 97.62 98.09
98.35 98.59 98.57 98.42 98.29
98.25 98.32 97.72 97.31 97.46
96.89 95.08 94.75 93.7 92.62
91.03 88.91 89.19 88.87 82.16
73.78 78.36 75.16 78.02 78.97
81.65 81.92 85.77 86.4 85.4
85.84 86.7 86.88 83.76 82.12
79.76 81.36 77.42 77.98 74.37
69.3
