38.26 34.01 46.31 35.22 48.54
38.2 38.8 32.11 34.69 37.2
32.02 27.74 27.98 30.32 32.62
27.81 30.34 27 31.8 29.29
32.28 26.41 28.87 30.68 31.63
26.73 30.93 32.55 26.96 30.78
32.78 28.13 34.82 34.5 30.56
32.22 27.07 32.09 30.91 36.1
31.27 25.33 29.17 27.94 27.12
32.05 30.47 27.05 26.8 25.76
27.53 26.22 28.39 29.16 27.3
28.98 31.32 30.32 30.3 31.56
30.59 30.24 30.61 27.8 30.32
31.13 27.08 32.58 28.09 33.07
30.98 44.09 40.11 34.44 34.79
35.96 30.28 34.8 28.61 31.8
29.61 27.9 30.08 30.16 39.3
34.59 37.45 36.38 40.5 50.71
55.76 52.82 60.15 68.24 69.23
70.49 75.75 78.91 83.76 83.58
81.84 83.74 86.06 85.52 81.13
85.09 85.34 82.56 80.15 81.7
77.81 78.48 76.85 72.76 72.71
80.27 78.85 82 85.92 87.33
93.39 94.12 95.01 94.47 92.82
90.83 86.36 84.35 87.74 86.3
89.45 87.98 87.98 89.72 90.23
87.69 86.66 86.44 85.11 81.11
81.78 79.19 82.65 78.12 74.35
67.69 63.08 66.35 69.22 79.05
83.61 84.03 88.42 90.46 91.73
90.59 91.21 89.8 88.54 86.02
83.24 82.17 72.42 64.8 66.85
73.02 86.34 86.54 88.24 90.34
90.66 88.03 85.42 74.46 76.45
84.32 88.24 90.4 90.11 88.6
85.34 84.83 83.52 83.12 86.25
88.13 86.64 87.55 90.27 89.6
87.54 88.35 89.62 88.66 87.02
88.14 86.09 81.31 78.56 67.85
67.84 69.68 75.97 83.58 85.66
85.14 85.23 86.56 90.19 90.11
91.39 90.39 89.91 88.3 85.41
82.5 78.26 83.08 83.82 83.51
86.28 87.19 91.89 91.79 92.97
92.49 90.29 90.2 89.89 85.06
80.84 78.7 74.04 71.56 70.65
70.89 72.39 76.78 76.71 84.84
84.09 85.61 89.37 88.39 90.64
92.22 92 91.21 93.28 93.02
89.99 90.5 92.85 92.63 89.87
89.63 88.1 90.85 94.31 95.36
95.73 95.52 94.79 93.72 92.55
90.91 89.53 88.18 86.37 86.55
83.88 86.48 90.26 91.1 92.77
92.04 92.3 93.47 93.78 92.57
93.41 94.16 94.47 92.81 91.17
90.44 91.71 93.23 94.86 94.64
94.06 94.51 93.45 92.6 90.21
90.13 88.06 87.47 84.84 82.68
77.75 78.54 83.85 83.34 83.09
83.33 85.49 85.49 87.23 88.18
86.69 85.41 86.1 83.34 81.35
84.72 87.83 91.5 91.11 90.81
92.06 92.59 92.32 92.56 92.28
89.88 83.78 80.15 76.51 74.69
74.26 75.94 72.38 75.65 79.08
74.31 78.52 78.44 75.92 80.27
85.07 84.46 85.68 88.41 89.3
90.82 88.67 91.46 90.29 90.16
89.64 89.87 86.83 84.73 83.58
85.49 86.51 86.59 81.92 79.94
77.54 82.2 81.86 84.2 84.66
86.31 86.31 86.19 88.92 91.22
88.23 87.23 90.07 91.54 87.29
88.87 89.9 88.4 86.9 88.28
87.58 86.56 85.83 87.7 86.15
85.22 86.57 87.97 86.34 87.68
89.17 88.91 89.29 91.1 92.34
90.49 91.57 93.11 93.06 91.1
92.12 90.31 88.32 88.84 85.18
82.76 74.81 73.55 69.69 71.82
74.41 78.19 75.34 80.93 78.06
80.47 84.88 85.49 87 88.2
89.19 90.62 92.07 91.2 91.5
93.91 94.19 93.43 95.83 96.16
95.53 95.02 95.75 95.46 94.74
94.29 94.46 93.18 91.5 92.81
89.64 86.61 85.66 84.36 83.1
84.92 87.41 90.08 93.56 93.16
93.03 93.01 93.33 94.16 94.45
94.39 94.39 95.98 94.9 95.16
96.38 95.26 94.04 94.25 93.26
91.35 91.61 89.47 86.98 85.14
84.52 78.12 75.42 75.31 74.91
74.03 71.95 76.86 73.74 73.83
75.43 78.4 72.24 68.08 75.41
75.99 70.8 69.76 71.15 74.36
68.51 65.15 59.83 58.86 65.19
66.25 73.51 81.05 82.08 80.17
83.77 86.88 85.83 86.62 89.58
90.81 87.55 90.04 92.67 91.59
91.43 94.55 94.9 94.77 95.8
96.16 96.11 96.12 96.16 97.08
95.94 95.25 95.42 95.08 95.02
94.72 95.36 94.51 94.76 94.77
95.89 95.66 93.92 94 94.66
92.85 90.68 90.1 90.89 85.98
84.06 88.48 88.4 91.05 91.94
93.01 92.91 94.19 95.36 94.98
95.39 95.66 96.3 94.89 95.44
95.59 93.7 95.33 95.79 95.79
96.08 96.53 96.73 97.12 97.2
97.05 97.13 96.97 96.13 96.49
96.61 95.92 94.09 94.22 93.06
89.91 90.24 88.96 89.79 87.25
87.64 84.21 83.27 83.84 85.69
83.58 83.6 84.2 85.45 86.32
84.91 81.58 83.87 82.09 76.24
71.72 68.91 62.67 53.73 37.69
38.99 34.88 32.38 35.53 31.96
36.68 36.06 36.24 32.68 34.56
31.74 34.72 30.9 30.4 27.09
29.53 33.58 35.21 43.34 54.56
62.63 65.07 68.82 75.25 77.22
79.59 81.5 83.43 86.15 86.71
85.05 87.63 89.68 89.93 88.3
90.29 91.78 91.73 91.18 93.22
95.51 95.41 95.5 96.81 97.01
97.03 97.46 97.48 96.84 96.06
97.23 97.17 95.43 94.33 95.14
95.77 95.51 95.59 95.94 96.46
96.31 95.27 95.37 95.34 94.45
93.9 92.33 90.23 87.88 88.86
86.29 83.17 85.1 87.31 88.15
85.8 88.87 89.26 87.52 84.44
78.21 77.29 77.04 82.91 81.38
82.54 85.38 86.57 85.69 87.41
88.93 89.87 90.27 89.75 90.66
91.96 91.63 89.54 90.79 92.06
90.76 88.86 89.28 90.3 87.95
86.69 85.39 86.25 83.15 79.31
71.75 62.38 56.21 42.39 31.72
