40.02 39.5 38.88 38.72 41.77
40.04 39.29 34.75 36.51 38.13
40.95 39.83 39.11 42.07 43.89
40.22 41.53 45.17 48.9 48.47
46.24 50.76 54.3 69.05 64.6
64.95 70.4 71.06 87.81 89.98
90.69 94.26 95.99 96.39 96.32
97.94 95.64 96.37 98.42 98.49
98.5 98.68 98.52 98.43 97.46
96.85 97.38 98.29 98.57 98.63
98.69 98.64 98.6 98.45 98.44
98.31 98.44 97.36 97.38 95.19
95.91 97.34 97.76 97.84 98.14
98.08 98 97.91 96.18 98.23
97.88 98.14 97.86 97.5 96.91
96.25 97.37 98.3 98.56 98.57
98.43 98.35 97.55 96.79 97.73
98.2 97.59 97.9 97.82 97.87
98.16 97.89 97.48 98.2 98.17
98.19 97.75 98.3 97.96 98.03
97.8 98.17 98.27 97.51 97.89
97.8 97.59 96.43 96.31 96.82
97.54 97.61 98.01 97.79 98.03
98.43 98.23 98.27 98.31 98.3
98.05 98.01 98.13 98.13 97.94
97.5 96.18 95.23 95.44 95.26
96.37 97.48 97.07 97.68 97.65
98.43 98.59 98.68 98.59 98.35
98.39 97.24 94.74 96.25 95.73
97.55 97.72 98.28 98.64 98.74
98.2 98.41 96.87 95.86 95.44
96.16 97.7 98.31 98.05 98.33
97.88 97.26 98.15 98.44 98.28
97.33 96.4 96.46 97.36 96.48
97.3 97.65 97.9 98.05 98
97.71 97.58 97.74 96.97 96.18
95.7 95.45 95.87 96 95.79
95.13 94.38 93.59 92.97 90.86
91.7 93.19 93.2 95.91 97.11
97.23 97.57 97.42 98.05 98.13
97.92 97.9 98.33 98.25 98.19
98.22 98.34 98.05 97.75 97.95
97.62 97.58 97.26 97.44 97.18
97.46 97.48 96 97.58 98.19
98.4 98.43 98.52 98.43 98.51
98.41 97.88 96.18 96.04 95.96
97.76 97.5 97.29 97.28 97.8
97.23 97.78 97.54 95.86 95.99
91.69
