45.63 45.69 51.45 53.06 52.91
56.3 55.09 50.03 51.51 48.41
53.59 54.11 57.76 63.97 69.28
74.13 80.68 82.23 82.97 88.67
90.78 90.2 92.2 94.04 94.45
93.57 94.98 95.82 94.48 94.52
94.82 94.09 92.1 90.52 87.42
81 78 72.67 71.25 70.32
71.81 73.62 73.93 75.79 76.18
78.78 84.7 85.43 86.88 90.23
92.1 92.92 94.27 95.23 95.42
96.18 96.56 96.05 96.95 97.33
95.94 95.09 96.55 96.06 93.79
94.44 95.45 94.07 92.36 92.59
92.71 92.11 90.09 88.23 86.42
86.65 87.35 82.91 84.06 83.96
88.31 91.86 92.2 92.42 94.84
96.28 96.14 96.87 97.67 97.49
97.54 97.76 97.2 97.11 96.9
97.14 96.41 95.77 95.67 95.16
93.9 92.4 92.66 92.13 87.82
84.99 84.93 89.43 91.73 91.27
91.88 93.66 94.62 94.4 93.91
95.29 95.99 96.08 95.6 95.49
95 95.87 96.22 94.58 95.56
97.45 96.81 96.64 97.56 97.32
96.75 96.86 95.98 94.48 94.68
94.83 92.31 91.08 91.42 89.36
85.74 85.31 85.43 83.46 79.16
76.78 78.64 71.92 61.83 55.9
55.11 53.36 51.4 55.49 52.59
71.15 79.21 84.82 86.21 88.06
90.17 91.49 91.56 94.23 95.2
95.04 95.35 97.74 97.66 96.61
97.55 97.27 96.59 95.33 94.34
94.31 95.27 94.01 92.29 90.18
91.49 94.55 95.04 95.88 93.63
90.88 93.81 93.87 94.19 95.69
96.78 96.54 95.61 95.44 95.63
95.63 96.01 96.8 97.04 96.88
96.84 97.18 97.11 97.84 97.77
97.07 97.09 97.38 97.1 97.31
97.27 97.6 97.26 97.07 96.98
96.58 96.09 95.85 95.13 93.77
91.42 91.22 92.12 88.68 86.06
87.74 86.04 79.73 79.83 81.75
77.75 71.37 71.11 70.45 64.8
60.5 61.74 63.1 56.1 56.71
61.32 62.02 62.06 61.7 65.57
66.72 65.38 68.49 73.19 73.28
73.46 78.15 80.47 79.07 83.89
86.43 88.09 86.08 91.18 93.14
93.27 94.69 95.74 97.03 97.05
97.39 97.84 97.59 97.33 97.44
97.85 97.15 97.67 97.51 97.78
97.28 97.31 97.34 96.76 96.05
94.76 95.4 93.99 92.79 91.12
94.23 95.19 93.72 95.22 94.71
91.86 90.54 92.19 88.38 91.39
95.67 93.19 92.92 95.92 96.64
94.67 95.78 96.85 96.33 94.99
95.81 93.51 92.68 93.45 93.88
89.67 90 91.11 87.57 82.96
85.12 82.77 82.73 89.45 89.09
87.5 86.85 87.5 88.35 83.95
81.81 78.44 66.83 61.08 52.2
39.28 40.96 41.52 34.48 38.98
35.62 40.81 37.37 35.55 32.93
39.23 36.04 36.91 36.09 42.07
37.46 35.64 37.91 37.07 39.47
37.22 45.31 40.5 42.24 47.45
44.65 47.36 47.35 46.2 45.64
43.8 41.16 38.14 42.61 40.14
40.05 38.92 39.15 43.56 37.87
43.96 45.79 47.4 47.11 46.83
52.28 49.97 59.73 53.23 46.23
53.97 53.11
