47.15 45.95 45.82 45.78 51.78
54.87 54.04 48.12 49.06 47.86
47.14 55.83 55.33 52.53 51.94
46.09 42.74 47.05 44.39 42.24
46.28 51.05 49.66 44.8 42.96
42.96 41.54 36.97 43.64 38.69
37.2 37.34 41.98 44.73 47.92
50.09 55.07 71.8 71.4 73.47
75.73 75.12 74.41 75.43 76.09
76.31 72.64 71.47 72.31 68.52
61.28 61.28 70.34 66.47 77.72
77.83 81.88 81.55 85.3 85.45
84.34 87.52 86.69 88.88 88.38
91.12 91.14 90.89 93.44 92.39
91.25 92.3 92.9 91.02 88.94
88.69 88.44 84.41 84.6 81.97
79.65 76.39 73.37 69.58 60.12
53.89 48.7 47.03 45.64 44.04
41.54 36.94 33.51 33.84 39.8
38.09 31.59 33.29 34.1 35.03
32.73 46.1 36.88 35.6 38.67
44.76 38.88 31.04 37.05 37.71
34.55 33.01 34.58 37.13 34.43
32.76 36.44 33.45 34.8 39.34
39.58 36.49 35.54 40.64 35.51
34.39 34.02 37.19 39.34 40.64
40.25 41.01 46.55 39.18 44.55
43.69 38.62 46.23 54.08 58.45
70 84.62 92.66 94.01 96.9
97.94 98.16 97.94 97.37 97.32
96.4 96.68 95.69 93.7 93.89
94.86 94.62 95.48 95.9 96.95
97.53 97.68 98.18 97.98 98.01
97.94 97.04 94.94 96.02 93.77
92.8 87.72 84.94 80.59 79.27
86.11 89.99 93.1 95.49 97.23
97.81 97.79 96.59 96.65 95.01
94.21 92.04 86.84 79.62 75.17
72.33 84.19 91.15 95.93 96.83
97.99 97.4 97.13 96.86 94.26
93.61 95.97 95.2 96.95 97.21
98.13 97.62 97.33 98.06 97.38
96.88 96.39 95.26 93.98 92.32
94.06 93.84 93.61 92.63 92.78
91.22 92.65 94.38 95.74 96.15
95.65 96.59 96.13 97.04 96.41
95.28 94.38 90.1 89.06 83.5
82.31 85.81 91.47 89.89 93.24
93.93 94.86 95.2 94.38 94.85
95.71 95.89 94.99 93.42 93.45
93.84 92.71 92.63 88.27 90.2
92.83 93.89 96.19 95.09 97.18
96.16 96.35 95.78 93.41 89.46
80.56 71.56 59.67 55.91 54.06
57.21 68.34 81.68 93.48 95.61
97.58 98.58 98.62 98.67 98.45
98.51 98.25 98.2 97.76 95.71
95.59 96.21 96.78 97.67 98.03
98.33 98.56 98.65 98.72 98.59
98.45 98.53 97.16 94.78 96.4
91.8 91.72 89.4 86.11 80.8
75.55 79.96 88.16 92.53 95.81
97.84 98.28 98.67 98.23 98.41
97.55 97.12 94.87 92.2 86.94
85.42 91.82 93.43 93.78 96.57
97.07 98.14 98.03 98.53 98.17
97.63 97.48 94.62 93.9 96.44
95.83 97.61 98.04 98.48 98.42
98.03 98.62 98.19 98.36 97.39
97.62 97.11 96.81 96.15 93.9
94.59 93.85 94.16 92.74 93.49
95.91 96.18 97.68 97.78 98.43
98.37 98.4 97.89 96.7 95.58
91.3 86.21 84.13 85.38 89.82
92.32 92.06 95.31 95.84 96.75
97.24 97.45 97.17 97.26 94.74
91.19 88.32 92.97 91.05 93.62
95.52 96.75 96.23 97.04 98.27
97.48 96.64 97.35 97.64 95.81
96.8 96.45 93.53 94.58 96.71
97.57 98.26 98.27 97.81 98.28
97.82 96.08 96.88 93.24 92.65
92.83 89.96 89.51 92.03 92.04
89.04 88.3 88.63 77.63 60.7
55.79 42.96
