41.16 41.02 41.9 39.87 43.16
45.6 48.31 51.59 55.82 56.95
59.24 64.38 60.63 59.71 61.6
56.86 56.18 54.79 55.58 51.04
46.92 44.61 48.51 49.06 53.16
67.13 88.8 95 97.54 98.39
98.6 98.13 97.27 95.67 94.54
92.67 89.37 86.64 91.54 93.84
90.85 90.76 93.49 92.81 92.04
94.68 95.36 94.54 94.52 96.71
96.04 94.73 95.14 95.81 97.27
97.12 97.94 98.22 98.24 98.08
97.58 97.44 96.45 96.8 96
92.85 92 95.45 94.08 93.57
90.1 89.78 93.27 96.89 97.55
97.93 97.52 97.49 97.81 97.61
97.8 96.43 96.51 95.99 94.64
94.61 94.47 93.37 91.67 91.12
89.94 86.64 85.13 85.7 79.94
77.85 79.89 81.25 79.63 82.45
81.88 79.11 84.08 86.51 82.6
86.87 88.96 85.02 85.06 88.76
88.97 85.22 86.49 89.73 88.35
88.19 89.84 92.2 91.75 92.13
93.9 95.17 94.79 96.74 97.43
97.6 98.19 98.29 98.36 98.32
98.35 97.42 97.94 97.06 97.82
97.93 98 97.47 97.8 98.01
96.95 96.89 94.96 92.19 98.17
97.83 98.42 98.54 98.55 98.14
97.04 96.51 94.95 91.39 93.56
97.4 97.11 97.87 98.39 98.31
98.03 97.56 97.58 97.63 96.68
98.04 98.19 98.58 98.75 98.58
97.97 96.36 93.44 92.01 92.9
89.68 88.81 90.76 93.29 94.95
94.77 92.3 95.31 96.13 94.9
96.25 95.29 94.34 95.16 93.31
94.6 95.15 95.72 94.43 92.64
86.15 78.4 86.31 85.41 91.24
92.04 93.28 94.43 95.23 96.94
97.75 97.86 96.67 97.35 96.83
95.1 95.2 94.11 92.95 91.23
90.37 86.42 83.82 82.79 78.95
79.62 79.95 87.73 87.36 85.81
90.94 94.6 94.39 96.39 97.28
97.07 97.86 98.35 98.29 98.46
97.89 98.13 97.48 97.43 97.66
97.4 96.92 95.26 94.94 93.53
95.03 97.19 96.69 96.07 94.75
97.56 98.26 98.56 98.54 98.49
97.76 95.98 95.92 95.82 96.41
96.47 95.43 94.5 94.87 95.54
95.87 96.82 97.09 97.1 97.38
97.59 98.17 98.25 97.74 97.39
96.28 94.54 94.1 89.66 89.73
72.77 65.63 69.66 84.68 89.79
93.39 95.31 95.92
