34.61 32.81 27.19 29.74 27.95
31.74 29.92 34.75 33.39 33.54
35.33 32.37 38.6 39.17 41.26
39.99 42.29 41.01 44.93 43.98
42.14 48.14 40.29 45.28 43.05
43.45 50.25 47.22 52.76 58.5
66.94 66.91 76.22 79.87 80.97
87.21 88.11 91.11 92.77 92.33
92.54 90.68 88.8 84.87 84.55
88.32 91.29 93.53 94.12 94.87
94.64 93.64 93.25 91.66 90.7
91.87 92.71 94.73 95.53 96.23
95.88 95.93 95.63 96.58 95.38
94.81 95.16 96.02 96.97 96.08
95.85 95.66 92.02 90.27 91.64
94.7 96.38 96.66 97.18 97.29
97.75 97.76 97.26 96.59 96.23
96.69 93.02 92.11 97.11 97.93
96.64 94.53 92.52 95.39 97.42
96.32 97.1 97.14 96.48 96.11
96.63 96.02 96.1 95.81 96.28
95.57 95.39 95.95 96.1 95.99
96.03 97.05 95.94 96.08 95.91
96.21 94.83 95.51 97.1 97.19
97.24 96.92 96.07 96.17 95.63
96.46 92.67 92.78 94.38 92.38
90.4 91.12 93.5 91.52 91.67
94.05 94.33 92.14 92.37 94.66
92.74 91.01 92.49 95.62 96.9
97.83 98.01 97.86 97.42 97.55
97.85 96.95 96.67 95.76 94.76
96.15 96.32 96.43 96.12 97.4
96.7 96.39 96.92 97.69 96.54
95.89 95.91 95.7 96.34 95.84
96.84 96.21 97.98 97.25 97.51
97.73 98.19 98.07 97.21 97.59
97.99 97.98 94.26 93.97 94.5
96.47 96.65 97.08 96.87 96.97
97.51 97.38 96.26 95.75 95.65
95.95 95.43 94.62 96.11 96.56
96.55 97.66 97.35 96.74 97.25
95.99 94.98 95.46 94.5 92.4
92.67 93.9 93.53 92.15 90.69
89.97 92.87 93.89 94.91 95.28
96.03 95.67 95.14 93.72 93.17
92.44 94.21 92.5 89.95 91.48
90.41 87.36 82.45 84.6 82.48
79.44 73.54 64.07 68.09 71.5
72.62 75.47 77.77 80.27 82.27
82.71 80.65 82.52 89.94 93.35
95.91 96.52 97.72 95.39 95.55
96.95 97.44 98.11 97.86 97.14
96.86 95.35 92.64 94.98 92.78
97.34 98.3 98.39 98.32 98.41
98.04 98.32 98.13 97.75 96.75
96.6 95.43 92.52 89.82 93.96
95.88 96.95 96.61 97.29 98.17
98.39 97.84 97.76 97.9 97.44
96.35 96.29 96.48 94.06 89.65
86.73 85.08 84.02 87.63 84.79
83.69 82.84 76.88 83.44 85.85
86.03 91.29 93.04 95.09 95.05
95.36 95.88 96.7 96.1 96.5
95.75 95.5 94.21 94.7 93.91
94.82 94.75 95.78 95.93 97.4
95.52 97.16 96.05 95.61 95.67
93.49 93.89 96.38 97.21 98.18
98.54 97.85 98.15 97.83 97.63
96.95 97.54 97.53 96.62 96.14
97.29 97.47 97.62 97.88 98.08
98.16 98.1 98.04 97.59 97.9
97.62 97.44 97.55 97.49 97.47
97.15 97.49 97.48 93.86 91.77
91.6 92.85 94.41 94.94 93.46
96.32 96.74 94.75 95.69 97.5
96.65 95.35 96.53 97.56 96.07
94.95 95.8 96.97 95.51 94.6
94.39 93.93 93.18 91.99 92.57
95.04 95.4 95.89 95.21 94.53
95.37 95.57 93.07 93.3 93.73
91.92 88.51 88.14 87.03 89.45
90.99 91.92 91.98 93.23 95.04
95.23 94.8 97.3 97.74 97.04
97.39 97.7 97.28 97.94 96.73
97 97.47 97.96 98.06 98.25
98.21 98.28 98.23 98.33 98.15
97.96 97.54 96.64 96.28 96.53
97.52 98.32 98.37 98.49 98.35
98.15 97.67 97.44 97.25 95.46
95.9 97.67 97.24 97.01 95.02
93.69 93.6 90.31
