33.21 32.09 31.93 38.37 38.5
35.29 36.79 36.57 37.07 35.72
36.18 35.17 35.88 35.1 36.67
36.79 36.31 34.21 34.55 35.45
35.97 40.35 38.55 38.79 38.51
40.24 37.11 43.09 31.94 36.5
34.51 47.83 38.65 33.92 38.7
35.06 39.25 34.4 34.75 32.3
30.32 29.22 33.12 29.73 33.34
31.61 33.08 42.47 43.02 61.48
84.08 89.57 88.69 89.17 86.85
93.1 91.75 93.38 94.77 95.64
96.3 96.97 98.5 98.54 98.11
98.35 98.65 98.86 98.61 98.63
97.98 98.08 98.55 98.71 98.72
98.71 98.8 98.85 98.83 98.71
98.68 98.66 98.37 98.53 98.2
98.56 98.62 98.19 98.6 98.66
98.51 98.1 98.29 98.43 98.34
97.74 97.52 95.77 98 97.82
97.43 97.09 97.75 97.56 98.23
98.29 97.81 97.42 97.19 98.05
98.43 98.1 98.13 97.44 98.27
98.58 98.53 98.57 98.58 98.59
98.68 98.76 98.85 98.65 98.49
98.77 98.81 98.69 98.66 98.71
98.84 98.79 98.87 98.84 98.69
98.76 98.39 98.88 98.86 98.72
98.78 98.79 98.78 98.77 98.78
98.74 98.84 98.63 98.62 98.73
98.7 98.64 98.77 98.67 98.64
98.58 98.84 98.63 98.75 98.24
98.35 97.83 97.92 96.78 98.23
98.32 98.56 98.6 98.73 98.79
98.66 98.58 98.77 98.78 98.8
98.75 98.64 98.69 98.89 98.88
98.7 98.83 98.88 98.77 98.57
98.81 98.83 98.45 98.67 98.19
98.02 98.73 98.48 98.57 98.6
98.79 98.69 98.83 98.88 98.53
98.74 98.85 98.88 98.79 98.82
98.85 98.83 98.66 98.76 98.76
98.58 98.05 98.32 97.87 98.03
98.48 98.29 98.66 98.84 98.79
98.87 98.76 98.56 98.67 98.81
98.85 98.8 98.77 98.91 98.9
98.82 98.88 98.87 98.85 98.8
98.74 98.63 98.34 97.9 97.24
97.18 98.44 98.63 98.64 98.67
98.66 98.43 98.38 96.77 95.65
97.65 97.98 97.26 98.23 96.24
96.87 97.55 97.97 98.7 98.53
98.72 98.87 98.93 98.9 98.86
98.81 98.72 98.71 98.63 98.76
98.53 98.65 98.74 98.1 98.12
98.52 98.48 98.37 98.56 98.71
98.49 98.46 98.56 98.55 98.13
98.1 97.68 98.7 98.76 98.88
98.89 98.92 98.89 98.86 98.86
98.85 98.87 98.83 98.83 98.74
98.75 98.71 98.65 98.71 98.73
98.39 98.59 98.45 98.2 98.8
98.86 98.93 98.9 98.91 98.8
98.79 98.79 98.86 98.69 98.82
98.38 98.84 98.77 98.84 98.58
98.76 91.31 98.72 98.78 98.72
98.83 98.85 98.9 98.92 98.87
98.78 98.21 96.95 97.39 98.3
97.05 97.13 98.05 98.42 98.04
96.64 98.27 98.51 98.52 97.92
97.88 97.67 97.29 97.69 96.83
96.01 95.56 95.43 94.73 98.05
98.3 98.37 98.13 96.91 96.45
95.67 94.87 97.36 95.29 92.72
89.61 90.1 92.49 95.46 92.71
94.91 96.86 97.41 98.1 97.84
96.55 96.02 95.97 97.11 98.46
98.63 98.73 98.83 98.83 98.8
98.89 98.88 98.86 98.87 98.9
98.88 98.84 98.84 98.83 98.64
98.56 98.48 98.6 98.84 98.77
98.69 98.82 98.81 98.62 98.59
98.81 98.75 98.28 98.67 98.74
98.41 98.31 98.58 98.26 97.99
97.93 98.14 97.84 96.83 97.39
97.19 98.26 98.22 98.2 97.77
97.3 91.09 98.24 98.76 98.86
98.71 98.88 98.8 98.75 98.77
98.45 97.39 94.95 95.1 96.06
97.7 97.14 97.32 98.43 97.99
98.06 98.5 98.52 98.1 98.4
98.39 98.61 98.85 98.8 98.82
98.7 98.27 98.29 96.61 96.4
95.99 98.37 98.67 98.75 98.85
98.91 98.85 98.87 98.79 98.6
98.71 98.08 98.36 98.16 98.61
98.72 98.53 98.64 98.74 98.63
98.49 98.59 98.5 97.18 95.64
94.15 94.43 96.39 97.44 96.73
97.11 97.24 96.98 96.51 95.14
95.42 94.5 92.94 89.87 87.9
91.6 96.93 98.08 95.65 95.75
97.19 97.34 98.17 98.05 98.52
98.2 98.28 98.32 98.69 98.39
98.24 97.59 98.1 98.05 98.6
98.31 98.09 98.47 98.61 98.41
98.73 98.67 98.68 98.69 98.8
98.74 98.8 98.81 98.79 98.66
98.76 98.81 98.62 98.7 98.82
98.62 98.77 98.58 98.53 98.74
98.48 98.73 98.76 98.47 98.38
96.24 95.03 95.6 98.11 98.5
98.64 98.7 98.52 98.37 98.71
98.55 98.68 98.67 98.62 98.65
98.47 98.61 98.78 98.62 98.79
98.84 98.68 98.79 98.87 98.88
98.79 98.84 98.7 98.49 98.31
98.22 98.62 98.69 98.79 98.78
98.87 98.73 98.83 98.86 98.83
98.78 98.85 98.79 98.83 98.76
98.81 98.83 98.75 98.73 98.63
98.75 98.43 98.79 98.63 98.52
98.76 98.75 98.8 98.84 98.78
98.31 98.46 96.48 97.9 98.56
98.54 98.76 98.79 98.79 98.73
98.87 98.74 98.85 98.85 98.68
98.64 98.69 98.72 98.19 97.54
96.79 97.94 98.2 97.03 98.09
98.69 98.56 98.79 98.85 98.83
98.61 97.88 96.1 93.78 94.52
94.33 92.42 95.77 97.98 97.63
97.51 98.57 98.48 97.83 97.76
98.41 97.64 98.63 98.5 98.62
98.55 98.22 98.48 98.24 96.85
95.4 94.37 93.76 92.61 95.66
97.1 97.39 95.58 97.53 98.31
98.45 98.39 98.54 98.6 98.65
98.36 98.5 98.53 98.03 98.26
98.6 98.83 98.83 98.8 98.84
98.79 98.44 98.57 98.51 98.04
97.13 95.77 96.06 95.94 97.71
98.25 94.57 92.54 92.7 97.76
97.54 97.78 98.29 98.52 98.49
98.58 98.75 98.77 98.51 98.62
97.67 98.48 98.86 98.9 98.87
98.76 98.4 97.09 96.85 98.27
98.59 98.57 98.58 98.81 98.57
98.12 98.67 98.46 98.76 98.51
98.38 98.39 98.21 98.08 98.74
98.88 98.83 98.79 98.71 98.54
98.61 98.72 98.24 98.55 98.62
98.83 98.6 98.7 98.5 98.66
98.05 97.56 96.08 96.67 98.28
96.85 98.78 98.58 98.76 98.82
98.69 98.83 98.79 98.37 98.48
98.71 98.63 98.49 98.67 98.7
98.75 98.44 98.71 98.08 98.37
98.23 98.02 97.63 96.81 93.91
88.99 93.46 94.05 95.37 96.89
98.22 98.06 98.42 98.82 98.7
98.79 98.78 98.79 98.55 98.78
98.55 98.74 98.83 98.63 98.75
98.87 98.85 98.88 98.87 98.89
98.83 98.84 98.86 98.77 98.75
98.79 98.41 98.15 98.1 98.37
98.78 98.78 98.63 98.78 98.81
98.84 98.83 98.84 98.87 98.91
98.88 98.9 98.91 98.92 98.92
98.83 98.8 98.76 98.82 98.44
98.47 98.66 98.65 98.37 98.63
98.22 98.11 98.36 96.68 94.76
96.64 97.34 98.57 98.69 98.29
98.56 98.73 98.82 98.75 98.81
98.49 98.46 98.28 98.48 98.5
97.77 97.18 97.92 98.27 98.29
98.62 98.1 98.11 97.81 98.58
98.79 98.45 98.71 98.82 98.87
98.84 98.82 98.83 98.52 98.89
98.76 98.6 98.61 98.13 96.38
95.05 94.62 93.52 94.51 94.5
95.76 98.47 98.64 98.68 98.83
98.85 98.55 98.45 98.81 98.8
98.76 98.67 98.85 98.71 98.84
98.87 98.88 98.83 98.9 98.89
98.85 98.87 98.9 98.89 98.84
98.85 98.79 98.76 98.8 98.75
98.69 98.67 98.69 98.47 98.34
97.73 98.45 98.03 98.2 97.68
98.17 98.42 98.69 98.75 98.77
98.56 98.63 98.56 98.76 98.75
98.36 98.25 97.46 97.61 98.19
97.9 96.91 96.88 96.38 96.12
96.38 97.78 97.75 98.57 98.44
98.49 98.5 98.58 98.71 98.63
98.66 98.62 98.52 98.25 98.34
98.5 97.21 98.04 97.18 97.47
98.54 98.7 98.79 98.72 98.25
98.44 98.35 98.35 97.21 97.29
95.04 96.49 97.69 95.74 94.93
95.55 94.41 94.18 94.4 93.3
91.71 83.29 79.25 75.65 60.55
37.35 58.47 59.02 34.5 40.73
39.5 45.97 44.84 42.71 41.92
42.83 44.81 45.8 39.74 36.19
