39.61 42.42 56.35 56.07 56.9
65.23 63.12 65.58 65.69 62.77
68.65 61.53 64.47 60.53 56.92
59.4 52.7 48.63 45.22 42.88
43.56 42.88 36.97 43.54 42.37
40.48 39.78 43.97 42.46 40
43.69 46.95 43.8 44.77 53.79
59.66 68.64 82.62 79.57 84.02
75.52 69.23 66.61 73.63 80.91
87.65 83.62 82.65 86.7 82.33
82.54 81.45 85.24 83.34 85.28
86.12 83.64 80.13 77.91 83.59
89.32 90.93 92.36 91.4 90.38
88.87 83.8 81.36 73.38 73.45
77.21 72.44 77.16 75.78 75.93
75 77.69 74.81 82.19 88.08
88.19 90.86 89.51 87.21 91.64
88.61 87.01 86.61 86.45 82.89
76.17 78.8 87.01 89.91 93.48
91.48 92.22 87.61 82.53 87.36
91.57 93.27 94.09 94.77 91.86
90 84.5 85.34 87.62 91.7
91.16 90.74 87.45 82.26 77.38
70.98 70.2 72.47 81.98 86.99
90.67 92.36 92.4 92.69 93.27
95.57 95.31 95.67 94.01 92.35
84.51 76.91 68.54 58.91 56.33
57.54 70.55 77.84 84.97 91.86
92.19 93.72 91.15 89.92 86.31
82.1 87.1 89.98 91.32 90.66
92.35 95.48 96.43 96.8 96.15
94.56 93.02 91.94 89.45 84.67
84.72 84.71 86.46 85.12 85.28
89.6 88.48 88.25 89.19 87.03
85.12 81.59 79.74 80.9 83.87
90.52 92.18 93.97 95.35 96.22
96.38 94.32 93.42 90.79 89.18
85.07 84.11 87.51 88.2 89.76
91.45 90.99 92.75 91.87 91.71
93.73 94.22 91.96 91.43 92.81
90.88 89.43 89.47 86.81 83.49
83.6 82.07 87.33 89.08 89.76
89.5 89.42 88.84 88.94 91.42
92.23 91.57 92.37 91.87 92.61
93.41 91.55 84.36 84.47 88.73
84.74 87.06 90.9 92.02 91.7
90.61 89.15 88.75 91.72 92.01
92.08 90.7 87.73 88.12 88.69
87.97 85.12 86.7 90.7 91.53
93.36 94.29 94.01 94.5 90.22
91.32 91.38 93.51 91.64 91.29
90.98 87.27 88.3 91.18 90.26
88.53 90.67 91.29 86.95 87.27
88.58 86.39 83.63 71.61 63.49
50.84 50.44 54.46 42.53 43.24
64.97 61.42 77.7 77.87 84.52
86.15 84.22 87 90.89 89.57
91.19 87.24 87.98 87.39 76.79
66.04 59.83 59.15 68.08 74.13
84.55 86.96 86.1 84.74 76.37
68.94 66.79 65.01 64.13 58.31
56.39 54.55 59.26 60.9 70.85
79.48 77.3 78.66 84.25 84.6
80.99 81.12 84.52 84.89 85.31
82.93 80.63 75.45 72.04 74.08
80.35 83.82 85.25 87.77 89.17
89.16 90.44 84.21 82.67 79.08
73.57 67.19 72.75 62.34 60.03
64.31 72.91 77.6 83.98 87.9
89.94 90.16 90.33 89.79 88.9
87.36 84.5 77.29 70.49 60.61
60.49 59.34 61.13 72.36 75.6
83.33 86.04 86.89 85.36 82.61
75.2 59.94 62.94 65.03 72.46
80.73 84.47 85.41 86.27 86.42
84.68 81.84 82.43 81.99 76.6
76.39 84.11 84.34 87.64 88.11
90.24 90.31 91 90.38 87.69
87.85 81.49 79.22 74.36 78.14
79.64 83.72 82.01 83.68 87.86
87.79 82.2 84.53 84.43 86.7
82.19 84.56 81.5 74.25 64.4
56.08 49.93 37.48 38.3 34.09
32.31 29.16 32.19 32.17 27.83
29.97 29.37 30.31 28.97 25.68
25.93 28.05 30.17 31.43 27.96
30.85 31.62 31.97 33.37 31.49
32.51 34.78 30.22 29.84 31.44
30.25 29.12 29.76 31.8 33.48
28.1 29.82 27.79 25.69 25.14
24.81 25.57 31.8 30.91 28.09
29.25 28.81 26.2 25.98 23.64
25.27 19.68 24.77 23.72 29.56
27.82 27.13 26.19 27.45 25.98
28.65 25.39 28.08 24.59 25.72
24.23 25.35 25.2 25.85 27.79
28.8 24.53 32.55 24.62 24.91
26.98 26.81 27.81 29.05 29.14
30.84 29.52 31.2 31.58 33.6
29.78 23.81 24.23 23.76 26.36
25.79 24.02 24.88 23.56 26.65
28.37 23.46 23.59 23.24 24.67
26.02 24.32 24.71 25.36 25.22
25.55 23.88 26.83 25.06 25.06
26.78 26.88 27.33 27.65 27.68
26.53 34.31 30.3 26.26 24.25
26.19 25.82 27.46 25.98 26.12
27.63 27.3 26.8 27.67 29.71
28.94 27.19 26.89 26.69 26.66
26.41 28.33 26.59 36.68 27.09
25.48 25.87 25.38 24 26.04
25.93 25.78 26.39 24.91 24.06
24.34 23.32 24.04 22.54 24.12
25.24 26.13 31.16 26.56 29.28
31 25.14 26.8 27.01 25.09
30.13 25.32 25.45 35.08 23.99
32.08 24.12 32.74 29.95 29.8
29.91 29.55 29.99 28.73 33.89
33.74 26.19 25.73 26.49 25.89
34.03 31.04 25.83 28.9 29.33
30.99 28.31 28.88 25.66 28.88
28.21 28.8 24.96 28.22 25.07
29.63 27.97 28.37 42.84 29.91
28.05 31.74 30.01 28.56 28.04
28.49 26.51 34.97 35.96 24.92
31.25 24.04 24.05 24.46 25.44
24.69 27.69 27.71 26.33 26.07
25.96 26.13 28.93 28.04 27.98
30.11 27.43 27.03 28.44 26.95
33.61 25.29 26.95 27.3 29.39
27.23 28.19 27.09 28.51 35.09
23.42 24.13 24.93 24.59 25.58
24.14 30.23 27.32 27.98 25.66
28.14 29.44 28.13 30.05 28.48
25.95 23.42 22.3 21.96 23.66
23.58 24.32 24.2 25.73 25.23
26.39 26.01 26.36 25.35 24.6
24.03 24.41 24.26 25.02 24.95
24.57 26.46 24.29 29.16 27.3
32.6 34.48 28.9 28.42 27.87
33.84 29.03 34.75 26.86 28.29
29.89 27.91 28.06 26.28 30.4
32.48 28.13 29.2 26.63 28.52
26.04 25.68 25.06 23 37.76
23.86 25.63 26.45 30.76 30.23
26.76 25.08 28.08 27.69 30.83
24.89 25.27 25.46 25.23 25.36
24.43 24.93 27.79 24.17 27.58
24.96 24.48 25.79 25.58 24.45
24.65 23.39 25.06 25.14 23.29
25.17 23.96 27.49 27.51 24.63
26.09 27.91 26.83 27.19 27.02
28.13 25.97 28.35 27.97 26.48
30.06 27.04 27.75 27.78 28.92
25.56 27.14 29.62 29.51 27.06
27.71 27 30.11 29.6 29.03
29.76 27.11 29.52 28.29 28.89
28.64 29.7 24.51 29.67 26.01
29.13 28.6 26.68 25.7 27.53
26.67 24.72 28.71 24.84 27.53
30.75 29.7 31.27 26.88 28.92
26.39 26.82 28.06 25.55 29.39
28.08 28.56 29.23 31.32 30.05
31.4 30.95 35.31 30.01 26.76
33.27 27.46 25.22 26.32 25.8
25.47 24.11 24.97 24.83 26.89
24.59 24.51 27.23 27.9 26.62
25.66 26.9 32.6 22.94 24.91
26.18 30.16 29.33 24.11 25.91
26.41 23.15 24.59 25.24 25.21
24.96 25.35 25.77 31.27 35.13
23.3 24.84 25.85 23.5 24.49
29.37 25.84 27.16 26.57 26.29
26.73 29.74 24.05 24.85 28
33.64 24.87 27.27 28.04 26.26
25.64 24.12 32.18 25.23 29.21
24.6 26.44 25 25.62 24.9
25.1 23.48 23.93 24.2 23.72
23.14 23.94 26.44 25.03 25.48
24.39 28.78 27.51 24.87 28.11
26.1 25.53 31.51 24.48 30.21
24.43 25.9 27.18 26.76 38.54
28.05 24.1 25.9 25.84 30.01
26.62 28.6 29.67 29.56 29.44
28.36 26.83 26.37 29.43 22.38
29.74 24.68 28.91 29.5 29.15
28.91 31.12 31.16 31.99 38.42
36.65 26.01 33.07 31.86 27.46
37.47 24.9 30.16 24.91 25.42
25.31 25.4 24.67 25.16 22.94
24.75 23.47 22.63 25.45 24.41
24.54 21.88 25.03 24.08 27.9
27.21 26.02 27.43 27.65 30.12
34.62 29.62 31.44 29.05 29.21
32.09 33.51 25.5 24.92 24.35
25.17 27.52 25.64 33.52 24.22
25.97 25.38 26.12 26.46 34.28
29.64 25.83 26.73 24.97 26.51
25.07 27.4 29.33 29.72 30.01
28.78 25.67 28.23 26.6 28.69
25.44 31.89 28.98 27.96 26.78
24.4 26.63 28.97 26.43 29.34
27.7 27.14 25.58 25.93 29.15
26.36 27.78 31.15 27.43 28.07
27.79 28.57 27.97 26.47 27.36
24.03 27.2 23.7 24.09 23.57
23.39 23.46 24.08 24.28 24.9
25.57 27.59 27.12 27.53 26.56
25.84 27.67 27.56 26.53 28.59
29.1 28.32 28.57 27.5 29.96
33.45 27.99 25.86 24.65 23.64
30.06 28.24 22.36 23.06 23.5
24.83 25.02 24.41 24.13 28.47
23.9 25.51 24.51 24.67 26.98
28.06 33.29 26.15 28.57 29.02
29.23 29.4 27.78 27.98 27.67
26.01 25.1 26.55 25.05 25.32
25.74 26.9 24.9 24.85 25.47
23.73 25.21 24.3 24.9 24.47
24.59 24.29 23.74 27.89 28.51
25.09 24.72 25.65 26.11 27.46
25.2 26.77 25.84 29.59 26.32
28.46 29.11 29.68 27.46 27.57
25.9 26.45 29.94 35.97 33
30.35 32.83 28 33.74 32.27
41.36 43.21 30 29.52 27.25
24.82 25.61 25.92 27.56 28.07
31.45 32.75 30.43 27.46 25.68
35.48 35.09 25.28 27.1 27.04
28.61 28.9 30.24 28.49 34.52
26.59 26.56 26.33 31.38 33.73
26 25.35 24.15 28.14 24.31
28.09 26.49 32.54 26.11 25.93
26.67 25.91 27 24.01 24.88
25.98 25.13 24.28 25.34 26.16
24.35 25.17 26.52 28.64 25.98
26.03 27.02 28.63 34.37 23.51
23.53 24.32 23.91 24.68 25.9
26.32 25.67 25.33 26.08 25.68
26.01 26.13 24.76 28.9 30.23
30.24 35.48 28.98 27.94 29.03
30.08 23 23.96 23.67 27.31
22.89 25.87 29.19 25.31 26.89
26.85 28.49 23.13 21.89 24.01
24.94 22.52 23.2 23.23 25.33
24.33 23.1 25.61 21.34 23.54
22.37 22.54 23.73 24.02 24.93
26.09 28.48 24.71 25.54 25.37
27.08 27.52 24.27 26.3 27.73
26.03 23.37 34.58 29.84 28.05
31 27.07 27.02 24.79 27.57
25.38 29.8 29.17 33.85 30.01
29.19 31.28 27.31 30.76 32.2
30.31 32.82 31.44 28.44 28.72
33.29 27.2 27.33 26.13 25.81
25.49 24.57 24.67 22.62 28.7
23.24 24.04 28.42 25.98 21.5
22.89 24.43 28.22 27.22 32.28
30.37 28.34 28.94 26.12 27.11
29.33 24.64 27.45 24.85 24.79
24.47 24.32 24.49 25.48 27.95
25.15 25.64 25.77 25.07 26.88
24.25 24.99 23.16 25.19 21.61
25.22 22.96 26.51 25.09 25.28
29.25 30.5 24.5 28.14 26.75
27.94 28.11 26.55 29.9 25.36
28.02 30.49 29.98 34.35 31.58
32.85 30.14 29.94 31.07 31.51
33.15 31.2 30.71 29.57 28.2
28.84 29.01 27.83 27.31 29.63
31.36 30 32.96 28.34 29.54
30.52 25.61 28.99 27.65 30.47
30.57 31.31 30.22 34.5 32.14
30.95 32.06 33.83 28.33 29.03
27.65 26.31 25.81 24.99 24.09
25.04 25.69 25.77 28.94 27.82
38.05 29.64 31.46 28.32 32.26
27.94 32.69 32.13 30.1 31.47
29.85 27.44 27.34 25.78 34.43
28.14 28.05 28.27 29.64 28.75
31.64 29.29 29.84 33.28 28.48
31.95 33.4 29.8 34.22 34.31
34.25 33.42 33.58 33.33 33.56
34.45 38.59 40.28 36.91 41.3
42.42 37.48 41.86 43.35 40.94
40.79 40.88 40.05 39.1 37.13
37.45 35.53 35.1 35.42 32.9
33.79 30.79 31.69 30.74 32.79
33.28 33.78 32.63 29.81 30.09
28.65 27.99 29.28 30.4 29.87
28.89 28.12 27.22 26.96 27.5
29.75 29.64 27.22 28.14 26.04
26.27 31.82 28.95 25.23 28.6
30.56 30.68 30.41 32.88 31.72
30 33.16 29.08 26.18 26.58
25.26 29.71 29.22 31.04 31.55
27.79 30.72 33.84 31.01 33.94
30.73 30.92 26.61 25.28 29.73
31 30.32 32.41 30.78 34.01
33.19 33.81 32.86 35.07 34.38
36.67 42.77 34.18 33.77 34.23
36.86 32.11 30.91 29.12 30.35
32.71 33.21 34.7 32.58 35.29
36.91 35.04 36.3 32.71 35.39
34.61 35.16 33.6 32.8 30.57
27.74 28.38 28.26 29 29.08
26.17 29.67 25.13 24.21 29.6
23.17 27.14 26.09 24.41 27.03
26.12 27.38 25.67 25.13 29.05
31.61 32 31.77 34.28 33.19
28.67 29.17 28.53 31.72 27.47
27.54 30.66 30.46 32.85 29.94
31.79 29.53 31.71 27.65 25.37
25.14 25.89 26.9 27.03 26.22
29.91 26.93 32.34 28.09 30.13
33.35 33.03 32.36 28.9 30.89
24.72 27.5 25.56 28.7 30.42
33.26 31.1 31.89 37.31 33.93
33.69 30.03 31.86 31.26 28.48
30.18 38.24 28.27 26.26 27.32
29.86 26.2 26.95 29.71 25.65
21.54 30.76 37.34 33.71 39.01
31.93 41.57 33.84 22.79 22.37
25.3 30.3 35.89 34.48 33.37
30.67 29 31.33 34.21 36.48
39.06 36.91 35.22 37.13 37.69
36.11 36.24 41.06 39.34 42.7
44.85 52.38 53.12 54.01 53.56
61.93 64.91 66.22 70.59 68.9
74.03 77.08 78.08 78.21 79.36
77.01 79.83 81.31 78.78 78.44
79.95 79.87 78.25 76.09 77.98
71.87 66.25 73.18 68.32 58.92
54.47 50.17 45.17 40.21 42.03
36.91 38.78 35.28 29.49 30.18
28.92 31.67 28.25 33.85 33.64
31.04 28.32 25.97 27.03 30.93
31.16 30.62 30.16 29.01 28.79
27.51 35.58 30.45 37.79 48.06
57.66 66.27 86.79 92.14 93.87
93.44 91.76 93.11 95.21 93.64
93.03 93.61 93.82 92.73 92.85
92.92 91.11 90.33 89.49 84.67
88.35 93.46 91.24 88.61 90.76
91.93 89.36 87.73 86.99 84.87
81.86 78.27 73.71 71.17 68.67
68.06 64.85 58.28 53.57 58.13
52.76 53.16 60.1 60 75.9
85.08 87.93 89.4 91.29 92.31
90.6 89.5 88.7 86.91 92.24
89.76 91.32 94.56 95.33 94.9
93.19 90.32 89.36 91.96 92.54
95.66 93.78 93.92 92.51 94.84
96.54 97.49 95.16 93.77 86.13
72.19 63.04 52.91 52.05 48.95
54.48 48.13 56.46 60.11 70.53
92.4 95.38 96.84 97.43 98.22
98.45 98.34 97.78 97.48 94.83
93.28 89.98 91.58 93.56 95.25
95.28 98.01 98.5 98.47 98.21
96.92 97.17 97.39 95.63 93.5
91.96 95.29 95.45 94.49 95.19
97.46 96.66 94.45 96.34 96.57
93.86 93.88 93.7 93.16 94.92
94.8 96.57 97.99 98.12 97.92
96.24 94.68 94.38 93.79 90.26
86.44 80.27 77.97 84.64 89.76
92.15 95.19 95.8 96.43 96.55
96.5 93.92 87.63 84.26 90.01
92.16 94.16 92.47 92.53 88.41
88.9 93.06 94.03 95.91 95.03
94.65 92.68 93.32 94.45 93.31
93.35 94.17 93.13 91.92 95.08
95.96 96.28 96.59 95.08 95.75
94.24 93.98 91.65 88.6 84.97
78.33 70.85 57.11 54.98 50.43
50.56 46.77 34.07 49.3 48.72
55.73 60.64 77.25 89.4 92.27
94.97 95.98 97.28 97.73 97.4
96.96 94.26 90.84 91.09 82.56
65.82 68.26 84.02 91.34 91.89
84.88 88.98 92.54 92.82 93.5
95.07 94.53 93.75 95.68 95.69
93.88 92.67 93.08 91.78 89.05
86.24 86.63 81.02 76.37 79.96
82.82 90.51 95.84 96.81 98.16
98.23 98.19 94.63 94.07 93.28
95.01 94.88 94.31 96.58 97.72
96.92 97.5 97.94 98.02 97.95
97.81 97.27 96.86 97.18 95.6
94.09 95.1 94.89 91.62 92.54
93.27 92.43 94.64 94.46 93.97
96.33 94.27 92.06 95.29 94.8
90.79 91.25 94.58 93.01 89.93
93.85 94.81 91.32 91.89 94.89
94.12 90.42 92.71 94.17 94.31
95.7 96.69 96.13 96.48 97.52
97.2 94.61 95.57 96.59 94.53
92.42 93.33 93.32 90.03 85.94
86.87 86.58 91.97 93.07 93.09
93.53 91.6 90.6 92.41 91.96
92.09 92.63 92.45 92.19 91.84
90.31 90.01 90.51 88.42 85.51
77.01 79.74 76.58 81.05 83.62
89.84 86.57 90.25 90.22 86.19
89.56 91.46 89.62 86.8 87.9
82.13 74.04 63.55 64.55 70.67
71.89 72.66 75.21 81.85 85.67
84.42 86.94 88.78 87.34 87.29
85.39 84.5 90.88 89.22 90.14
92.93 92.75 91.06 88.97 85.41
85.5 89.95 91.21 92.64 90.82
88.83 86.64 92.15 94.08 95.65
92.09 91.57 85.38 68.91 59.05
53.11 48.21 47.71 57.76 71.39
89.91 93.23 94.69 95.31 96.65
96.58 96.61 96.19 94.19 94.42
94.52 92.67 91.44 90.27 92.63
94.16 97.31 98.01 97.51 96.76
94.18 93.41 93.5 91.56 88.46
89.21 91.66 92.9 91.28 92.96
95.37 95.06 93.35 95.26 95.63
93.98 93.15 93.44 94.23 95
95.05 95.93 96.5 95.91 94.84
92.11 83.98 71.69 64.9 52.1
52.59 58.03 52.57 50.64 50.65
55.6 64.78 78.62 88.63 88.49
86.39 80.25 75.44 76.3 83.89
87.25 88.49 87.67 84.71 79.26
84.14 91.8 92.57 94.42 92.76
93 90.64 90.94 91.7 91.57
89.9 88.67 86.08 84.98 80.68
79.33 79.42 81.62 84.4 90.34
91.73 93.3 93.36 94.19 94.92
93.53 94.23 92.34 91.64 87.32
82.38 85.34 86.67 90.93 92.17
93.51 94.21 95.26 94.95 95.08
94.43 92.1 91.67 88.24 85.43
89.56 88.18 86.42 84.16 83.94
84.39 86.29 88.46 86.14 88.13
91.12 90.96 91.1 91.62 92.93
91.3 91.18 92.25 90.11 88.2
86.35 87.7 84.46 81.7 87.31
85.81 89.14 95.12 96.53 97.45
96.79 95.22 92.45 90.37 90.28
90.44 90.19 93.28 93.75 94.98
95.24 96.13 96.03 96.67 97.1
96.77 95.89 96.48 96.36 94.24
93.97 94.6 94.03 91.49 91.2
90.51 93.11 93.23 94.77 95.49
95.84 94.72 94.26 95.91 95.76
94.12 93.6 94.88 93.64 91.32
91.76 93.17 90.97 87.7 93.37
94.21 91.21 92.83 93.53 93.03
93.61 94.75 94.4 95.03 95.96
95.02 94.1 94.03 94.1 93.21
91.92 90.48 90.52 88.19 83.7
80.9 76.72 72.45 65.75 54.53
43.72 41.59 47.63 42.36 39.67
36.44 40.01 36.92 29.76 34.57
31.72 34.8 33.88 32.34 29.15
31.17 33.6 32.11 35.4 35.68
36.07 36.39 35.91 30.25 33.65
