32.34 35.5 30.95 35.62 32.07
35.31 32.89 34.93 37.22 36.65
35.9 35.04 35.11 35.25 32.53
32.11 32.78 36.67 41.64 57.07
69.15 81.38 87.88 89.54 90.18
91.44 87.8 87.92 91.3 91.47
89.49 92.12 90.4 92.83 90.25
89.95 90.85 88.13 88.29 92.61
91.49 92.44 92.52 92.37 91.98
90.58 89.71 89.02 85.13 81.76
84.91 83.86 86.54 89.2 90.21
91.5 93.11 90.6 89.03 83.2
77.44 83.37 87.46 84.86 74.17
75.02 78.55 88.65 89.99 89.33
90.25 89.94 88.24 85.32 80.88
79.45 77.84 81.42 88.34 92.08
92.13 93.16 92.73 92.7 89.79
89.96 90.81 90.21 86.45 85.08
87.5 90.26 89.78 90.26 90.78
91.79 92.22 92.25 91.96 91.05
90.53 87.34 86 84.38 86.25
90 92.73 91.79 93.1 92.32
92.09 93.11 93.69 92.5 92.16
90.42 88.21 82.69 84.52 85.98
86.21 86.73 83.42 85.12 91.91
91.9 90.5 90.6 88.47 87.34
86.19 89.85 86.06 89.18 84.35
84.75 81.68 73.96 77.78 78.69
79.41 86.24 88.15 90.69 90.13
90.2 89.93 89.24 89.35 89.01
86.17 85.93 88.21 85.9 88.65
88.07 89.52 90.67 91.7 92.62
91.53 89.48 89.15 89.76 88.7
87.72 78.96 74.44 71.45 69.13
63.82 62.6 67.19 85.98 85.7
83.53 85.04 81.97 74.12 65.79
62.89 58.63 63.62 56.1 67.5
70.08 80.18 83.87 83.64 82.8
87.73 90.39 89.84 90.46 86.54
84.04 87.05 88.36 83.74 86.55
90.04 91.08 89.91 92.18 93.07
93.08 92.12 92.86 91.48 91.14
90.15 89.43 88.54 90.65 91.8
91.95 93.2 92.55 88.76 90.2
89.75 90.88 91.96 86.24 83.08
72.56 59.75 46.1 42.17 39.95
38.23 53.65 62.33 68.5 75.48
87.12 87.75 89.59 85.81 86.8
84.78 87.77 85.11 87.76 79.63
75.31 72.26 64.5 69.09 69.63
68.48 80.23 85.21 88.53 89.15
90.58 91.54 91.69 88.25 86.24
81.77 70.65 77.09 79.6 88.99
91.41 93.31 92.96 93.73 90.62
88.84 78.18 77.9 84.35 86.25
87.86 86.78 82.59 76.94 76.38
74.08 81.6 85.39 86.08 82.46
91.3 91.81 90.49 89.71 87.46
86.2 82.05 79.06 76.77 76.7
77.21 81.63 86.61 89.33 91.87
92.64 93.89 92.8 92.33 90.42
86.55 80.67 76.88 82.02 89.4
92.37 92.65 91.3 91.2 89.51
88.11 85.64 76.77 69.66 64.86
64.14 67.94 74.76 82.57 85.08
89.55 84.4 85.58 90.23 91.67
91.68 91.01 88.14 87.64 89.19
82.43 86.96 90.96 93.19 92.69
93.57 94.14 93.3 88.82 87.68
81.07 81.18 75.48 70.65 75.13
81.08 84.92 91.84 93.81 94.09
94.23 93.59 93.69 92.17 88.6
81.32 79.54 81.26 81.67 78.56
84.66 90.11 89.08 92.18 89.84
89.22 83.38 88.73 87.07 89.87
91.5 93.58 93.79 92.79 92.21
88.01 85.94 90.32 85.51 85.85
88.45 88.32 89.39 92.78 92.75
93.95 94.03 94.64 93.38 90.59
88.83 81.16 74 68.17 67.54
86.75 84 87.84 90.6 93.32
89.77 89.76 90.88 91.12 90.54
89.44 89.82 87.73 87.07 87.59
86.14 88.51 90.04 87.96 88.73
90.03 86.34 80.26 85.32 82.27
79.2 77.74 80.93 80.49 82.32
80.89 85.66 87.14 88.27 88.73
90.07 91.48 91.5 89.25 88.69
90.35 87.92 87.36 84.96 87
86.26 86.98 88.19 88.57 90.48
93.49 92.05 92.27 92.43 91.67
91.16 88.7 86.67 81.11 79.84
83.59 83.64 81.54 81.45 87.74
91.41 91.02 89.92 90.45 89.82
88.5 82.17 72.96 84.98 87.35
90.95 92.43 90.6 88.9 86.69
86.44 88.01 86.39 84.16 81.31
84.39 83.54 87.2 88.36 88.72
91.41 91.99 93.26 91.91 90.82
90.37 85.83 87.26 85.46 90.13
87.48 90.66 90.02 88.93 80.89
79.11 79.12 80.29 77.96 80.35
79.14 76.93 73.8 73.36 75.53
79.63 76.97 81.35 86.51 82.91
84.58 90.05 89.73 91.12 89.02
88.13 86.37 88.81 85.83 89.12
91.56 93.37 93.6 93.13 93.61
92.22 87.65 85.81 78.09 72.46
67.69 66.85 78.96 83.22 86.15
90.83 91.28 92.29 92.92 91.72
93.1 91.48 88.21 79.09 74.97
76.5 72.67 82.89 86.74 88.43
90.95 90.87 91.82 91.89 87.86
86.41 87.15 90.79 92.19 93.13
93.2 92.13 91.4 87.77 90.33
85.78 86.48 88 86.6 89.35
90.07 89.87 91.36 90 90.77
87.69 87.69 87.47 84.47 79.77
78.33 76.67 81.01 79.16 77.61
81.59 84.15 74.91 84.5 88.61
90.7 89.16 90.99 88.18 85.72
88.76 87.02 88.07 88.29 89.42
89.44 91.24 91.37 90.63 90.14
91.19 91.54 92.14 91.21 89.16
84.48 87.32 88.69 90.19 92.14
93.35 93.9 93.8 93.96 94.35
91.53 89.98 90.32 87.74 84.28
80.89 86.15 84.47 85.7 83.56
86.62 88.79 89 92.08 94.58
93.84 94.17 92.83 93.31 92.35
88.5 85.22 76.56 68.18 74.47
74.85 77.86 82.76 85.53 88.08
91.35 91.54 89.98 87.16 91.83
90.4 88.11 88.56 89.05 90.38
92.31 93.29 94.08 92.26 89.41
86.9 90.09 87.11 87.54 87.77
87.71 90.27 92.31 93.85 93.06
94.05 93.8 93.73 92.48 91.6
89.57 82.9 85.32 82.96 89.65
88.52 91.75 90.63 91.32 86.56
88.27 90.72 92.41 91.82 90.56
89.1 87.06 87.43 86.05 86.41
86.52 83.42 81.85 87.55 88.16
88.88 87.29 87.33 89.23 88.87
87.34 81.2 79.91 76.13 70.17
76.97 84.04 88.04 90.78 90.46
91.51 91.2 88.58 85.34 84.4
82.2 78.61 76.97 82.5 83.1
85.26 82.99 84.71 84.54 84.63
87.73 90.15 87.65 89.18 85.06
88.9 82.32 82.95 79.11 66.08
60.62 68.63 68.69 68.67 61.92
64.88 64.86 72.54 82.05 82.38
84.26 85.06 83.65 81.78 80.63
72.89 67.06 61.96 61.77 57.05
58.55 54.38 59.61 63.2 67.08
71.19 78.07 85.21 86.85 87.43
86.84 82.43 82.38 70.12 80.4
68.72 66.01 69 71.35 83.37
87.38 88.29 90.47 90.19 90.89
89.57 89.49 87.38 88.15 83
82.17 79.77 84.28 82.03 81.25
84.96 89.23 83.93 83.24 87.75
84.79 86.06 81.63 73 68.6
59.89 61.04 66.69 75.98 80.46
84.66 85.77 88.4 90.39 89.4
87.95 84.13 76.43 70.58 71.36
68.53 75.14 81.39 83.34 87.18
89.68 88.82 91.14 85.29 82.86
80.35 76.54 73.15 64.84 61.99
62.58 62.38 72.23 78.71 83.22
90.8 91.4 90.51 89.56 89.81
84.56 85.28 82.73 78.19 70.35
68.33 70.52 81.44 81.68 86.16
83.38 85.95 82.79 78.7 77.88
73.29 83.38 85.22 89.32 87.27
86.95 80.85 80.31 74.23 80.7
77.85 80.82 79.33 81.22 85.94
88.07 90.98 90.95 92.22 90.58
91.4 83.62 83.38 76.32 70.15
67.33 69.62 79.69 79.24 81.24
87.65 90.55 90.14 89.15 88.74
85.74 83.99 83.54 81.24 81.84
83.9 86.28 85.7 85.5 82.27
89.66 88.62 86.59 83.55 88.15
85.06 81.86 76.08 72 77
77.13 78.03 83.7 83.88 84.96
87.56 88.82 87.56 90.3 85.6
86.33 84.92 82.23 78 75.68
84.51 82.8 84.05 80.84 81.48
85.28 85.16 88.09 90.48 89.73
88.79 90.09 88.27 87.52 85.53
81.37 75.99 74.59 63.78 63.07
67.24 69.25 82.24 82.07 83.06
83.77 79.38 70.68 63.75 61.27
73.03 84.23 83.64 85.78 84.98
84.84 83.83 81.66 84.56 81.13
77.53 79.04 82.4 86.68 88.32
88.56 90.17 91 91.73 91.65
89.8 89.89 86.49 82.83 85.32
84.6 89.08 86.08 89.06 91.19
87.46 84.41 83.86 84.8 89.13
86.85 85.11 81.81 70.96 58.62
52.96 43.19 46.61 45.19 56.31
61.56 69.9 77.61 86.44 87.2
86.22 81.51 80.29 86.56 85.91
84.24 86 87.91 87.61 86.82
88.47 86.45 87.59 79.16 72.05
67.33 62.11 56.13 59.74 54.5
52.81 57.48 63.37 67.83 75.37
80.73 84.76 84.99 85.72 81.27
73 67.58 77.37 81.69 77.44
80.89 81.51 75.29 73.66 69.46
72.8 74.33 82.59 86.71 87.22
87.24 88 86.14 84.49 86.34
83.89 82.02 82.96 84.13 85.81
86.38 87.07 88.1 84.27 82.16
72.86 63.46 55.51 53.11 44.39
44.71 41.96 44.25 46.27 50.28
63.1 70.53 82.68 84.97 86.45
83.11 86.48 85.14 81.74 79.87
77.12 80.36 81.71 79.09 84.22
85.99 86.99 83.27 82.02 75.47
67.92 66.93 66.77 70.02 67.69
69.85 70.24 81.07 82.14 85.48
86.5 89.03 88.2 81.98 79.86
71.43 69.88 66.49 64.6 66.79
75.55 79.47 82.33 86.38 89.91
90.52 91.22 89.79 89.69 89.05
87.5 86.55 79.48 78.25 68.72
71.21 69.58 76.61 81.75 77.77
73.66 71.46 80.52 79.57 83.47
86.18 84.63 83.36 83.93 77.43
78.05 75.38 74.44 79.07 74.09
74.24 73.4 73.16 66.37 57.73
54.53 55.42 56.75 55.45 55.36
57.58 57.96 55.43 56.13 55.39
59.95 62.27 72.52 77.64 85.8
86.4 88.27 87.97 89.84 89.91
89.97 85.53 85.37 85.78 88.57
87.46 88.29 89.71 89.25 87.08
83.92 87.06 85.15 87.74 85.8
85.3 78.83 80.85 83.74 86.03
88.98 83.06 83.92 80.97 77.4
72.58 76.35 83.74 85.9 87.47
90.3 90.42 91.73 90.71 89.66
87.63 85.72 81.02 72.05 70.63
66.44 65.73 66.23 75.26 84.57
85.86 83.76 88.27 88.96 85.91
88.1 88.61 85.15 83.68 78
70.06 61.96 57.23 48.18 40.13
38 35.28 34.87 35.57 30.31
32.48 37.54 35.55 37.93 34.81
34.79 36.59 36.62 38.16 40.37
44.82 45.77 42.36 46.13 57.19
52.21 55.59 70.33 68.32 68.54
71.08 74.92 73.89 65.92 72.47
69.1 65.19 56.43 62.75 54.82
46.67 44.58 44.59 42.22 42.3
40.09 37.73 33.48 36.36 34.65
29.69 29.48 27.27 25.8 32.72
28.79 28.83 31.42 29.07 27.73
28.97 28.93 35.13 39.48 42.93
46.45 56.08 57.82 58.9 65.31
61.21 64.22 62.91 58.78 54.86
55.41 52.2 52.77 49.05 55.59
58.58 61.07 69.41 82.31 83.91
89.23 92.29 91.41 89.12 86.48
89.53 90.94 86.74 86.66 90.04
90.77 86.42 87.08 89.23 85.54
76.57 80.35 77.97 84.31 81.45
84.42 91.09 88.72 87.93 91.18
92.96 89.81 89.04 89.18 82.27
80.76 71.4 73.21 77.8 87.68
87.18 92.39 91.45 93.8 94.4
92.27 91.72 89.57 93.49 95.6
92.66 93.38 96.2 95.5 94.85
94.15 89.14 90.77 93.92 94.31
96.46 95.82 92.68 91.72 94.46
97.26 97.81 94.56 95.84 92.1
90.41 90.85 86.65 88.58 90.89
88.59 89.89 94.92 95.08 97.25
96.79 97.33 98.1 98.49 98.11
97.58 93.69 92.45 90.62 86.56
89.35 89.72 93.45 94.87 98.23
98.64 98.49 98.39 97.4 95.88
94.94 95.24 93.83 91.53 95.96
97.35 95.03 96.43 97.62 97.65
95.37 97.47 97.47 95.79 95.74
96.64 95.98 96.76 97.1 98.01
98.28 98.42 98.21 97.31 94.46
92.76 93.05 88.37 84.31 78.03
78.91 82.86 89.48 92.23 94.14
95.39 96.72 95.63 96.61 94.25
89.42 89.16 91.3 94.82 94.01
93.81 91.84 89.74 91.03 94.83
95.4 97.22 96.66 97.43 94.98
92.01 90.39 86.45 84.74 86.16
81.6 85.6 89.5 91.98 92.76
96.09 96.47 97.76 96.75 96.84
94.12 91.32 80.43 79.57 84.3
86.18 91.34 92.01 94.35 95.57
96.94 97.27 97.97 97.62 97.35
95.32 90.95 88.26 89.84 82.34
75.48 69.68 83.84 87.59 84.2
74.72 78.53 87.21 81.78 83.48
91.24 89.41 82.92 90.63 92.59
86.97 86.53 93.11 90.34 85.05
87.02 91.54 89.33 85.64 87.87
91.77 93.38 97.05 98.02 98.45
98.47 98.26 94.98 95.71 95.03
96.12 96.59 95.25 97.1 97.85
97.02 97.55 98.26 97.99 97.54
97.39 96.7 95.61 96.25 93.27
91.85 93.79 92.06 88.79 87.28
88.37 90.37 91.47 93.03 92.84
95.51 93.66 89.88 92.92 95
91.08 89.97 94.59 93.75 90.43
93.97 96.86 93.32 95.38 97.43
96.24 93.56 92.91 92.49 91.97
96.18 96.56 94 94.73 96.97
95.47 90.62 92.26 94.45 90.87
86.08 87.97 86.89 80.86 77.37
75.63 77.28 84.15 85.52 86.44
85.13 85.67 85.35 89.61 90.53
90.28 88.92 91.53 91.82 90.12
89.52 89.85 88.56 86.29 85.24
73.61 73.88 75.75 78.37 83.35
85.39 89.02 85.98 89.85 89.62
86.3 87.67 89.73 86.42 82.75
82.8 70.63 57 53.76 54.13
59.19 60.38 62.67 66.09 80.04
85.32 88.24 91.55 91.64 89.63
90.68 89.9 92.08 95.5 92.16
93.83 96.86 95.3 94.8 91.2
87.1 84.55 90.05 92.04 93.45
89.99 88.73 82.38 89.65 94.82
97.17 94.81 95.87 91.58 91.59
89.34 85.76 84.33 88.44 87.32
90.03 94.14 94.85 97.23 97.54
97.22 97.96 97.32 96.81 95.12
90.82 90.58 88.22 86.01 83.97
85.68 92.01 94 98.01 98.47
98.35 98.33 97.69 97.24 97.64
97.06 95.39 94.38 96.81 97.42
96.08 96.91 97.99 97.84 96.07
97.73 97.63 95.44 95.13 95.37
95.08 96.7 96.87 98.05 98.36
98.57 98.36 98.05 95.85 93.74
94.89 93.71 92.38 90.35 86.16
90.46 92.89 94.95 96.57 96.49
96.64 96.2 96.75 93.12 86.12
85.72 87.81 93.09 93.48 94.35
92.6 90.71 90.24 95.32 95.84
97.27 95.63 95.37 93.22 92.62
94.19 94.34 92.78 92.2 85.92
89.93 94.55 95.94 97.19 97.48
96.63 96.98 96.63 96.62 96.03
95.01 91.13 89.46 90.83 87.66
93.65 93.03 94.41 95.21 96.77
97.35 98.12 98.19 97.91 97.24
93.65 93.47 94.43 92.45 89.61
86.8 91.56 94.4 92.56 87.43
89.38 88.15 89.16 89.55 95.06
92.89 91.32 96.04 95.74 92.26
94.67 96.46 92.87 91.66 92.46
91.87 88.22 87.93 87.58 80.52
82.88 81.47 88.89 96.02 98.09
98.44 98.56 98.42 95.64 96.36
94.74 95.27 94.3 94.91 97.58
98.06 96.74 97.74 98.34 97.85
97.42 97.18 96.46 94.71 93.81
92.82 89.63 88.98 87.82 84.01
77.15 77.62 82.32 85.62 89.09
89.91 93.55 90.99 85.52 90.74
92.66 87.88 85.56 91.63 89.09
80.97 88.83 91.72 89.29 89.98
93.95 94.84 91.65 93.07 92.96
93.79 96.36 95.12 94.12 96.36
96.03 94.59 93.37 94.49 93.15
92.31 91.43 90.98 87.03 81.65
78.84 66.32 51.98 49.24 42.7
35.38 29.04
