76.46 76.3 81.67 82.2 81.71
82.34 86.37 86.84 84.45 84.31
85.48 81.71 79.31 76.62 66.16
63.29 57 46 48.87 46.21
45.65 52.89 51.09 50.7 49.44
50.33 52.34 52.46 51.85 58.54
59.29 61.95 62.91 74.24 78.99
81.16 80.1 82.73 85.98 84.76
85.2 87.55 87.94 88.06 87.93
87.55 88.06 88.7 86.34 84.33
85.96 85.54 81.76 84.75 86.25
84.68 81.41 84.74 80.59 79.2
81.26 82.63 77.68 76.3 81.17
78.57 76.15 79.14 80.16 77.65
78.55 86.07 85.52 83.19 86.52
89.39 88.33 87.65 91.12 88.47
87.46 89.97 91.1 89.76 88.09
88.51 86.92 83.97 83.53 84.86
83.4 80.12 79.99 81.73 73.97
68.69 64.43 59.48 56.15 47.33
42.91 46.14 42.03 42.56 40.02
44.91 45.51 44.82 45.49 47.8
49.06 42.78 40.7 39.85 45.12
38.5 46.55
