62.18 74.86 77.64 77.05 78.14
77.96 78.15 79.34 79.54 81.64
83.29 85.49 85.3 87.15 87.55
88.38 88.84 87.84 90.18 88.11
88.36 88.11 88.89 90.42 87.8
83.93 84.3 86.58 87.64 87.95
88.45 86.58 87.55 90.62 88.54
87.37 89.13 88.67 86.54 85.33
85.82 77.26 81.07 84.68 84.12
81.7 83.39 85.55 87.61 90.6
91.01 90.28 89.08 93.02 93.86
90.65 91.22 90.72 89.9 88.5
88.92 86.86 78.59 82.45 81.7
77.56 75.31 82.72 82.66 83.44
76.91 76.11 74.02 76.22 71.65
67.53 67.14 72.11 73.75 70.62
66.71 62.63 52.91 49.53 45.18
44.92 44.8 41.94 35.51 33.47
29.44 34.87 29.18 34.51 31.59
31.58 35.68 41.28 45.02 42.81
45.51 62.42 53.78 53.38 40.52
36.17 40.85 51.73 49.97 47.23
49.94 63.79 62.74 66.48 66.98
71.25 71.92 73.56 79.23 74.68
75.27 80.6 73.55 72.5 71.86
65.45 67.08 64.82 61.37 60.04
53.22 53.42 49.72 49.05 57.91
59.04 63.85 80.05 84.71 88.37
89.72 90.6 92.92 92.02 92.63
90.43 91.04 89.27 86.15 86.04
81.81 81.28 79.96 84.02 79.49
84.9 85.39 84.78 87.37 88.98
86.36 87.69 87.86 87.94 86.2
79.34 80.32 80.16 83.59 84.95
89.39 90.6 89.8 90.43 89.61
91.6 89.01 90.32 89.43 82.67
84.84 80.21 80.78 85.07 86.85
91.23 91.08 91.62 92.5 92.14
90.61 90.15 89.47 85.14 82.29
80.01 77.8 77.36 79.1 80.26
85.49 85.53 85.31 85.4 87.38
86.65 86.71 83.49 86.94 81.25
77.7 81.22 80.69 85.35 83.29
86.75 85.85 91.23 90.1 88.56
90.22 90.79 90.61 86.89 79.81
