54.48 51.08 61.6 60.55 73.73
75.16 74.56 83.8 80.9 82.96
78.4 69.7 78.36 72.71 68.69
74.17 81.45 87.75 85.67 87.14
84.03 89.4 75.18 75.88 67.56
61.25 60.34 64.92 74.9 79.78
83.27 87.62 88.55 86.73 85
83.68 82.61 77.22 67.52 69.46
66.7 61.12 63.91 73.19 74.12
80.65 84.56 85.21 84.49 84.21
80.96 75.5 76.99 82.2 82.82
83.65 85.76 84.19 80.19 79.56
73.66 76.43 71 76.47 71.71
75.43 78.89 84.35 83.25 86.63
87.1 88.75 85.26 83.41 76.38
64.78 62.85 60.05 61.85 68.85
72.15 69.79 79.88 81.08 85.98
80.24 82.04 83.75 78.29 76.47
