43 48.78 46.77 49.74 44.74
46.69 44.31 44.38 43.79 42.98
43.75 43.35 37.76 38.77 44.24
42.61 43.59 51.14 52.85 54.98
68.73 74.78 77.64 78.03 71.99
81 82.48 83.85 84.2 84.24
88.37 90.04 90.25 91.61 93.02
93.76 92.4 94.81 93.43 93.08
94.64 95.33 90.89 92.52 92.43
95.66 94.96 96.5 96.06 95.17
95.03 94.7 95.76 94.08 94.36
93.38 93.06 92.72 91.75 90.05
91.08 91.27 91.09 91.47 92.16
94 94.23 95.13 92.9 94.36
93.98 92.67 90.57 92.79 91.15
87.7 86.4 84.48 88.67 92.1
94.21 94.87 93.97 91.1 90.16
90.84 88.8 85.05 84.47 80.63
76.09 71.63 65.86 60.5 60.66
62.01 66.52 79.65 79.16 84.26
87.61 88.23 89.91 91.8 91.59
91.28 93.66 93.45 92.62 91.14
93.15 89.73 92.27 92.18 94.88
95.44 96.89 96.06 96.46 95.78
95.69 94.77 95.42 95.91 95.92
93.65 94.21 95.49 93.19 87.26
86.08 87.12 91.27 93.13 95.83
95.13 95.71 93.57 95.38 94.71
93.97 91.46 93.88 91.4 87.15
91.35 93.59 94.98 94.41 92.91
94.58 95.15 96.69 96.72 96.38
95.01 94.02 93.1 92.69 89.79
86.26 86.62 83.76 79.63 79.51
74.2 71.15 60.59 53.28 50.15
40.11 37.21
