51.23 56.39 62.13 71.44 71.05
70.32 73.96 79.13 76.49 78.51
81.05 81.85 80.92 79.84 80.63
78.19 77.6 76.02 68.95 69.2
68.14 64.13 69.89 66.92 65.53
71.93 69.35 72.05 78.2 84.12
86.01 95.01 95.32 97.86 97.12
94.98 95.87 93.96 97.56 97.97
97.23 98.41 98.67 98.46 98.34
98.74 98.59 98.19 98.29 98.04
97.72 97.82 98.01 97.86 98.14
97.26 97.39 98.34 97.51 95.62
97.86 98.08 98.59 98.6 98.52
98.71 98.79 98.64 98.18 98.28
98.43 97.94 97.06 97.18 95.96
95.6 93.18 91.35 93.87 94.62
92.71 93.62 95.88 95.97 95.45
96.71 97.13 97.44 97.07 94.94
95.79 95.89 92.16 89.1 90.65
86.26 88.66 89.95 92.35 94.21
95.05 94.73 95.35 96.54 96.07
94.67 95.69 95.53 93.33 91.79
90.9 88.31 85.05 84.57 80.63
76.73 75.51 77.99 77.82 70.2
71.01 69.81 78.21 86.69 89.99
88.42 92.81 92.71 91.28 92.29
94.06 93.69 91.83 94.14 94.65
92.86 90.98 94.13 90.92 93
94.82 93.42 91.15 93.15 95.92
97 96.32 96.06 95.78 96.03
95.59 94.98 94.86 96.32 94.31
92.83 95.74 94.93 89.02 94.64
96.96 98.13 98.05 98.36 98.57
98.36 97.53 97.84 97.24 98.44
98.72 98.49 98.76 98.82 98.83
98.83 98.77 98.65 98.73 98.5
98.38 98.17 97.81 97.4 96.24
97.49 96.66 95.82 96.06 96.66
96.05 94.14 92.8 88.92 83.06
84.28 82.85 81.01 81.84 79.34
78.03 86.24 90.41 91.54 92.02
92.12 92.23 94.25 93.65 95.52
94.87 94.62 94.25 91.69 92.61
92.1 95.53 95.46 97.53 96.14
97.06 95.94 95.95 97.47 96.57
95.36 96.22 96.52 94.45 93.72
95.75 95.24 97.02 95.62 93.89
95.97 97.8 96.94 97.17 98.13
98.33 98.35 98.4 98.27 98.17
98.09 98.35 96.39 91.76 87.71
93.14 96.55 98.68 98.58 97.9
98.07 98.51 98.57 98.74 98.76
98.67 98.18 96.57 95.97 95.81
97 98.44 98.55 98.58 98.63
97.81 95.84 92.74 91.09 84.52
88.81 88.96 91 94.34 92.36
88.6 90.95 93.25 89.38 87.93
90.77 94.81 96.69 97.82 98.17
98.49 98.09 98.19 98.3 98.76
98.7 98.71 98.85 98.89 98.83
98.9 98.93 98.84 98.78 98.9
98.79 98.69 98.76 98.76 98.15
98.5 98.47 98.8 98.76 98.7
98.11 97.06 98.41 96.22 95.86
91.88 95.74 97.64 95.6 94.89
91.32 87.37 92.1 95.01 97.92
98.44 98.63 98.69 95.89 92.62
95.53 92.39 95.35 98.08 98.27
98.25 97.96 97.56 96.68 96.38
97.09 96.66 95.96 93.52 94.73
93.51 93.89 92.87 93.6 93.57
96.75 97.21 97.61 97.61 97.85
97.83 96.9 94.63 86.35 91.08
96.79 97.56 98.15 98.06 98.44
98.5 98.59 98.86 98.88 98.71
98.62 98.86 98.56 98.07 98.16
98.57 97.94 96.61 97.69 97.78
95.41 93.54 92.21 90.56 93.08
90.22 81.55 74.61 75.98 74.36
80.72 84.31 91.83 91.97 92.67
92.38 93.24 94.48 94.01 92.66
94.04 93.84 92.14 87.27 85.19
87.69 88.94 94.2 94.39 94.53
96.2 98.08 98.41 98.41 98.41
98.61 98.16 98.03 98.7 98.62
97.84 98.22 98.64 98.15 97.78
96.45 96.64 98.2 98.01 98.1
98.54 98.71 98.65 98.63 98.08
97.05 98.21 98.18 98.65 98.52
98.71 98.84 98.77 98.64 98.7
98.6 98.78 98.74 97.55 96.4
96.72 93.45 95.43 89.6 91.18
96.59 94.9 91.76 95.75 93.73
95.52 96.87 97.39 96.03 93.93
92.93 88.21 81.97 71.67 66.09
69.71 65.6 68.88 64.45 58.74
57.6 55.97 56.05 58.83 60.55
62.04 72.07 76.39 79.18 79.6
84.27 84.01 87.17 86.24 90.61
93.26 95.57 96.49 96.8 96.59
96.74 97.17 96.37 96.97 97.25
97.58 95.92 96.53 98.31 98.37
98.4 98.58 98.42 97.91 97.7
97.94 98.17 98.47 96.71 96.08
97.07 96.63 93.65 93.52 95.4
96.66 95.78 94.57 96.34 97.53
96.46 96.09 97.28 96.75 96.77
95.75 94.89 93.44 93.24 89.39
86.88 88.13 86.7 80.4 79.56
79.23 75.58 65.59 63.78 56.53
61.7 72.55 84.57 84.68 84.23
85.18 92.26 93.39 95.13 96.55
97.25 96.16 95.07 95.3 96.21
95.29 93.22 88.79 80.28 70.69
60.43 66.61 62.23 68.48 84.63
90.5 91.56 93.24 93.38 93.22
95.5 96.13 97.07 95.98 95.08
93.59 95.3 96.57 95.22 93.48
89.71 84.32 76.55 71.51 72.45
70.74 67.75 73.36 83.35 91.72
91.9 93.09 93.34 86.83 90.82
93.56 93.55 95.56 96.34 95.7
96.06 94.94 91.59 89.76 86.85
85.51 89.75 94.76 96.45 97.21
96.02 95.97 95.09 92.61 89.74
88.59 85.95 89.01 90.82 92.19
94.27 96.02 96.05 97.11 95.91
97.52 97.28 98.14 98.49 98.19
98.18 98.46 98.38 98.29 98.09
98.07 97.92 97.4 96.86 96.12
95.39 94.54 93.41 90.54 87.3
88.42 86.13 77.96 78.75 81.31
78.57 69.61 71.94 65.27 60.29
59.88 54.59 46.6 44.79 40.31
38.19 37.35 35.36 32.13 33.93
33.63 35.76 35.78 36.84 36.14
36.37 34 35.37 37.06 37.73
39.81 47.61 43.58 35.09
