34.35 34.47 45.28 57.27 68.85
85.28 88.48 94.8 97.95 98.62
98.51 98.42 98.43 97.67 98.05
98.32 97.85 97.2 96.42 95.88
95.11 94.76 91.03 89.94 85.17
88.76 92.55 95.65 96.98 97.91
98.62 98.87 98.85 98.78 98.75
98.39 96.23 90.46 85.52 88.67
91.55 93.75 97.25 97.42 98
97.02 97.34 98.16 98.48 97.97
97.87 97.85 98.49 98.52 97.3
95.58 98.37 98.35 98.48 98.67
97.87 97.6 95.05 96.41 97.87
97.84 98.05 95.09 97.12 97.63
96.84 96.91 93.82 96.11 98.29
98.58 98.48 98.15 98.46 98.33
98.46 98.73 98.57 98.29 98.36
98.53 98.27 97.96 98.1 97.39
98.41 97.3 95.19 95.94 97.79
98.03 98.73 98.84 98.94 98.93
98.88 98.28 98.04 97.51 98.04
98.45 98.78 98.64 98.66 98.88
98.84 98.85 98.88 98.89 98.78
98.82 98.75 98.44 98.45 98.63
97.51 98.1 96.9 97.18 98.64
98.86 98.94 98.88 98.84 98.63
98.76 98.63 98.27 98.46 98.71
98.01 97.23 97.5 97.92 98.29
97.87 98.07 97.62 97.27 94.88
88.21 87.44 87.58 93.24 94.8
97.18 97.39 97.76 98.35 97.98
98.48 98.46 98.55 98.38 97.92
98.22 98.57 98.58 98.71 98.65
98.67 98.48 98.62 98.63 98.28
98.25 98.51 97.85 96.87 97.92
97.7 98.2 98.67 98.83 98.87
98.94 98.93 98.83 98.6 97.91
98.31 97.71 97.82 98.62 97.86
97.12 96.56 95.26 94.88 96.05
93.13 91.49 91.96
