60.29 43.02 50.34 46.13 60.89
51.74 47.82 49.98 51.68 51.35
50.95 51.95 49.37 50.47 52.73
58.01 71.87 87.19 92.44 96.42
97.42 97.83 98.38 98.33 98.36
97.96 97.83 96.77 96.24 94.6
94.68 95.98 96.97 96.44 96.59
97.18 98.26 97.88 97.17 97.82
97.04 96.8 95.5 94.72 96.04
97.38 97.06 97.39 98.06 97.79
98.13 97.67 97.42 97.17 96.74
97.34 97.88 97.34 97.44 96.19
96.51 96.7 97.81 98.24 98.36
98.51 98.52 98.41 97.58 97.98
97.37 96.56 97.28 97.6 98.28
98.28 98.3 98.51 98.56 97.94
97.82 97.67 98.06 98.25 98.2
97.95 97.5 96.99 97.29 98.43
98.73 98.8 98.85 98.85 98.85
98.78 98.52 98.39 97.62 95.42
94.71 93.05 93.82 93.1 96.34
96.09 95.2 97.58 98.36 98.68
98.67 98.68 98.6 97.99 96.22
96.03 97.36 97.69 97.68 97.43
97.73 97.99 96.77 93.61 95.25
96.84 97.19 98.16 98.43 98.63
98.61 98.68 98.38 98.08 97.64
97.05 94.98 91.35 88.74 88.42
90.59 94.82 96.7 98.1 97.91
98.23 98.33 98.52 98.04 96.65
92.93 92.33 96.12 97.26 97.64
97.4 97.69 96.81 96.19 95.06
96.81 96.43 95.76 96.49 94.6
95.72 96.94 98.25 98.49 98.7
98.76 98.81 98.88 98.82 98.84
98.68 98.62 98.02 97.69 97.64
98.49 98.64 98.6 98.71 98.71
98.59 98.27 97.52 97.82 97.89
97.56 97.47 97.85 97.65 97.42
97.31 94.53 95.15 97.16 97.47
95.05 93.91 93.41 91.96 90.82
91.32 92.3 92.37 93.55 93.27
91.88 90.48 90.12 89.86 89.95
90.79 88.06 88.41 89.06 87.26
88.47 86.95 88.06 90.14 88.02
88.54 87.5 82.85 83.4 84.64
80.73 84.36 82.76 78.39 77.36
81.66 79.34 81.5 81.44 84.91
87.03 85.08 85.18 87.12 84.5
85.32 84.63 84.33 85.68 86.77
84.83 86.61 88.04 83.45 85.77
81.5 83.23 81.47 86.98 84.74
86.79 83.75 84.81 86.46 89.15
86.7 85.36 84.02 82.57 81.1
84.62 77.98 80.8 78.61 83.14
82.51 83.41 84.45 90.23 87.91
89.09 89.06 86.38 87.21 88.89
86.52 88.29 89.19 90.8 90.38
91.94 92.39 93.87 93.11 94.16
93.63 93.02 91.37 91.52 92.38
91.28 94.77 95.29 96.1 97
97.69 98.04 98.26 96.86 96.74
98.48 98 98.68 98.71 98.43
98.48 97.35 96.8 96.87 97.5
96.57 96.75 97.23 97.56 98.48
98.63 98.68 98.52 98.42 98.76
98.77 98.74 98.62 98.06 98.14
98.29 97.93 98.17 98.5 98.43
98.18 98.42 98.42 98.11 97.76
98.07 98.26 97.24 97.56 97.39
96.69 97.14 97.55 98.1 97.37
97.66 97.49 96.93 96.96 96.62
94.83 94.83 96.18 95.73 94.22
95.55 96.38 95.56 94.88 95.75
95.6 95.23 95.51 95.33 95.16
94.68 94.24 93.33 92.06 92.03
91.06 90.1 85.78 84.44 81.72
73.03 69.46 69.08 63.81 62.02
60.43 59.87 56.63 57.09 55.41
53.69 54.04 53.5 52.62 53.62
54.39 51.71 52.75 52.84 50.95
48.11 47.51 48.21 55.18 44.44
51.13 47.94 48.92 48.75 52.23
55.38 51.21
