39.19 42.82 45.08 45.41 47.24
46.77 46.38 38.48 46.49 50.12
46.32 49.27 50.45 54.1 56.34
60.52 59.28 62.32 65.64 72.74
66.6 69.65 69.31 72.64 71.53
67.88 66.7 59.85 59.98 48.58
54 56.68 45.53 35.88 41.57
33.76 27.58 26.65 31.8 25.71
28.97 27.18 27.72 28.12 27.33
23.4 25.79 23.55 27.52 27.1
26.97 32.55 36.76 44.76 52.36
59.91 71.38 78.92 77.22 81.98
83.54 86.05 88.28 89.62 90.76
91.02 93.45 92.47 91.26 93.35
92.25 90.67 89.92 90.72 89.29
81.04 84.11 78.93 83.59 87.27
88.38 90.12 90.37 92.32 93.26
92.16 91.47 92.5 92.48 90.57
91.82 92.19 88.51 87.47 89.82
88.18 82.79 85.29 87.07 83.4
79.25 86.67 85.63 79.08 80.53
85.19 85.61 82.82 85.06 88.36
85 85.08 84.5 86.02 87.3
86.56 87.45 88.07 87.11 90.52
87.35 91.52 91.4 92.52 91.56
92.39 93.52 91.86 92.53 93.57
92.85 93.55 92.92 94.59 93.7
93.12 94.59 95.06 94.26 91.88
95.04 95.18 93.7 93.74 95.47
95.12 94.93 96.32 96.33 96.03
96.84 96.55 95.75 96.65 96.82
96.18 94.61 96.19 96.46 95.89
95.7 96.04 95.88 95.09 93.58
94.81 92.95 89.43 80.82 85.28
87.9 90.35 88.87 86.63 86.9
82.7 82.49 78.33 79.97 81.28
83.79 84.6 79.04 85.72 90.41
90.87 91.11 92.2 93.75 93.59
93.81 94.12 95.97 96.38 95.74
96.43 96.78 96.06 94.65 95.23
94.29 91.64 92.44 91.01 88.14
87.84 87.54 86.06 80.14 83.43
85.72 82.46 79.71 81.24 83.28
77.83 75.95 77.39 79.6 72.86
71.86 73.32 69.77 65.69 67.49
71.63 75.87 76.13 74.91 76.3
81.73 80.59 77.85 81.46 85.44
84.7 81.59 85.34 87.91 85.87
85.96 86.34 89.37 87.39 85.2
86.37 88.41 89.17 87.15 89.69
90.01 88.28 90.05 91.85 91.03
89.74 92.55 92.97 91.92 91.06
94.64 93.93 92.58 93.41 95.16
93.96 92.83 94.45 95.32 92.85
94.31 94.56 93.1 90.53 93.64
93.44 91.32 93.36 95.29 96.1
96.2 96.63 95.07 95.57 94.87
96.53 96.11 96.43 96.95 97.2
96.51 96.85 97.56 97.32 95.79
98 97.91 97.01 96.98 97.93
97.71 96.94 96.96 98 95.93
94.89 95.78 95.82 94.29 91.66
93.75 93.41 90.05 89.31 91.94
91.7 88.73 87.44 89.4 86.77
82.52 81.68 85.2 84.08 78.7
78.61 82.71 80.4 76.26 78.45
80.47 77.98 74.36 76.73 77.86
72.58 76.24 78.71 75.32 68.73
68.04 65.86 65.92 64.65 69
68.67 70.61 73.21 77.9 75.91
73.42 75.92 76 75.84 72.65
73.94 77.66 76.12 72.94 73.17
74.27 73.28 72.16 73.84 73.9
75.09 78.48 78.35 80.24 82.37
81.45 81.06 83.03 85.15 81.85
81.8 87.37 86.04 84.75 87.31
90.73 88.91 89.99 93.79 92.07
90.92 93.47 94.12 91.72 92.15
94.4 93.16 91.99 94.04 94.14
92.09 90.88 92.96 91.12 88.92
88.02 87.15 84.71 77.53 78.86
76.39 67.89 65 49.18 43.65
43.33 37.83 35.04 31.25 33.18
34.34 31.72 35.86 31.19 38.86
41.66 34.67 50.03 51.39 57.69
62.28 68.66 68.87 75.37 81.42
85.52 91.45 91.6 94.08 94.03
94.39 93.01 93.82 95.56 95.95
96.55 96.44 95.87 94.31 93.3
91.9 91.16 87.75 84.73 74.91
73.74 76.01 84.27 87.28 90.23
91.63 88.16 91.24 93.57 94.76
95.86 95.66 95.4 94.64 92.36
91.49 93.35 95.37 95.63 94.51
93.81 90.75 89.27 88.61 86.92
84.92 88.34 89.05 91.54 89.87
90.54 93.84 92.82 91.02 91.36
91.64 89.32 87.72 87.83 88.47
85.75 88.79 86.23 88.15 92.57
95.36 95.82 96.16 94.95 93.97
90.79 81.99 85.03 91.29 92.44
94.16 92.75 93.41 91.63 88.85
88.03 92.19 92.71 94.37 93.9
92.63 94.03 95.48 95.45 95.97
96.42 95.63 95.89 95.99 95.92
93.84 95.47 93.85 92.27 93.96
95.28 94.27 93.41 93.83 93.97
92.79 93.08 94.28 93.28 93.73
93.88 93.91 95.06 93.62 92.95
92.82 93.08 89.9 91.38 91.32
92.7 89.82 92.34 92.11 91.8
90.1 91.59 89.77 88.07 92.91
93.33 93.64 94.36 94.65 93.44
90.84 93.52 89.83 87.72 91.3
92.32 90.51 88.72 90.01 92.99
93.8 93.26 93.34 94.8 94.65
94.51 94.64 95.61 95.26 94.8
95.17 94.94 93.54 95.27 95.12
96.03 95.54 94.73 94.12 92.05
89.66 85.93 85.75 84.63 82.67
84.45 83.18 83.42 83.36 86.4
89.02 88.81 90.33 90.92 92.53
91.65 92.3 93.73 91.29 92.25
91.49 92.47 95.25 95.9 95.44
95.29 94.39 92.97 88.37 85.95
86.46 86.55 86.48 89.18 90.44
90.01 91.6 94.49 94.25 95.58
94.82 94.43 93.38 91.84 89.02
86.53 87.27 86.03 90.73 93.56
93.22 94.57 94.04 93.39 91.37
89.76 81.46 82.76 85.07 80.61
84.15 74.08 71.98 65.28
