40.36 34.06 33.08 37.05 37.02
35.22 35.66 35.55 33.87 34.26
33.98 38.61 37.74 49.93 53.47
46.17 50.46 52.67 48.77 48.18
52.7 50.4 49.15 48.42 49.45
60.43 80.87 88.5 90.95 93.95
94.48 95.73 96.58 95.27 95.94
94.34 90.06 89.33 91.65 94.25
95.88 96.58 96.21 94.74 93.86
91.86 90.16 90.75 93.76 94.34
94.22 95.24 96.5 96.74 96.76
96.61 97.19 97.33 96.28 95.37
95.53 93.95 92.61 91.38 91.52
94.09 95.51 95.23 96.73 97.39
95.81 96.03 92.84 89.46 79.94
60.23 56.94 52.3 51.76 57
63.07 69.7 85.33 91.5 93.15
91.57 92.76 90.17 91.09 93.03
92.06 89.56 89.46 89.83 87.61
76.87 68.53 69.76 79.9 86.98
90.61 92.16 94.25 94.68 97.31
96.53 96.9 95.45 96.68 96.81
95.49 90.78 91.8 94.37 93.13
94.25 95.18 94.35 93 93.49
94.69 95.6 96 95.9 96.65
97.51 97.22 96.26 96.06 96.48
94.68 93.26 93.33 94.53 92.45
90.25 89.36 88.86 91.98 90.4
91.73 91.62 89.98 91.5 93.86
94.85 94.72 96.91 97.19 95.38
96.35 97.47 95.23 94.04 95.66
93.51 89.91 90.01 90.36 93.69
91.87 89.43 87.52 83.52 81.39
83.94 82.54 81.12 83.85 89.5
89.14 85.12 83.23 85.92 88.32
90.21 90.9 87.61 85.71 87.5
86.35 80.03 85.04 90.38 90.47
90.92 92.91 94.56 93.22 93.77
95.72 95.53 95.24 95.76 95.38
95.42 94.1 95.46 94.58 93.7
93.86 96.6 97.05 96.59 96.76
97.66 97.97 97.58 96.1 96.26
96.25 93.39 92 92.27 88.55
92.07 93.94 92.86 92.67 91.99
91.62 92.15 91.93 93.16 93.11
89.72 84.12 85.12 84.95 89.19
92.62 93.92 93.07 94.86 94.47
95.4 94.23 93.68 91.44 94.54
96.7 94.62 94.5 91.47 88.71
80.92 74.61 81.75 89.5 90.09
90.36 92.23 93.6 93.66 94.26
90.43 90.33 92.07 88.96 90.96
91.25 90.36 89.32 84.71 88.54
91.1 92.62 94.31 94.45 93.45
91.69 89.56 84.64 77.43 71.22
60.17 60.91 59.78 54.26 62.15
65.55 83.26 89.56 90.61 92.14
94.48 93.36 92.36 88.03 86.72
87.75 86.49 88.97 90.82 89.67
89.67 93.32 93.86 91.62 93.2
94.96 92.03 93.19 95.09 94.35
93 95.48 95.14 92.25 89.71
86.96 85.88 81.32 73.86 59.62
54.47 47.29 39.73 37.91 36.7
34.57 36.73 37.38 35.02 34.31
32.32 40.11 43.61 57.58 64.84
74.43 73.97 83.6 79.34 86.47
92.79 94.96 95.79 93.59 94.51
94.56 94.46 93.2 92.74 92.3
91.95 91.78 92.35 86.38 85.89
80.74 80.83 84.6 81.15 86.84
80.86 84.84 75.39 66.72 59.92
53.84 45.46 42.91 29.43 31.25
28.21 29.64 28.47 29.29 35.51
32.8 34.69 34.2 33.49 32.97
30.07 31.08 30.07 30.82 28.82
34.63 31.64 32.52 29.37 33.38
29.38 34.78 33.17 36.72 33.14
33.67 32.21 43.58 38.41 37.68
38.91 34.78 31.86 38.29 34.74
33.28 34.56 31.03 36.16 33.08
37.64 33.92 34.75 34.22 30.71
34.82 32.96 36.67 34.05 38.14
38.6 35.71 36.3 37.03 36.52
30.32 38.02 30.53 34.58 33.77
28.65 29.53 35.08 27.55 33.83
29.6 32.97 30.07 29.42 29.09
28.02 31.84 30.99 28.51 29.38
25.02 23.84 22.57 21.54 31.81
21.12 27.52 23.56 24.4 25.3
27.36 35.8 28.45 28.57 29.66
30.24 31.13 31.67 27.75 30.57
29.89 30.25 29.25 27.22 29.71
30.47 28.44 27.9 30.98 26.8
31.54 28.22 30.56 28.98 29.53
32.11 30.01 33.24 30.33 32.73
31.18 31.05 31 29.77 30.74
33.73 31.51 30.61 30.47 37.24
31.75 31.86 35.48 32.1 31.38
35.5 32.96 33.89 31.33 30.26
33.04 29.01 32.08 37.03 45.77
48.09 37.63 49.05 38.03 52.68
39.13 41.48 58.31 69.55 81.88
85.49 89.85 90.66 90.05 90.82
89.79 90.25 86.76 82.17 81.9
82.46 86.9 92.08 92.2 94.5
94.06 93.93 91.66 90.74 90.16
89.99 90.73 89.28 86.32 85.89
89.74 94.34 93.15 94.48 92.02
91.01 91.73 88.04 87.94 86.32
92.01 92.41 93.04 92.59 89.06
88.15 82.66 84.85 86.97 91.61
89.97 90.08 86.68 92.18 93.56
93.67 93.32 94.03 93.79 91.06
85.98 90.26 92.17 92.92 88.29
90.51 92.71 94.3 91.89 92.52
93.42 93.52 92.91 91.28 91.32
90.9 86.93 84.61 81.5 72.35
64.48 57.5 54.46 62.76 73.17
84.15 92.18 92.08 93.73 93.59
92.79 91.12 82.58 68.23 47.98
42.27 39.13 34.55 30.59 30.32
30.66 29.58 31.92 26.94 28.96
27.17 26.54 27.75 28.65 28.76
27.29 27.39 27.68 29.11 27.6
35.22 30.59 31.52 33.76 31.35
28.9 32.33 35.72 35.26 53.81
57.52 77.72 88.54 93.22 93.29
93.15 96.05 96.8 94.48 93.96
96.36 95.64 92.46 87.71 89.87
88.51 85.3 85.71 85.41 86.55
90.66 84.84 88.5 94.82 88.44
89.73 92.07 92.04 94.29 94.07
94.03 89.7 90.34 93.2 94.28
94.91 95.11 95.32 95.21 93.02
94.19 92.58 93.2 96.02 93.35
94.47 96.83 95.95 94.12 92.51
86.02 86.99 92.71 95.38 97.32
98.1 97.7 97.17 97.85 97.73
98.25 97.89 97.45 94.29 88.06
82.25 88.98 95.9 97.76 98.08
98.03 98.52 98.6 98.6 98.3
97.36 96.65 93.88 90.84 81.51
75.74 80.96 81.82 86.44 93.29
94.73 97.43 98.53 98.73 98.68
98.57 97.6 97.65 97.86 97.38
96.79 96.13 97.17 97.88 97.2
97.53 98.28 97.96 97.53 97.98
98.17 97.67 97.19 97.06 96.54
97.31 96.84 97.95 98.53 98.54
97.9 96.64 94.09 93.12 92.72
89.08 84.63 77.19 79.57 83.33
89.47 93.77 96.33 96.63 96.53
96.94 96.97 96.19 92.69 90.57
90.81 94.89 96.22 96.76 96.35
95.84 93.73 95.12 97.24 97.8
97.95 97.91 97.77 96.84 95.6
95.88 94.67 89.01 90.56 89.38
92.1 94.19 96.15 97.23 97.69
97.49 97.69 97.94 97.98 98.09
97.03 95.24 93.35 93.64 95.54
97.32 96.65 97.21 97.12 96.89
97.32 97.96 97.53 97.54 96.1
93.23 91.22 87.93 79.91 65.72
62.91 77.49 86.6 88.23 81.52
87.8 93.21 93.34 93.57 95.58
96.04 94.48 96.34 96.84 95.05
94.9 96.76 95.22 94.63 94.27
94 91.39 88.92 90.64 89.68
94.61 97.37 98.31 98.71 98.64
98.3 95.24 95.01 94.85 96.55
97.01 95.06 95.86 97.94 98.02
97.93 98.19 98.42 98.37 98.13
97.13 96.97 97.14 95.96 94.23
94.49 94.18 92.67 91.2 91.7
91.95 93.93 96.27 96.99 97.67
97.23 97.06 98.19 98.34 97.95
97.86 98.41 98.16 97.93 98.36
98.1 95.78 95.29 97.92 96.22
89.58 90.94 92.77 93.62 94.91
97.1 95.9 96.95 97.73 97.88
96.94 97.41 97.81 96.27 95.32
94.98 94.78 92.85 91.8 87.97
83.95 86.57 84.14 81.77 76.55
58.58 45.9 37.19 31.4 37.05
29.35
