57.23 75.09 85.4 94.5 94.79
94.41 95.01 95.36 94.16 95.31
95.35 95.88 96.06 96.28 95.72
96.64 97.1 96.14 95.55 96.68
95.08 88.26 85.04 80.72 84.49
89.15 90.64 94.15 96.17 96.03
93.89 91.58 92.51 95.36 93.84
93.04 94.17 95.06 92.52 90.99
93.19 93.89 90.01 88.13 84.24
80.1 79.38 76.31 77.27 77.46
80.92 86.45 88.73 89.19 87.6
89.84 90.33 90.27 89.25 90.46
92.08 90.67 92.85 92.78 89.51
92.17 90.48 91.97 90.91 94.01
95.85 96.58 95.74 95.64 95.54
95.9 96.07 94.12 93.66 93.96
92.87 89.17 88.27 90.92 88.51
84.13 83.05 83.8 82.2 70.2
59.91 60.66 55.48 46.19 51.08
47.04 40.67 45.38
