60 57.27 55.42 53.3 52.4
49.28 49.73 49.6 47.41 46.35
49.07 47.12 38.97 37.3 39.68
41.03 35.62 38.58 40.51 39.29
40.51 41.94 49.13 39.45 41.48
42.62 44.84 46.84 38.14 41.28
40.6 44.47 41.89 43.43 39.27
37.95 36.9 43.98 34.62 36.78
30.08 35.99 33.21 39.12 30.6
39.22 31.96 41.77 33.77 41.51
34.95 42.49 39.88 40.92 37.83
36.76 41.24 35.26 35.65 35.56
34.16 38.29 34.86 33.26 35.75
38.65 38.64 38.2 32.96 34.52
36.74 36.99 37.71 35.81 33.93
36.69 36.38 32.12 36.41 34.68
40.13 39.57 39.27 33.77 37.23
36.08 36.94 37.39 37.59 33.09
36.5 38.15 34.76 36.79 34.12
38.71 36.06 34.55 37.22 34.92
36.11 33.84 35.86 33.55 35.16
34.8 30.65 38.07 36.29 35.13
33.82 33.42 39.74 36.18 37.61
39.63 36.46 37.05 34.64 35.38
32.25 31.81 31.96 33.19 32.4
30.72 34.55 34.06 30.68 31.43
34.23 33.56 30.65 29.61 31.28
35.04 28.58 29.41 35.77 35.44
30.59 37.37 36.59 35.42 37.97
36.72 36.36 36.79 38.52 37.96
37.83 39.6 39.56 36.37 37.63
36.02 35.82 35.96 38.27 40.07
39.35 37.32 32.15 36.96 37.14
34.8 34.16 31.91 35.9 28.53
33.2 28.96 29.9 32.44 27.49
34.87 28.21 34.97 28.34 33.26
34.52 31.05 33.69 30.13 35.23
29.2 32.88 32.5 41.03 36.53
38.69 38.69 37.7 34.74 37.36
35.27 37.58 34.6 38.37 33.59
28.49 36.93 30.29 38.28 33.57
33.78 39.3 34.5 44.97 40.58
41.04 45.27 35 42.58 41.14
34.11 36.91 32.53 38.76 29.82
31.18 33.03 36.11 37.8 39.09
51.88 60.92 73.45 81.12 88.94
90.53 90.54 91.88 93.04 94.04
94.22 94.43 95.26 94.62 94.85
93.33 94.98 94.03 94.92 93.05
95.38 95.4 95.51 95.21 94.61
94.73 94.69 91.97 86.75 88.61
90.95 94
