57.46 40.15 42.66 41.35 50.23
35.27 38.2 35.97 41.33 36.33
39.62 34.4 33.52 36.28 37.46
34.97 40.21 33.3 35.7 34.79
32.63 34.67 36.6 36.56 37.18
34.32 34.6 33.45 31.3 34.45
30.41 29.53 31.15 31.39 28.58
30.99 33.53 26.88 32.96 29.01
29.67 28.28 32.19 27.75 29.54
37.69 45.13 55.76 59.07 68.03
82.64 87.1 87.28 89.91 90.72
91.45 92.28 91.9 90.31 91.24
91.21 87.34 83.03 76.83 81.9
84.24 90.5 90.44 91.63 90.13
88.52 90.21 91.56 92.24 92.11
91.4 90 86.34 85.85 88.17
83.73 74.44 63.13 59.78 64.49
73.6 85.35 87.26 88 89.59
90.42 88.2 85.3 81.66 74.22
68.87 57.79 60.34 52.64 57.11
61.12 71.39 80.08 86.76 89
90.12 88.53 88.3 91.22 88.54
87.24 89.09 88.8 87.09 88.02
89.2 88.07 88.12 89.76 89.16
89.13 89.07 87.63 87.19 79.85
85.42 89.28 93.62 94.44 91.45
90.5 93.03 92.25 92.26 93.06
93.8 93.21 93.91 92.41 90.44
84.92 82.48 85.05 86.05 89.6
92.28 93.84 95.37 94.28 94.36
95.39 94.16 93.61 92.57 90.91
90.02 89.23 85.24 85.15 83.68
87.35 85.37 88.41 90.1 92.28
92.28 89.41 90.28 89.04 90.3
86.47 86.66 87.53 87.3 86.48
86.89 88.46 88.22 84.54 79.39
81.05 73.41 60.57 58.84 60.49
70.64 79.85 82.71 86.63 83.32
84.16 84.89 83.08 83.55 78.41
77.3 77.32 81.82 83.96 88.29
87.89 91.34 92.26 92.82 92.91
90.13 89.33 90.39 89.61 90.85
90.7 91.53 90.02 90.02 91.25
90.42 89.77 89.77 86.07 83.87
86.62 89.72 86.23 88.4 91.49
92.24 91.61 91.37 90.13 88.76
91.61 92.72 90.26 92.92 94.61
93.9 93.48 96.72 96.91 96.25
95.83 97.11 97.61 95.67 95.67
96.47 96.32 94.77 93.62 94.85
94.23 94.79 95.2 95.92 96.53
96.41 96.2 95.59 96.69 97.11
95.78 95.97 96.86 95.9 95.15
95.57 96.86 95.32 95.71 96.73
96.73 97 96.08 96.69 96.26
96.97 96.51 97.38 96.25 96.58
95.97 95.78 94.69 96.23 94.04
91.64 94.08 94.61 92.17 93.08
95.05 94.04 93.15 93.87 96.26
95.02 95.18 96.01 95.79 94.77
94.99 94.13 94.06 92.53 92.05
93.73 91.44 89.09 90.21 91.98
88.77 86.94 90.06 89.2 87.4
88.62 91.17 89.95 89.54 92.13
92.56 91.74 91.77 94.53 94.23
93.19 95.56 95.14 93.84 92.87
94.2 94.54 94.43 93.81 94.22
93.84 91.81 93.28 93.85 92.51
94.43 93.92 93.55 95.52 93.79
93.31 94 95.37 93.5 93.23
95.68 94.47 94.53 95.03 94.79
94.02 93.85 93.16 92.52 90.17
89.91 85.73 76.98 77.12 64.88
56.07 53.69 51.8 54.25 57.43
63.58 66.34 75.35 78.16 80.41
90.94 90.59 90.92 92.62 91.76
92.18 92.23 92.26 90.49 89.11
88.9 87.01 86.85 82.74 82.85
76.59 63.69 53.02 45.42 43.1
40.22 39.29 39.66 37.62 37.07
36.28 33.79 30.95 39.01 34.59
36.65 35.67 39.01 37.2 38.24
38.89 38.44 43.74 39.57 36.56
38.79 34.84 31.93 38.4 32.7
31.8 30.94 39.68 38.71 37.49
37.88 34.61 33.96 33.98 32.44
33.46 37.76 32.27 35.28 35.97
31.33 34.31 29.96 34.03 32.37
27.1 31.6 26.48 29.6 29.67
26.9 35.82 30.4 31.67 32.08
36.4 32.83 33.36 31.33 35.62
30.75 33.34 31.23 30.63 37.87
33.13 40.9 36.57 35.86 41.48
35.96 36.83 36.29 32.8 34.5
30.23 32.42 33.49 29.79 36.91
32.28 35.49 31.15 28.03 31.81
30.61 30.85 35.19 32.16 37.16
35.2 37.1 38.71 35.75 41.58
33.38 37.54 36.91 36.78 38.42
38.94 40.87 37.49 37.15 37.16
38.19 35.98 33.93 35.3 30.38
42.19 33.48 35.5 36.96 34.33
38.92 34 36.32 37.87 32.37
28.03 32.14 30.65 46.73 39.76
34 37.68 37.58 31.37 46.48
38.58 38.05 37.7 32.81 34.74
34.61 32.19 29.11 29.76 29.02
31.35 30.48 27.19 38.14 37.41
27.9 28.57 31.15 29.01 32.93
28.16 29.34 29.27 29.73 28.56
30.5 29.02 26.72 27.07 27
31.34 30.31 34.2 35.39 28.27
30.82 33.36 29.86 37.41 31.25
32.32 33.03 30.73 27.44 29.8
24.12 29.45 25.27 29.78 31.52
25.42 29.96 29.84 32.7 35.27
34.08 35 36.88 39.17 43.87
44.54 51.01 46.76 37.72 34.82
36.97 39.84 46.11 38.67 35.34
39.55 41.13 39.33 39.48 46.75
38.2 47.54 43.64 46.12 49.02
52.07 63.42 77.93 87.31 89.79
93.59 94.78 95.16 94.79 93.73
92.22 88.13 85.24 78.91 78.67
79.91 79.88 84.15 89.03 89.9
92.79 93.53 96.07 95.85 94.32
89.27 84.28 82.55 88.38 92.46
94.19 93.11 91.86 90.23 86.57
70.63 60.46 55.77 49.44 46.59
48.99 47.58 51.22 47.88 55.03
69.82 78.37 85.67 86.84 88.23
89.73 90.01 91.13 93.09 92.19
92.63 94.54 94.08 93.08 93.91
94.2 91.86 91.28 89.31 85.96
89.05 91.99 91.65 93.81 92.69
92.79 91.26 86.75 88.94 86.64
84.9 83.49 86.85 90.55 91.3
89.35 92.88 93.82 91.38 91.69
93.34 92.48 90.58 90.3 92.43
93.09 92.74 92.18 93.22 94.35
93.15 91.26 92.91 92.93 89.28
90.74 92.63 90.81 90.99 89.65
89.98 86.71 84.82 87.72 87.75
85.43 85.98 87.07 86.31 83.49
85.55 83.09 89.97 90.24 91.76
91.16 92.64 92.45 92.6 92.18
92.2 91.18 91.28 91.57 89.01
87.97 87.38 88.19 86.62 83.45
86.52 91.82 92.36 94.15 93.68
93.61 94.41 94.51 93.81 92.67
92.43 92.75 91.57 88.29 88.65
89.96 85.68 79.47 71.03 62.44
61.69 62.38 62.85 65.52 74.24
74.05 77.28 84.4 86.63 89.36
89.6 92.37 91.74 91.6 92.46
93.22 94.07 93.9 92.89 93.63
93.57 92.15 91.26 91.88 90.4
89.06 90.33 88.58 88.19 86.45
88.67 87.3 84.68 87.71 89.37
89.36 88.33 90.5 91.48 88.8
87.53 91.07 92.11 93.2 93.96
92.42 92.12 91.87 91.65 90.54
89.61 88.73 89.07 88.62 86.77
83.62 72.64 79.05 84.96 86.72
84.96 84.99 85.73 81.87 78.07
78.98 76.19 63.27 55.91 47.28
41.42 43.74 45 39.12 46.5
52.75 58.62 59.76 60.78 65.52
73.12 74.08 80.94 82.65 85.18
86.3 85.65 86.76 89.26 91.09
86.28 83.77 82.56 77.85 65.91
50.57 41.45 37.42 39.57 33.63
33.89 33.6 31.69 29.4 30.07
31.46 28.84 31.41 31.32 33.23
26.97 31.9 29.15 31.45 32.84
34.35 32.71 31.84 37.26 35.32
36.02 33.7
