94.59 94.52 93.32 93.29 94.36
97.12 98.47 98.58 98.75 98.61
98.44 98.62 98.52 98.47 98.43
98.61 98.29 98.08 97.45 97.34
98.63 97.7 98.52 98.46 98.49
98.3 98.41 98.2 98.05 98.65
98.25 98.32 98.19 98.48 98.6
98.66 98.68 98.26 98.03 97.85
98.22 98.51 98.47 98.16 97.77
98.62 98.53 98.47 98.56 98.59
98.68 98.54 97.81 96.06 96.43
91.89 89.15 89.5 93.26 94.33
96.79 95.87 93.62 90.68 91.79
92.77 90.79 89.82 77.75 84.26
78.2 78.16 84.82 88.95 94.49
97.07 98.02 97.81 96.98 98.41
98.26 97.19 96.07 93.78 93.57
92.52 94.76 95.29 97.92 98.22
98.63 98.42 98.71 97.8 96.54
96.72 96.03 96.26 95.88 95.97
98.1 98.18 98.76 98.78 98.86
98.8 98.9 98.78 98.85 98.87
98.78 98.77 98.78 98.66 98.34
98.29 97.9 96.88
