37.37 40.08 42.22 49.32 58.17
73.23 82.57 88.53 91.96 94.02
95.72 95.68 94.7 93.34 92.92
93.82 92.96 93.24 92.98 93.2
92.28 92.47 94.37 94.72 95.33
96.43 96.39 95.87 94.42 93.01
89.41 88.05 81.32 80.04 81.09
85.8 89.9 93.91 93.47 95.46
94.39 94.06 91.75 93.89 94.04
94.03 95.37 95.34 94.9 93.66
93.36 89.33 87.94 89.54 93.77
95.53 96.36 96.9 96.46 96.11
94.25 93.08 93.34 91.37 90.56
92.31 93.62 95.04 95.42 95.86
95.22 93.72 92.98 90.99 87.46
84.39 83.07 87.24 89.23 91.25
93.29 93.89 95.73 95.41 95.07
93.97 92.63 93.67 94.04
