36.23 38.29 37.45 44.52 39.1
37.97 44.28 48.44 48.49 46.77
49.45 47.8 43.41 46.38 48.31
39.22 35.57 33.19 32.15 31.06
29.42 30.6 27.81 36.86 43.84
55.26 65.29 78.62 80.08 81.89
81.22 78.8 78.88 74.25 56.17
48.56 43.81 39.41 40.65 46.17
52.56 56.76 53.17 53.06 61.13
65.89 65.36 64.92 71.19 70.47
64.84 71.91 68.32 71.11 76.78
80.82 84.85 88.58 90.72 92.18
91.66 92.62 91.41 92.03 89.43
88.13 84.52 82.6 80.96 83.43
86.78 87.39 90.11 88.8 88.99
86.43 82.42 78.34 72.14 68.53
66.52 73.34 72.99 70.35 73.82
75.62 84.75 89.53 93.36 93.04
91.86 88.99 83.32 81.3 78.54
87.77 89.35 91.11 92.43 92.67
89.23 86.11 80.23 82.12 70.61
72.64 70.89 77.58 81.47 85.58
91.22 89.77 91.47 89.5 88.27
83.14 84.27 85.26 87.5 88.21
87.29 83.48 87.91 87.93 91.81
90.64 93.2 92.56 92.92 92.19
89.49 86.99 80 73.21 67.29
66.46 68.25 73.26 82.5 85.83
92.07 90.75 92.52 90.7 90.9
88.85 84.85 85.28 86.47 87.03
86.77 87.67 85.94 87.35 82.74
82.99 81.43 77.08 73.18 69.25
58.22 52.31 46.49 46.85 45.08
45.96 46.97 56.53 61.37 69.68
75.55 78.66 79.62 80.93 76.82
60.5 53.6 62.94 62.64 71.74
78.84 80.53 85.19 83.68 85.93
88.64 87.14 86.71 86.94 85.92
77.21 77.53 79.62 82.18 77.32
80.32 84.15 81.37 77.21 81.45
78.39 74.65 73.01 66.37 60.35
45.68 32.97 26.24 22.87 24.5
21.75 24.17 23.58 25.41 26.2
29.32 31.41 43.18 43.17 42.79
45.18 49.5 53.72 50 53.4
62.44 58.71 64.87 67.67 68.32
67.46 67.05 70.65 72.1 71.98
78.76 73.57 72.26 74.58 78.09
76.69 76.1 78.64 68.75 76.33
76.13 75.22 70.48 74.41 76.78
72.59 64.07 64.3 67.58 61.72
57.46 56.34 46.64 42.16 32.19
30.38 32.81 48.93 35.65 36.17
34.94 37.26 37.97 44.33 39.41
39.41 36.67 33.56 38.01 38.67
49.06 49.98 38.61 47.32 47.02
37.48 43.97 42.86 39.28 36.7
44.99 43.91 43.81 56.83 63.29
63.83 66.97 72.15 77.08 83.89
84.55 83.3 81.22 85.05 82.59
81.42 79.46 68.21 71.55 66.61
63.05 74.24 76.17 78.63 84.21
85.4 88.83 87.91 85.84 85.01
85.04 88.44 84.45 86.86 84.21
81.16 82.63 85.19 87.8 88.47
89.52 88.18 88.87 92.55 92.28
90.59 90.85 90.58 90.92 93.28
92.8 88.54 86.51 92.33 92.23
92.85 92.99 91.15 90.79 88.29
85.87 90.99 93.4 93.92 94.35
93.66 93.08 91.43 88.18 87.13
85.98 90.8 89.42 89.75 89.99
89.28 90.99 92.58 91.09 90.72
87.37 86.43 85.95 89.33 86.84
88.09 88.11 90.58 90.02 92.05
91.04 91.47 90.88 91.19 88.43
87.33 88.87 87.8 86.09 80.54
80.39 84.83 89.48 89.63 87.61
87.85 90 89.78 91.6 90.84
89.42 89.52 88.27 83.94 89.45
90.09 90.76 90.23 87.58 89.86
88.17 87.53 80.38 74.5 82.37
77.37 81.06 83.19 84.25 82.64
81.19 82.15 86.75 81.81 75.46
74.61 80.46 81.67 85.64 83.4
80.85 80.83 79.33 83.27 87.67
88.38 93.02 94.34 93.53 94.98
95.01 92.13 91.55 87.87 81.54
74.33 66.56 65.84 67.73 76.25
83.41 87 92.28 92.83 95.44
94.99 95.59 96.2 97.68 96.87
96.23 93.62 93.62 93.16 95.19
96.66 97.24 97.62 97.74 96.83
97.26 97.33 96.25 95.55 97.29
97.59 97.57 96.61 96.51 96.81
94.93 93.02 90.44 91.48 92.56
91.97 95.87 96.38 96.83 98.03
97.71 97.47 97.03 96.81 97.28
97.74 96.44 96.27 95.94 96.51
95.62 97.08 96.64 97.4 96.74
96.79 95.63 97.51 96.98 96.75
94.4 95.75 97.13 96.46 97.68
97.23 97.71 97.22 97.63 96.94
97.76 97.28 94.55 92.26 95.33
97.24 96.23 96.71 95.97 95.98
96.82 96.65 96.6 97.09 96.14
96.84 97.53 97.01 96.97 95.21
93.46 92.06 91.09 94.08 96.51
97.6 96.75 96.23 97.23 96.81
97.43 96.37 95.13 95.6 93.3
92.24 87.76 84.69 91.86 90.7
94.23 92.86 95.05 93.48 95.86
95.38 96.46 96.38 96.08 95.72
96.7 97.82 97.29 97.99 97.39
97.08 97.05 97.73 97.02 97.92
97.51 95.97 95.98 96.77 97.79
97.72 97.2 96.98 94.38 94.88
96.62 96.96 97.03 97.23 97.52
98.11 98.01 97.74 96.78 96.5
96.7 96.16 97.08 97.66 97.82
96.05 96.01 97.48 95.74 96.7
96.44 95.32 95.22 95.52 94.11
94 91.64 92.97 91.93 92.86
90.59 94.32 95.91 96.01 95.18
95.95 95.39 95.05 93.93 95.53
96.55 95.15 93.49 95.97 96.8
97.01 96.27 95.62 96.93 96
96.79 96.55 97.09 94.23 94.15
97.44 97.85 97.87 97.88 97.14
96.35 96.73 96.47 96.66 96.45
96.63 96.45 97.41 96.47 96.88
96.57 97.14 96.35 98.08 97.63
97.47 95.43 96.76 97.91 96.97
97.94 97.66 97.35 97.08 97.43
96.57 97.83 97.18 96.08 94.31
92.58 93.73 93.2 92.19 95.09
97.24 96.27 96.41 95.44 96.46
96.61 96.79 96.38 96.47 96
96.16 96.57 94.45 93.26 87.37
89.66 86.37 89.64 91.63 94.35
94.27 94.04 94.53 91.46 89.07
93.93 93.4 95.13 93.63 94.98
93.93 94.03 91.19 89.1 84.11
88.73 93.3 95.37 96.35 94.52
94.04 95.11 94.52 93.3 95.11
94.14 94.54 94.73 95.05 95.34
92.38 91.1 94.52 94.52 92.88
94.3 91.97 92.78 88.63 79.15
72.82 61.23 58.66 56.82 60.63
75.76 79.7 85.83 87.7 91.86
91.97 92.99 94.13 94.73 92.73
93.24 96.11 97.44 97.15 95.97
93.9 87.5 84.59 86.51 85.29
85.97 93.07 94.45 97.16 97.08
98.03 96.56 95.54 95.38 96.5
97.15 94.15 96.28 97.78 97.9
98.36 97.81 97.81 98.32 97.75
97.81 97.21 95.38 91.55 91.02
87.69 89.23 93.53 94.6 96.61
97.13 97.91 98.56 98.67 98.61
98 98.62 98.03 97.74 97.08
97.44 98.21 98.65 98.81 98.71
98.64 98.02 97.82 95.88 96.05
94.89 95.32 93.13 93.2 90.17
83.36 84.74 82.44 84.15 89.59
93.87 93.92 95.02 96.41 96.31
96.52 96.64 96.21 97.83 98.24
98.6 98.65 98.54 98.54 97.65
97.44 96.35 93.48 94.12 93.74
91.55 91.74 93.88 95.25 93.92
94.64 97.22 96.75 96.1 97.52
95.88 95.36 97.53 97.04 94.66
96.17 97.61 98.25 98.26 98.33
98.2 98.19 97.49 96.91 95.25
95.18 95.24 95.71 95.74 95.87
96 95.29 95.31 97.02 98.09
98.24 98.1 98.37 98.01 98.52
98.2 98.12 97.34 96.23 92.65
94.44 95.23 97.47 98.32 98.17
98.33 97.89 98.12 97.56 95.64
92.42 94.24 95.65 96.18 96.2
96.84 97.44 97.29 95.63 96.42
96.04 95.93 97.14 96 96.11
96.29 96.03 94.82 97.28 98.22
98.44 97.84 98.21 97.74 95.58
94.32 89.73 92.44 91.37 93.26
96.98 97.94 98.37 97.79 96.42
97.79 95.87 97.04 95.86 96.4
94.34 91.77 91.91 92.25 92.92
89.64 90.88 89.59 84.48 83.87
86.52 81.84 79.65 77.92 73.32
67.98 57.72 53.6 50.97 44.99
38.1
