47.22 47.6 50.93 59.76 49.35
51.26 52.11 47.43 50.57 44.2
47.59 43.88 44.41 40.36 40.46
43.26 42.3 48.19 43.98 45.47
44.55 42.44 41.45 37.38 38.17
40.57 42.23 39.26 38.34 41.95
39.28 38.3 38.01 37.47 42.56
41.97 31.99 38.56 35.59 35.19
38.69 33.62 37.97 34.62 44.58
35.35 41.84 40.41 40.62 39.18
41.38 40.76 39.67 37.73 39.19
38.39 39.81 39.44 39.78 40.9
38.89 40.31 34.98 38.3 36.63
37.16 36.99 39.58 35.14 40.42
43.53 40.57 38.9 36.38 38.9
37.11 37.83 38.2 38.52 34.45
36.34 34.88 37.07 36.91 37.68
41.68 39.37 40.3 38.95 41.23
41.48 40.97 44.13 42.11 45.71
40.74 36.07 46.8 43.82 40.43
41.92 42.81 41.4 56.52 39.24
49.3 46.95 38.08 43.68 38.26
43.67 36.77 37.46 39.48 38.6
42.43 46.58 43.47 41.52 41.84
39.76 39.53 39.53 41.25 47.54
38.29 37.55 37.67 36.02 36.78
38.48 42.07 43.15 48.95 39.35
40.24 44.35 39.63 41.02 41.17
44.21 34.38 37.31 38.06 39.89
38.23 38.65 33.92 39.33 42.56
63.94 46.41 37.94 39.21 36.98
36.84 40.57 40.47 33.49 35.91
34.3 32.96 33.22 34.28 35.97
37.08 36.85 38.42 38.35 38.54
39.44 39.71 39.4 38.35 40.45
34.02 41.26 40.26 38.58 39.58
34.94 36.86 38.95 40.4 39.06
38.06 40.18 38.95 40.34 39.02
35.54 35.53 36.32 36.34 34.38
35.66 38.16 33.27 41.44 33.48
36.03 36.54 36.2 38.12 36.59
36.59 39.02 32.05 38.13 34.1
36.25 32.44 40.34 32.97 44.49
35.36 39.03 37.45 39.82 35.4
37.87 39.86 37.85 40.21 40.46
44.12 41.07 38.34 42.48 37.88
41.75 38.88 40.47 39.66 35.96
43.14 36.82 35.12 41.34 42.28
53.31 43.76 44.25 44.8 43.93
44.14 46.74 46.06 41.85 41.88
43.91 40.69 38.58 39.33 37.36
43.85 39 42.93 43.23 35.89
35.5 38 46.29 47.75 48.8
41.19 39.26 56.7 49.17 52.36
50.21 38.05 48.9 42.1 37.79
41.18 43.8 49.05 53.63 53.11
61.68 61.59 73.73 83.61 90.18
91.08 92.97 93.11 92.68 91.77
89.22 85.18 83.55 82.34 79.74
84.91 87.3 86.83 88.84 89.57
90.72 90.87 90.28 89.75 90.13
90.25 88.6 89.51 88.05 89.99
91.46 90.41 89.2 84.4 81.34
80.12 82.67 83.65 83.01 88.52
87.25 91.33 90.45 91 90.36
87.46 83.78 81.11 77.99 79.68
79.95 79.71 84.51 86.19 86.82
91.51 91.81 93.08 92.6 91.91
92.54 89.91 88.89 88.27 89.36
90.69 90.61 90.22 91.38 91.79
92.08 91.14 90.79 91.76 92.07
88.51 88.37 87.07 83.35 80.6
83.13 85.61 89.76 93.46 93.53
93.29 91.58 91.09 85.76 79.26
65.84 56.67 49.99 46.31 45.81
48.56 46.65 40.94 40.66 40.93
48.85 48.49 46.17 36.76 47.3
43.57 45.63 50.35 41.25 42.55
49.26 37.83 45.78 42.31 39.05
46.19 42.98 46.73 46.84 39.34
41.98 43.62 42.53 41.41 36.23
43.3 38.5 41.63 41.57 35.16
51.11 43.32 42.65 34.53 38.11
36.52 38.8 43.72 54.13 59.79
64.03 72.02 77.01 79.98 88.53
89.84 89.52 89.04 87.04 84.44
84.9 88.41 87.26 84.19 88.65
88.81 88.44 88.67 88.91 88.43
88.29 89.37 91.5 92.61 91.54
89.21 92.47 89.74 88 87.56
86.92 81.11 74.46 60 50.94
48.91 43.71 40.73 42.34 41.31
40.01 35.72 42.48 46.74 38.62
37.59 36.02 41.79 45.4 41.61
45.42 47.97 43.53 44.23 44.88
43.13 42.3 42.08 40.56 46.01
44.54 42.01 38.72 42.86 42.09
43.76 42.08 40.49 43.01 40.62
43.71 37.66 43.47 37.18 44.92
42.08 46.32 41.31 38 43.84
41.35 41.63 43.1 36.86 40.79
37.51 47.92 52.14 49.94 54.71
56.41 56.45 57.97 57.09 57.36
51.43 55.27 56.7 60.22 60.59
60.21 62.12 66.12 79.07 75.96
71.14
