42.16 61.08 51.63 57.52 60.37
64.34 68.81 77.08 87.72 89.84
92.71 92.78 93.92 91.89 92.44
93.54 95.84 95.53 96.8 94.72
94.98 94.17 93.3 94.35 94.56
94.4 94.01 93.2 91.62 91.49
90.72 87.22 88.7 88.62 90.12
91.85 92.2 94.27 93.92 95.83
96.42 97.08 97.36 96.88 96.77
95.28 94.52 94.93 95.05 96.11
97.23 97.02 96.64 94.69 89.9
84.09 82.04 91.66 95.61 94.88
95.85 95.07 94.76 94.81 93.48
92.36 92.3 91.67 91.97 87.75
88.88 85.36 83.44 81.12 88.21
86.39 86.62 86.26 88.1 90.93
90.17 84.24 65.49 79.75 79.01
87.36 92.22 92.59 94.34 93.09
92.57 89.16 91.64 91.75 94.8
92.89 96.04 97.15 96.83 97.01
96.99 94.48 93.86 94.56 95.41
96.37 97.49 96.92 96.72 95.42
94.14 90.34 89.33 86.49 88.04
85.1 89.74 92.19 94.34 95.95
95.9 97 96.04 95.88 95.38
94.24 93.06 92.66 89.28 90.04
87.76 86.78 87.19 83.25 87.18
91.8 91.84 94.52 95.01 94.86
93.78 94.11 92.02 87.49 81.74
78.77 84.87 78.38 80.29 83.39
90.97 94.73 93.54 95.13 95.31
95.89 97.3 96.83 94.02 94.24
94.64 94.87 95.07 96.58 97.24
96.89 96.54 95.52 94.88 92.92
92.13 93.1 95.35 96 95.58
96.87 96.56 95.94 95.35 93.28
90.38 88.99 94.6 94.08 94.55
92.83 94.29 95.01 93.76 93.89
93.7 93.15 93.82 94.63 96.35
95.71 96.08 96.88 97.38 97.48
95.84 93.38 91.65 93.37 94.37
95.11 96.86 97.19 97.16 96.75
96.43 94.84 93.47 94.17 96.77
97.69 97.09 96.53 96.87 95.78
94.01 93.07 92.99 93.34 95.6
93.9 93.97 95.71 95.79 95.47
95.74 94.37 91.27 90.7 91.28
81.61 83.22 83.17 87.35 91.87
94.96 96.09 97.24 96.36 97.18
97.24 97.44 96.94 95.9 93.36
92.28 93.26 95.89 97.45 97.2
97.77 97.38 96.88 95.33 94
92.02 89.59 87.26 88.94 90.82
89.45 89.4 90.1 94.85 94.97
96.55 96.54 96.39 95.87 94.34
93.78 90.37 89.02 81.37 82.5
81.37 81.83 86.85 89.69 92.24
92.92 94.45 94.24 94.11 94.08
91.53 91.03 91.04 92.6 91.7
86.59 87.59 89.36 91.52 91.59
93.81 93.65 95.38 95.72 97.1
96.96 96.72 95.29 95.92 95.1
91.31 90.78 93.61 93.67 94.92
97.25 97.14 97.14 96.86 96.7
95.99 94.94 95.93 95.61 94.76
96.94 96.39 97.15 96.79 95.7
94.41 91.62 88.18 87.52 84.87
88.28 90.51 95.41 94.87 96.04
96.1 94.41 95.37 92.71 91.23
89.81 93.86 95.26 95.63 94.75
95.16 93.17 94.42 92.63 90.21
90.16 89.98 91.98 93.2 94
96.25 96.6 95.82 96.02 97.59
97.23 97.55 97.13 96.39 95.98
95.13 92.47 92.55 90.97 92.37
88.75 84.52 84.11 81.38 86.36
87.37 89.83 91.86 93.23 94.37
95.36 96.9 97.46 97.8 97.43
97.35 96.48 95.82 95.29 93.45
93.12 94.99 96.13 96.15 96.64
96.94 96.97 96.62 95.54 94.42
91.23 90.77 86.61 82.17 85.41
87.03 89.9 92.24 95.14 93.47
92.95 94.34 93.77 90.4 90.28
89.62 89.46 87.65 86.98 90.4
92.12 87.34 87.26 70.73 63.87
57 36.77 27.82 27.24 29.88
31.02 28.08 30.77 31.87 32.54
33.93 34.65 35.36 35.15 36.57
33.38 30.53 34.39 34.81 33.96
35.95 34.13 37.96 36.42 37.08
32.33 35.18 32.19 39.44 38.69
37.95 34.23 36.41 36.74 31.55
32.88 29.57 28.86 27.24 26.22
27.7 28.82 31.27 33.79 30.87
30.84 31.04 34.88 39.47 32.39
33.43 31.79 33.52 30 31.27
31.62 32.96 32.99 32.56 29.66
32.18 33.82 31.84 32.16 32.33
34.06 34.33 31.18 39.13 35.81
28.02 28.11 28.88 26.78 31.59
33.64 31.78 34.4 36.2 35.75
35.86 35.17 40.04 37.09 45.99
39.86 49.31 39.74 38 35.66
33.43 36.57 32.37 40.19 40
32.13 31.75 29.94 29.53 34.43
31.3 41.77 32.92 39.83 34.9
38.8 37.28 44.47 44.38 37.2
42.42 32.84 37.18 30.32 29.75
28.96 33.09 25.17 27.61 32.98
27.79 29 28.77 27.36 38.17
26.07 30.64 25.98 29.58 31.04
35.2 34.22 34.72 27.31 30.88
30.72 35.38 40.19 30.9 32.35
28.29 34.46 26.69 27.43 28.74
25.24 33.72 36.45 25.93 26.49
27.09 26.84 27.73 26.82 30.52
27.53 27.66 26.83 27.34 27.08
26.03 28.5 29.07 31.84 29.93
30.33 33.4 31.38 32.89 30.72
31.62 31.44 31.57 34.32 31.55
27.85 32.86 30.51 28.55 26.37
28.73 26.25 27.35 26.79 28.1
32.29 28.35 32.4 27.46 32.45
33.32 29.88 35.39 30.91 30.26
29.8 34.99 32.2 33.94 31.43
28.86 32.88 33.41 35.89 32.13
29.46 37 34.15 32.66 28.5
32.7 29.26 33.08 32.93 33.53
34.84 36.1 34.15 30.1 32.29
27.22 27.87 30.37 31.39 27.94
32.81 26.12 30.44 36.76 30.48
26.4 32.37 28.77 32.17 34.66
29.68 31.47 24.65 27.76 27.26
42.95 26.43 27.84 31.56 39.42
38.44 33.2 32.96 32.94 29.17
28.94 29.6 32.87 35.43 35.34
37.38 32.3 34.72 34.89 32.43
32.77 31.64 30.79 36.43 31.56
42.93 37.67 47.51 51.46 66.4
72.94 77.03 74.97 77.68 81.19
82.93 86.79 87.26 84.47 88.33
89.46 87.58 90.3 90.97 91.48
89.22 88.2 89.13 88.35 85.42
87.62 84.81 81.86 78.83 75.13
69.13 56.36 42.77 49.83 53.45
49.65 62.38 77.2 74.87 77.86
80.41 73.93 82.58 82.68 81.67
86.49 87.23 85.88 84.29 89.14
89.33 88.93 91.44 88.53 90.31
89.27 89.08 90.63 93.59 91.59
90.25 90.01 89.04 88 87.1
90.86 91.45 89.84 90.92 90.74
85.9 86.06 90.05 89.41 86.19
84.7 88.45 88.66 84.71 86.76
89.07 86.21 87.56 86.7 84.09
82.68 82.65 85.75 81.77 80.73
82.41 80.65 78.75 77.28 77.25
76.73 76.26 80.61 78.46 77.32
77.89 76.3 70.64 73.39 76.13
71.65 72.5 71.37 76.13 78.52
78.11 79.73 82.91 82.97 81.66
83.52 85.29 86.98 86.5 89.35
90.95 90.75 90.96 89.64 90.2
90.78 90.9 91.19 90.97 92.12
90.72 91.04 90.34 89.7 92.26
92.41 84.23 91.22 88.65 85.88
82.57 86.64 83.93 78.1 76.1
78.17 74.33 64.59 67.88 61.34
52.29 41.2 35.97 38.74 41.58
45.8 53.46 59.42 62.95 72.92
77.94 74.32 81.64 82.24 83.36
85.62 85.1 86.96 90.3 89.83
89.66 89.8 89.21 87.6 87.9
86.04 89.99 87.59 87.38 84.67
85.08 83.2 81.56 81.47 79.57
76.71 72.17 70.76 72.19 66.95
51.34 56.9 55.14 50.4 45.34
39.12 36.36 29.81 34.13 34.29
30.71 29.16 30.32 33.99 36.66
35.77 33.49 38.44 33.03 35.36
40.77 41.01 44.23 47.75 59.85
65.54 66.59 69.45 73.25 70.43
70.07 70.26 70.14 71.4 59.75
68.69 56.69 55.07 40.76 41.89
32.64 33.22 32.78 33.67 29.65
37.81 37.12 34.2 36.99 37.72
45.89 44.54 51.1 55.03 73.9
74.73 77.89 77.26 80.49 80.8
77.51 77.4 81.44 80.58 79.52
79.09 77.08 73.22 60.34 63.58
63.69 55.65 54.14 50.12 47.39
50.02 52.88 51.79 45.34 58.13
44.44 53.5 56.42 52.3 49.9
56.43 54.73 55.96 41.7 49.97
48.02 42.97 42.56 48.22 50.94
47.57 47.06 46.26 40.69 33.19
33.76 28.96 28.22 30.11 28.95
29.07 29.31 29.53 31.45 28.98
30.03 30.55 28.29 27.83 26.42
26.18 27.15 26.9 28.98 32.15
32.94 29.39 29.05 28.09 29.44
28.32 27 31.34 25.81 31.83
29.53 37.79 32.07 27.94 31.5
33.47 30.17 28.83 29.74 34.29
36.92 31.52 33.87 35.75 33.04
29.45 30.84 32.89 37.94 30.55
30.23 32.14 34.23 28.73 30.07
31.81 31.4 30.59 35.06 31.7
36.7 34.17 35.31 34.32 34.35
33.52 32.4 33.35 29.6 31.93
32.28 33.88 31.65 31.38 33.59
32.63 38.54 30.64 31.1 31.49
27.79 28.59 29.99 30.13 28.26
31.11 30.45 28.61 31.19 30.76
32.61 32.38 31.51 33.36 36.37
41.11 33.67 30.15 39.45 42.89
41.4 50.23 56.26 55.51 61.93
60.06 59 59.8 62.92 67.28
64.69 67 63.25 61.22 55.19
53.91 51.93 38.64 35.18 31.84
31.73 28.67 31.89 30.7 31.26
31.91 36.55 34.56 35.45 33.65
35.21 30.92 29.98 42.74 32.65
29.29 28.98 29.2 28.58 29.43
29.03 30.56 34.38 36.31 35.71
34.91 38.97 36.55 33.58 37.32
31.03 32.9 29.25 31.17 28.16
27.29 26.13 26.54 33.22 27.07
30.17 29.77 32.22 32.38 38.02
28.57 27.85 29.66 28.6 26
31.51 33.95 27.26 27.98 28.69
34.19 28.82 27.86 29.77 27.61
27.18 27.17 28.24 27.81 26.15
26.16 25.94 31.45 35.57 29.82
34.51 43.23 33.12 33.66 27.6
27.25 25.08 25.36 25.01 24.44
27.42 28.13 29.16 31.31 27.05
26.11 26.76 26.71 28.63 31.44
32.8 30.45 33 31.39 31.66
30.6 30.4 29.32 27.4 29.58
26.57 27.42 28.56 30.1 26.27
26.63 25.53 30.25 23.18 25.72
26.27 28.8 39.93 31.35 31.97
31.65 28.64 28.56 28.13 26.29
31.64 27.1 31.34 26.89 34.9
27.22 37.79 28.1 28.3 28.16
28.31 29.54 29.99 31.4 30.73
30.28 30.89 30.08 35.81 29.98
30.48 29.77 30.6 28.44 29.14
24.4 32.61 23.23 25.59 24.88
25.07 23.23 28.07 28.55 29.76
30.32 27.16 28.55 21.85 24.06
24.78 27.68 27.51 29.57 25.15
29 25.31 34.69 30.53 27.9
28.18 29.97 27.6 27.23 28.23
28.72 28.76 27.08 27.48 31.54
30.21 24.61 31.39 26.17 26.51
27.04 27.88 29.22 28.13 32.4
29.21 36.31 36.6 33.18 32.28
31.19 26.57 25.92 24.42 25.54
27.76 30.35 31.26 29.96 29.19
29.04 29.42 39.76 34.74 31.69
29.97 27.82 29.41 29.69 28.84
29.2 26.83 29.38 25.94 25.4
28.09 28.76 28.46 30.72 31.04
27.69 30.93 29.69 28.3 30.98
30.42 32.76 30.6 30 28.42
28.59 29.18 29.94 32.59 31.59
35.93 32.65 34.69 33.65 32.47
29.58 29.86 31.96 33.34 30.84
27.89 28.37 27.35 27.07 29.13
27.87 36.38 27.68 30.87 30.85
31.92 36 32.1 33.76 34.72
31.65 29.54 35.23 27.64 28.8
26.39 41.31 36.59 28.8 27.71
29.87 27.63 26.72 25.69 24.14
34.74 31.91 24.09 24.3 27.39
24.42 27.65 22.15 22.18 27.06
26.01 27.1 28.74 32.06 31.78
29.28 30.71 29.43 29.96 29.33
30.59 28.93 28.07 26.59 28.35
25.03 27.72 29.34 35.8 28.31
32.22 27.01 27.28 31.29 29.36
31.72 30.94 33.93 33.53 26.54
26.49 26.21 30.24 27.61 30.9
26.18 30.04 28.97 26.26 30.51
30.24 31.68 30.25 28.84 30.07
28.24 28.72 30.78 27.33 29.74
27.05 29.84 30.25 29.52 32.54
32.79 39.51 31.49 33.97 37.93
39.55 38.78 35.1 34.04 34.4
35.25 29.22 33.66 29.75 33.32
34.58 32.14 28.08 35.12 31.85
30.08 28.93 31.28 32.91 29.94
32 34.5 31.51 32.45 35.39
34.49 33.47 36.95 34.78 32.65
32.44 30.5 30.76 28.97 28.42
32.17 30.68 32.75 32.7 33.2
33.65 33.37 34.12 34.03 34.92
39.14 39.62 36.04 36.61 37.73
34.7 34.88 34.82 32.4 33.58
30.72 29.26 28.71 32.15 31.3
28.05 26.34 28.04 28.84 30.79
30.75 32.42 32.5 33.07 32.68
32 35.38 33.22 27.53 39.24
34.14 30.23 29.67 30.1 31.27
30.58 30.94 30.44 34.74 27.75
33.91 26.98 27.69 30.72 27.27
31.6 27.65 26.66 26.23 25.83
24.85 31.87 26.8 32 32.55
33.84 34.33 33.11 32.05 33.79
34.53 29.81 32.14 29.75 29.27
29.46 31.74 30.35 35.16 30.6
33.43 34.82 33.79 34.3 37.85
31.95 32.67 31.48 33.2 29.18
32.37 32.13 38.72 39.84 30.08
34.19 30.12 31.73 32.29 28.49
34.23 30.58 27.77 27.45 24.99
26.4 25.06 25.92 27.13 26.33
28.59 29.3 30.08 29.15 33.53
33.91 28.79 28.76 29.32 26.92
27.34 28.64 28.36 26.36 34.31
29.69 29.81 32.22 32.74 30.62
32.07 29.18 29.92 32.03 30.45
38.36 28.45 38.24 29.19 30.98
29.26 29.41 30.2 27.68 25.1
30.02 28.92 30.49 32.83 34.96
38.32 36.18 35.12 32.76 26.44
34.58 26.4 35.74 37.01 26.87
29.09 29.21 28.34 28.66 32.38
31.13 25.56 29.37 31.34 32.28
30.78 30.56 32.52 29.14 31.4
30.31 39.66 39.73 34.72 37.04
35.27 40.96 38.78 33.12 35.87
32.78 32.64 32.55 31.87 31.84
27.73 38.99 37.96 30.39 26.17
24.94 27.4 25.68 27.38 26.55
29.33 31.93 30.19 30.11 29.33
28.23 29.93 28.82 31.18 29.85
33.63 25.91 26.61 26.65 28.54
28.12 29.28 26.64 26.48 34.25
36.23 29.25 24.04 28.01 24.02
26.01 33.63 31.45 32.17 29.78
30.93 37.68 34.23 35.82 30.41
31.71 36.97 33.63 32.93 30.96
27.98 27.82 31.99 28.08 27.52
29.79 30.32 27.91 25.21 26.08
24.95 24.49 24.96 25.27 24.86
28.72 35.03 35.36 29.12 30.05
27.81 32.72 34 34.58 30.46
30.24 35.08 31.37 32.72 31.02
32.19 33.43 26.54 32.15 28.38
30.01 27.14 28.75 32.87 28.95
39 29.08 31.78 26.79 31.01
28.9 29.52 29.75 30.65 30.96
28.32 30.62 28.23 26.7 29.31
25.84 33.06 34.52 30.75 38.35
41.5 28.36 27.24 27.79 30.26
32.13 31.68 29.08 30.65 30.11
31.15 29.59 32.45 34.63 27.69
27.67 31.06 34.31 33.36 34.94
31.3 28.99 32.6 35.1 33.11
32.9 36.99 34.93 30.52 33.79
32.32 31.17 32.81 34.24 33.25
33.24 32.87 33.5 33.7 28.43
28.13 32.96 31.97 30.29 30.34
27.37 32.28 30.75 29.05 31.75
29.79 28.05 29.28 28.11 26.87
26.83 29.25 28.48 29.82 32.38
26.06 30.25 29.2 27 28.36
29.27 29.98 29 30.01 28.81
32.95 28.64 32.55 30.38 30.5
28.6 32.54 30 31.11 31.31
33.35 32.05 38.56 31.88 33.56
34.07 32.35 33.5 30.65 32.13
32.51 33.05 29.33 30.89 32.17
27.17 29.69 28.99 32.22 33.62
35.79 32.77 34.35 37.46 31.02
35.7 47.18 33.3 34.71 40.08
37.66 43.42 41.38 30.42 33.44
32.56 32.22 31.7 34.15 27.53
31.99 27.26 26.09 28.48 29.89
28.61 30.03 33.32 34.23 34.01
44.22 35.48 32.58 34.02 32.43
34.82 31.48 36.29 30.56 27.34
33.35 30.56 30.98 31.01 32.67
36.4 32.58 28.4 31.94 30.79
29.64 32.88 41.62 29.47 34.61
32.41 27.76 32.62 31.75 39.35
33.54 34.36 35.98 35.21 34.04
32.71 33.1 31.4 31.52 28.32
28.3 27.46 31.33 36.34 28.48
30.57 31.55 34.53 34.32 28.26
30.01 30.05 44.38 34.81 36.26
30.26 29.24 32.34 39.55 39.28
31.32 30.24 29.6 29.66 42.38
37.95 31.37 36.83 31.8 36.59
43.13 39.38 34.17 34.36 31.39
30.32 40.06 30.8 28.8 26.04
28.19 35.46 37.7 31.4 32.6
36.97 33.39 31.95 34.33 38.92
39.15 31.44 34.26 35.59 36.07
36.48 33.88 35.13 30.61 29.3
35.52 31.93 30.2 31.99 34.35
34.43 35.59 34.24 34.88 33.76
34.07 30.63 32.69 32.32 34.44
35.06 33.33 31.88 33.21 31.2
32.66 30.38 31.99 34.5 29.77
31.05 32.24 30.8 36.97 35.15
36.32 33.77 29.19 33.25 33.71
29.63 33.67 31.99 32.72 28.73
31.17 30.54 26.21 28.53 31.4
27.47 29.38 29.57 34.29 28.37
31.04 29.15 29.19 27.09 33.47
29.3 28.45 30.26 31.24 35.24
32.55 38.03 38.37 32.17 38.13
35.36 34.67 34.21 33.73 34.83
