41.11 35.51 39.09 36.91 36.5
37.44 31.96 31.68 35.52 27.11
28.56 30.5 24.21 32.09 25.9
32.11 28.72 32.19 33.11 24.77
29.81 29.55 29.74 29.73 27.83
39.14 31.99 27.16 33.18 39.27
42.15 48.77 57.88 59.92 66.34
70.83 67.74 69.68 75.02 70.87
72.73 72.64 74.26 73.18 77.68
83.23 86.99 87.05 87.54 91.01
89.41 91.13 90.8 90.89 90.76
91.88 92.51 91.23 91.23 91.93
91.95 90.27 89.68 91.42 90.07
92.05 94.86 93.69 94.33 95.28
94.46 97.12 97.59 97.14 97.76
96.56 96.36 93.82 88.73 85.51
76 68.37 73.33 85.27 92.33
95.57 97.44 98.17 98.19 98.13
97.6 96.82 96.12 95.6 95.35
96.27 97.32 97.6 97.71 97.24
94.78 93.58 90.48 87.73 83.74
83.2 85.79 90.17 90.44 91.79
91.18 91.16 91.4 92.73 92.44
92.05 91.87 92.87 92.94 89.76
89.91 92.14 90.86 89.83 91.19
91.13 93.52 94.83 96.96 96.99
97.45 95.77 95.94 95.77 94.96
94.57 94.34 92.55 92.36 89.08
88.73 91.59 92.58 94.99 94.96
96.97 96.85 96.62 97.15 97.19
95.31 96.21 95.97 96.92 98.15
96.08 95.93 97.83 97.95 96.22
96.11 96.48 95.6 95.79 98.04
97.45 98.09 97.38 98.32 98.68
98.44 98.08 98.65 98.67 97.83
97.93 98.56 98.22 96.63 96.86
97.22 95.8 94.55 94.3 93.9
93.03 91.38 90.47 91.85 91.77
91.38 93.39 91.83 90.91 95.62
95.47 96.81 93.72 94.98 98.19
98.44 98.16 96.26 94.84 93.42
93.97 96.57 98.19 98.49 98.1
95.08 88.22 86.81 82.34 82.55
83.35 82.61 82.91 84.45 81.73
81.84 79.97 76.79 67.72 57.48
56.84 52.1 49.43 52.93 67.69
83.44 90.28 94.2 93.43 95.14
95.44 95.09 92.33 91.58 91.26
87.73 88.88 89.05 90.28 92.39
93.48 96.64 95.61 96.62 98.27
98.07 97.05 98.06 98.22 97.49
98.08 98.67 98.15 97.61 98.51
98.01 96.57 96.15 94.57 94.33
92.74 92.32 90.37 91.21 91.24
90.77 88.54 90.37 91.57 92.39
91.52 92.55 92.98 92.36 88.57
85.95 80.75 79.17 65.64 58.4
48.3 44.38 38.28 36.49 32.77
41.93 44.49 36.12 42.45 34.5
37.86 39.87 35.12 46.18 41.11
36.41 44.09 50.7 35.16 42.27
41.58 31.69 38.49 39.35 48.05
47.06 50.43 57.01 59.53 72.77
80.54 87.97 85.65 88.63 91.4
91.39 91.2 92.25 93.88 93.84
93.86 94.45 94.92 94.42 95.21
94.24 94.54 95.53 92.62 88.19
87.62 92.28 95.98 96.8 97.08
97.61 98.37 98.01 97.93 98.59
98.43 98.05 98.37 98.49 98.04
97.97 95.71 95.98 96.21 95.78
97.13 98.09 97.75 97.19 96.55
96.23 97.89 98.16 96.65 97.62
98.44 98.12 98.54 98.23 97.83
97.17 97.15 93.78 94.62 93.71
92.53 93.53 94.46 95.41 94.57
95.28 96.6 96.86 96.24 95.67
95.8 94.66 92.86 88.67 82.98
69.1 63.38 48.11 48.62 37.57
51.19 38.43 29.59 29.15 32.15
