37.91 36.74 38.57 39.42 44.13
38.82 38.81 37.42 37.79 34.74
38.96 37.1 49.65 46.54 45.21
48.88 57.06 62.03 80.49 88.17
94.26 96.05 94.83 93.69 94.5
93.98 93.06 91.69 87.14 87.23
82.72 83.13 84.66 85.06 75.51
80.71 87.48 88.24 91.43 93.01
91.31 92.23 94.16 93.13 91.86
94.21 93.83 91.12 90.67 91.98
87.77 91.4 94.14 96.43 98.12
98.25 98.45 98.26 98.1 97.32
96.29 95.77 95.32 95.12 94.62
95.35 94.9 94.35 94.86 94.82
93.76 92.55 92.43 93.41 92.12
89.76 90.75 91.56 87.5 87.06
86.37 86.91 89.24 87.6 90.12
93.25 94.89 94.92 94.47 93.28
89.53 79.14 75.43 76.16 68.66
71.93 78.99 84.18 87.43 86.64
87.98 87.34 90.27 91.17 93.16
93.26 93.75 93.98 92.34 90.77
88.02 74.96 71.43 60.68 60.59
65.92 73.28 84.12 91.07 94.46
95.68 96.48 97.23 96.06 95.4
94.93 95.72 95.16 94.15 93.52
93.39 93.36 94.42 94.2 96.11
95.97 95.34 96.2 96.39 96.16
96.25 96.85 96.41 96.01 95.27
93.79 90.73 91.27 95.2 96.6
97.78 97.86 98.02 97.93 97.25
97.33 96.79 97.67 97.42 96.75
97.91 97.76 98.12 97.62 97.56
98.28 97.78 97.35 98.13 98.05
97.53 97.78 97.03 97.11 95.25
96.36 95.48 95.23 95.46 94.63
92.94 95.33 96.51 94.35 94.09
96.89 97.37 95.87 96.51 98.08
97.83 96.78 96.1 96.54 97.9
98.31 98.52 98.2 97.89 97.09
97.85 98.39 97.5 95.83 97.42
97.49 94.17 93.28 95.92 93.88
95.98 97.3 96.26 96.64 96.83
97.8 97.65 97.39 97.56 98.37
97.65 96.75 97.77 97.66 95.71
95.51 96.64 95.69 97.94 98.4
97.71 95.76 94.53 95.97 96.56
93.27 91.11 91.02 90.77 88.9
91.31 92.59 91.56 89.53 92.33
94.73 95.36 94.33 96.32 97.45
94.98 94.65 97.64 96.39 92.36
93.32 96.36 97.02 97.56 98.07
98.22 98.16 98.36 98.29 98.38
98.15 97.66 97.54 96.31 95.74
94.24 92.71 91.58 91.28 94.14
93.97 96.05 94.47 93.51 96.33
96.05 93.11 93.09 94.84 93.58
89.85 87.51 89.41 87.89 87.48
85.55 85.39 86.64 91.35 91.59
92.04 92.8 93.75 94.3 94.22
95.07 96.04 97.15 97.37 97.1
97.19 97.14 97.58 96.72 96.75
97.01 94.92 93.57 92.99 85.58
88.58 92.79 92.89 95.47 95.85
97.38 97.86 97.85 97.53 97.94
98.03 97.72 96.86 95.59 95.03
94.24 91.22 90.4 90.41 90.6
87.38 87.66 84.67 79.61 74.67
