40.37 42.09 45.24 46.69 45.28
53.96 49.18 46.29 51.09 52.99
54.09 66.82 64.05 65.87 65.64
66.96 66.23 68.26 66.48 63.71
64.81 65.58 61.72 63.42 57.28
60.21 75.96 77.97 80.91 75.96
78.83 79.29 82.65 81.65 82.86
81.57 81.58 79.5 77.53 72.82
73.1 65.5 62.94 56.98 55.2
56.18 59.11 64.09 80.97 91.48
92 92.41 94.83 95.39 95.63
96.03 97.17 96.18 95.75 95.55
94.59 93.93 92.58 91.67 88.04
86.09 88.03 83.94 87.51 87.46
91.96 96.24 98.03 98.46 97.75
95.56 92.95 91.44 91.93 92.35
90.47 91.07 93.65 93.16 93.41
94.4 95.77 95.75 95.5 97.41
98.11 97.83 97.87 98.01 97.61
97.25 96.08 95.21 96.05 95.03
93.43 93.49 91.25 93.79 95.44
94.93 95.31 97.19 96.21 96.26
96.98 96.15 94.29 95.55 95.57
92.82 92.13 93.05 92.32 89.16
87.34 89.2 84.85 78.65 72.85
72.04 74.47 79.24 82.54 89.26
90.5 91.85 94.52 93.66 94.55
96.63 95.65 96.04 96.75 96.9
97.65 97.79 95.47 95.03 94.26
96.2 97.6 96.75 96.58 97.38
97.85 96.71 95.92 95.46 95.07
94.12 92.68 91.3 89.57 83.96
73.62 54.23
