31.66 29.89 33.47 36.94 36.11
41.16 34.09 38.32 35.76 37.21
39.21 37.92 39.81 43.42 43.43
48.39 54.67 61.31 63.53 66.98
70.51 73.18 76.05 80.21 79.6
78.02 80.85 81.04 79.91 81.9
80.92 76.82 78.46 73.69 72.75
78.8 80.79 74.89 79.53 80.03
78.19 76.41 78.74 79.69 76.08
72.29 73.33 70.58 66.93 65.35
64.07 65.65 61.55 60.31 63.86
64.67 62.49 63.57 67.29 66.2
70.32 73.46 76.54 75.68 75.47
77.77 78.89 77.61 81.27 79.36
80.09 81.87 81.01 80.84 78.6
80.9 79.94 78.06 80.86 78.75
80.3 81.54 83.45 81.86 82.22
83.55 83.66 82.23 81.65 83.56
80.28 78.17 76.63 73.1 66.21
62.64 55.84 52.95 50.07 60.98
63.85 69.38 69.7 71.93 76.55
78.98 80.62 80.45 83.55 83.15
82.57 82.25 81.05 80.22 74.88
71.44 69.53 67.19 78.85 78
81.79 83.39 83.62 83.95 83.07
86.65 86.16 85.14 84.3 84.61
82.81 80.61 80.58 78.23 74.62
65.91 61.97 63.34 66.76 72.44
72.93 73.11 76.7 80.92 83.17
81.97 85 85.07 86.77 86.59
86.79 86.88 85.8 85.28 84.16
82.16 75.48 70.68 56.82 59.98
69.64 72.11 77.39 81.42 81.32
83.2 83.98 86.55 87.96 87.24
89.05 89.97 89.32 87.27 87.91
86.02 84.91 82.81 80.27 79.34
75.59 79.15 83.84 80.46 77.14
78.69 83.33 82.5 85.95 88.42
86.28 84.79 86.06 87.03 85.32
82.62 79.95 82.54 81.91 77.56
75.75 77.47 81.51 81.89 83.45
84.39 83.52 85.2 87.43 88.87
86.5 88.62 89.6 86.27 85.13
86.89 85.64 83.3 80.92 80.95
78.95 76.24 74.4 72.75 69.38
66.46 67.74 62.86 62.84 64.81
68.42 76.34 81.67 83.85 83.74
85.37 85.74 85.96 85.6 83.62
84.16 83.98 81.18 76.64 74.14
71.1 59.06 57.25 54.88 51.21
50.19 52.99 50.84 57.9 62
67.1 72.88 76.97 75.66 77.34
81.48 84.31 83.96 84.77 85.96
85.79 87.45 86.5 85.69 83.69
84.92 83.71 79.84 80.98 78.97
74.71 70.73 70.37 70.73 73.34
70.88 70.91 71.46 69.95 68.02
64.95 66.16 62.82 63.08 62.53
57.96 55.67 55.32 49.95 50.52
50.15 40.58 43.52 48.05 37.6
38.1 41.21 40.15 33.85 30.02
33.08 26.95 26.84 27.54 24.09
24.76 24.6 27.68 23.3 26.31
24.79 23.82 23.94 24 24.94
24.11 23.82 24.86 23.39 24.59
26.08 24.66 23.55 25.05 25.27
25.37 25.19 25.56 24.84 25.22
24.99 25.38 24.27 26.62 25.52
24.94 25.67 24.53 25.51 26.57
24.99 24.03 24.76 25.14 25.58
29.4 34.13 38.11 46.16 49.89
53.93 59.14 63.94 70.17 71.89
70.55 74.17 77.6 79.38 81.09
80.06 79.74 81.5 79.94 80.65
79.42 79.88 79.13 77.41 79.65
79.32 78.06 75.8 76.83 73.08
71.64 70.84 73.24 71.76 77.07
78.98 76 81.45 80.82 81.56
81.39 84.16 83.42 82.69 81.74
83.07 79.34 79.65 80.35 79.26
77.8 78.37 77.43 74.14 74.88
72.37 74.38 69.64 70.9 61.55
72.37 74.77 78.3 81.34 81.37
82.22 83.45 84.19 82.85 84.46
83.89 84.2 82.06 80.14 79.04
79.75 73.59 75.61 76.05 81.99
79.76 79.72 83.7 84.97 81.82
83.05 85.62 80.93 81.74 83.53
83.49 79.46 76.62 78.67 78.49
80.01 75.89 80.37 77.39 82.9
81.95 79.76 82.72 83.05 83.21
80.1 82.76 82.15 80.89 79.9
77.54 73.68 71.63 64.77 55.99
49.89 46.37 44.75 37.74 40.3
40.34 36.55 38.31 41.46 43.18
49.97 56.61 61.2 64.05 69.31
73.86 79.54 80.33 75.82 81.19
82.32 79.56 77.23 81.05 78.96
77.33 71.14 73.62 70.91 72.81
72.61 75.27 76.22 79.29 76.34
79.72 80.4 78.93 77.43 77.2
77.13 74.66 73.74 74.6 73.29
72.61 71.23 69.68 71.96 67.47
68.35 76.9 75.66 73.07 77.86
79.67 78.41 74.98 79.23 79.62
77.43 75.53 79.03 76.42 79.99
79.02 80.18 80.24 80.12 79.8
79.34 78.09 74.54 78.25 76.18
76.08 74.93 74.63 74.1 74.04
73.18 72.72 66.1 65.73 61.31
55.84 54.93 53.35 55.37 49.62
52.73 51.71 43.81 45.01 49.24
50.37 45.63 47.72 46.05 45.93
38.66 41.69 36.35 42.89 41.29
37.41 37.56 40.96 41.19 40.36
44.88 52.45 65.92 69.55 70.31
74.65 77.59 77.11 74.87 78.2
79.67 77.51 76.36 79.12 73.28
74.69 72.17 70.04 72.67 66.35
62.13 61.05 65.75 67.94 69.72
73.53 73.27 76.12 76.15 77.38
76.28 73.67 74.85 72.91 73.78
74.29 74.37 80.38 81.09 81.37
80.24 78.11 82.18 82.89 81.18
79.84 83.44 81.63 80.25 77.7
79.74 77.11 75.47 75.71 74.96
68.89 63.17 60.41 60.57 61.77
57.11 56.68 55.54 53.97 49.33
49.12 49 50.15 55.45 65.32
69.14 70 68.45 73.45 79.16
78.35 78.87 80.56 83.06 81.62
83.04 83.69 83.94 84.7 84.27
85.2 84.63 81.74 83.94 84.89
86.96 85.18 83.85 82.8 80.49
83.29 85.54 83.83 82.35 84.9
83.71 82.4 79.72 80.16 74.27
73.07 72.97 79.48 80.77 80.37
79.14 83.24 82.91 84.63 83.97
83.81 85.99 84.65 85.41 84.43
86.04 87.37 86.96 85.6 84.1
83.78 87.8 83.99 84.82 83.4
83.61 87.52 87.36 85.32 85.27
88.08 88.88 85.36 84.89 87.74
84.66 83.64 85.5 85.02 80.61
78.52 83.46 82.84 82.63 81.03
85.98 84.24 86.73 87.25 88.53
88.75 89.64 86.39 90.02 91
88.91 89.85 88.83 88.37 86.57
85.55 84 83.26 79.91 73.77
80.45 76.3 77.24 83.46 83.62
83.14 84.75 87.93 87.64 87.92
87.4 90.62 87.94 86.86 89.28
88.32 84.25 83.7 84.33 82.16
81.76 86.39 87.77 83.31 86.32
87.32 85.37 86.47 88.86 90.25
87.89 88.78 87.48 88.37 86.62
84.94 81.27 81.6 80.45 74.63
63.13 55.89 53.89 54.38 58.36
64.13 69.42 74.24 79.69 81.44
83.67 86.01 88.61 87.02 88.29
89.88 91.23 86.93 86.96 89.26
85.99 83.67 82.61 80.91 76.95
81.44 79.91 83 83.13 85.41
85.63 85.92 84.22 86.36 88.19
85.24 85.87 84.25 86.69 80.77
77.19 77.51 77.82 71.61 65.67
62.05 58.54 60.78 59.53 66.01
71.84 79.12 81.87 84.76 87.06
88.3 90.16 89.31 90.35 88.5
87.72 89.02 89.35 86.48 83.06
83.09 81.4 85.9 87.19 85.66
86.35 87.02 86.63 82.61 84.06
85.08 81.03 82.2 85.82 85.2
81.81 85.09 87.06 84.96 82.69
84.4 81.07 73.08 72.04 73.12
72.08 76.66 80.17 81.66 84.08
84.07 87.49 87.32 89.29 91.59
92.41 92.29 90.46 89.94 91.22
90.49 87 88.85 87.39 84.14
80.19 76.8 79.06 78.9 72.62
73.01 77.85 69.13 56.29 53.67
52.14 41.5 42.14 36.12 41.03
30.81 30.47 29.68 29.47 29.44
27.43 29.44 28.84 28.66 24.64
26.45 25.65 25.77 28.57 27.78
30.04 33.69 35.54 45.67 46.27
45.91 49.45 58.81 54.96 61.29
61.37 59.76 58.94 63.49 68.07
74.08 80.62 80.79 80.27 80.54
81.12 85.19 84.93 81.79 82.75
87.07 84.01 81.08 81.24 87.24
83.23 76.57 82.49 81.31 74.32
67.42 60.63 58.67 63.75 69.49
74.43 80.49 81.69 85.23 85.15
88.35 87.76 88.16 88.91 89.69
87.09 86.82 86.86 88.08 85.63
82.56 83.15 81.51 82.94 81.43
83.84 83.29 83.68 83.94 85.32
83.85 81.56 85.89 85.89 85
83.92 87.66 87.83 83.86 84.44
85.35 84.23 81.29 78.4 73.38
72.42 74.56 80.38 84.17 83.21
85.68 87.12 88.19 86.84 88.03
89.16 85.35 85.73 85.39 87.15
82.82 84.13 83.62 83.93 85.41
82.82 86.12 83.68 86.8 88.28
86.53 87.13 87.44 89.65 88.91
87.96 87.3 88.75 86.89 85.16
86.14 86.54 81.31 74.57 79.16
79.84 81.15 82.02 83.01 85.11
84.9 88.7 87.81 88.83 88.85
90.07 86.74 86.44 87.95 87.04
84.8 81.5 84.24 82.28 78.86
80.61 85.75 84.42 84.97 86.33
86.78 86.48 85.95 88.34 87.45
86.77 85.27 87.4 86.33 84.63
85.8 84.41 82.99 81.26 82.08
81.55 79.78 81.58 78.26 84.18
87.04 86.97 85.49 88.76 86.84
89.12 88.63 87.79 86.75 88.09
85.56 83.4 85.07 82.18 83.83
82.32 83.81 80.83 82.64 84.2
83.95 84.55 85.72 85.22 85.56
86.39 85.96 88.45 87.41 86.37
85.71 88.52 86.02 84.12 80.06
82.88 82.12 85.02 84.7 87.84
86.5 87.47 87.49 87.02 89
87.79 87.59 85.43 88.44 87.09
82.33 83.48 81.59 80.53 78.47
82.33 83.33 84.42 82.18 81.45
82.94 82.01 84.21 81.23 86.05
87.65 88.22 87.2 87.25 86.36
86.46 84.96 84.26 84.74 84.59
80.93 81.2 81.58 83.3 85.07
84.44 84.45 86.41 84.48 85.32
84.05 86.67 84.32 82.06 84.56
84.19 82.3 81.08 81.45 79.02
79.46 80.19 84.22 81.74 83.12
85.01 83.37 83.89 85.44 84.89
84.03 85.07 83.8 82.2 84.01
84.84 80.85 82.46 77.17 78.4
78.41 80.19 78.59 82.74 81.18
80.07 77.06 77.43 76.33 72.7
73.97 76.1 73.59 62.45 61.73
52.78 53.44 52 46.98 43.44
42.92 41.56 46.61 43.33 47.01
50.71 48.28 48.62 48.72 48.59
48.67 49.54 45.19 45.47 38.45
42.03 40.84 38.94 37.96 37.35
37.61 35.7 32.69 38.5 40.73
38.38 40.55 44.84 50.84 53.57
52.54 59 63.84 63.48 63.4
67.54 75.89 83.24 80.86 80.66
81.54 78.58 80.26 82.03 69.38
60.93 59.61 66.48 72.22 73.34
73.72 72.54 74.13 76.23 80.93
80.9 76.99 85.77 84.94 82.93
83.05 87.58 88.51 87.26 85.32
88.03 88.57 85.77 79.75 82.72
81.05 83.27 84.14 85.66 86.45
86.08 84.74 88.05 89.13 86.24
85.57 85.75 84.2 80.94 78.72
80.48 79.64 81.58 84.36 79.24
79.85 86.51 88.11 87.22 85.32
88.17 88.78 87.21 84.94 86.92
86.87 83.96 83.45 85.08 85.33
84.97 85.75 85.2 84.27 86.16
86.01 85.93 85.98 85.35 85.6
86.31 84.74 83.39 83.47 82.53
81.7 71.75 70.05 67.76 76.37
71.98 75.35 83.25 83.49 81.28
83.16 87.49 85.57 84.4 85.93
86.79 84.17 82.06 84.16 82.01
79.09 78.41 74.38 75.54 77.51
81.75 81.28 81.77 79.32 75.74
75.61 75.61 79.97 80.72 86.56
86.65 87.1 88.06 87.12 86.33
86.73 85.48 84.52 81.22 72.84
73.34 75.54 82.77 83.71 85.69
88.3 89.83 89.39 90.05 88.73
89.58 88.4 88.11 89.31 85.55
85.34 83.36 84.73 85.25 84.38
85.38 86.84 85.79 85.23 84.82
86.77 85.54 84.99 85.32 85.41
83.29 77.71 77.23 74.6 77.59
82.93 84.22 85.88 84.93 85.2
85.59 86.09 83.34 83.86 85.97
83.98 82.44 83.67 83.85 82.2
68.62 66.25 63.31 56.56 67.19
71.46 77.05 79.46 82.41 82.04
80.64 74.01 76.16 76.7 80.85
82.24 84.31 84.67 85.24 86.73
88.83 85.79 87.58 87.7 86.24
83.82 81.42 85.12 84.67 80.35
74.38 71.34 81.21 82.92 81.33
83.78 83.85 85.8 85.98 87.96
86.92 85.61 86.34 87.74 85.99
80.81 82.59 81.49 85.68 87.33
88.66 88.75 89.59 89.87 89.5
85.16 86.68 86.3 84.83 80.77
82.56 82.11 81.81 81.88 85.03
85.31 83.51 85.85 83.68 85.73
85.86 86.67 88.03 88.66 88.31
88.78 89.35 88.35 88.41 89.93
90.65 84.51 87.18 86.28 89.83
88.56 90.15 89.12 89.51 90.18
89.37 89.79 90 86.59 85.02
89.73 86.61 84.51 82.5 83.82
86.61 86.81 87.94 90.57 92.33
92.04 91.53 91.7 92.41 90.4
90.45 90.2 87.29 88.69 88.18
90.37 89.61 87.03 89.09 89.61
88.99 90.18 90.82 91.71 89.33
89.1 90.93 90.38 87.7 87.18
85.65 84.81 79.34 78.39 81.93
77.39 73.13 74.52 72.2 66.25
67.34 68.63 77.8 75.4 74.61
80.99 85.04 83.76 86.09 87.29
90.91 90.34 90.48 92.86 92.2
93.01 90.68 91.18 92.16 90.17
90.16 91.24 90.8 86 88.9
88 86.97 82.66 82.57 78.99
79.34 85.14 85.11 86.18 88.58
87.99 88.1 89.25 92.95 90.93
89.41 91.57 89.74 86.06 84.26
88.32 83.5 83.84 83.89 85.25
83.29 86.6 90.14 86.94 87.31
90.52 88.53 86.03 90.44 91.17
86.63 85.79 87.07 87.99 86.03
85.53 84.14 85.3 84.52 84.78
88.56 89.68 89.45 88.24 86.86
89.14 88.54 86.99 85.22 85.28
83.1 82.01 78.73 78.23 81.96
84.09 84.03 84.12 85.57 86.63
85.17 85.78 86.89 87.59 85.99
85.98 83.61 81.62 81.25 79.07
77.07 74.67 78.74 77.12 74.38
73.69 76.44 75.79 79.46 81.12
76.95 81.92 82.36 82.13 84.02
86.79 86.64 88.03 86.67 87.86
87.23 87.92 87.04 86.22 88.02
85.87 83.81 83.6 84.89 84.24
87.62 85.77 86.02 88.29 87.15
86.2 87.57 88.06 86.02 86.82
86.86 85.64 84.71 81.23 80.69
80.51 74.67 74.87 74.13 69.5
62.45 59.13 66.78 68.73 67.03
69.39 74.9 76.03 75.02 76.87
81.36 80.99 82.31 85.22 85.35
85.3 84.81 87.27 87.47 88.08
89.63 89.08 87.28 88.93 87.52
87.65 89.8 87.22 85.37 82.6
83.71 81.63 81.66 80.68 83
79.64 84.5 86.85 85.55 88.03
87.88 89.45 88.37 90.13 91.54
91.17 89.42 89.85 90.17 88.82
87.77 86.2 86.44 84.33 86.13
84.42 84.06 83.29 86.28 89.04
86.61 85.43 90.27 87.74 85.67
86.49 88.5 86.08 84.13 85.15
85.51 82.51 83.14 84.19 82.02
76 78.14 74.66 70.04 70.36
68.45 61.25 58.02 57.86 50.77
51.14 49.6 47.93 47.84 45.22
43.07 35.83 34.06 32.9 34.36
34.72 30.93 31.98 32.84 33.48
32.06 33.99 33.94 31.52 31.75
32.06 30.13 31.11 29.44 28.85
29.23 30.32 30.84 30.87 30.74
34.81 32.8 33.58 33.91 31.8
31.99 31.07 33.02 30.65 30.31
29.44 27.5 27.93 33.39 36.96
32.04 46.51 42.17 43.1 44.68
49.5 52.64 58.55 60.09 65.61
69.71 72.22 73.02 77.19 81.25
82.18 83.61 85.01 86.51 88.27
87.97 88.58 89.35 89.23 89.39
88.79 87.31 88.51 88.67 85.43
86.13 85.07 83.97 83.44 71.43
62.88 67.08 68.97 78.67 75.31
73.76 78.62 82.98 79.75 80.27
86.86 83.23 80.35 83.38 87.47
83.14 80.14 84.42 82.47 84.99
87.54 86.12 86.11 87.5 87.77
89 88.57 89.36 89.31 88.18
87.12 87.47 86.86 86.04 85.94
84.06 86.19 83.98 84.18 87.48
84.98 78.91 86.15 86.97 81.4
80.18 86.2 85.45 78.89 80.09
83.9 82.48 78.69 77.65 83.3
83.61 85.53 85.65 84.18 86.71
88.16 89.38 89.01 88.35 89.57
89.62 89.01 87.51 89.89 85.63
86.19 87.07 86.81 87.17 87.06
85.02 85.52 87.99 86.24 86.7
86.3 85.5 86.38 85.33 87.08
83.38 79.47 78.16 80.47 81.92
84.03 83.59 85.54 88.87 86.2
87.39 88.52 87.83 88.95 86.52
87.23 85.72 85.34 84.96 81.65
76.19 80.73 87.64 87.51 88.09
86.92 88.49 89.71 86.71 87.12
89.58 90.91 89.28 87.93 89.11
90.33 89.21 87.82 89.92 86.75
86.55 88.24 88.93 86.71 86.04
86.77 90.23 88.85 85.59 87.99
90.51 88.41 84.67 87.91 87.4
85.95 86.48 84.82 84.11 82.31
84.6 81.23 84.45 84.1 85.54
82.65 86.05 87.85 86.17 87.97
88.13 85.52 86.84 87.8 87.89
85.66 83.29 82.91 83.35 81.53
82.61 85.5 84.35 88.14 87.75
87.04 89.3 88.79 88.1 89.39
89.09 86.6 87.19 89.22 85.69
87.98 90.27 90.38 88.48 89.64
89.6 90.1 89.29 89.76 86.72
86.11 86.34 86.06 82.36 83.26
82.81 80.85 82.72 84.55 84.09
86.12 85.96 86.94 86.68 88.93
89.8 89.81 91.24 92.12 89.47
90.57 90.48 90.82 90.8 91.09
89.67 88.27 89.12 85.54 84.75
84.41 85.13 84.49 86.65 88.3
88.22 89.98 89.45 88.39 88.39
87.67 87.9 88.46 88.41 89.69
89.46 88.53 87.32 86.69 87.32
88.84 87.4 88.48 88.52 86.88
84.06 80.85 84.96 84.14 78.97
78.64 78.77 79.42 81.81 86.18
90.21 89.92 91.85 89.62 90.15
91.54 90.91 89.89 88.88 90.1
89.28 86.58 82.53 77.89 75.61
73.22 78.07 82.27 86.36 88.98
89.26 90.04 90.74 90.63 88.68
89.49 88.48 84.41 79.05 83.48
86.37 87.45 89.24 89.18 88.3
89.79 86.94 82.32 78.78 78.11
80.7 85.26 81.75 80.52 85.24
85.13 83.74 86.45 87.54 83.82
86.35 89.52 84.78 85.05 88.43
87.22 82.72 85.66 87.07 81.48
82.66 81.27 77.5 81.01 83.95
79.25 74.37 81.47 80.17 86.8
87.51 88.44 82.14 83 86.06
86.1 88.61 88.51 88.39 87.14
85.53 81.54 82.12 87.61 88.48
89.39 88.46 85.36 83.85 79.24
77.45 76.73 81.21 84.01 87.31
88.24 88.38 88.32 87.98 90.36
89.92 87.53 88.81 91.55 88.74
84.47 85.39 88.95 89.48 89.2
88.55 89.86 90.57 90.65 88.31
90.02 91.31 89.34 89.84 88.76
87.24 87.81 83.73 83.41 85.12
83.83 85.07 86.85 89.92 89.36
89.76 89.54 89.53 91.82 90.94
91.62 91.14 92.01 91.17 91.09
89.81 90.45 91.33 90.38 84.4
86.11 89.54 91.08 90.25 90.02
88.08 88.12 88.07 88.33 83.67
80.24 82.05 75.06 78.48 83.93
79.54 82.9 88.76 88.36 84.56
88.91 91.83 89.67 90.54 92.71
93.18 92.19 92.04 93.66 94.03
93.79 91.7 92.67 93.27 92.11
89.81 91.51 89.2 86.4 84.76
87.18 83.79 85.16 87.4 87.36
87.28 84.91 86.89 87.76 86.72
88.31 85.8 80.06 78.3 81.74
85.53 90.08 90.13 88.77 89.03
86.2 82.26 83.77 76.11 79.46
81.96 82.19 81.2 81.33 82.45
80.76 77.99 79.47 73.22 77.08
80.01 84.27 86.01 84.64 88.2
88.43 91.29 91.27 91.51 89.58
89.94 91.17 92.09 91.84 91.11
91.1 92.13 88.91 87.13 84.65
87.5 91.32 87.48 88.72 91.29
93.95 93.03 91.46 92.96 94.01
92.37 90.86 92.82 91.69 89.81
89.66 89.48 88.81 82.94 83.7
84.48 75.78 78.07 82.72 78.57
73.6 77.5 78.84 72.93 67.4
70.24 70.74 68.75 68.18 62.57
64.32 68.21 64.26 65.55 63.59
65.2 58.26 62.56 59.94 53.71
51.32 47.97 36.08 33.74 32.89
33.1 35.21 30.99 35.03 34.96
31.69 32.12 33.73 34.83 31.5
32.1 31.91 32.08 31.97 29.51
30.66 32.74 29.99 28.89 32.66
28.97 30.1 29.94 29.27 29.41
34.24 25.97 32.09 30.39 30.35
28.86 30.96 32.45 31.18 33.64
30.65 32.03 29.46 30.73 33.19
29.2 27.56 36.62 31.21 30.89
40.56 40.6 48.45 50.77 55.47
59.27 67.04 66.25 68.91 74.08
72.56 72.15 78.28 80.93 81.54
82.61 84.48 84.59 86.19 86.13
88.26 89.14 88.42 83.88 85.84
85.8 83.11 83.45 78.89 74.22
77.85 80.32 82.39 87.73 86.58
90.03 90.49 90.48 91.64 92.8
91.49 91.96 93.09 92.97 91.46
91.37 91.79 91.52 92.32 91.4
91.19 91.77 90.84 89.48 88.09
88.05 86.87 85.05 81.37 86.08
88.66 88.51 88.59 89.83
