42.23 41.33 47.54 48.52 51.83
57.58 68.8 78.58 81.5 79.78
80.95 81.99 81.65 79.3 76.88
82.88 86.01 87.03 89.67 89.05
87.97 90.87 90.15 88.42 86.48
88.68 87.14 78.1 76.57 79.3
80.51 83.37 85.88 89.09 89.05
89.54 89.51 90.82 91.1 90.47
89.03 91.62 91.11 91.03 89.89
89.12 87.69 88.96 90.83 88.84
91.04 91.45 91.82 90.69 91.66
92 91.45 90.09 90.07 89.94
89.13 80.97 77.43 83 81.87
85.07 89.68 89.03 89.76 90.66
89.95 91.59 92.5 91.67 91.2
92.86 92.57 89.85 91.39 91.88
89.81 89.62 90.33 89.02 85.66
84.51 84.53 83.58 86.1 84.97
83.21 78.93 79.68 77.7 73.91
71.95 74.14 80.58 78.6 81.35
85.17 82.96 83.69 57.03 46.13
32.68 32.4 30.21 28.25 30.81
32.45 32.5 28.32 27.57 28.82
36.76 36.79 43.15 44.78 55.94
63.8 79.73 79.95 83 84.33
84.86 85.59 88.77 88.8 90.16
91.76 93.04 91.38 92.56 91.17
91.99 91.76 92.29 90.26 87.77
88 85.24 83.22 86.44 88.92
90.45 90.71 87.13 88.36 88.7
90.69 88.13 88.75 88.92 88.29
89.58 88.91 86.67 86.43 87.45
88.73 88.02 88.32 88.41 90.37
88.78 88.71 90.34 90.57 89.77
89.01 89.74 89.67 84.48 81.61
84.54 85.38 86.8 89.51 90.55
90.74 90.76 90.3 92.19 92.69
91.9 90.67 92.73 91.66 90.17
90.15 90.66 88.51 86.11 86.49
87.69 85.69 76.86 75.83 78.15
80.59 75.97 74.28 75.34 77.21
74.32 68.76 73.21 81.17 80.62
78.55 70.42 71.66 71.37 68.18
57.82 60.16 79.51 81.06 81.89
82.19 79.68 80.78 85.42 87.22
87.36 89.97 92.43 91.52 92.4
91.25 92.35 90.46 90.02 89.98
91.02 87.09 89.13 86.92 89.78
89.81 91.38 90.8 91.37 87.89
87.63 87.59 89.79 88.13 86.13
89.57 90.75 90.05 88.95 89.17
88.15 89.52 90.61 89.4 91.75
91.49 92.17 91.19 91.85 91.39
91.33 90.47 89.7 90.11 89.76
83.09 81.64 84.27 85.58 87.47
91.5 91.53 91.01 90.71 89.91
91.55 92.9 92.41 90.85 92.88
91.93 89.88 91.02 91.2 88.43
86.76 89.58 89.18 86.45 83.21
82.5 84.21 84.1 81.22 79.91
80.32 79.88 78.3 74.16 67.58
69.99 77.15 76.31 74.11 71.19
72.55 70.24 68.02 56.83 51.19
50.44 48.62 45.66 37.09 39.03
35.2 31.81 35.25 34.55 44.13
38.79 42.74 40.78 44.49 57.59
53.52 56.51 61.54 65.38 75.6
74.83 79.6 83.46 84.13 87.64
90.13 89.53 91.32 91.86 93.24
90.64 93.28 93.6 93.85 94.58
93.86 95.47 93.76 94.82 94.8
94.79 95.83 95.33 95.63 95.58
95.92 95.61 95.62 96.61 95.89
95.57 95.76 95.11 95.55 97.25
96.04 96 96.76 94.21 96.24
94.97 96.99 95.82 96.53 93.94
94.74 95.4 94.89 95.37 95.64
95.87 94.28 92.8 95.79 95.11
95.42 96.1 95.55 95.21 94.12
96.51 96.94 95.66 96.27 96.66
96.47 96.19 97.29 97.32 97.33
97.51 96.6 96.93 96.77 97.14
97.37 96.55 97.08 97.2 97.51
97.59 97.58 97.7 95.19 96.95
97.61 96.01 97.33 97 97.73
96.92 96.46 96.96 97.74 97.33
97.16 97.22 94.69 96.18 96.87
97.52 96.77 96.74 97.42 97.41
96.93 96.79 96.94 96.84 97.44
97.31 95.62 97.29 97.54 97.03
97.06 97.19 97.44 96.58 96.71
97.48 96.92 95.97 96.69 95.72
95.11 96.48 96.43 96.06 95.7
94.84 94.26 95.2 94.62 93.3
95.07 94.6 93.12 92.26 92.23
91.79 93.89 93.37 91.72 93.32
93.92 94.42 94.08 94.47 93.06
93.09 94.45 93.39 93.42 92.52
91.52 90.66 90.75 90.27 89.94
84.88 85.34 83.9 75.42 77.8
77.56 68.54 61 57.12 54.58
50.74 47.29 41.76 39.89 37.33
34.09 36.02 31.07 33.55 43.04
31.97 30.88 33.64 36.97 38.34
37.17 34.34 32.44 36.48 36.8
38.06 37.35 37.19 33.29 35.15
33.83 34.6 37.4 38.35 38.71
40.62 48.64 36.67 41.39 36.1
33.6 37.02 37.39 37.55 33.47
37.43 33 30.72 34.33 31.41
37.62 30.31 35.48 32.24 33.41
29.09 32.55 33.59 39.87 28.57
33.68 35.02 29.41 42.45 28.33
36.58 32.33 39.54 34.45 34.98
34.89 37.88 41.27 43.42 39.63
35.78 39.4 34.5 37.56 35.12
41.52 34.16 38.1 35.53 37.22
35.45 30.12 38.06 37.75 39.14
34.58 38.45 37.65 37.9 37.23
39.18 37.44 40.76 38.87 44.7
34.48 38.42 39.88 43.31 36.39
39.47 38.43 36.81 38.48 38.27
45.41 37.53 40.33 34.24 44.07
41.18 40.47 47.25 49.88 48.49
47.76 44.39 47.3 54.77 46.87
55.48 42.29 50.28 50.15 54.14
53.76 54.34 49.42 49.36 53.45
49.8 51.55 50.09 44.29 48.26
50.96 47.73 47.13 47.22 50.94
54.92 49.03 48.95 45.07 44.83
48.3 54.71 51.66 50.38 42.73
39.29 44.84 41.24 44.51 42.82
38.31 40.76 36.67 37.95 40.6
39.83 38.1 41.47 45.03 41.61
44.67 40.11 38.63 33.48 34.66
31.01 31.37 36.03 32.57 38.25
36.06 35.76 33.26 34.12 36.41
33.97 34.05 32.74 39.42 36.84
43.3 53.89 53.31 46.17 50.39
38.53 42.39 37.01 33.54 37.06
34.56 36.73 34.53 39.12 35.21
44.51 34.86 45.58 41.68 52.56
45.81 43.58 43.23 50.72 33.89
34.26 34.41 38.96 40.28 34.8
37.19 37.84 35.05 34.28 41.72
36.94 36.71 39.4 43.02 33.15
41.34 34.28 38.4 32.99 33.35
37.21 42.02 38.25 29.51 30.13
31.63 32.76 27.58 30.59 30.39
31.61 32.81 28.6 33.98 29.97
30.33 30.66 31.38 33.5 29.58
31.81 30.24 32.46 30.09 33.16
29.21 34.67 33.71 30.23 34.67
36.59 39.52 56.64 48.39 44.12
44.41 54.29 51.25 40.87 40.31
40.65 38.97 42.66 42.05 36.36
41.51 40.55 41.67 40.83 46.31
39.17 37.02 37.44 33.33 36.79
34.17 34.66 36.28 38.18 37.98
37.26 41.94 37.85 40.45 43.79
42.35 43.68 38.07 40.38 42.6
44.89 49.91 49.8 41.89 43.49
38.12 35.64 37.46 34.11 40.76
32.99 40.3 38.62 37.55 44.2
39.92 43.25 38.95 39.01 39.72
39.96 39.1 41.44 36.67 37.19
36.08 35.91 32.11 37.76 34.85
39.92 39.11 40.94 37.03 44.97
45.51 38.85 41.67 52.22 49.55
52.45 60.87 68.63 71.08 69.79
81.19 79 82.99 87.71 81.54
85.11 87.35 89.34 88.12 90.39
90.54 87.26 88.95 92.27 91.6
88.52 86.71 93.02 92.39 92.22
93.5 94.3 94.42 93 93.9
94.26 93.72 92.72 94.41 94.36
94.95 95.04 92.88 94.52 92.5
90.48 91.54 86.04 86.58 87
82.98 78.45 74.95 72.65 68.22
54.03
