50.17 45.63 37.74 36.39 34.42
38.64 33.69 38.26 38.19 37.54
50.09 43.95 35.2 39.82 38.52
32.13 38.46 44.95 47.35 55.89
65.86 76.14 83.34 86.09 85.75
86.86 84.46 82 84.19 81.78
75.95 68.58 65.64 64.41 69.88
71.81 80.46 81.09 82.72 84.77
85.12 85.7 82.47 85.52 85.62
85.25 84.92 84.55 80.8 76.73
78.26 62.65 67.17 69.91 75.96
79.24 83.43 82.03 85.42 84.67
83.04 79.47 74.68 75.25 75.02
81.7 83.35 81.29 83.51 81.4
83.81 83.29 81.75 84.96 81.59
79.27 70.53 56.7 48.9 35.96
31.48 36.23 36.46 33.42 36.9
37.83 35.82 40.39 46 42.43
53.72 45.35 50.51 41.38 38.89
49.95 44.73 46.85 45.89 44.19
44.06 40.54 42.11 41.56 33.78
42.19 35.35 38.14 36.79 43.16
38.48 37.14 42.48 38.18 44.25
39.27 38.32 49.46 37.41 32.22
37.83 32.97 46.24 41.31 38.14
40.53 38.59 38.55 38.5 38.22
37.75 51.53 60.09 75.33 83.68
85.21 84.62 84.43 84.7 77.64
81.68 71.24 72.06 65.98 57.86
52.34 55.79 58.63 65.98 70.46
76.06 79.16 81.71 80.27 81.1
