41.07 44.71 36.82 50.46 37.27
45.23 37.63 39.91 41.8 32.05
45.76 33.45 37.54 42.9 37.97
45.02 33.98 35.58 40.84 36.28
33.54 36.77 35.98 34.66 36.22
39.38 32.98 36.92 37.31 31.86
36.8 33.87 33.48 35.86 38.15
35.29 35.25 39.74 33.73 37.03
34.41 37.56 35.25 38.94 36.65
35.65 34.21 35.99 38.31 36.9
32.82 34.74 35.45 37.19 34.53
37.42 33.35 30.83 40.66 33.48
36.68 32.69 32.7 38.47 35.85
35.2 38.97 38.57 33.09 35.86
31.04 32.3 34.29 29.3 31.13
31.26 33.83 34.67 35.83 36.25
38.52 39.14 37.08 32.74 39.39
33.51 36.62 36.4 34.86 35.31
32.33 34.44 35.62 34.12 35.03
32.43 35.73 33.79 33.11 32.74
35.68 34.29 35.91 34.47 36.26
30.66 34.81 28.81 35.33 29.85
33.46 33.03 34.13 33.44 34.1
37.71 35.64 34.82 36.59 36.01
34.74 38.25 36.38 35.33 41.32
34.42 29.18 45.42 33.46 33.6
50.35 43.11 36.81 32.91 34.72
32.11 36.8 36.49 42.59 39.4
38.5 53.06 54.39 45.85 44.24
46.63 44.96 35.19 46.39 45.59
45.96 46.55 50.8 62.92 64.56
62.06 64.29 70.23 74.7 69.49
73.31 77.96 77.61 77.84 77.26
76.09 76.8 79.5 80.32 79.53
81.38 83.08 83.71 85.52 81.2
83.34 86.74 85.91 85.76 88.36
