69.57 84.49 86.1 89.27 91.25
93.7 95.05 93.14 94.47 95.56
95.02 94.97 96.36 94.59 96.16
94.14 93.86 95.81 95.98 95.77
94.85 94.81 93.67 94.02 93.47
96.6 93.59 89.51 91.31 93.11
94.19 95.16 95.67 96.03 94.61
94.05 94.25 91.2 87.36 83.81
76.31 68.31 58.63 58.69 64.22
72.22 73.89 80.3 82.29 75.72
76.54 79.39 84.13 85.4 85.56
86.66 87.17 88.33 91.17 91.84
91.69 92.95 92.83 90.93 91.93
95.24 92.37 94.37 90.74 91.26
88.93 87.99 87.92 90.19 92.59
91.59 92.6 90.72 87.95 84.12
85.67 89.05 89.56 90.77 91.5
91.88 93.38 94.48 94.44 94.69
96.6 97.35 97.23 97.73 98.23
98.05 98.07 97.77 97.59 97.07
97.6 96.84 96.74 96.99 96.67
96.14 95.88 95.58 94.51 93.88
93.83 93.16 90.69 88.84 86.25
80.58 65.03
