45.12 44.73 42.3 45.21 44
46.58 44.87 42.61 44.32 39.48
42.16 40.45 44.19 35.32 40.82
39.16 41.23 36.01 39.59 39.84
39.1 38.47 37.13 35.28 34.54
36.13 36.27 37.42 30.67 32.72
32.39 32.56 35.19 28.33 31.54
36.66 42.69 46.03 53.99 66.66
81.21 90.92 92.11 93.74 92.96
95.7 97.05 94.37 96.99 98.21
98.31 98.12 96.48 87.72 89.84
87.67 90.86 94.14 93.11 93.09
93.6 93.4 96.11 97.37 96.36
97.6 98.37 98.07 97.41 97.57
96.79 97.81 98.21 97.81 97.39
95.21 93.65 94.18 97.46 98.38
98.48 98.57 98.26 97.28 95.19
94.85 93.79 94.87 97.61 98.13
98.21 98.63 98.64 98.79 98.69
98.31 98.12 98.5 97.66 97.36
96.27 95.88 97.48 98.49 98.73
98.82 98.71 98.82 98.72 98.74
98.51 98.34 97.15 92.76 88.32
83.32 83.6 87.26 90.03 93.23
93.96 96.76 98.42 98.79 98.89
98.87 98.83 98.71 98.38 98.17
97.75 95.28 88.02 94.41 95.74
96.07 98.1 98.05 97.34 97.7
97.67 97.33 97.41 98.5 98.55
98.46 98.74 98.66 98.73 98.59
98.54 97.82 95.73 93.58 92.99
92.47 91.29 89.98 91.43 90.62
91.08 93.24 96 96.95 98.39
98.18 98.64 98.48 98.07 98.29
97.42 97.26 97.12 96.56 97.53
97.23 94.41 89.63 89.79 92.92
90.25 92.67 91.7 93.09 95.95
96.72 98.01 97.95 97.57 97.63
96.51 95.43 95.34 97.32 97.29
95.67 95.1 92.1 95.68 97.72
98.46 98.71 98.79 98.76 98.8
98.72 98.64 97.88 95.93 97.08
98.36 98.72 98.72 98.75 98.52
98.46 97.61 94.89 94.22 91.18
87.92 88.48 92.15 91.71 91.79
93.52 96.07 95.18 97.57 98.23
98.07 98.25 98.54 98.16 97.87
98.09 97.92 97.89 97.83 97.42
98.25 98.42 98.81 98.86 98.72
98.84 98.8 98.65 97.82 96.46
91.12 87.12 90 93.32 96.67
98.03 98.69 98.64 98.68 98.25
98.44 98.74 98.59 98.72 98.05
97.11 96.18 93.79 91.48 87.69
84.21 84.38 75.22 69.59 65.37
61.56 59.27 54.36 46.89 52.05
55.19 62.04 70.94 75.46 73.64
73.76 80.65 82.26 76.51 80.75
85.19 81.79 79.53 82.43 85.39
76.06 75.34 84.35 82.81 76.04
80.53 86.09 79.57 73.19 80.15
82.35 74.7 75.29 81.08 79.59
74.13 68.57 65.93 60.21 49.53
57.41 40.72 41.73 43.39 42.4
39.39 42.16 41.26 42.32 55.68
58.15 65.27 59.2 60.48 69.3
67.6 67.96 68.97 72.85 69.19
71.35 74.22 70.37 73.11 76.34
77.82 74.16 77.24 78.43 80.5
79.04 79.95 79.7 79.9 78.65
77.86 78.52 77.62 75.07 77.52
76.22 75.94 75.83 72.95 76.47
74.27 70.31 74.52 76.13 75.67
73.09 75.67 74.79 70.96 69.64
68.88 66.68 61.14 53.93 53.08
42.56 43.09 37.73 41.52 41.22
36.83 41.69 47.18 54.29 61.4
65.79 69.46 64.32 69.78 74.84
74.77 72.67 78.18 78.08 73.2
73.84 79.02 77.24 77.1 77.84
81.52 78.99 78.59 79.49 80.85
78.73 78.9 81.98 78.65 77.63
78.98 78.38 74.83 76.24 79.06
72.21 69.49 69.82 66.51 62.33
55.61 53.59 48.38 43.98 41.99
38.92 37.19 43.6 52.02 49.19
49.8 57.88 61.39 62.95 63.66
68.32 74.27 73.26 74.5 75.87
78.49 77.62 77.83 79.1 83.11
78.46 81.57 81.67 79.65 77.35
77.42 79.01 70.83 73.39 70.22
64.61 57.98 55.13 50.09 48.4
50.07 48.75 43.7 48.23 46.04
50.02 56.63 55.45 55.21 61.84
63.06 54.59 57.53 60.81 67.5
76.25 80.41 81.47 84.85 83.71
84.66 90.13 90.62 90.2 91.09
93.5 93.75 92.3 93.35 94.33
93.9 93.49 93.03 93.2 92.72
91.15 90.07 90.36 89.7 87.47
86.4 84.56 83.56 81.65 76.82
74.08 70.53 61.71 59.77 47.14
