45.34 48.37 65.43 79.83 84.42
84.13 84.67 86.16 88.73 85.59
85.43 85.21 85.01 83.92 81.73
81.66 78.76 76.81 71.86 70.57
78.77 79.15 80.14 79.41 78.22
84.18 83.77 83.98 87.84 90.78
88.97 91.52 92.42 92.27 90.08
92.77 92.4 88.77 88.02 89.31
91.65 92.96 93 91.59 93.64
95.04 93.08 92.09 95.22 93.86
90.87 93.26 93.22 91.36 90.75
90.57 90.88 91.16 91.49 92.6
92.4 93.96 95.9 95.64 95.44
95.68 94.92 94.83 94.74 95.28
93.22 90.05 89.59 87.51 91.5
88.9 90.69 92.13 94.36 93.95
93.12 94.55 96.68 94.31 94.45
95.53 93.77 94.18 93.37 92.79
90.74 88.87 91.16 89.72 90.13
91.85 92.76 90.38 90.58 91.5
89.54 90.2 89.32 88.68 85.87
83.51 82.62 77.5 70.5 69.79
76.8 80.08 85.65 85.79 86.14
89.29 90.38 89.27 90.39 90.04
89.73 88.83 88.59 87.46 85.58
80.52 75.41 83.56 84.91 84.64
86.92 87.94 87.19 85.38 86.26
86.22 83.12 82.01 82.22 78.47
75.35 76.54 71.57 69.93 67.15
73.4 75.57 81.6 85.09 86.52
87.42 87.67 88.25 89.98 89.29
88.59 88.6 87.81 86.84 84.69
84.38 85.12 84.05 87.71 90.09
91.15 91.01 92.65 93.2 91.23
91.97 93.54 90.83 88.22 91.77
91.31 88.06 87.51 86.8 89.85
91.62 91.21 92.17 93.63 92.83
92.01 92.46 92.12 87.89 86.09
84.16 76.82 73.17 72.62 69.86
75.7 83.17 82.96 84.98 90.76
92.6 93.33 94.38 93.99 95.93
95.25 95.17 96.45 95.76 95.6
95.26 94.23 92.76 92.91 91.15
89.89 88.52 85.38 68.06 56.89
61.17 64.22 65.7 74.44 81.95
83.53 84.9 89.36 88.79 89.27
91.38 92.63 92.06 91.93 95.13
95.74 93.4 93.91 97.46 95.58
92.98 96.34 97.03 94.18 93.93
96.41 95.62 92.45 90.68 93.69
92.4 93 93.38 94.37 95.52
94.72 94.68 96.42 96.57 94.93
94.72 96.72 95.83 93.37 94.15
95.17 93.35 89.77 90.32 85.24
74.14 66.95 58.06 67.87 68.12
78.84 83.65 88.83 89.49 89.52
91.87 93.71 92.6 94.57 96.39
95.49 96.84 97.67 98.14 98.05
98.09 98.15 97.8 97.1 97.28
96.28 95.38 94.08 93.21 92.18
88.55 85.2 80.73 75.09 59.26
56.77 62.35 75.45 86.24 87.29
88.42 91.72 92.17 93.88 94.87
95.94 95.78 95.94 97.28 97.33
96.48 96.07 96.89 95.98 94.55
93.43 88.66 86.1 81.25 69.61
56.83 52.03 44.32 40.19 34.25
40.69 34.92 37.19 44.15 55.31
74.77 82.42 88.39 87.63 87.88
92.06 94.79 94.02 94.66 96.93
96.6 95.76 96.68 96.67 95.91
95.6 95.49 94.9 92.45 90.61
91.44 91 84.9 83.03 87.27
85.43 88.61 91.97 92.79 93.63
93.33 93.49 94.31 92.94 92.95
93.65 93.03 91.99 90.71 89.76
90.9 92.11 90.33 91.24 93.11
92.65 90.78 91.27 92.51 89.5
76.44 68.24 65.28 67.35 73.86
76.62 77.31 82 89.99 93.87
92.72 89.44 88.1 90.41 87.35
89.38 87.04 86.15 90.27 88.65
88.18 85.67 85.91 91.05 90.77
90.31 89.05 90.51 92.78 91.85
89.8 92.92 94.28 90.79 89.17
93.18 93.23 86.36 86.3 88.44
85.47 86.18 92.04 95.7 94.55
95.08 96.02 95.6 95.83 95.31
94.64 93.11 93.5 92.46 87.88
80 84.27 72.6 74.24 69.16
73.98 82.8 90.28 90.32 90.26
93.7 94.11 91.63 90.67 90.58
91.95 86.84 87.64 91.33 91.87
91.27 92.06 87.86 80.89 81.61
88.37 87.88 89.69 88.5 89.78
89.12 88.64 92.27 94.73 94.8
95.96 96.03 96.95 97.1 96.33
96.82 97.92 97.12 96.3 96.77
96.99 95.35 95.15 94.58 93.35
92.23 91.76 89.25 85.9 84.47
82.04 76.75 70.37 63.59 60.02
59.82 66.63 74.22 76.21 82.12
84.29 84.64 78.4 87.77 91.45
94.66 94.1 91.9 91.84 86.87
77.29 78.09 87.23 91.47 90.79
90.98 92.12 96.11 94.97 94.29
96.08 96.97 94.12 94.93 94.84
92.74 91.86 91.14 90.17 88.01
86.85 85.97 83.72 82.43 78.03
81.31 86.96 88.35 89.93 91.23
92.57 93.07 92.03 91.01 94.24
92.04 88.54 92.43 94.17 92.48
94.18 95.87 95.32 94.49 90.82
80.79 78.8 88.01 88.37 94.4
93.95 95.47 96.05 97.14 97.67
97.99 96.26 97.63 97.94 94.82
93.7 95.18 93.58 89.94 89.83
89.92 85 82.38 84.53 78.53
84.57 85.93 86.6 87.99 89.85
92.04 93.69 94.98 94.95 95.83
96.32 97.49 97.8 96.68 98.02
98.29 97.22 95.7 96.52 96.97
94.03 92.9 94.73 93.18 89.95
89.02 89.17 89.06 81.25 79.85
75.85 80.17 77.55 81.14 82.86
74.06 82.04 90.14 93.29 95.42
90.9 90.44 90.38 87.63 86.02
91.61 91.47 92.36 89.73 86.71
88.41 90.94 93.4 93 91.87
95.75 95.98 94.65 95.1 97.24
97.31 95.6 95.84 97.49 95.92
93.54 94.52 94.37 91.5 88.69
89.11 86.55 91.26 90.7 93.29
94.14 93.98 94.79 96.49 95.16
95.94 95.13 95.76 92.82 88.51
90.65 90.93 91.48 93.38 94.62
93.61 92.31 95.29 93.97 91.32
91.02 93.7 90.49 84.8 87.53
86.52 83.85 79.74 80.67 61.4
60.76 55.29 63.36 67.39 79.23
79.05 82.85 82.95 82.49 88.63
88.25 87.38 89.65 92.47 93.24
92.9 95.83 95.46 94.25 95.59
96.78 96.46 95.03 94.96 93.49
92.27 91.73 91.84 88.41 85.92
85.87 86 81.29 82.27 80.03
79.77 79.08 79.94 83.09 83.44
80.12 82.15 85.16 86.39 88.84
88.96 90.43 92.25 92.55 91.96
93.97 93.99 92.54 91.98 92.01
89.65 86.78 87.8 86.24 80.26
71.57 61.79 51.25 39.87 32.4
42.1 31.09 31.8 32.42 29.58
27.72 26.72 27.29 29.61 28.14
28.02 28.13 27.06 27.8 29.17
24.69 24.84 24.79 24.17 26.55
21.96 28.24 28.51 23.27 26.67
24.68 25.64 28.91 35.8 44.74
47.52 53.66 54.84 57.16 54.72
46.93 49.15 46.94 38.57 43.97
46.27 45.05 56.02 52.81 56.14
63.06 61.67 66.98 72.46 73.54
77.24 80.4 81.39 81.86 85.19
88.36 85.57 88.17 88.77 87.9
85.31 87.11 85.34 87.16 75.85
82.33 82.49 74.49 74.28 68.2
56.73 49.61 44.69 38.7 35.67
32.3 32.58 42.03 32.53 27
28.31 31.33 30.04 27.07 25.01
28.39 30.55 35.46 28.21 28.15
29.51 32.31 31.02 30.82 28.06
31.23 30.5 28.56 28.39 28.56
28.16 25.9 27.21 27.41 26.26
27.79 27.84 28.25 26.01 26.04
25.54 29.2 27.29 31.43 32.58
28.44 28.95 26.11 23.7 23.26
30.81 26.68 24.22 24.59 28.73
31.08 25.46 30.27 27.06 25.91
28.84 28.16 30.48 30.83 27.69
27.3 29.03 29.59 30.05 30.23
27.75 25.4 28.15 24.31 25.65
27.5 25.99 26.72 27.97 26.26
25.19 24.37 26.63 25.98 27.13
26.3 24.3 26.5 26.89 26.96
25.01 27.35 26.09 27.02 27.33
26.86 26.57 26.81 25.24 24.82
24.7 24.02 23.13 24.06 25.06
24.71 24.23 25.21 26.11 26.27
32.57 36.32 25.06 27.94 24.7
27.36 26.15 25.96 31.56 32.02
28 26.71 24.63 26.71 24.97
30.59 25.97 27.07 24.42 24.56
23.46 25.64 24.34 26.72 27.94
29.59 26.48 23.86 26.43 27.1
29.6 24.27 29.99 29.61 26.3
27.68 28.13 28.3 24.97 29.19
27.44 28.32 25.11 28 28.75
27.23 25.63 25.18 27.16 24.56
26.49 24.5 21.64 27.48 24.76
22.41 27.94 22.34 28.21 22.23
24.3 25.46 22.23 23.6 21.11
23.7 22.78 24.02 28.82 25.28
42.91 25.45 22.41 21.29 25.54
22.72 42.87 21.81 26.91 40.34
23.65 25.64 22.43 28.11 23.23
27.77 24.16 26.63 26.53 25.93
26.32 25.49 25.1 25.09 26.3
24.66 25.05 29.2 28.42 25.35
26.9 24.82 25.47 25.62 28.04
25.93 22.71 25.66 26.11 22.56
27.61 24.21 27.39 25.22 36.48
43.41 25.3 25.01 24.7 23.99
24.77 26.03 25.67 29.63 36.45
32.92 35.87 36.12 36.6 30.71
34.35 28.64 31.6 28.18 30.22
31.03 25.76 30.88 26.81 23.16
24.79 25.05 21.02 25.85 25.33
32.82 25.52 44.44 27.86 23.98
23.96 21.04 22.72 24.73 36.52
21.32 22.74 27.53 21.88 24.15
23.43 20.9 22.52 23.22 25.67
23.05 23.41 23.65 24.99 21.25
23.64 27.17 23.05 24.53 20.87
22.87 24.03 24.47 24.17 24.6
23.11 22.85 21 23.11 22.28
21.93 23.27 23.05 26.84 24.83
23.99 22.93 21.88 24.9 22.8
26.62 29.97 24.47 25.26 26.85
28.31 23.98 23.81 25.43 41.51
24.31 22.49 21.43 22.78 23.06
28.81 23.05 29.44 25.34 24.38
31.36 24.82 28.46 23.3 31.54
29.05 26.68 31.96 32.73 35.68
38.51 40.7 46.58 43.96 53.36
57.54 49.19 52.53 51.53 67.44
53.12 57.68 52.8 55.38 67.86
52.25 60.98 54.44 60.96 63.67
77.58 77.45 80.98 80.69 79.44
88.64 87.68 92.95 87.04 94.55
95.66 95.71 96.46 97.01 97.49
97.65 96.45 94.93 94.38 91.47
88.57 86.46 88.29 89.85 92.33
93.25 93.89 94.57 93.71 93.71
95.88 96.13 95.59 97.18 97.07
97.24 94.97 90.58 85.82 80.37
68.38 76.3 80.89 83.8 92.89
94.68 96.47 96.23 96.69 93.89
93.88 90.31 84.78 88.12 84.82
91 92.86 93.8 95.72 95.23
94.52 92.96 92.22 87.01 85.32
83.65 90.66 87.25 91.57 90.91
89.29 85.81 78.77 76.6 85.85
89.23 93.79 94.79 96.1 95.86
95.63 93.39 91.8 90.46 91.73
90.84 88.32 83.81 80.86 76.22
81.75 84.63 89.33 91.32 94.72
96.28 96.05 97 96.28 97.15
94.88 93.8 93.4 94.08 95.11
95.5 94.02 95.64 96.63 94.51
94.84 96.04 96.24 94.35 93.38
91.24 91.54 88.78 85.18 81.75
79.16 65.18 44.35 40.12 30.53
32.68 31.1 30.32 28.22 25.71
28.4 29.36 24.68 27.76 26.39
18.93 25.76 22.23 22.32 22.65
38.92 24.98 21.15 27.52 22.82
28.58 23.86 28.3 23.84 23.36
23.04 27.68 25.33 26.04 24.27
26.35 22.71 25.01 21.73 21.73
22.95 23.08 25.73 26.09 27.46
29.68 30.87 40.19 58 81.2
84.89 87.25 86.05 82.93 76.71
84.31 76.26 78.12 85.26 85.12
84.53 79.21 80.11 80.85 86.59
84.37 85.78 85.51 75.12 84.48
83.65 82.2 84.92 81.92 75.9
66.75 60.6 42.18 38.02 34.89
28.81 30.32 30.03 31.41 30.76
28.95 25.93 28.53 25.12 28.33
27.01 29.77 29.4 27.33 29.35
