33.91 34.62 37.88 41.53 41.09
41.19 41.18 37.45 36.25 42.38
38.62 37.6 36.12 34.83 33.63
36.89 32.86 34.67 33.7 32.93
32.54 25.8 29.1 26.95 28.07
29.53 30.01 28.78 28.28 29.19
28.29 31.35 26.17 28.39 28.01
28.25 24.77 25.81 24.45 28.99
25.03 30.26 31.05 30.81 28.62
29.67 29.47 30.09 31.46 27.18
30.25 28.84 29.67 29.38 34.44
30.52 28.58 27.1 27.35 30.06
24.69 30.31 26.23 31.03 27.35
23.66 28.17 24.85 26.74 28.68
26.52 29.98 26.55 31.34 33.17
31.14 29.18 28.01 28.41 27.53
26.67 26.2 27.9 29.92 30.17
26.95 29.04 34.85 42.38 51.78
64.35 80.82 88.86 89.33 91.15
90.98 91.92 89.71 85.68 78.55
78.75 82.51 83.21 88.53 93.24
91.38 89.19 91.24 88.39 89.39
90.17 90.36 87.68 89.35 85.94
90.41 90.6 92.78 92.55 91.54
90.54 86.72 84.78 77.88 79.74
68.75 66.77 64.82 57.08 58.06
56.24 70.04 81.44 84.32 89
91.55 93.88 94.51 94.1 91.02
90.83 93.21 91.45 90.31 88.32
86.98 87 84.05 81.38 78.32
72.29 67.42 55.4 68.93 70.29
78.23 78.11 68.55 68.24 73.96
68.36 68.19 77.96 78.75 81.18
82.78 81.21 78.92 83.33 84.44
81.41 83.77 85.88 85.7 85.94
87.36 86.84 86.78 88.48 87.54
85.77 84.29 84.27 81.07 77.84
77.05 70.53 63.59 51.75 40.02
37.13 33.05 30.13 32.31 27.46
29.84 26.29 29.57 31.61 24.86
29.45 30.43 34.25 31.08 30.7
32.64 28.01 30.96 29.23 29.38
34.97 31.2 27.57 31.37 30.16
30.93 31.45 33.91 32.85 27.57
33.98 31.2 37.62 34.57 29.55
31.35 29.51 31.85 32.52 34.67
32.34 26.77 36.16 28.79 34.71
31.47 32.35 28.38 29.6 30.5
28.36 28.04 29.04 26.25 33.73
42.19 57.17 72.51 76.06 75.89
74.99 75.74 77.96 84.07 85.65
81.02 83.14 91.02 91.13 91.82
92.84 95.25 95.63 95.77 95.25
96.15 96.28 95.78 95.97 96.64
95.76 95.77 96.5 94.96 94.66
94.08 92.14 94.59 93.73 94.59
96.1 96.65 95.91 95.63 96.25
96.06 94.75 94.38 95.19 93.58
91.31 91.18 89.89 86.99 84.56
84.51 86.06 86.53 89.5 88.36
88.14 91.41 93.54 94.41 93.8
95.19 95.12 95.14 95.93 96.35
94.68 93.15 87.19 85.85 85.06
81.61 86.51 89.33 91.94 89.99
92.29 90.01 92.03 91.24 93.58
96.05 95.71 95.8 96.54 96.96
96.09 95.47 95.43 95.78 93.61
94.04 94.11 93.26 92.19 93.9
94.14 90.95 90.6 91.52 90.52
87.97 88.48 85.39 91.83 94.36
95.63 95.18 95.66 97.02 96.62
95.85 96.52 96.64 94.87 93.48
93.7 91.17 92.13 93.11 94.36
96.04 95.67 93.96 94.28 94.16
94.59 95.41 96.13 95.33 94.76
95.92 96.56 95.89 96.13 97.26
96.62 95.2 96.43 96.22 93.72
94.42 94.44 90.85 93.86 92.93
95.05 95.81 95.87 96.2 96.76
97.19 97.01 96.82 96.6 96.75
96.79 95.89 96.23 97.14 96.93
96.43 96.13 97.52 97.38 97.2
97.3 97.49 97.12 95.88 96.62
96.26 93.81 93.76 92.83 94.47
92.29 93.29 91.44 91.75 91.71
92.25 93.07 93.76 95.72 94.85
94.1 94.22 92.14 91.19 88
89.16 92.07 91.67 89.9 89.59
90.73 88.17 88.66 86.38 85.49
86.65 89.9 89.41 87.41 90.66
91.87 90.37 88.62 89.73 89.23
88.51 86.88 84.39 82.62 80.19
78.54 73.33 75.62 72.56 59.61
56.58 56.05 57.74 61.75 69.34
79.51 77.64 76.65 78.05 84.49
85.49 88.14 88.89 87.91 89.77
92.58 91.1 93.92 94.9 95.31
95.33 94.14 91.29 90.45 86.71
87.39 89.79 89.97 91.1 92.89
93.07 93.81 93.21 93.22 91.8
92.42 93.28 95.77 96.32 95.9
94.98 92.88 93.31 90.82 86.75
89.67 92.26 95.9 97.01 97.26
97.33 96.89 95.98 95.37 94.04
92.01 94.59 95.58 95.16 96.13
94.42 93.48 91.67 86.35 88.14
87.84 91.34 92.05 89 90.11
84.91 87.65 91.98 90.68 91.08
94.62 93.62 93.77 95.56 95.94
95.07 95.41 95.92 95.74 92.28
88.92 91.49 93.21 95.33 96.31
96.95 97.35 97.32 97.2 96.02
94.8 92.05 90.73 90.08 89.9
88.17 87.54 87.11 85.02 84.42
85.25 83.67 78.27 71.49 74.35
77.37 78.19 75.91 72.99 61.19
67.8 68.67 71.88 74.72 75.33
74.7 83.74 86.18 87.89 91.28
94.16 95.67 96.41 97.59 96.87
97.26 96.28 95.49 95.08 95.41
94.13 89 91.53 91.78 93.99
91.95 92.27 94.91 96.86 96.86
96.08 97.11 96.77 95.29 95.93
95.56 95.23 94.99 95.52 95.56
95.53 96.17 95.42 94.76 92.41
90.63 93.38 95.78 95.69 96.26
94.43 90.19 90.74 92.83 94.39
94.04 92.44 92.3 91.84 91.2
91.41 91.39 88.89 88.59 88.77
87.91 85.76 87.25 86.98 80.72
79.51 78.88 71.96 82.53 82.17
90.27 94.4 96.76 96.8 97.11
96.63 96.76 95.85 94.47 95.32
95.05 91.91 91.96 89.45 91.2
92.52 93.47 96.96 96.35 94.36
91.39 85.91 78.91 73.2 75.5
72.66 69.31 62.69 58.69 58.77
61.32 69.24 81.26 88.17 93.71
96.45 97.32 97.47 97.09 97.06
96.43 96.4 94.5 92.09 87.29
79.15 81.98 80.38 85.06 83.4
86.61 90.56 93.44 92.34 94.79
96.75 97.17 97.21 96.91 97.14
97.45 96.42 93.93 92.73 92.84
92.9 95.13 96.85 96.58 97.07
96.52 95.44 95.27 94.4 92.11
88.01 85.18 89.39 89.43 88.73
90.54 91.46 91.56 91.55 93.3
93.56 92.58 91.39 91.04 91.27
90.04 91.43 93.57 93.3 93.06
89.22 86.88 89.73 90.64 92.01
92.95 92.63 93.77 93.22 94.47
95.71 94.06 93.77 92.86 90.71
89.98 92.89 94.4 94.48 93.34
95.69 96.1 95.44 92.93 93.18
92.31 92.13 91.63 92.24 94.69
96.79 96.73 95.23 94.41 89.81
85.09 79.33 82.66 87.89 86.54
87.11 81.85 86.37 89.3 93.23
94.4 94.36 91.41 90.27 93.12
93.02 90.91 86.94 85.57 90.99
90.9 92.49 88.48 90.61 93.6
93.84 91.81 93.8 93.1 91.91
92.77 93.04 94.03 95.44 96.02
96.25 95.93 95.75 94.81 93.74
93.42 92.81 90.51 88.78 87.18
82.94 75.09 71.28 67.55 58.05
52.36 46.62 56.45 56.11 60.84
60.2 56.5 45.28 39.9 38.01
31.64 27.79 28.15 31.48 29.42
30.02 31.53 29 31.5 35.12
30.97 33.92 36.55 32.14 39.46
33.54 34.57 37.36 34.42 37.83
34.56 36.16 34.99 35.23 37.93
32.81 37.59 35.41 32.21 36.01
32.47 35.93 34.17 30.06 34.07
29.46 32.3 27.02 35.06 33.14
29 34.3 29.06 33.39 34.1
34.87 33.8 32.65 35.79 34.71
29.04 33.2 29.03 36.65 33.27
29.8 33.86 28.98 35.33 27.97
33.99 28.6 31.89 29.83 26.15
31.47 29.23 33.18 34.33 31.82
28.18 28.51 32.13 28.75 31.15
25.97 28.93 29.37 26.41 28.45
28.69 28.7 29.77 28.73 29.17
36.28 35.72 52.2 66.66 81.19
87.78 90.56 92.67 89.16 87.18
91.62 92.56 92.8 92.81 90.54
88.04 85.47 86.41 85.49 85.38
85.39 89.22 86.74 90.03 91.92
92.4 91.44 92.47 92.79 92.12
89.73 92.53 91.71 90.6 91.86
91.34 90.31 87.76 83.9 84.76
84.96 81.9 82.65 86.65 87.99
89.31 91.65 91.26 84.13 78.19
68.28 71.1 68.45 67.23 74.17
74.99 79.85 82.31 86.27 88.31
90.47 89.9 89.43 89.06 92.96
91.41 92.64 91.04 92.72 91.41
89.96 88.2 89.24 88.35 88.61
88.14 83.27 73.87 58.79
