26.11 27.93 25.68 24.37 29.58
32.51 30.09 25.55 32.16 29.68
29.28 34.04 34.31 40.51 37.94
40.05 37.85 42.31 37.84 33.16
36.82 34.92 35.94 35.23 41.16
37.04 36.63 36.92 40.58 38.49
36.68 38.1 40.55 33.1 31.69
36.18 36.65 40.71 35.99 32.98
39.24 31.12 33.48 35.23 34.03
37.68 34.88 33.44 38.95 45.04
51.28 48.02 54.46 49.19 64.06
67.76 70.33 75.02 73.53 72.37
70.37 62.42 65.43 70.6 62.15
57.86 55.86 58.31 40.82 41.58
39 35.47 33.6 37.1 34.58
33.17 28.81 39.2 38.8 37.59
43.58 43.99 46.07 53.99 56.33
65.43 59.94 58.41 69.74 62.41
59.66 66.87 64.91 57.1 54.19
58.27 54.97 46.54 48.16 37.9
36.31 39.46 42.14 39.18 42.06
45.52 43.5 47.15 54.54 53.4
53.39 53.17 54.14 52.96 49.12
53.36 52.52 51.68 53.91 53.45
49.97 49.33 52.48 51.04 50.03
43.59 38.57 36.29 34.69 31.63
32.58 31.04 30.41 31.11 28.43
34.69 34.22 35.57 43.15 43.8
43.91 42.6 41.66 43.7 43.72
43.92 38.46 38.92 38.99 39.28
46.51 40.53 38.96 39.25 39.09
46.39 43.84 48.1 50.19 42.51
47.3 49.69 46.72 45.6 53.61
50.07 47.15 38.97 38.4 34.87
31.65 32.77 29.41 32.54 29.38
36.36 33.48 34.2 41.74 42.43
41.64 42.38 41.51 48.85 53.32
51.29 52.97 41.53 55.67 57.61
57.43 66.98 70.75 75.45 80.96
80.31 81.81 84 86.1 84.7
84.68 84.95 84.58 85.01 83.93
77.1 78.63 77.7 75.04 76.58
73.19 77.91 82.46 81.26 83.15
85.42 83.18 82.98 83.91 83.41
83.94 82.67 83.17 84.39 76.27
76.17 65.72 59.57 56.26 45.54
37.27 35.62 36.76 45.08 46.12
49.34 48.04 54.79 55.34 54.74
63.56 66.59 67.87 59.09 68.99
65.74 56.61 65.2 62.61 55.22
47.2 47.45 48.69 47.91 44.27
50.89 48.06 49.82 49.57 51.19
46.21 43.45 39 41.29 41.96
47.97 48.37 55.88 57.05 52.05
59.83 67.19 66.88 68.08 67.7
65.49 63.29 63.52 58.8 59.74
57.95 63.26 70.6 70.76 74.88
72.8 77.58 74.86 78.71 77.61
70.22 75.71 76.33 68.69 66.36
71.62 68.4 51.43 57.68 62.04
49.17 54.4 55.82 54.39 55.34
55.85 58.01 63.06 57.05 58.38
53.78 59.42 61.2 58.58 57.1
61.83 63.88 61.48 66.45 70.88
69.04 74.53 84.83 92.73 90.77
91.69 88.4 84.51 83.82 88.86
87.29 90.37 90.48 91.88 94.29
95.26 96.36 97.72 98.34 98.38
97.55 97.28 98.08 97.11 94.55
95.25 94.26 93.03 91.44 92.73
92.78 91.59 92.14 95.26 95.37
94.21 96.34 98.2 97.05 96.99
98.37 98.12 96.78 96.48 97.41
97.37 97.58 98.16 97.88 98.17
98.57 98.63 98.76 98.73 98.53
97.97 98.44 97.67 96.31 96.57
96.59 94.65 95.45 92.87 91.67
91.16 93.42 95.66 94.5 94.97
96.86 97.97 95.27 95.85 98.17
96.64 95.82 97.46 97.66 96.6
96.15 98.18 97.56 97.81 98.3
98.52 98.5 98.4 97.08 96.95
97.39 95.27 92.8 91.64 90.33
87.4 85.18 85.3 85.01 84.97
88.29 91.67 92.61 92.63 95.43
97.46 96.22 96.1 98.22 97.16
96.26 95.81 96.54 95.2 94.49
95.64 94.45 93.21 93.8 92.07
79.25 63.78 55.37 39.85 38.76
33.18 35.72 30.06 29.34 30.27
28.89 30.41 29.12 35.87 36.7
43.05 51.83 50.74 50.07 53.99
55.77 58.35 61.7 70.77 73.21
80.87 85.46 88.39 89.72 93.36
95.4 95.02 95.33 96.96 97.91
96.42 96.77 96.81 96.14 96.06
93.91 92.06 89.5 92.07 95.23
96.72 97.48 98.02 97.84 98.16
98.38 98.43 97.98 97.63 98.06
97.53 94.97 95.55 92.98 89.21
87.96 89.86 93.29 96.21 97.44
97.95 98.21 98.67 98.41 98.5
98.61 98.7 98.22 98.58 98.65
98.36 98.41 98.41 98.3 98.13
98.28 98.26 98.09 98.69 98.79
98.55 98.48 98.74 98.39 97.31
97.46 98.33 94.86 92.27 93.78
92.9 96.42 93.86 95.1 97.31
98.03 98.14 97.84 98.37 98.55
98.39 98.49 98.5 98.02 98.1
97.71 96.68 95.35 93.52 96.32
96.39 96.98 98.14 98.01 97.87
97.61 98.24 97.65 95.52 95.83
97.08 94.9 92.89 95.1 94.14
96.21 96.95 97.28 97.44 97.82
98.06 97.94 97.8 97.71 97.05
95.42 95.32 94.15 92.46 91.36
90.47 86.23 74.2 64.36 61.88
54.38 44.62 42.54 47.87 48.13
50.15 53.15 61.95 78.95 84.5
88.21 89.72 94.88 94.67 93.25
93.96 96.67 95.54 93.73 95.7
96.98 94.86 94.14 94.95 93.08
92.32 90.82 93.37 95.01 92.77
93.02 94.04 92.12 91.17 91.67
91.46 92.13 92.37 92.76 94.72
95.79 95.82 96.43 95.34 95.64
94.77 93.15 87.18 75.38
