74.07 95.41 93.45 95.21 96.09
96.36 96.47 95.21 96.13 96.49
97.61 97.38 97.72 97.65 97.55
96 95.92 94.86 94.96 95.62
95.37 95.51 96.86 97.19 97.28
97.5 97.56 97.01 96.71 96.39
96 95.69 96.52 96.6 97.04
97.2 97.28 96.9 96.66 95.16
93.12 92.81 92.88 92.37 94.97
95.14 96.61 96.45 97.07 96.75
97.16 96.87 96.69 95.37 95.89
96.77 97.29 97.01 95.88 96.63
96.36 95.45 95.4 95.09 95.17
94.41 93.58 95.04 95.8 95.65
95.99 95.67 96.11 95.75 95.89
96.31 96.87 95.42 96.4 95.44
95.24 95.37 94.04 95.95 96.96
96.99 96 96.86 97.25 97.34
97.42 96.86 97.81 97.92 96.6
96.56 97.21 97.53 96.08 96.68
97.07 96.85 96.74 95.88 97.72
97.57 97.23 97.22 97.53 97.7
98.08 97.88 97.94 97.96 97.85
98.17 98.08 97.56 98.1 98.21
97.87 97.67 97.84 97.8 97.64
97.21 97.85 96.69 96.25 96.02
95.62 94.82 93.12 93.56 91.78
88.05 86.87 79.34 68.74 58.27
52.8 37.35 39.1 42.46 38.34
31.22 31.27 33.67 29.58 30.15
31.62 30.5 28.43 31.07 35.37
31.31 33.94 37.66 41.95 37.12
42.65 36.37 46.77 41.25 32.68
44.77 32.32 38.25 38.6 31.61
39.08 32.04 37.02 36.64 35.55
43.72 37.56 43.53 39.47 38.75
45.02 35.31 37.96 37.48 33.98
45.12 36.02 36.47 40.19 38.92
42.8 52 42.99 38.74 45.95
39.48 39.09 44.36 41.18 49.06
46 47.52 52.29 48.64 48.38
58.84 60.09 56.33 57.84 53.37
57.6 45.3 54.7 48.82 59.53
