44.28 54.19 45.84 53.19 49.16
41.5 45.83 43.36 38.93 41.15
39.35 39.49 38.15 33.61 37.53
45.46 53.61 70.3 83.83 93.55
95.01 95.75 96.58 96.98 97.85
97.99 97.72 97.32 97.69 97.1
97.64 97.68 97.49 97.05 97.67
98.04 98.14 98.21 98.59 98.52
98.32 98.58 98.28 98.12 98.28
97.79 96 96.08 94.9 94.11
94.63 94.67 92.12 92 92.45
93.78 92.54 93.22 94.71 94.97
96.41 95.84 96.5 96.45 97.03
97.5 97.5 97.58 97.8 97.85
98.17 98.32 98.07 97.8 98.51
98.43 98.1 97.92 98.1 97.89
97.62 97.26 96.62 96.57 96.54
96.84 96.01 95.11 95.43 96.29
94.85 95.78 96.78 95.91 96.91
97.24 97.58 98.02 97.92 97.18
95.14 96.26 97.28 97.4 97.33
96.68 96.88 95.33 92.21 90.32
89.69 92.94 94.83 97.29 97.58
98.03 98.41 98.49 98.45 98.44
98 97.32 97.24 98.15 97.51
97.44 97.56 98.22 98.31 97.96
97.85 97.9 98.5 98.13 98.01
98.19 97.93 96.72 96.92 97.43
96.87 96.39 97.03 95.25 93.67
96.05 93.47 94.22 91.46 93.73
89.07 88.45 86.88 92.49 95.18
96.73 97.86 97.22 97.33 96.8
96.35 94.6 93.68 95.29 96.84
97.58 97.88 98.25 98.22 98.46
98.12 97.63 97.54 96.53 96.55
96.23 97.26 97.95 96.73 94.42
95.5 96.49 96.31 97.09 95.29
94.7 93.81 93.36 95.44 95.09
92.5 88.01 93.28 91.87 91.67
93.53 95.03 94.22 92.85 95.39
97.02 94.14 93.24 97.21 97.83
97.46 98.06 97.48 97.47 98.3
98.2 97.49 98.12 98.21 97.94
98.33 98.44 98.45 98.58 98.77
98.68 98.68 98.86 98.78 98.59
98.72 98.78 98.29 98.01 98.63
98.46 96.57 96.78 97.14 96.89
98.19 97.88 97.18 95.26 94.45
96.88 97.26 98.37 98.46 95.78
95.32 96.59 98.46 98.78 98.73
98.77 98.89 98.9 98.84 98.82
98.82 98.72 98.69 98.61 98.58
98.24 98.11 98.47 98.69 98.66
98.53 98.71 98.86 98.86 98.81
98.77 98.9 98.87 98.68 98.7
98.8 98.43 98.39 98.59 98.41
98.36 97.77 98.27 98.29 98.74
98.42 98.43 96.95 95.17 91.68
85.69 81.53 83.41 84.33 86.03
87.82 90.01 90.27 93.74 95.44
95.47 95.83 94.95 93.94 93.9
95.35 94.59 96.35 96.69 96.64
97.89 98.2 98.54 98.51 98.66
98.23 97.49 97.09 95.93 94.6
94.41 94.84 95.1 97.42 97.05
97.96 95.93 97.22 98.39 98.09
98.06 98.13 98.36 98.41 98.05
98.09 98.54 98.5 97.95 98.33
98.71 98.6 98.14 98.56 98.67
98.59 98.59 98.55 98.42 98.44
98.26 96.1 96.61 96.11 97.61
97.67 97.4 98.47 97.89 98.05
98.25 98.18 96.17 92.9 88.31
89.22 92.17 92.35 91.67 91.09
94.4 92.97 93.46 94.81 94.69
94.36 95.37 94.78 95.7 95.33
94.95 92.23 92.66 90.57 88.77
91.35 92.78 89.52 88.54 94.22
93.94 90.8 92.11 95.02 94.35
92.27 94.48 96.93 96.3 95.36
96.42 96.8 95.57 95.37 95.86
95.29 94.06 92.84 91.96 91.71
93.27 94.65 95.68 97.35 97.64
97.27 96.59 94.99 92.5 92.86
89.75 91.23 89.55 86.67 82.73
82.88 81.56 81.27 81.76 82.91
85.52 86.98 92.07 92.89 94.36
94.69 96.12 95.93 96.83 96.82
95.92 95.01 91.87 89.23 75.19
63.28 57.55 52.89 54.48 54.24
58.99 67.47 70.84 81.58 84.22
89.14 88.28 91.1 92.13 92.55
92.15 93.75 95.05 94.58 94.52
94.03 94.38 95.13 93.69 91.02
91.67 93.16 90.57 86.67 88.7
84.52 89.62 90.44 90.32 91.13
93.49 94.97 94.94 92.58 92.5
89.4 90.6 89.91 90.71 91.55
88.75 87.85 87.63 83.92 81.63
79.66 78.43 73.37 66.55 67.44
66.55 60.07 49.94 48.99 32.93
32.65 32.63 31.79 31.21 28.99
30.35 27.46 31.85 27.03 30.38
28.54 26.82 33.18 27.26 30.92
26.91 27.82 27.51 28.15 29.16
28.77 36.28 32.25 33.46 35.85
33.44 30.25 30.67 28.18 29.48
27.12 24.48 27.99 26.56 28.73
26.15 32.05 29.45 34.27 30.16
34.78 36.84 30.66 35.34 33.32
34.34 32.44 39.48 39.2 33.36
36.9 35.79 36.52 38.32 31.17
39.89 31.38 34.87 36.24 31.5
34.87 30.37 33.01 32.28 34.73
36.28 36.44 33.23 32.16 32.3
29.87 31.71 33.69 34.42 30.91
30.85 31.4 34.07 36.55 39.44
40.08 40.87 39.71 39.05 38.41
37.87 38.2 38.65 36.49 35.01
37.73 37.42 35.98 35.77 32.67
36.02 35.02 35.42 40.99 39.74
45.37 46.34 42.59 37.14 41.65
35.61 36.36 33.98 31.28 33.97
31.51 33.53 30.65 37.56 34.92
32.62 38.91 35.79 56.63 43.57
36.89 39.65 39.4 38.75 37.6
39.51 39.22 38.61 39.5 39.19
35.21 33.9 38.03 35.89 35.96
35.09 33.04 38.45 34.18 38.92
34.99 39.01 35.03 38.24 34.17
35.15 35.34 34.8 36.79 37.28
40 35.73 36.56 34.88 30.27
40.45 34.51 31.04 35.13 33.75
36.23 36.32 36.23 38.58 37.74
37.72 38.95 38.66 39.58 39.12
37.24 34.89 35.29 32.43 38.6
32.39 39.49 35.85 39.83 35.34
34.64 32.5 36.36 34.44 34.55
37.1 39.19 35.09 35.7 35.82
35.34 34.84 33.98 33.28 35.83
31.92 34.87 32.21 36.98 34.56
29.47 36.04 34.47 35.65 33.87
34.86 32.75 33.51 32.08 31.55
28.49 30.67 28.34 34.55 31.28
31.3 27.99 32.42 32.9 35.4
36.35 35.95 35.72 33.84 34.79
34.75 37.43 34.15 34.27 48.52
39.9 56.45 54.74 66.7 67.4
69.34 63.31 62.84 59.05 49.09
