42.91 44.47 43.15 42.69 46.18
46.96 48.39 43.14 50.92 53.67
52.91 55.2 67.87 73.79 72.87
73.84 68.07 71.59 70.23 68.34
67.28 62.87 64.47 67.75 74.93
83.45 87.69 88.63 91.24 92.24
93.62 95.41 95.68 95.98 96.38
97.65 97.34 97.18 97.69 97.58
96.78 97 97.13 96.16 95.59
96.2 95.33 96.05 94.62 94.95
93.51 93.21 91.99 90.56 90.2
90.79 88.61 85.86 87.53 87.88
84.79 81.86 78.95 76.83 73.91
71.43 65.6 60.65 56.32 56.12
60.79 62.67 75.76 79.84 85.39
86.54 86.68 89.02 90.43 92
92.18 91.89 94.15 94.52 93.62
93.54 94.56 94.49 95.38 95.68
95.84 96.09 95.12 96.39 95.88
95.03 94.56 93.04 93.37 91.02
88.67 86.12 86.66 83.72 79.09
75.94 75.05 60.83 53.93 52.36
53.15 50.79 47.85 46.9 48.21
46.78 48.13 49.91 54.7 60.67
59.17 66.42 72.57 74.68 83.71
85.01 85.13 89.61 91.89 93.43
93.64 95.05 95.47 96.12 96.84
97.37 96.61 96.7 97.54 96.56
97.29 97.12 96.73 96.29 96
96.49 93.65 93.49 94.45 92.3
91.33 94.16 93.26 89.12 90.18
90.89 88.11 85.44 85.74 85.76
83.87 84.47 82.24 79.38 70.01
63.9 59.12 58.07 57.43 58.12
63.78 69.6 74.87 77.08 75.13
76.79 73.2 71.49 71.88 72.15
69.08 68.69 64.45 66.31 61.62
59.53 62.55 64.12 71.71 72.77
75.68 78.94 76.33 75.66 79.97
82.19 81.71 83.38 83.18 85.78
85.45 85.58 86.58 87.84 88.25
88.33 89.01 91.12 92.47 93.16
93.23 95.36 96.5 95.98 96.39
97.3 96.91 97.5 97.4 97.62
97.36 96.91 97.53 97.17 97.9
97.12 97.24 95.95 96.96 95.47
94.9 95.41 93.97 91.74 91.54
91.53 89.44 85.64 86.5 87.38
82.86 81.58 84.05 83.8 81.83
78.45 83.91 84.77 83.9 85.77
87.55 88.62 88.59 91.93 94.99
93.34 94.86 95.41 94.86 95.06
94.88 94.79 93.82 94.18 93.34
93.03 92.16 91.45 90.48 88.01
87.66 87.66 86.1 83.18 85.3
82.4 82.43 74.13
