47.16 50.66 41.24 52.43 58.16
56.29 52.26 56.67 57.35 52.81
52.48 54.53 52.05 48.74 48.43
49.37 42.83 40.01 51.07 43.09
45.09 48.57 58.45 63.93 64.49
69.43 75.78 72.08 72.53 78.53
75.72 72.39 74.49 79.99 72.36
71.54 72.9 69.06 56.79 56.79
57.35 51.89 46.74 50.39 52.05
42.61 45.88 40.31 47.81 51.26
59.47 69.71 61.01 67.52 67.23
67.92 64.74 62.77 56.98 61.63
65.24 68.76 81.5 87.59 83.82
82.38 85.77 90.16 83 84.95
87.25 87.64 84.36 84.83 86.39
80.96 83.16 82.77 80.61 79.92
80.64 76.5 75.9 74.23 61.04
59.23 65.1 51.38 54.07 53.23
52.27 55.81 47.65 43.01 47.77
46.96 48.36 56.46 41.68 51.87
47.33 42.85 41.7 39.82 39.59
43.7 40.67 48.86 38.62 40.31
43.52 35.97 38.28 38.76 37.86
40.32 35.88 38.61 37.33 37.99
32.9 43.41 38.22 39.35 41.42
28.95 36.2 33.06 37.42 37.96
43.33 36 46.32 38.72 38.02
38.04 44.89 37.03 40.89 42.67
40.43 43.48 38.93 42.37 48.41
41.33 37.65 32.28 38.23 38.24
37.67 35.3 41.57 57.23 50.14
45.05 42.14 40.77 39.89 39.96
37.45 35.57 40.03 39.18 37.6
37.57 33.96 37.52 38.6 37.93
40.81 38.9 42.21 39.66 39.42
40.56 40.83 40.52 35.96 37.76
44.12 37.07 38.63 37.73 38.1
39.09 36.09 36.74 40.48 39.35
38.08 37.23 37.08 31.57 34.35
28.89 35.01 29.41 47.17 40.67
35.34 39.62 36.47 37.49 35.73
40.52 28.99 35.42 32.44 34.87
38.5 34.59 37.48 36.01 33.36
33.97 40.42 34.78 32.58 37.35
34.98 37.45 39.29 41.22 32.5
39.91 36.21 42.73 39.33 35.18
52.45 44.74 47.54 37.14 49.14
59.95 63.93 50.41 50.55 45.29
39.81 48.02 35.83 41.11 42.46
32.26 43.2 38.16 43.98 34.04
34.01 32.35 33.78 35.08 31.98
38.18 36.55 34.45 40.63 34.93
31.61 36.08 32.63 34.56 33.62
33.25 34.11 41.11 33.88 38.11
37.11 40.02 34.18 43.96 41.21
36.56 41.18 40.95 41.34 42.47
39.96 37.18 37.81 33.11 35.04
35.86 35.89 38.69 35 34.88
34.14 33.46 33.05 39.57 33.12
39.88 47.51 52.15 50.02 66.29
69.88 82.13 78.63 79.74 78.79
81.78 80.11 74.25 68.3 70.08
50.55 45.53 50.83 45.31 40.15
41.69 39.83 42.46 37.7 40.35
54.28 38.69 48.32 41.94 37.26
40.46 41.39 41.26 37.26 44.12
33.59 50.33 31.24 41.34 35.47
42.05 34.98 38.28 35.14 36.91
37.2 32.67 32.74 37.76 29.69
48.79 38.19 39.77 40.55 37.83
48.92 35.4 51.64 40.86 40.51
51.88 41.19 37.08 38.53 38.02
36.92 32.69 35.23 35.47 47.04
51.83 52.62 57.29 54.44 47.72
51.49 46.96 34.77 36.1 42.73
46.42 40.5 41.6 39.52 40.94
35.62 35 36.03 38.72 34.25
31.61 34.96 32.18 29.21 31.91
34.88 31.19 32.79 34.44 33.17
35.87 36.2 33.63 36.28 33.39
44.14 36.47 34.21 35.35 35.77
36.69 35.36 44.75 35.68 37.54
36.94 32.99 36.4 37.43 35.04
35.58 35.1 36.88 36.01 36.19
40.17 39.09 43.25 41.51 41.31
37.46 49.46 37.96 54.62 37.81
45.2 37.82 47.79 41.21 49.82
41.52 47.73 40.38 39.59 32.63
35.32 33.33 40.97 37.64 36.9
33.33 33.41 31.81 32.81 40.99
40.49 32.88 30.59 33.9 31.37
37.4 29.36 34.94 37.19 42.84
33.02 46.05 35.05 43.13 40.76
44.33 51.78 53.89 56.02 61.97
56.58 61.7 59.46 57.88 53.7
40.99 41.52 41.4 37.77 46.33
37.87 36.05 37.17 33.26 35.8
33.16 35.05 33.68 33.88 33.88
37.28 37.5 34.28 33.08 36.97
31.21 32.41 32.99 34.42 36.75
37.78 37.95 37.32 39.81 37.2
38.38 33.63 37.73 36.89 46.01
46.46 39.69 39.33 33.77 33.66
38.91 32.8 40.78 37.25 38.92
40.49 37.76 40.8 39.62 36.59
35.96 36.13 40.53 40.89 38.42
37.09 36.85 43.57 40.93 38.98
39.57 38.82 39.56 42.09 40.9
35.97 39.33 40.38 39.85 40.53
38.39 40.63 37.95 41.91 45.65
43.35 37.79 39.4 35.21 34
36.18 36.1 38.07 39.75 37.3
38.71 36.41 46.95 61.06 45.72
38.16 47.71 40.21 37.19 45.12
39.49 40.82 36.88 36.81 46.01
40.67 39.35 44.31 38.69 37.65
41.68 40.96 40.72 38.48 41.29
39.02 36.62 39.23 36.67 38.2
36.95 32.13 37.92 34.34 33.4
34.75 33.59 34.48 37.52 36.12
31.55 29.98 35.94 33.93 37.21
32.01 32.5 37.06 30.11 34.79
31.75 34.2 35.34 34.5 39.97
35.7 34.84 33.84 33.05 38.58
38.83 48.64 39.33 44.62 38.08
38.61 39.15 37.88 42.24 33.37
40.1 40.09 37.03 37.13 38.84
34.82 36.97 38.45 36.95 35.26
36.14 33.72 32.86 33.28 31.58
34.47 31.03 37.39 30.8 32.58
36.17 37.07 37.61 38.32 45.21
35.82 45.58 46.71 43.24 52.82
39.43 50.06 42.33 49.81 42.28
45.13 42.91 42.2 49.27 36.8
38.98 36.49 35.12 34.75 36.88
34.69 35.9 37.35 36.89 37.81
37.16 41.84 34.31 39.71 29.1
36.81 35.2 31.38 37.4 27.25
38.03 34.12 33.36 34.61 31.36
32.95 32.64 32.18 31.84 31.18
34.66 31.7 32.36 33.26 35.27
36.97 35.07 42.72 39.13 36.63
36.96 38.03 39.57 36.97 37.2
37.03 37.75 44.54 43.98 37.55
43.15 40.34 36.52 35.47 37.39
37.57 39.88 37.14 42.59 40.07
36.25 39.75 43.93 46.87 44.8
46.5 45.28 48.15 44.72 41.55
38.2 38.95 34.21 38.85 36.82
38.09 40.13 37.31 36.16 37.52
32.44 41.31 40.22 43.21 36.32
45 44.17 44.61 42.65 48.1
67.47 68.89 67.56 68.93 77.73
81.31 78.66 80.33 80.8 79.41
83.19 81.44 82.72 85.7 77.82
80.55 76.69 73.12 62.31 50.65
44.64 35.44 40.2 34.36 33.17
36.98 35.17 33.77 37.7 34.01
35.25 34.03 35.01 40.42 48.57
44.61 46.37 41.81 38.25 45.87
44.81 47.95 38.74 39.96 40.09
37.86 38.95 33.67 47.99 47.55
48.66 50.4 49.7 47.24 44.42
40.58 44.9 36.79 35.12 41.73
37 34.75 28.91 31.25 30.49
34.13 32.5 36.93 33.83 34.09
33.89 42.79 38.09 36.46 38.56
32.48 34.53 37.25 37.66 36.23
32.8 35.61 38.48 37.19 38.42
38.9 38.27 36.88 39.46 39.34
35.31 34.06 40.51 34.31 34.16
38.58 37.77 32.71 32.54 41.66
32.41 43.25 35.95 35.97 40.96
39.05 44.79 37.5 45.36 39.98
44.78 44.11 42.22 39.03 36.38
36.7 35.17 33.59 38.01 36.7
31.57 37.66 36.35 30.68 32.94
33.28 37.19 40.02 37.59 38.99
36.04 34.6 35.56 35.83 34.91
41.12 33.85 36.73 35.09 42.59
41.8 47.32 39.84 41.9 40.56
36.88 39.34 38.22 32.11 35.55
36.12 35.75 38.22 35.75 37.39
39.82 40.47 38.43 44.83 40.53
43.24 39.64 39.04 34.62 39.55
34.95 34.96 41.39 36.25 42.68
38.26 39.62 40.37 39.39 36.09
38.4 33.71 45.7 41.12 39.05
40.96 38.04 36.33 36.81 38.46
36.04 36.68 35.86 32.93 32.75
29.27 37.05 31.42 32.68 36.78
30.21 38.2 30.7 36.26 32.64
32.59 34.81 45.17 54.1 69.95
80.04 87.65 87.93 85.22 84.83
77.75 74.3 71.57 71.86 83.54
90.07 92.88 93.16 95.09 95.3
95.67 96.87 96.38 97.96 98.09
98.46 97.61 98.02 98.13 97.69
97.44 97.46 97.52 94.22 93.92
92.3 92.97 93.49 94.21 96.06
96.67 96.57 97.02 98.3 98.1
97.77 98.41 98.57 98.18 97.39
97.79 97.58 95.89 95.38 94.94
94.07 93.24 92.5 90.09 82.29
71.86 69.19 60.94 56.32 56.78
64.89 87.64 92.92 93.97 94.64
95.39 97.03 95.75 96.74 98.23
97.87 97.1 97.7 98.03 96.5
96.44 96.11 94.12 92.28 90.83
85.8 84.55 86.92 84.71 79.19
81.95 81.3 89.3 92.13 93.08
93.66 94.53 95.27 96.68 96.96
97.24 97.44 97.88 97.99 97.95
98.14 98.43 98.08 98.16 97.45
97.64 97.63 96.18 95.32 94.32
94.68 93.25 92.79 93.41 93.05
92.8 92.75 93.66 94.09 95.02
95.34 94.88 94.84 94.25 94.74
93.67 92.63 92.28 89.76 88.65
83.69 77.17 64.2 59.23 57.64
59.97 58.46 55.16 54.71 53.49
61.18 53.09 49.7 46.75 40.7
46.35 48.84 51.65 47.66 46.01
52.82 48.34 47.46 46.98 50.31
47.98 50.34 45.95 48.41 43.63
44.57 45.23 40.28 45.04 48.16
44.84 54.67 48.59 41.68 41
46.08 38.41 41.53 36.86 41.24
37.36 44.33 41.92 47.1 44.78
71.4 78.19 78.35 86.52 89.65
94.25 95.56 95.38 95.19 95.05
96.85 96.18 95.93 96.24 94.29
95.19 94.8 93.22 92.53 94.2
94.5 94.12 94.27 93.86 96
96.18 96.97 97.3 97.63 98.12
97.18 96.4 97.31 96.52 96.15
96.07 95.8 95.32 93.44 93.87
95.59 95.61 96.83 97.06 96.16
96.45 96.84 96.99 95.8 95.36
94.43 94.26 95.09 96.48 95.51
92.59 90.74 95.17 94.53 94.98
94.53 96.31 97.63 97.28 96.58
98.06 97.99 97.45 96.87 97.34
96.56 95.22 95.73 95.56 93.04
89.57 84.07 77.03 61.36 47.09
39.45
