36.94 38.25 36.19 38.39 41.34
40.47 38.38 42.82 40.29 33.49
40.97 33.36 51.21 40.4 44.13
39.48 42.23 38.08 37.91 33.32
36.45 40.01 32.41 37.16 37.07
41.65 45.08 56.28 69.46 75.72
76.37 77.76 78.87 77.26 77.75
78.4 76.06 77.37 73.82 67.99
66.52 69.14 68.58 69.87 72.43
65.12 54.41 52.32 45.54 45.74
40.88 42.06 36.36 32.93 42.48
37.45 37.11 40.12 40.95 39.19
38.92 40.08 45.75 46.09 41.29
39.64 43.67 39.51 43.3 46.49
42.28 44.84 43.79 41.49 45.27
42.38 48.83 51.62 53.58 60.97
61.01 60.24 63.45 67.01 62.53
69.34 77.16 78.36 81.24 82.5
85.59 83.44 88.41 87.26 87.95
91.03 91.4 89.47 90.28 92.97
92.24 92.93 93.75 94.09 94.11
94.43 94.56 94.46 94.95 92.92
92.95 92.8 93.26 88.49 90.7
87.86 87.62 79.26 88.57 93.92
96 95.72 96.7 96.73 97.22
97.81 97.52 98.13 98.29 98.54
98.21 98.25 98.54 98.53 98.46
98.33 98.37 98.43 98.43 98.44
98.52 98.45 97.95 98.12 98.52
98.6 98.23 98.52 98.71 98.18
98.34 98.51 98.51 97.6 98.29
98.42 97.9 97.42 97.94 98.2
96.97 97.43 98.21 98.11 97.17
98.21 98.36 97.65 97.62 98.2
97.88 96.34 96.78 96.94 94.84
93.07 93.37 92.29 91.54 89.38
88.87 93.9 92.24 88.85 90.88
93.93 91.58 91.63 94.46 92.49
91.32 93.84 94.33 92.26 92.58
95.97 94.64 92.32 96.06 97.13
95.29 94.71 97.13 97.16 95.9
96.91 98.22 97.81 97.31 97.5
98.33 98.49 98.13 98.32 98.05
98.06 97.98 98.53 98.05 98.32
98.5 98.43 97.88 98.17 98.37
97.4 97.01 98.09 97.08 95.62
96.85 97.61 96.35 96.27 97.46
97.59 96.46 96.54 96.92 95.11
93.2 94.96 94.45 92.22 92.56
91.92 92.63 87.31 88.23 87.28
90.55 85.71 88.18 88.94 90.09
91.08 91.06 93.53 93.73 92.71
94.61 96.53 96.29 95.05 96.84
98.01 97.57 97.37 98.32 98.6
98.27 98.39 98.44 98.58 98.53
98.57 98.39 98.65 98.72 98.42
98.46 98.47 98.62 97.92 98.13
98.5 97.98 97.51 96.67 98.01
98.14 97.25 96.55 97.18 97.35
95.91 95.7 96.72 95.89 93.32
94.45 95.72 94.39 93.83 95.34
94.67 91.17 94 92.71 90.31
86.67 85.98 85.5 76.88 72.62
73.94 78.19 74.11 69.75 69.4
70.92 64.72 64.65 57.93 55.73
51.41 52.4 52.49 53.9 46.04
56.12 57.92 52.5 54.15 54.58
57.92 59.4 57.73 65.03 53.89
47.98
