45.79 59.36 65.24 73.17 80.96
91.43 96.47 95.97 95.25 96.83
95.1 94.99 95.82 97.06 97.36
96.84 97.71 98.55 98.38 97.81
97.81 98.27 98.4 98 97.03
96.26 96.29 94.09 90.1 84.3
70.78 74.32 76.67 73.29 74.69
76.36 73.41 72.64 77.63 80.31
79.9 83.54 89.21 91.57 92.29
95.16 97.79 97.68 95.96 96.39
98.42 98.29 97.35 98.28 98.82
98.74 98.52 98.72 98.86 98.69
98.43 98.22 97.6 97.1 96.5
95.86 95.54 96.58 97.49 96.06
96.93 98.5 98.22 97.54 98.57
98.5 98.48 98.7 98.84 98.73
98.31 98.27 98.57 98.76 98.88
98.76 98.04 97.31 96.39 95.83
97.81 98.54 98.79 98.88 98.76
98.83 98.85 98.93 98.92 98.87
98.89 98.91 98.91 98.84 98.85
98.79 98.67 98.56 98.24 98.47
97.61 96.5 97.84 98.51 98.65
98.64 98.63 98.72 98.9 98.84
98.79 98.89 98.91 98.71 98.62
98.87 98.9 98.78 98.54 98.61
98.79 98.84 98.91 98.86 98.63
98.75 98.49 98.56 98.03 98.76
98.78 98.83 98.83 98.78 98.88
98.9 98.93 98.92 98.93 98.9
98.92 98.94 98.88 98.74 98.79
98.57 98.26 98.54 98.38 98.16
98.55 98.8 98.74 98.76 98.74
98.8 98.89 98.89 98.87 98.92
98.92 98.9 98.83 98.88 98.86
98.82 98.63 98.69 98.7 98.82
98.93 98.68 98.36 98.62 98.76
98.41 98.68 98.72 98.87 98.77
98.8 98.65 98.87 98.95 98.94
98.9 98.94 98.93 98.89 98.91
98.9 98.81 98.86 98.81 98.61
98.78 98.76 98.52 98.6 98.75
98.66 98.79 98.79 98.84 98.89
98.87 98.89 98.86 98.92 98.73
98.62 98.65 98.76 98.36 97.74
97.97 98.46 98.65 98.79 98.53
98.31 98.04 97.62 95.51 96.82
97.72 98.39 98.49 98.76 98.48
98.48 98.76 98.9 98.86 98.91
98.85 98.9 98.92 98.89 98.74
98.89 98.85 98.7 98.74 98.36
98.4 98.75 98.75 98.77 98.61
98.55 98.62 98.84 98.77 98.61
98.81 98.85 98.82 98.68 98.71
98.68 98.04 96.89 96.25 95.26
97.68 98.11 98.76 98.46 98.16
98.31 97.91 96.31 97.48 96.14
96.82 95.61 95.94 97.46 98.69
98.73 98.84 98.87 98.86 98.91
98.91 98.84 98.88 98.83 98.37
98.7 97.99 98.31 97.54 98.28
98.74 98.77 98.71 98.81 98.74
98.77 98.83 98.8 98.87 98.88
98.79 98.54 98.28 98.66 98.71
98.25 98.11 97.84 97.84 98.17
97.21 97.09 97.51 98.44 97.51
89.64
