39.59 47.33 56.48 47.48 52.95
49.72 45.8 49.5 45.03 44.86
44.09 58.69 51.04 47.42 45.87
45.82 45.65 47.89 51.08 47.96
47.43 37.93 60.66 46.59 52.58
48.04 49.63 46.92 49.5 48.6
42.83 45.12 43.95 48.26 53.03
45.47 42.94 45.25 40.33 40.97
37.86 42.44 41.05 41.41 43.63
41.1 44.4 41.41 43.72 43.63
44.29 43.27 40.42 38.29 43.13
40.85 38.76 36.25 36.71 39.84
34.83 34.52 36.75 38.61 45.33
42.58 37.68 39.41 42.46 37.58
39.24 35.34 33.43 39.74 33.42
34.28 39.09 31.36 32.98 31.84
30.4 34.81 39.33 33.63 30.96
35.45 38.3 32.66 33.61 32.09
32.27 30.22 30.1 27.92 31.09
31.87 36.75 32.71 36.87 33.3
32.82 43.5 36.41 42.82 50.26
38.5 35.5 37.62 36.54 34.93
35.24 36.67 38.35 41.65 39.83
49.05 50.54 44.86 53.31 48.94
55.52 50.95 53.38 59.32 56.97
54.75 56.41 53.49 52.14 41.91
44.93 38.72 49.52 44.6 42.52
47.12 46.45 52.38 41.48 41.72
48.11 43.17 51.3 44.01 38.98
37.01 38.19 42.52 37.05 39.54
39.56 41.43 41.52 41.62 38.34
38.39 39.3 38.5 38.97 38.21
41.34 43.91 40.56 36.81 45.42
49.28 42.38 38.56 41.49 39.45
51.3 52.15 31.67 37.39 39.01
40.15 32.81 38.37 37.99 35.84
34.47 37.28 39.33 39.99 42.34
39.42 45.32 35.58 38.23 39.09
49.41 39.57 44.94 44.33 37.98
36.31 51.97 45.78 40.4 57.82
47.93 35.89 36.62 40.44 36.31
37.08 36.78 35.38 55.53 45.84
40.56 37.36 49.16 51.67 49.93
36.15 46.54 37.61 39.59 40.59
47.68 41.13 41.66 41.21 39
39.95 37.06 39.06 36.45 35.16
49.51 43.73 34.68 35.17 48.46
37.64 36.34 36 39.61 37.88
40.66 39.91 41.39 38.99 35.1
38.46 46.92 37.93 37.88 41.03
39.14 36.55 37.11 36.69 48.03
44.6 36.99 43.67 42.98 40.17
33.04 38.16 34.21 32.77 40.06
36.35 42.13 38.39 37.07 40.19
47.94 49.65 42.28 42.49 54.18
49.69 41.77 43.88 51.1 43.27
42.47 46.83 40.15 45.75 48.39
50.09 44.28 40.73 49.95 55.82
47.2 43.25 42.48 35.91 52.55
42.49 45.26 52.91 54.24 49.86
57.1 70.01 66.52 61.04 68.01
52.23 48.29 58.46 55.02 43.76
47.87 40.12 42.02 38.67 42.28
41.7 53.27 44.34 37.05 47.06
40.66 40.7 38.65 42.04 42.18
40.16 43.46 41.69 41.78 44.49
42.58 53.02 43.34 41.15 45.55
42.45 42.41 41.55 45.49 36.42
40.16 41.02 51.96 48.05 40.19
49.14 42.7 36.3 36.18 41.73
33.52 39.71 38.54 46.06 39.75
46.96 34.51 38.7 37.66 55.88
40.03 32.46 36.65 32.93 36.66
31.82 38.91 33.48 44.95 41.39
29.19 33.75 31.31 31.29 29.83
29.07 29.12 28.86 27.4 30.65
32.12 28.45 27.01 27.95 29.23
27.98 28.74 28.79 31.03 35.2
30.48 34.59 30.93 32.45 32.82
32.35 32.66 33.55 30.28 34.94
33.11 34.35 35.55 33.66 37.39
40.48 32.97 39 40.14 38.39
39.14 35.19 55.5 43.2 48.72
43.1 33.37 41.15 34.13 39.7
36.28 39.9 37.59 49.3 43.86
38.28 36.2 46.11 37.11 49.86
39.27 44.16 51.62 40.16 36.39
36.6 34.17 35.66 37.39 34.66
45.33 54.4 49.42 55.3 60.34
52.72 43.43 45.24 40.98 35.06
39.88 33.56 37.36 31.13 38.64
34.89 38.66 40.08 48.73 39.02
49.43 45.4 48.32 48.65 37.14
41.13 33.75 35.47 32.88 32.91
31.23 31 35.86 39.48 40.03
37.22 36.01 38.12 35.97 37.55
46.2 46.03 48.59 51.14 54.66
55.67 57.3 58.03 58.68 58.68
58.36 58.71 57.93 58.52 57.76
56.64 53.96 52.18 47.59 44.08
43.46 37.71 34.97 38.57 33.48
36.78 38.3 39.7 45.69 57.41
47.74 45.45 40.12 41.07 40.85
48.86 40.82 38.88 36.84 34.97
33.96 33.11 32.57 33.53 34.73
37.59 31.22 38.01 39.85 38.66
31.24 40.37 35.41 44.88 37.47
38.1 37.73 34.66 37.52 39.63
46.19 40.54 44.69 59.23 44.17
39.46 32.5 38.11 38.51 48.16
41.61 34.81 36.99 30.98 29.81
34.04 30.16 35.88 32.75 35.36
37.96 37.56 46.78 39.37 37.13
44.08 43.08 36.78 40.09 35.18
37.82 31.63 34.61 29.49 33.52
33.22 30.94 33.27 38.99 33.73
40.46 36.67 37.73 41.52 35.8
38.26 34.09 52.89 39.35 51.45
44.08 44.32 41.67 47.72 41.5
40.89 41.94 46.42 43.19 50.09
41.59 50.5 45.55 43.8 41.18
31.78 35.52 35.35 30.81 30.43
30.71 31.46 32.07 30.43 29.24
34.07 34.46 34.94 33.18 34.31
33.45 30.37 32.52 35.29 42.2
32.41 32.57 34.66 31.22 32.82
37.41 32.18 45.34 45.83 39.19
53 49.59 45.35 45.48 44.32
37.11 38.58 41.84 47.24 38.86
46.2 41.17 41.16 41.2 38
41.36 38.95 39.37 41.66 37.8
34.92 34.08 44.71 36.67 34.06
39.15 41.13 40.96 34.96 38.81
35.52 36.68 39.56 41.47 42.79
40.9 35.96 35.64 37.73 33.27
35.59 38.75 37.38 41.68 30.57
30.88 34.87 33.88 29.79 33.58
32.56 30.4 31.29 35.11 44.33
34.13 33.8 31.46 39.92 30.72
35.69 33.43 41.32 42.91 39.03
36.76 48.66 40.31 37.36 37.39
41.41 32.62 34.78 44.75 54.93
55.01 43.46 38.46 39.7 38.55
39.23 36.86 39.21 44.75 42.4
42.59 37.18 35.31 41.73 37.51
47.74 44.32 39.65 44.02 45.95
38.28 42.69 31.66 39.47 41.27
40.12 51.68 40.41 41.1 57.11
61.74 63.02 65.45 61.43 61.84
61.26 68.37 64.4 65.94 68.48
72.86 76.58 81.13 78.86 82.45
83.01 85.98 81.56 86.39 89.27
88.41 87.31 91.89 93.27 92.38
90.87 88.18 86.87 82.64 83.39
74.78 72.71 68.38 60.1 56.76
53.66 52.29 55.69 64.66 71.65
81.78 85.67 86.59 89.69 91.64
93 91.85 90.02 87.51 91.26
92.38 91.08 92.5 92.23 95.16
93.6 92.75 94.5 94.24 92.48
92.5 95.28 93.17 93.15 92.96
90.48 92.48 91.39 90.8 86.52
92.44 85.59 88.2 80.95 86.96
84.71 82.37 82.33 80.97 80.71
79.4 80.5 79.88 75.37 82.91
78.63 74.77 75.66 74.11 74.01
79.29 76.74 79.02 72.16 73.43
69.55 69.72 64.22 65.96 60.17
56.87 55.85 50.83 42.86 40.64
37.66 38.55 40.01 44.05 39.02
40.06 41.69 40.61 45.64 41.11
53.67 43.24 45.08 45.24 38.91
45.56 49.29 38.25 46.95 44.21
41.58 41.88 35.54 39.44 39.41
40.44 41.09 47.51 53.28 46.66
43.51 68.24 62.87 66.2 71.54
75.65 75.67 73.63 73.25 78.24
74.66 74 73.11 73.55 69.53
69.23 62.07 55.04 45.29 47.44
44.83 53.74 59.16 51.97 63.33
60.48 52.66 68.07 59.18 55.38
62 57.52 54.03 41.91 38.72
44.78 39.25 47.59 43.03 48.64
46.91 39.05 37.79 39.1 52.7
43.45 42.73 48.98 48.93 45.35
50.8 47.12 57.42 55.92 65.28
70.2 72.11 73.1 78.04 81.29
81.99 81.35 85.1 84.27 80.4
82.98 85.42 79.99 78.69 78.04
76.14 74.36 53.45 53.03 47.47
51.27 50.1 45.93 48.01 46.46
44.98 41.43 34.79 41.76 37.69
37.73 37.51 37.29 40.93 34.09
43.62 36.13 48.98 38.16 40.23
35.2 47.8 36.96 36.95 34.95
34.82 38.89 32.3 40.7 34.07
40.02 34.18 46.47 41.08 38.32
39.19 35.34 43.32 38.95 49.91
41.2 44.72 49.26 50.19 51.15
64.86 63.51 66.93 69.68 65.16
62.98 65.09 62.61 57.57 55.86
54.1 52.46 49.63 52.78 52.1
51.93 59.32 66.98 66.09 72.73
72.42 73.53 80.63 79.36 81.21
83.06 81.11 77.98 79.51 82.33
77.8 76.69 74.71 74.58 75.17
72.04 69.79 63.3 63.04 61.76
62.4 61.13 69.32 73.05 65.14
63.81 68.97 68.19 64.84 61.31
54.36 53.64 56.33 52.78 51.09
44.04 48.82 38.71 49.81 32.51
52.51 40.19 53.41 35.82 55.55
42.95 51.65 49.73 54.18 43.37
37.64 42.4 46.54 37.95 38.15
37.31 34.37 31.99 35.49 37.83
36.12 45.58 50.55 43.4 43.36
37.56 46.77 42.21 40.21 43.97
37.07 37.51 42.28 41.37 42.12
43.02 40.97 44.76 33.42 44.08
36.9 40.38 36.43 39.19 40.37
37.88 40.82 45.38 47.78 43.77
42.54 45.06 39.04 41.86 38.65
40.44 41.98 44 47.81 44.25
39.79 38.45 40.84 38.33 36.3
33.13 48.01 35.23 42.92 39.53
40.42 45.51 34.76 33.86 39.78
45.45 51.89 59.91 62.46 71.12
76.15 79.08 88.93 83.48 87
88.63 87.66 87.78 89.23 91
92.87 92.17 91.61 91.78 93.68
92 92.91 93.33 88.75 89.47
87.91 86.45 83.68 78.65 74.89
72.69 70.56 63.25 56.88 45.65
45.83 43.85 48.09 40.71 44.22
51.4 48.37 49.3 51.03 50.77
57.18 59.18 54.7 58.44 63.98
60.87 61.89 60.04 59.33 60.46
59.58 60.9 47.11 62.71 43.99
