67.23 82.4 84.78 89.38 89.56
91.95 91.88 91.48 89.92 86.26
84.51 83.85 86.6 89.24 91.77
91.55 89.82 88.39 88.76 87
83.38 85.13 87.47 90.59 89.88
89.43 90.3 89.44 89.78 89.99
89.06 88.15 87.71 87.01 85.06
81.31 75.15 72.54 70.37 71.68
80.52 85.34 82.83 82.5 83.85
88.52 89.31 91.25 91.58 91.89
87.7 85.12 88.31 90.8 89.01
89.77 87.86 87.36 86.41 90.19
86.73 86.28 88.23 84.12 83.69
84.19 82.56 82.76 82.87 87.81
89.89 91.56 91.69 89.82 88.06
86.25 79.9 63.99 49.91 36.55
41.34 33.29 32.39 36.5 33.04
39.69 44.45 49.67 49.57 42.37
46.49 45.13 52.18 38.7 43.96
45.26 48.39 42.11 41.14 44.15
39.85 44.52 44.42 59.78 54.54
44.32 51.91 41.12 46.51 39.42
51.77 46.09 44.38 55.89 51.17
50.72 39.19 43.11 46.64 49.46
42.41 48.19 44.13 46.29 46.93
43.26 44.11 52.51 47 53.58
40.13 46.98 45.75 51.65 48.58
44.78 45.71 46.51 42.03 43.05
50.25 45.2 40.66 41.34 37.65
40.35 40.44 39.55 46.59 47.19
50.68 46.2 44.78 43.46 45.88
45.89 47.16 49.18 56.47 68.5
81.79 79 84.57 87.2 88.2
86.72 89.99 90.63 88.57 87.52
88.97 88.9 83.85 86.63 86.3
89.04 87.46 87.91 87.55 90.42
89.73 89.34 89.79 90.09 87.8
88.4 88.93 85.7 86.17 88.68
87.08 87.04 88.5 89.54 88.71
87.79 87.54 87.94 86.25 84.52
80.9 76.07 65.66 63.7 50.24
50.62 42.57 48.48 42.8 38.29
36.4 37.68 35.92 35.5 34.96
40.39 38.82 35.6 39.25 36.2
37.19 39.3 32.87 36.32 32.16
36.79 33.76 43.26 44.78 58.17
65.12 70.24 72.85 79.71 74.21
74.19 76.72 79.35 79.38 78.68
78.83 80.99 79.55 76.22 81.95
82.05 79.76 78.31 80.52 83.94
82.69 81.04 84.61 83.16 78.22
81.78 83.91 79.06 80.04 83.88
83.05 78.01 83.29 86.31 82.32
79.97 84.34 83.94 78.95 81.86
83.72 81.46 81.43 83.41 86.91
82.21 79.71 79.17 76.59 80.01
79 77.43 73.12 77.7 73.13
68.24 59.76 52.97 48.35 39.39
44.44 41.51 38.84 40.84 41.53
39.24 43.71 45.82 41.98 43.25
45.03 39.44 43.5 41.04 43.27
41.1 41.37 44.8 48.16 42.15
50.48 55.83 53.59 66.02 59.51
68.95 81.66 84.39 83.39 85.87
85.81 88.75 87.05 89.14 90.03
88.25 88.45 89.08 89.46 84.81
85.47 85.47 88.66 86.35 86.78
88.42 89.53 88.14 86.29 88.55
89.98 89.07 88.24 89.22 87.61
86.26 87.99 87.12 87.52 88.83
90.28 88.71 88.07 87.79 87.63
84.53 82.3 72.28 64.85 57.81
54.63 46.78 39.56
