43.13 35.87 36.34 36.85 38.78
40.24 47.87 41.38 37.21 41.41
38.21 37.09 35.64 36.11 36.73
34.34 34.72 35.69 34.04 31.65
36.95 34.14 35.21 37.31 32.09
37.67 31.94 31.72 34.36 32.24
31.75 32.94 32.41 34.99 31.39
36.31 33.34 37.13 35.73 35.95
43.77 43.84 51.19 56.45 51.39
52.52 53.26 60.41 76 85.78
94.89 95.46 97.64 98.67 98.8
98.9 98.87 98.86 98.86 98.87
98.83 98.89 98.88 98.77 98.67
98.68 98.89 98.86 98.88 98.84
98.82 98.76 98.64 98.75 98.64
98.62 98.29 98.17 98.38 98.18
98.55 98.22 98.44 98.62 98.63
97.87 97.2 98.08 98.46 98.77
98.85 98.87 98.89 98.87 98.81
98.66 98.04 97.93 98.09 98.8
98.73 98.86 98.85 98.86 98.92
98.93 98.9 98.92 98.88 98.87
98.76 98.59 98.71 98.57 98.28
98.23 98.18 98.4 98.15 98.29
98.19 98.07 98.53 98.81 98.69
98.88 98.92 98.94 98.94 98.91
98.88 98.66 98.5 98.3 97.85
98.47 97.52 98.19 98.74 98.78
98.88 98.87 98.77 98.85 98.85
98.81 98.45 98.61 98.7 97.66
96.97 97.57 98.07 98.3 98.53
98.68 98.8 98.78 98.71 98.76
98.86 98.83 98.81 98.69 98.37
98.63 98.9 98.79 98.84 98.94
98.91 98.89 98.91 98.9 98.87
98.83 98.68 98.46 98.46 98.03
97.25 96.69 95.92 97.07 97.76
96.87 96.4 98.37 98.76 98.89
98.91 98.95 98.94 98.89 98.83
98.92 98.8 98.51 97.66 97.47
95.68 94.82 94.77 94.89 96.43
97.92 98.3 98.28 98.47 98.79
98.89 98.89 98.94 98.94 98.93
98.93 98.91 98.89 98.65 98.09
97.88 98.7 98.75 98.85 98.84
98.83 98.59 97.69 97.8 98.72
98.82 98.87 98.92 98.87 98.84
98.65 98.75 98.5 98.36 98.23
98.46 98.38 98.25 97.93 97.04
95.6 94.64 94.68 95.55 96.34
97.17 97.11 95.29 95.32 91.67
92.03 95.4 95.83 93.81 95.61
97.59 98.19 97.42 98.01 98.64
98.72 98.35 98.55 98.87 98.83
98.65 98.81 98.89 98.77 98.7
98.79 98.61 98.6 98.54 98.45
98.48 97.86 97.48 97.5 97.95
97.53 96.93 96.68 97.41 98.49
98.4 98.48 98.04 98.65 98.79
98.77 98.91 98.91 98.93 98.93
98.82 98.78 98.19 98.48 98.71
97.66 97.69 98.56 98.15 97.04
98.28 98.62 97.23 97.45 97.97
96.79 96.29 97.05 96.88 96.01
94.88 94.82 95.09 93.12 90.81
91.28 91.78 90.5 87.38 89.16
88.95 91.03 86.14 88.82 92.99
90.07 91.85 92.71 89.06 88.8
90.25 85.95 84.92 84.37 84.34
86.4 86.98 83.03 91.25 90.61
92.9 93.62 91.46 93.9 95.58
95.51 95.66 96.16 95.92 96.84
97.76 97.97 98.16 98.69 98.68
98.59 98.77 98.89 98.82 98.72
98.86 98.89 98.88 98.87 98.84
98.83 98.9 98.88 98.72 98.75
98.76 98.72 98.85 98.8 98.89
98.9 98.92 98.87 98.91 98.93
98.89 98.89 98.88 98.84 98.75
98.65 98.71 98.44 98.6 98.51
98.5 98.77 98.75 98.62 98.82
98.87 98.94 98.92 98.96 98.95
98.93 98.89 98.76 98.67 98.21
98.62 98.9 98.93 98.94 98.93
98.93 98.94 98.92 98.83 98.89
98.66 98.64 98.48 98.36 98.36
98.15 97.59 98.46 98.52 98.81
98.66 98.65 98.7 98.6 98.3
98.11 97.69 96.26 97.71 98.56
98.58 98.58 98.61 98.75 98.61
98.53 98.7 98.39 98.69 98.56
98.7 98.7 98.56 98.31 98.45
98.23 97.86 97.9 98.02 97.2
96.75 97.28 95.16 96.26 97.04
96.46 95.5 96.69 97.3 97.76
98.29 98.02 97.6 95.76 92.25
94.81 96.86 96.55 96.39 98.35
98.53 98.38 98.34 98.78 98.84
98.8 98.75 98.57 98.48 98.62
98.45 97.79 98.03 97.7 98.57
98.74 98.7 98.74 98.59 98.53
97.94 95.73 90.47
