40.45 41.35 41.8 39.83 36.09
41.66 36.35 36.97 39.72 43.41
37.71 38.08 39.81 40.85 39.22
54.22 35.37 43.71 48 35.17
36.85 45.1 40.53 41.56 47.71
39.8 37.98 38.75 36.01 35.07
40.08 37.36 37.35 41.32 36.73
39.83 39.24 33.24 38.82 33.18
33.29 34.1 31.83 29.71 31.48
34.71 32.44 35.44 34.82 39.37
43.01 37.1 41.47 37.37 37.05
38.02 42.43 39.74 37.07 42.36
36.45 42.05 34.68 33.99 37.19
34.74 32.93 36.71 30.71 34.9
32 45.31 37.81 36.86 37.63
37.17 38.87 31.03 35.54 29.4
34.5 32.99 31.72 34.93 33.62
34.53 30.38 29.81
