97.7 98.43 98.09 96.94 97.41
98.33 98.53 98.67 98.79 98.74
98.64 98.52 98.78 98.71 98.32
98.35 98.05 98.53 98.35 98.25
98.34 97.34 96.24 92.96 92.63
94.27 96.03 97.27 97.87 98.44
98.61 98.75 98.36 98.62 98.76
98.66 98.37 98.47 98.63 98.66
98.68 98.77 98.68 98.59 98.49
98.66 98.48 98.11 98.52 98.07
98.5 98.5 98.64 98.63 97.77
98.21 98.29 97.84 97.84 98.02
98.68 98.73 98.75 98.8 98.8
98.7 98.75 98.68 98.3 98.43
98.25 98.65 98.34 98.38 98.79
98.7 97.96 98.11 98.43 97.98
93.41 93.7 97.52 97.62 97.77
97.28 97.61 98.42 98.27 97.89
97.68 97.95 98.48 98.52 98.45
98.45 98.45 98.16 98.44 98.41
97.67 96.93 97.47 97.64 97.97
97.96 98.41 98.38 97.69 97.51
97.85 96.77 95.82 93.83 89.64
81.2 56.59 53.74 44.69
