49.48 54 62.95 73.28 82.13
83.63 85.78 85.39 86.21 87.77
86.88 85.34 85.08 85.74 78.95
78.79 82.17 82.25 82.41 81.91
87.48 88.76 89.22 85.94 85.28
79.84 82.1 85.54 83.88 86.25
88.83 89.5 85.11 88.67 88.88
88.63 89.27 91.49 90.74 89.01
91.81 90.11 87.82 85.81 83.25
83.34 83.7 78.7 75.74 69.22
59.86 55.36 45.41 38.17 34.06
28.31 35.64 38.12 30.01 35.84
35.21 32.55 37.19 32.73 33.09
33.46 36.82 34.85 32 40.33
35.86 32.89 36.35 34.6 26.82
36.35 32.58 33.18 30.4 32.79
33.26 36.34 34.95 33.18 40.12
40.18 43.81 53.48 53.55 62.32
72.94 63.97 72.6 74.76 75.41
76.38 82.68 77.22 76.09 78.76
70.11 77.86 63.77 61.24 65.4
53.12 73.63 73.55 77.56 78.93
81.51 79.12 78.58 77.03 68.9
62.06 58.52 46.63 40 40.01
48.12 49.11 52.13 43.12 32.63
47.53 39.21 33.85 34.93 37.27
36.1 35.23 34.93 35.88 37.42
38.95 36.43 36.51 36.45 36.16
34.38 39.65 34.93 35.55 36.36
41.05 39.45 39.23 37.5 37.15
40.54 36.69 38.72 38.05 41.24
40.04 40.28 38.63 43.08 38.9
36.37 42.76 42.2 39.4 39.8
40 36.23 38.74 38.81 39.82
39.4 41.28 48.19 48.18 57.51
45.44 64.95 58.45 50.83 68.49
76.73 74.19 67.88 60.39 60.4
47.68 49.61 54.55 61.02 63.72
60.19 72.05 70.05 61.84 74.01
70.96 74.11 67.05 68.49 59.44
71.92 73.88 70.71 77.48 75.78
72.79 77.43 79.51 79.35 79.87
82.49 85.11 88.82 88.89 91.73
89.88 91.4 90.77 90.72 90.35
93.67 93.28 93.6 94.75 93.64
92.83 93.35 91.4 92.24 91.6
90.25 90.89 90.06 90.47 88.56
85.3 88.53 88.5 90.79 90.89
91.57 92.25 90.58 90.27 92.77
93.17 91.94 91.71 91.61 91.51
90.13 89.81 88.3 86.9 84.63
80.96 74.12 72.31 68.83 62.59
61.1 58.47 50.37 39.37 37.4
46.47 39.83 46.29 51.05 50.46
56.86 57.05 67.42 79.25 88.15
91.94 91.3 92.28 89.65 85.75
84.69 82.8 80.5 71.26 68.37
69.46 78.37 85.96 88.74 90.31
90.28 90.78 89.66 83.55 76.76
81.13 85.75 89.09 92.07 93.73
92.19 90.84 91.92 93.69 95.45
93.08 93.01 88.91 87.73 86.32
82.95 74.42 79.81 80.3 89.34
89.58 92.68 92.51 90.18 87.95
86.98 83.07 79.74 74.14 70.73
74.91 78.32 89.89 93.54 96.11
95.16 96.71 95.92 94.26 91.41
87.17 85.45 88.92 94.35 95.84
96.05 94.73 95.34 93.23 91.41
90.26 93.92 95.35 96.91 96.83
96.81 95.78 96.93 96.16 95.02
95.94 95.74 93.12 94.29 96.02
93.93 95.36 91.45 91.91 90.74
90.96 91.51 94.1 92.87 94.53
96.8 93.74 93.37 94.69 92.61
92.94 95.42 95.08 94.61 94.82
95.99 95.9 94.71 95.61 96.56
96.87 94.58 92.87 92.1 92.12
90.26 93.02 90.68 92.37 94.47
96.6 97.4 96.93 96.01 96.2
93.91 92.38 90.75 91.03 94.49
94.07 95.19 96.49 97.07 97.56
96.57 95.17 94.59 94.07 91.93
88.14 89.44 87.55 91.21 91.35
92.2 88.52 87.44 81.58 82.12
77.68 77.31 63.75 68.2 65.47
64.19 58.53 57.77 66.69 60.52
68.89 77.91 83.26 86.95 90.94
92.43 94.82 95.08 94.4 88.65
89.69 91.1 86.81 82.02 68.73
60.6 55.41 42.44 40.78 33.04
38.83 32.94 34.53 32.85 35.51
29.83 36.21 31.48 29.39 36.99
30.01 36.48 34.13 35.93 43.3
37.21 33.32 39.38 33.92 34.9
40.36 35.68 38.94 50.84 52.91
60.05 54.97 61.11 70.15 70.57
62.27 67.83 74.09 74.43 68.44
76.86 77.44 75.63 74.32 79.36
78.76 72.1 74.6 78.32 72.6
66.72 71.66 70.29 66.48 64.84
59.48 56.57 55.28 53.63 54.85
55.81 59.71 63.37 64.41 67.66
78.28 79.05 78.83 81.22 82.06
83.66 83.41 84.8 85.21 84.76
83.89 82.13 80.35 79.9 80.89
79.87 82.63 84.99 84.14 85.64
89.94 89.28 87.52 91.21 91.95
89.32 88.9 92.78 91.31 87.12
87.91 88.8 82.46 76.34 78.73
74.41 67.16 70.54 75 80.9
86.37 87.03 82.32 82.46 75.5
71.54 58.41 55.17 52.29 48.92
46.53 46.31 40.97 40.9 42.58
44.81 43.38 38.94 41.29 48.84
54.35 56 62.48 73.66 74.04
74.22 78.5 81.4 78.3 82.59
84.2 83.63 83.88 87.94 84.06
87.34 87.98 89.39 88.41 87.97
87.67 90.68 88.57 89.25 89.21
86.58 89.6 89.88 89.86 88.84
87.4 88.81 90.51 87.22 87.79
90.07 89.97 86.94 86.3 90.68
88.07 88.15 87.38 90.82 89.83
86.43 89.33 89.71 88.01 88.09
89.24 87.82 85.76 85.21 88.69
88.88 89.68 90.64 91.18 91.14
92.09 93.75 94.56 94.28 95.34
96.68 96.18 95.71 96.2 95.43
94.24 92.92 94.13 90.76 89.77
92.52 92.6 96.12 94.91 94.24
94.6 93.23 92.82 91.47 90.35
88.52 89.66 91.85 94 93.65
94.18 94.15 93.39 95.31 94.29
95.17 95.87 96.91 96.98 97.45
96.86 96.67 97.44 96.7 96.55
95.65 94.47 92.93 93.84 91.06
92.55 92 85.4 86.54 89.57
90.94 92.77 95.03 94.94 95.67
97.11 97.16 96.69 96.99 97.3
96.75 97.12 96.74 95.8 96.05
95.5 95.44 94.13 92.76 94.02
90.4 92.83 93.39 94 95.66
94.17 95 96.2 94.94 94.13
95.55 95.43 90.42 92.14 94.02
91.75 90.19 93.86 94.59 91.98
90.5 92.02 90.55 87.28 86.56
86.51 84.41 84.12 81.76 81.92
82.14 80.98 75.3 73.92 79.26
78.74 82.47 78.7 76.07 64.96
56.72 40.4 35.1 35.11 31.15
36.23 31.06 36.29 31.5 31.43
32.9 35.14 42.59 37.51 39.29
44.61 47.61 42.1 45.88 54.49
51.91 47.26 53.37 54.57 52.91
56.06 57.44 60.03 65.96 75.67
85.43 83.03 81.21 83.52 85.9
86.2 83.61 85.23 87.92 84.65
82.69 84.37 86.55 82.22 81.33
83.8 80.58 75.97 73.94 68.87
65.18 60.27 62.24 72.67 80.74
79.58 82.07 81.98 84.99 86.63
85.17 87.27 87.02 88.33 88.14
86.62 86.89 87.85 87.72 85.97
84.24 84.97 82.19 78 76.28
74.88 65.62 57.74 56.8 48.52
43.2 35.28 34.36 38.02 31.39
36.25 38.18 31.17 43.43 38.02
36.2 39.46 34.83 37.65 39.17
32.44 41.69 36.74 41.94 39.22
38.65 42.56 36.42 42.14 37.55
37 35.94 37.46 34.27 39.84
39.16 38.96 39.97 33.96 35.04
31.52 38.86 31.62 35.66 31.72
35.39 34.62 32.8 37.93 35.73
41.86 36.65 32.41 29.11 31.69
34 38.34 29.62 29.91 30.15
36.38 29.97 33.25 33.14 33.6
31.04 29.18 30.55 33.8 29.77
31.71 30.37 33 38.96 34.88
36.32 38.43 37.72 41.85 42.02
35.84 39.38 37.62 34.26 35.2
38.26 42.96 37.68 32.95 40.25
31.72 34.99 32.58 35.02 33.5
38.87 35.92 36.46 33.61 32.49
35.02 41.21 33.33 30.02 44.73
38.29 33.43 36.54 32.63 32.67
33.82 29.22 32.76 32.01 35.87
33.71 37.63 35.72 35.88 38.42
38.55 37.79 43.81 41.63 47.8
40.5 40.02 43.76 37.14 42.69
37.65 40.92 40.37 37.78 40.47
36.3 40.57 38.32 34.67 39.03
37.93 36.94 29.98 33 36.15
30.62 32.83 34.37 32.13 34.91
32.2 33.77 34.05 37.26 33.25
33.63 35.96 31.33 33.04 29.45
33.67 33.41 30.41 32.47 32.31
30.53 29.54 29.95 36.28 36.93
35.14 36.59 37.05 35.69 35.64
34.83 35.24 31.2 30.75 29.06
29.05 29.38 28.57 28.69 33.37
28.4 32.44 31.49 32.71 30.47
33.6 30.83 32.84 33.11 33.78
31.32 34.14 30.36 31.58 27.49
32.4 31.42 30.91 27.2 31.05
31.11 30.29 31.78 30.13 35.14
35.95 31.47 35.99 33.89 35.72
32.57 33.14 32.42 30.41 29.47
35.03 29.44 31.09 30.54 33.02
30.88 32.97 32.54 32.78 32.64
32.75 35.07 32.08 34.97 31.95
34.48 28.19 32.11 28.54 31.3
30.26 25.59 32.37 26.26 28.65
25.08 26.84 25.39 29.76 27.6
31.83 34.98 43.46 47.67 52.38
64.77 70.21 86.86 88.36 89.21
90.45 93.07 94.98 96.26 96.37
96.39 94.19 89.96 83.85 83.24
86.75 91.71 94.32 96.42 96.89
96.95 95.89 95.36 94.35 90.37
89.49 86.5 89.02 86.19 86.06
80.13 78.6 85.38 84.95 82.17
81.33 77.84 84.75 87.86 89.68
89.33 91.23 91.11 92 89.13
90.11 91.55 91.12 88.59 87.18
85.28 83.79 84.15 84.81 82.68
80.05 80.53 75.87 78.54 82.82
84.51 91.19 93.89 95.14 95.74
95.89 96.69 95.28 92.42 87.34
88.3 90.9 92.94 93.97 93.51
93.99 92.87 92.41 91.31 90.68
93.14 94.78 93.49 93.52 93.31
85.17 85.58 87.09 88.17 87.48
89.22 92.49 90.71 90.94 91.72
90.49 88.83 88.74 84.88 82.81
84.74 84.35 85.74 88.72 92.47
91.08 92.66 94.05 92.89 93.81
95.02 95.17 93.88 94.16 93.99
91.65 90.92 90.24 89.97 87.6
86.48 83.8 78.53 62.53 46.09
33.56 35.89 33.5 35.73 35.58
35.93 45.13 33.7 33.55
