30.65 31.61 32.63 28.65 26.17
31.58 32.9 36.56 43.07 45.43
50.32 57.09 56.66 58.11 59.76
57.17 59.49 63.32 62.42 56.85
60.97 64.99 59.38 60.7 65.64
67.93 60.72 67.08 68.66 69.54
66.34 68.98 63.59 67.43 66.51
62.96 63.24 65.25 61.67 61.7
61.85 56.09 58.34 53.1 49.6
48.76 43.86 37.8 34.46 32.45
33.16 33.93 29.74 29.2 35.44
32.05 42.62 45.97 49.86 50.03
57.5 59.05 62.78 65 65.07
64.06 67.38 68.21 65.89 70.87
70.24 71.01 66.53 68.69 69.18
66.31 64.83 63.22 65.26 60.07
59.2 67.08 66.12 63.8 66.06
67.98 69.31 68.37 64.08 64.24
66.97 62.75 58.45 61.81 61.72
55.47 56.63 58.39 60.77 50.85
53.3 60.82 55.94 49.87 56
61.02 53.29 52.58 48.69 44.53
42.44 49.82 46.37 53.91 61.76
67.19 67.73 63.86 61.82 68.21
69.59 63.72 63.55 70.44 70.38
66.74 66.81 72.57 71.79 67.02
69.79 72.23 71.34 69.34 71.72
69.18 70.57 69.04 68.43 67.49
67.75 64.64 66.88 63.43 54.16
57.9 59.56 53.86 47.86 44.63
40.94 39.02 44.5 53.17 53.24
53.05 56.11 57.92 62.08 66.76
69.05 65.4 68.52 72.13 70.02
69.29 72.73 75.58 75.66 69.63
72.9 69.16 68.46 67.33 68.77
72.44 62.56 63.37 70.28 69.09
68.1 69.85 71.42 71.18 68.97
69.09 68.57 70.37 68.02 68.17
64.51 65.13 62.46 60.63 62.17
59.61 55.29 56.67 59.62 58.45
50.59 56.53 59.32 56.27 53.92
53.57 56.35 46.21 47.9 43.41
41.56 44.05 46.67 51 51.91
51.03 54.11 56.49 59.16 55.23
55.22 64.42 61.5 57.01 61.37
68.5 65.02 64.99 66.17 70.43
68.94 68.17 69.6 68.48 68.96
68.21 66.67 67.12 65.55 63.31
65.34 64.88 58.66 61.04 58.37
55.14 54.88 57.38 60.82 58.05
60.81 63.83 62.68 67.23 70.78
66.02 68.39 75.39 73.17 73.56
78.31 77.3 77.28 69.41 75.54
72.3 69.54 68.24 67.28 67.76
59.62 59.43 64.31 62.62 64.9
63.88 66.76 65.98 66.06 62.66
60.4 66.95 65.07 59.01 57.35
61.57 55.89 52.78 57.2 56.75
53.41 51.64 59.28 59.5 54.71
57.86 64.24 60.48 57.01 65.72
62.84 56.79 57.19 55.79 52.77
50.14 43.43 41.14 39.51
