58.56 66.74 69.92 73.21 72.71
75.83 78.92 76.4 78.48 78.82
77.59 76.19 76.88 71.19 71.01
65.05 63.57 51.86 41.43 37.38
40.68 30.74 33.35 37.48 55.83
71.7 85.75 92.47 94.72 95.76
94.99 94.67 94.8 94.93 94.18
94.68 94.51 94.86 94.55 94.18
92.15 94.23 94.52 93.91 92.21
92 91.21 88.91 86.87 86.03
84.47 80.78 75.55 72.87 64.03
58.19 50.41 52.14 50.08 51.71
51.45 53.64 53.46 60.52 62.96
66.22 69.54 72.65 75.19 80.88
85.2 83.6 83.73 87.6 88.83
85 87.25 89.81 90.32 88.17
86.48 90.42 90.54 91.2 88.33
87.82 92.64 92.89 94.03 91.11
87.63 85.42 90.75 91.17 93.78
94.66 94.4 95.48 96.34 95
92.98 92.68 92.5 89.81 85.7
81.5 75.2 69.87 53.74 53.81
54.02 37.68 36.97 45.49 48.8
56.77 71.73 81.2 89.26 92.2
92.12 84.51 75.39 67.64 54.53
47.74 50.8 52.99 49.11 47.81
52.35 50.27 45.96 47.02 45.75
43.17 41.42 48 44.45 42.42
44.93 43.01 41.98 37 40.39
33.57 37.98 39.41 48.87 57.33
67.47 84.5 91.52 94.53 94.28
93.31 94.98 95.08 95.31 95.02
96.69 96.48 96.4 95.97 97.46
96.93 97.81 98.1 98.28 98.32
98.04 97.5 98.09 98.27 97.33
96.64 97 97.35 95.83 93.09
87.92 84.91 76.55 80.39 84.6
89.88 94.8 94.23 94.96 94.88
96.78 98.14 98.01 96.81 98
98.44 96.82 95.98 97.98 96.46
93.22 93.1 94.15 91.45 89.35
87.24 93.21 94.82 95.14 92.82
95.29 96.74 95.79 94.31 93.05
92.9 90.25 91.05 92.11 92.06
94.3 94.46 93.57 94.55 95.53
95.95 95.67 96.89 97.87 97.35
96.74 95.35 97.1 97.42 97.81
95.49 92.86 91.97 94.59 96.38
97.19 98.01 98.18 97.12 96.86
96.98 95.58 94.24 95.54 95.94
92.45 92.01 93.32 93.49 95.08
96.32 94.96 95.11 95.99 96.06
94.14 94.12 95.48 94.01 91.55
91.22 94.28 93.6 93 91.52
85.72 87.11 87.81 86.54 84.38
90.56 88.31 86.07 80.18 80.26
84.06 90.21 88.01 89.01 93.45
94.33 92.67 94.42 97.39 97.01
96.47 98.3 98.5 97.67 97.7
96.99 97.78 98.58 98.41 98.13
97.41 92.77 81.19 78.4 79.03
89.13 94.08 96.54 97.98 97.96
98.14 98 98.16 97.96 98.14
97.29 95.9 96.48 95.92 96.79
95.99 97.66 97.07 96.03 97.86
97.9 96.57 96.43 97.46 96.44
96.74 97.59 96.34 94.4 95.19
94.64 95.25 95.78 94.79 93.25
93.03 94.07 92.45 90.04 89.5
86.18 83.01 72.21 52.94 45.07
40.66 32.69 34.89 38.65 26.55
31.58 28.75 29.48 31.46 33.76
35.4 25.4 36.86 30.43 37.58
35.93 35.79 35.77 37.38 34.6
37.55 30.4 39.18 38.43 35.03
36.64 35.48 39.04 34.33 39.62
38.97 32.01 39.34 35.59 35.11
33.46 33.75 32.64 30.1 35.68
32.14 33.11 32.67 35.17 28.25
28.75 32.6 37.42 33.55 32.68
36.75 32.83 28.64 32.05 36.45
29.09 35.65 29.99 35.32 31.8
27.49 35.05 33.93 25.56 31.17
29.95 28.65 29.9 28.58 30.35
30 32.36 32.39 28.84 31.5
26.1 31.83 27.04 32.87 28.58
33.15 27.67 32.63 28.31 32.94
31.68 35.59 33.66 44.39 38.64
38.61 34.17 39.85 46.67 54.77
57.17 58.01 56.91 62 67.35
72.17 72.74 69.49 72.42 74.34
73.25 70.88 73.67 74.29 70.82
68.59 66.54 63.31 59.55 49.14
