41.83 46.8 51.85 52.69 52.81
53.17 54.54 51.68 53.95 51.23
48.16 48.08 44.13 42.53 38.78
40.39 33.66 38.36 41.13 40.59
45.56 52.3 62.31 85.57 93.49
93.99 92.09 91.76 91.91 87.36
84.4 73.5 64.78 57.33 60.62
67.51 79.57 77.26 86.25 88.34
88.39 89.9 92.39 90.89 89.58
89.73 87.58 88.91 92.86 93.02
93.35 93.8 95.73 95.11 95.47
94.78 95.2 95.19 93.85 93.41
92.58 91.13 94.62 94.27 92.99
95.62 96.39 94.66 95.35 98.05
96.78 96.35 98.18 98.47 97.5
98.09 98.75 98.55 97.91 98.43
98.17 97.51 95.81 94.66 95.92
96.03 95.71 95.17 95.63 93.26
92.38 89.61 86.69 85.78 87.15
89.2 91.65 92.68 91.75 91.09
91.53 91.24 90.42 91.6 95.31
97.63 97.64 97.72 97.51 98.43
98.65 98.27 98.44 98.81 98.75
98.46 98.78 98.86 98.83 98.72
98.84 98.86 98.56 98.51 98.58
98.27 97.97 98.11 97.09 96.35
96.05 95.21 95.46 92.47 92.59
96.6 96 96.46 96.34 92.26
93.05 90.66 92.29 93.51 94.24
93.74 92.96 91.19 91.25 93.41
94.46 95.45 92.91 91.7 94.92
97.38 97.94 97.55 98.01 97.89
97.92 98.29 98.72 98.39 98.37
98.51 98.27 97.22 97.57 97.54
97.12 95.31 92.41 94.44 93.69
90.77 87.98 81.12 80.41 81.93
92 94.52 94.72 95.3 95.88
97.06 97.23 97.43 98.13 98.68
98.71 98.72 98.82 98.85 98.82
98.6 98.67 98.64 98.06 97.33
98.04 97.47 96.56 96.31 95.56
94.79 92.91 93.51 89.65 86.63
87.83 80 78.38 84.99 89.26
88.25 90.68 93.74 94.31 96.7
96.86 96.82 97.72 98.34 98.25
98.25 98.66 98.57 98.56 98.79
98.71 98.59 98.66 98.79 98.39
97.87 98.35 98.33 96.35 95.81
98.02 98.02 98.1 98.09 96.3
94 93.41 91.11 86.65 87.52
84.97 86.86 90.03 92.36 95.36
95.79 97.23 96.36 94.92 91.63
93.93 93.31 93.32 94.44 96.01
96.86 96.51 97.46 98.36 98.68
98.56 98.38 98.05 96.94 96.74
96.04 94.45 94.21 96.38 96.43
96.45 95.01 93.44 91.5 89.81
89.03 89.47 93.11 94.37 95.88
97.08 96.99 96.28 96.57 96.26
96.73 96.02 95.49 94.42 96.05
93.59 93.29 92.35 93.89 96.96
97.19 95.57 95.76 97.39 97.52
96.17 94.93 95.95 96.09 97.56
97.43 97.04 95.66 95.54 93.97
94.63 92.01 93.99 94.5 95.23
95.54 95.48 96.21 95.69 95.53
93.12 87.65 83.55 87.02 94.65
95.79 96.1 97.13 96.29 95.6
95.67 94.64 94.24 93.7 93.53
94.53 95.98 97.53 97.59 97.83
97.04
