58.14 57.74 67.91 75.75 89.75
91.83 94.83 95.64 95.26 94.27
90.95 91.02 94.32 95.37 97.36
96.78 95.03 92.72 90.86 92.18
94.22 95.96 96.29 97.01 94.51
91.59 90.33 85.79 73.22 73.72
66.61 72.18 73.37 84.49 93.09
95.47 95.68 95.37 94.23 92.01
87.87 83.68 78.58 64.58 55.05
49.54 40.15 40.17 31.81 32.98
34.02 37.47 41.03 37 39.92
38.76 47.6 53.81 67.98 76.91
87.15 89.28 91.76 93.73 92.64
94.52 96.92 97.26 98.1 97.83
95.19 96.09 96.54 97.15 98.02
98.38 98.18 97.27 95.92 93.77
91.78 92.34 93.65 94.86 96.61
96.75 97.81 97.74 96.91 96.38
92.81 94.18 96.11 95.59 95.58
95.63 95.56 95.37 94.98 94.56
95.6 94.8 94.43 92.72 95.61
94.75 96.63 97.75 98.21 98.59
97.96 96.52 97.09 97.57 97.28
97.82 98.34 98.59 98.34 98.25
96.24 93.31 95.64 97.38 98.44
98.65 98.52 98.05 98.17 97.62
97.57 93.61 93.69 83.08 86.84
90.91 93.31 95.63 96.69 97.98
98.06 98.21 97.38 96.31 96.03
96.17 95.5 97.79 96.34 97.41
98.29 98.18 98.29 97.78 96.06
96.33 97.82 97.96 98.45 98.67
98.75 98.74 98.32 97.36 95.99
95.96 96.29 97.89 98.79 98.77
98.81 98.74 98.58 98 97.09
97.29 96.03 94.31 98.03 98.33
98.51 98.64 98.67 98.7 98.4
96.94 97.01 94.92 94.41 95.02
97.48 95.31 96.66 98.07 97.3
97.79 96.36 92.31 92.44 93.95
90.29 95.84 97.63 98.46 98.38
98.22 96.13 95.09 92.57 92.31
91.64 94.36 97.13 98.12 98.59
98.65 98.22 98.32 98.09 98.2
98.41 98.34 98.48 98.26 98.12
97.04 95.66 92.77 90.17 85.22
83.31 82.66 71.07 60.81 51.61
51.58 52.08 54.28 49.4 51.13
53.58 61.51 70.6 74.08 80.85
83.66 88.26 93.22 96.58 96.31
96.14 95.1 92 88.53 88.35
94.06 95.64 97.17 97.23 96.1
93.36 89.19 82.98 76.12 80.29
87.26 90.1 94.18 95.15 96.23
96.47 95.91 97.19 95.71 89.17
92.12 95.42 94.57 96.73 97.2
95.95 94.81 94.18 93.48 92.56
94.16 93.14 92.25 90.48 90.1
88.56 91.6 91.27 94.01 95.9
96.34 95.75 92.14 87.25 86.48
85.96 92.88 96.77 97 96.66
95.38 92.93 91.23 93.2 93.4
93.9 93.8 94.98 96.37 96.26
96.25 96.18 94.07 92.48 90.04
87.47 85.58 91.59 93.95 94.31
94.21 93.22 91.34 90.65 91.14
91.28 91.69 94.14 93.41 92.66
93.52 94.99 94.52 94.48 95.29
95.42 94.03 93.81 94.31 92.04
91.65 89.82 81.67 66.87 60.23
53.07 48.14 41.58 46.4 50.94
65.84 77.15 77.49 81.05 84.08
81.86 79.93 74.86 66.67 71.69
72.62 76.67 82.68 84.5 82.89
88.14 90.92 92.21 92.67 94.29
95.09 95.53 95.84 95.66 93.71
93.13 92.68 92.8 91.17 89.09
88.26 86.56 83.53 80 80.42
74.71 62.81 62.52 62.11 51.36
50.62 50.43 43.08 45.71 43.42
44.55 43.38 42.48 40.98 44.17
40.75 41.78 39.41 39.07 37.7
38.22 33.96
