41.7 45.07 55.41 59.41 59.12
69.96 68.38 77.83 83.82 89.18
93.78 94.06 95.55 95.68 96.11
94.88 94.07 92.88 90.73 88.96
86.13 91.96 93.24 94.72 95.33
94.9 94.52 94.17 93.09 91.6
90.49 90.81 87.36 83.12 82.55
82.27 81.36 83.32 86.68 89.32
92.8 95.66 94.62 94.81 94.14
94.37 94.68 94.15 91.85 91.26
92.02 93.49 94.73 94.21 93.11
93.86 92.96 93.26 93.55 92.85
92.66 91.4 93.98 94.68 96.04
95.61 96.24 96.08 95.45 94.07
94.47 94.29 93.6 90.04 88.54
92.15 94.12 92.73 94.48 95
94.6 94.01 94.65 94.29 93.2
91.91 92.94 91.64 92.02 93.61
94.3 95.65 96.19 96.36 96.83
95.92 94.25 91.11 81.39 71.99
62.31 60.89 49.75 45.37 49.27
45.43 52.7 44.58 44.58 42.98
43.23 46.88 38.04 48.45 46.29
51.86 47.39 55.37 44.1 53.98
55.19 51.48 51.26 50.2 53.78
49.99 53.48 53.41 55.54 53.24
59.16 57.58 59.93 61.01 62.34
64.55 68.57 68.45 70.11 69.27
66.88 71.07 61.51 65.83 54.04
