54.39 60.2 76.41 81.4 86.12
85.42 81.85 86.78 89.03 84.84
84.25 86.99 86.15 82.11 82.72
82.35 78.18 64.44 66.98 71.14
80.6 88.55 90.67 90.91 91.69
83.82 86.74 87.74 88.91 86.57
89.83 86.04 87.75 94.02 94.04
94.22 95.13 95.81 95.9 95.36
93 88.23 81.75 75.47 73.51
75.2 81.68 75.81 85.73 84.78
83.13 80.79 84.02 90.5 89.97
91.75 91.16 90.68 92.95 93.65
93.49 93.59 93.62 93.49 93.42
91.58 92.86 88.07 89.43 90.59
90.1 91.53 90.59 92.69 90.58
88.45 81.62 79.47 84.32 83.72
82.21 80.64 77.66 77.24 73.31
66.54 62.38 58.41 53.46 49.19
47.36 44.79 44.92 43.25 46.69
44.19 50.65 44.77 51.83 57.5
54.92 53.91 59.77 51 58.53
51.38 53.04 56.11 60.18 51.55
61.08 61.12 69.35 74.11 77.92
80.28 84.41 87.82 87.42 91.74
90.77 92.57 92.92 93.01 91.99
89.42 86.71 88.65 91.52 90.83
88.44 91.07 91.53 89 89.99
91.77 92.78 91.34 92.14 91.71
89.49 89.94 89.79 90.86 92.4
91.8 90.42 88.9 87.61 87.58
87.03 81.55 79.04 80.51 86.18
89.44 93.95 94.52 95.07 95.52
93.79 93.56 94.89 93.13 93.56
92.8 89.54 89.87 91.88 89.57
87.83 84.84 80.48 76.78 74.21
67.27 65.39 61.22 64.11 56.65
60.25 47.89 55.06 54.43 52.91
48.41 50.19 51.11 48.83 39.17
45.91 44.39 54.21 53.89 65.15
49.97 58.76 50.61 71.22 61.35
70.56 67.89 78.78 79.33 83.89
88.14 90.81 92.73 93.19 93.24
91.3 94.45 94.86 94.14 93.75
93.99 92.38 93.54 92.62 92.83
92.78 90.98 89.12 82.37 80
83.18 89.84 90.19 91.02 88.91
83.22 80.31 71.63 74.32 67.63
69.77 75.51 80.25 87.89 87.32
76.1 64.69 57.19 46.86 40.19
30.35 28.45 25.9 26.29 28.35
26.8 30.09 25.53 29.79 25.17
25.99 27.66 28.16 28.18 25.58
34.17 29.55 32.67 38.35 35.6
32.14 31.51 34.16 39.33 38.11
36.06 37.43 39.31 35.23 35.78
34.73 34.7 36.04 39.47 31.6
42.59 53.52 54.94 70.41 76.63
85.95 90.96 91.87 89.95 92.55
92.4 90.53 90.52 92 90.11
88.32 87.61 86.37 85.05 79.99
79.89 76.39 75.65 78.13 84.46
83.04 86.45 86.51 87.89 89.26
90.98 92.06 91.87 92.79 94.06
94.38 94.15 94.23 95.91 94.91
93.99 93.9 89.12 91.86 94.28
93.67 89.39 91.92 92.98 88.59
84.39 86.6 83.4 75.61 68.33
62.5 58.06 55.3 53.55 67.97
78.91 83.23 86.56 88.38 92.13
92.67 93.32 93.23 93.92 93.75
93.61 94.01 92.68 91.66 90.56
89.79 88.83 87.19 85.22 84.61
85.56 85.5 84.94 85.55 79.95
80.27 83.24 85.63 83.63 87.54
89.59 88.11 90.19 92.79 91.64
89.31 93.55 94.04 90.37 90.52
92.54 89.41 89.98 88.2 93.04
94.42 91.8 91.9 94.89 93.5
91.41 89.9 90.25 89.21 87.13
85.59 86.55 87.58 87.4 85.96
88.53 92.22 91.17 90.48 93.47
93.71 90.72 92.35 93.77 93.04
90.34 90.3 86.89 88.38 87.99
84 82.67 84.97 87.1 87.14
83.8 80.98 76.59 69.91 64.95
64.75 66.49 62.51 61.6 55.47
65.1 73.08 68.74 62.35 67.92
79.55 83.99 85.15 86.01 85.9
90.79 90.35 86.59 88.69 90.07
85.59 86.29 81.78 82.6 72.83
69.54 68.69 72.96 78.4 81
85.91 86.4 88.39 86.54 85.13
83.17 89.04 90.58 90.39 92.46
95.07 95.12 95.58 96.59 96.72
96.04 95.94 95.15 94.46 93.34
92.73 90.74 87.59 86.11 82.78
72.4 51.79 50.72 40.5
