39 34.23 39.26 35.92 36.82
37.1 36.64 38.19 37.4 36.95
37.14 38.88 39.41 38.99 39.89
39.93 39.63 39.75 40.51 39.86
38.2 41.02 38.91 41.36 42.09
39.68 42.22 43.04 33.5 33.88
36.86 31.25 36.59 47.3 55.79
54.87 64.56 73.63 75.48 77.87
82.82 81.8 82.51 84.12 84.5
82.82 85 78.64 80.4 78.79
82.26 80.55 83.81 86.2 87.4
84.57 86.4 86.82 85.36 85.5
84.01 82.74 78.45 80.28 76.09
68.61 60.66 57.11 62.09 64.89
70.82 72.81 65.09 62.06 69.16
68.52 65.24 70.83 71.41 67
62.46 68.65 73.46 58.99 64.58
70.04 76.42 79.27 78.14 78.63
79.18 77.5 70.63 68.47 75.98
72.83 65.28 70.17 68.84 63.21
53.94 48.98 50.84 51.97 50.47
45.2 47.84 52.07 50.44 50
50.11 49.19 50.68 44 41.11
45.18 44.06 49.84 48.43 50.54
58.45 62.96 68.33 67.65 66.82
68.99 75.17 80.01 82.59 86.35
85.24 84.54 85.79 86.73 87.48
87.32 87.58 87.31 87.97 85.94
85.6 85.76 84.25 82.28 77.94
72.25 73.35 68.42 74.53 80.14
75.48 71.06 79.39 82.39 73.83
70.47 77.6 69.71 72.27 70.05
67.5 83.4 89.23 94.07 96.23
97.11 96.62 97.77 98.09 98.3
98.28 98.39 98.46 98.43 98.39
98 97.98 97.87 97.65 96.56
96.54 96.99 96.21 94.39 94.94
91.95 93.65 91.24 88.3 91.31
89.81 88.6 89.9 88.1 91.66
93.4 90.65 92.26 94.6 95.8
97.07 96.31 96.27 94.23 92.67
91.51 93.96 93.24 93.66 95.9
96.14 97.7 97.61 97.74 98.11
98.18 97.85 98.04 98 97.3
96.34 92.86 93.42 95.15 93.49
95.26 96.68 96.08 95.11 96.4
97.11 94.84 95.19 96.8 95.35
92.27 93.72 95.09 94.06 91.37
91.62 93.06 88.91 84.76 84.6
85.96 91.19 89.48 89.59 94
95.55 94.45 96.27 98.2 97.85
97.63 98.35 98.48 98.29 98.21
97.93 98.01 97.91 97.83 96.87
96.06 95.86 95.4 93.54 92.83
90.1 92.07 93.94 95.87 96.53
96.82 97.41 97.52 97.71 98.14
97.91 98.05 98.09 97.3 96.17
96.53 94.39 92.17 92.17 89.96
86.57 86.13 86.03 79.92 77.58
80.74 75.72 71.04 74.87 66.24
65.15 67.82 74.71 81.58 85.14
85.71 83.67 88.78 91.19 89.69
91.42 93.89 94.59 93.61 94.75
95.43 94.63 94.03 95.57 95.41
92.97 93.21 94.58 93.26 90.4
89.97 89.61 88.48 80 73.05
67.98 67.21 67.9 69.38 73.97
79.47 87.08 89.74 93.84 95.16
97.1 97.33 97.81 97.49 97.36
97.96 97.68 96.84 97.33 96.35
93.43 92.92 89.39 86.46 83.48
84.36 82.32 78.27 68.91 64.72
57 49.24 53.13 55.67 61.22
61.82 62.5 72.23 81.06 83.88
84.03 88.35 90.99 90.54 89.94
93.85 94.14 94.6 95.35 96.82
96.72 96.31 97.05 97.18 96.6
95.4 95.64 95.35 93.94 93.22
93.83 91.7 88.88 89.09 90.88
91.21 88.91 86.78 82.5 83.2
76.61 78.39 76.1 71.04
