28.91 26.62 25.57 29.43 33.05
33.4 37.9 55.5 67.61 67.12
68.53 80.48 85.1 81.64 77.28
87.35 87.82 83.55 81.99 79.21
72.45 71.47 71.7 80.1 86.65
83.14 82.21 90.37 89.27 81.49
80.3 82.56 72.78 66.59 61.38
51.46 51.8 50.32 50.67 46.11
54.63 65.47 75.71 74.18 74.59
70.59 72.66 81.61 73.8 71.21
79.36 82.73 83.16 81.49 82.92
91.64 86.88 76.48 85.76 87.2
83.26 79.7 79.31 81.53 78.12
76.69 77.66 80.11 85.78 88
84.61 86.46 90.3 89.08 83.54
87.31 89.18 82.46 79.29 83.33
78.16 80.79 73.4 69.82 81.48
82.55 71.55 74.64 76.35 74.52
63.33 66.67 61.72 46.26 43.28
45.16 30.35 24.75 27.75 25.02
22.76 21.97 30.52 21.37 23.47
21.08 21.52 23.63 21.08 25.94
20.42 22.82 20.54 24.94 22.39
23.3 25.82 24.3 30.47 32.67
36.95 42.51 51.72 71.68 74.84
80.57 84 83 86.45 88.56
86.69 87.24 89.47 91.53 85.83
84.51 88.45 90.38 84.31 77.91
67.46 64.28 60.71 52.69 48.86
41.18 36.22 41.89 63.09 72.07
80.28 85.06 86.54 86.24 85.66
84.4 89.99 91.71 90.96 90.77
87.31 88.75 84.33 79.56 70.21
61.94 53.6 49.67 40.22 40.02
43.72 42.48 40.76 42.64 47.3
44.22 44.18 43.42 39.54 46.04
39.17 40.88 41.43 38.6 38.64
41.64 40.2 34.72 41.13 41.91
55.91 73.2 81.57 87.41 90.51
91.44 90.71 91.23 91.97 92.59
90.64 87.62 83.05 77.21 72.72
75.81 79.74 84.72 86.61 90.09
91.67 94.34 94.74 94.52 92.77
88.73 81.41 72.71 67.3 70.28
81.66 86.72 89.27 86.86 88.89
92.68 93.45 92.46 94.57 94.94
94.62 94.33 94.08 95.3 92.61
92.64 90.43 91.83 91.92 92.1
85.92 85.63 89.76 92.91 90.06
90.37 93.25 91.75 90.93 87.93
83.7 80.11 70.87 68.48 66.71
60.18 53 51.33 51.53 61.85
75.26 78.27 83.33 81.45 78.78
79.64 79.18 80.19 76.16 72.2
74.34 76.85 67.38 66.6 58.81
64.2 66.55 71.05 68.17 69.09
71.61 74.73 68.65 76.75 84.39
84.96 88.96 90.86 92.13 94.58
94.24 94.86 92.82 90.61 86.69
85.63 77.85 75.6 72.66 66.44
57.77 57.27 53.97 51.29 56.82
54.89 57.5 63.02 67.77 68.37
74.74 78.4 79.69 79.54 80.18
82.13 82.22 81.68 79.88 74.32
74.12 78.48 83.05 84.17 83.22
87.1 88.51 89.51 87.49 88.66
86.49 84.51 85.41 86.18 88.95
91.26 95.19 96.31 96.59 95.27
92.93 87.4 80.65 72.85 69.71
78.62 82.1 79.86 79.74 86.43
85.38 83.91 84.29 88.59 84.6
85.4 90.39 91.07 89.84 90.71
89.01 89.61 81.28 86.09 87.9
83.34 83.47 86.54 90.4 89.72
91.4 93 92.35 90.91 92.64
90.24 86.72 86.18 80.97 86.63
89.02 86.96 86.96 90.35 89.04
86.24 86.73 88.26 84.78 81.17
80.1 81.25 70.77 69.04 63.51
60.86 70.42 75.08 66.97 71.58
80.35 80.21 78.87 85.65 75.12
74.14 83.34 81.07 71.58 75.65
80.59 73.34 69.3 76.22 75.63
66.61 67.6 72.62 69.73 58.43
57.79 56.15 45.2 50.68 46.62
50.29 49.88 58.05 69 80.25
77.62 85.25 80.28 73.22 75.37
78.2 71.35 67.28 70.84 68.14
62.9 59.52 60.18 55.2 47.9
46.62 42.66 48.02 45.8 41.76
46.22 45.31 46.7 50.94 51.56
54.47 66.19 69.46 76.26 82.49
83.7 87.24 88.38 88.14 88.14
89.63 87.51 82.86 84.82 83.67
76.92 70.01 71.44 67.8 67.02
75.94 76.06 77.35 79.88 82.47
82.76 82.63 84.3 84.81 78.14
78.11 69.3 62.84 52.99 52.86
57.78 56.65 56.57 60.8 63.14
56.51 52.29 48.31 40.24 40.79
33.2 35.17 36.27 53.26 34.78
42.03 53.64 62.4 64.14 71
67.01 71.06 61.75 65.33 69.78
73.66 77.12 82.65 86.44 86.24
87.69 90.45 92.49 89.26 89.37
89.59 88.37 86.34 76.8 64.97
59.79 47.29 48.61 48.61 53.61
55.8 54.89 59.67 69.49 78.53
86.8 85.03 85.53 86.59 86.95
83.75 82.87 81.37 75.24 67.82
58.39 52.14 52.03 63.53 71.95
81.95 81.86 83 88.87 89.9
89.04 91.13 93.54 93.54 92.57
91.77 92.43 90.66 89.02 84.93
84.57 84.97 84.96 79.71 81.16
84.59 79.93 70.6 72.51 74.47
80.13 83.02 84.8 85.63 77.49
86.47 89.36 90.66 91.14 91.2
93.16 93.9 93.27 92.83 93.49
94.44 92.26 89.19 91.1 92.62
89.87 87.31 91.5 94.41 95.03
93.62 90.77 83.94 83.6 90.76
88.71 86.14 91.49 93.25 88.71
92.04 94.6 92.34 91.32 93.11
90.75 92.89 93.01 94.9 95.69
96.09 96.46 96.55 96.17 96.66
96.46 95.82 96.92 97.54 98.2
97.94 96.95 94.54 88.55 78.78
86.09 77.4 74.53 78.29 79.17
85.7 88.95 88.86 90.9 94.45
95 94.22 96.4 96.47 96.16
95.03 94.87 94.85 95.49 96.93
98.08 98.47 98.22 98.05 97.15
92.27 85.82 76.46 61.73 56.77
41.57 36.71 36.82 31.51 35.26
32.2 26.72 29.09 29.79 27.1
26.43 25.98 31.52 26.79 26.47
26.05 26.6 28.66 25.89 24.65
26.68 28.41 36.9 43.11 59.83
73.68 82.13 81.18 88.2 89.17
93.04 95.38 96.56 96.83 97.29
97.43 96.88 96.78 96.88 95.33
94.52 96.18 94.1 96.23 98.05
98.21 98.59 98.43 98.19 97.12
93.87 90.18 90.61 89.18 91.38
86.19 91.09 93.29 94.39 96.63
97.3 97.45 97.74 98.12 97.25
97.21 97.56 97.04 96.19 94.2
94.2 96.39 96 97.97 98.39
98.6 98.58 98.44 97.43 94.95
92.42 92.68 89.64 93.01 91.44
95.63 94.91 95.46 97.61 97.78
98.13 98.23 98.17 97.95 97.75
97.42 96.96 96.45 95.39 94.69
96.79 97.98 98.24 98.76 98.48
98.52 98.21 97.5 93.6 94.1
92.08 95.74 95.51 96.59 96.92
97.25 97.94 97.96 98.03 98.04
98.09 97.31 97.16 97.78 96.91
96.76 94.56 94.79 96.37 96.28
98.02 98.42 98.63 98.58 98.63
98.24 97.78 95.56 96.86 94.8
97.26 93.86 96.52 95.84 96.84
98.12 97.44 97.65 97.88 97.98
96.97 97.92 97.09 94.99 94.4
93.46 92.16 95.63 97.86 98.44
98.72 98.69 98.65 98.52 98.18
95.75 97.31 95.03 97.49 97.33
98.18 97.93 97.88 98.34 98.26
98.05 98.07 98.24 97.1 96.97
97.81 97.06 95.89 93.36 93.13
96.41 96.59 98.33 98.62 98.85
98.79 98.76 98.38 97.11 94.87
96.8 95.96 98.02 97.38 97.37
96.28 96.77 98.06 96.04 97.05
98.04 97.83 96.66 97.82 97.46
95.75 96.06 97.01 95.68 97.11
98.32 98.67 98.82 98.73 98.7
98.52 97.47 95.3 96.27 95.08
97.73 97.26 98.21 97.71 97.94
98.29 98.38 97.82 97.9 98.1
96.58 96.79 97.85 96.76 96.44
94.31 93.69 97.09 97.51 98.42
98.61 98.83 98.76 98.73 98.37
94.29 92.92 95.22 94.24 97.05
95.51 96.47 96.75 97.78 98.3
96.84 97.17 98.38 98.18 97.79
98.11 97.73 96.92 95.74 96.31
94.63 97.31 98.25 98.56 98.79
98.72 98.61 98.49 96.94 93.6
94.56 93.66 97.17 96.45 97.62
97.24 97.55 98.13 97.79 97.66
97.78 97.36 96.41 96.97 97.77
96.82 96.68 95.21 94.09 96.93
97.27 98.34 98.48 98.7 98.66
98.49 98.12 96.35 95.22 96.4
94.86 97.23 95.75 95.09 94.82
96.23 96.9 94.4 94.21 96.95
96.25 94.36 96.21 95.94 93.66
94.97 96.11 94.3 96.88 97.77
97.59 98.43 98.28 98.11 97.35
93.74 91.72 94.24 93.63 95.75
93.11 96.41 94.55 95.76 97.23
96.09 95.59 96.34 95.21 94.92
94.8 95 92.87 92.34 86.58
87.45 92.87 94.08 95.94 95.25
97.26 96.89 96.54 94.36 90.16
84.83 85.94 86.53 92.3 94.43
93.27 94.09 96.25 95.28 94.35
94.65 95.62 93.44 94.18 93.93
92.41 92.01 92.76 92.55 88.71
90.5 93.17 94.23 92.52 87.74
82.78
