35.91 40.71 45.65 52.2 56.2
68.41 85.94 89.61 89.7 93.21
94.29 95.8 95.2 96.85 95.28
95.78 94.41 94.56 93.52 91.88
92.06 95.12 94.74 94.48 93.21
94.53 96.36 95.54 94.16 95.9
96.58 94.2 91.52 90.58 85.55
82.62 79.54 72.22 71.97 66.32
75.86 80.55 74.21 67.36 71.6
81.69 87.59 89.88 92.14 94.2
95.06 95.02 95.77 94.57 94.12
90.12 90.38 91.67 94.2 95.34
95.69 96.89 95.39 95.74 93.61
90.07 82.89 79.61 72.19 72.54
59.09 63.66 65.34 64.29 64.31
62.53 71.1 76.62 81.41 85.92
88.93 87.53 88.33 93.44 95.22
96.87 96.68 98.18 97.53 98.28
98.43 98.37 98.68 98.44 98.22
98.43 97.81 97.37 98.49 98.07
96.28 97.12 96.54 93.99 93.99
95.96 95.13 92.2 93.35 94.77
93.48 91.54 91.53 87.74 89.18
90.09 94.49 97.23 98.14 98.67
98.79 98.79 98.76 98.59 97.94
98.07 97.93 97.66 97.6 98.01
98.08 98.58 98.41 98.48 98.35
98.52 98.46 98.2 98.54 98.65
98.61 98.69 98.64 98.31 98.21
97.84 97.03 98.37 98.36 98.63
98.54 98.69 98.58 98.2 96.93
96.5 96.72 96.91 98.23 98.11
98.15 97.37 98.15 98.08 98.2
97.89 97.82 97.86 97.5 97.45
96.71 95.64 94.99 94.39 92.76
90.77 90.48 90.78 84.3 81.24
79.65 75.92 76.37 72.95 73.29
68.38 76.48 80.51 82.68 86.68
87.62 86.3 78.47 61.88 57.88
51.55 42.61 42.85 35.49 36.77
37.94 39.96 38.12 36.55 37.35
39.66 39 39.82 40.86 43.64
42.41 37.84 36.84 40.53 54.79
