34.65 43.67 50.68 56.24 62.66
69.32 80.39 80.2 84.99 85.53
86.45 82.91 80.41 76.54 81.61
85.53 86.52 85.22 85.45 84.7
85.03 88.21 88.15 88.49 89.43
90 89.4 89.84 90.42 90.76
89.31 88.85 88.6 89.08 86.31
88.91 87.8 86.95 89.94 89.28
89.27 87.51 83.31 84.88 83.98
84.14 86.15 88.36 89.49 89.61
88.13 82.94 84.54 86.23 84.75
86.02 82.49 84.23 84.25 88.25
87.41 85.84 87.34 89.2 87.87
83.53 83.91 81.95 84.76 86.84
84.01 84.83 80.5 77.48 74.66
68.91 66.92 68.94 77.42 73.67
78.05 84.2 88.4 90.62 91.94
90.22 86.09 83.25 82.35 83.29
85.26 88.2 90.02 93.5 91.91
92.61 94.34 94.93 93.06 94.19
93.99 93.51 93.94 95.17 96.9
97.59 97.24 96.55 93.84 91.72
88.86 88.22 85.94 90.23 90.78
92.33 89.95 91.99 94.59 94.27
93.04 93.73 93.64 92.24 89.21
89.22 90.37 91.13 92.5 92.34
90.24 86.31 88.04 85.24 86.16
89.2 88.51 89.63 90.9 90.08
90.14 89.93 90.37 90.05 90.57
88.74 88.88 88.23 86.59 87.77
88.07 90.73 90.23 89.64 92.05
92.19 89.88 88.86 88.63 86.64
88.15 82.82 83.34 87.9 92.47
93.48 94.18 93.15 92.99 83.47
82.17 80.08 79.43 77.69 80.29
83.37 81.55 82.29 80.79 79.78
82.56 87.6 90.8 88.89 89.18
90.17 90.64 91.9 92.05 90.93
90.97 91.64 92.16 88.21 88.3
89.19 90.16 92.21 93.18 93.75
93.13 93.49 93.04 93.73 90.14
90.77 89.23 86.31 86.09 86.64
87.47 87.59 89.26 88.95 86.83
86.62 84.76 84.12 83.34 86.99
89.6 91.43 92.01 93.67 93.78
93.67 94.71 94.51 93.42 94.32
94.28 93.81 94.23 92.63 93.6
94.63 95.99 96.81 96.43 95.65
92.71 91.41 92.75 89.79 85.76
83.59 90.35 89.71 89.93 89.98
92.36 93.06 90.97 92.84 94.56
93.41 91.97 94.58 95.21 93.8
92.77 93.64 94.57 93.5 92.25
91.35 94.41 95.99 97.17 97.26
96.57 95.04 92.84 90.36 91.2
91.33 89.8 91.9 93.42 91.59
90.64 91.87 94.27 94.86 96.48
96.32 95.85 93.87 93.51 90.77
88.1 84.66 83.68 81.53 83.97
89.88 91.97 91.75 93.46 92.14
91.42 93.77 94.88 94.04 91.87
89.58 91.15 91.87 90.94 89.06
89.75 89.22 86.93 86.28 85.57
86.99 86.08 81.75 80.95 77.92
76.64 81.2 81.84 82.17 82.04
73.8 77.46 78.55 72.84 69.19
68.17 59.8 53.43 47.48 40.5
34.27 37.56 38.39 41.88 38.56
43.6 49.9 47.56 56.97 60.36
70.41 79.96 86.68 87.31 89.68
90.4 91.77 92.69 92.9 91.49
91.36 86.52 86.85 85.6 89.33
93.03 94.08 94.47 94.29 94.61
92.72 92 90.65 90.27 87.21
83.54 86.25 90.3 93.93 94.31
95.58 95.32 92.9 91.23 90.11
88.25 85.25 89.16 89.46 92.19
90.95 91.09 92.51 91.52 90.09
89.07 88.29 87.07 84.59 84.44
86.37 87.02 87.4 89.06 85.15
76.15 70.71 70.87 74.3 70.49
71.83 79.85 87.7 91.12 93.79
93.51 94.23 89.95 84.6 79.92
79.79 76.13 74.39 75.29 74.12
79.72 85.81 89.46 89.06 90.71
90.26 90.7 90.99 90.75 89.73
89.38 89.9 86.95 86.93 87.14
85.17 86.02 91.06 91.12 89.8
92.15 92.11 91.14 90.63 93.44
93 91.82 91.06 92.78 90.36
91.65 87.72 84.88 87.66 87.93
86.23 85.81 87.68 87.59 85.98
85.71 86 84.3 83.43 87.15
90.16 91.32 91.96 94.06 93.61
93.81 94.96 94.74 93.89 94.38
94.81 93.24 92.06 89.93 91.44
90.26 92.81 95.89 95.67 95.84
93.62 91.26 92.64 89.63 85.65
83.59 89.91 89.14 87.11 87.13
90.15 91.15 87.51 89.38 92.72
91.31 89.75 92.48 93.62 91.51
89.65 91.9 91.05 87.78 87.86
87.59 89.13 90.76 92.52 94.95
95.95 96.37 94.68 92.24 89.81
89.43 87.5 85.61 88.09 89.67
86.81 86.14 89.31 89.41 89.53
92.88 94.23 95.62 95.22 94.71
91.77 89.59 87.62 85.2 83.66
87.75 91.12 94.65 94.76 94.72
95.25 93.54 93.92 92.59 91.24
88.43 87.75 89.76 90.1 89.9
90.54 91.23 91.75 90.65 89.92
87.87 86.97 87.25 87.77 89.39
88.74 86.33 81.97 81.63 77.38
77.53 76.11 78.13 84.83 83.79
86.51 87.87 86.77 83.69 81.42
83.08 86.58 87.61 86.09 87.84
89.15 89.16 89.6 89.83 89.6
88.41 86.62 86.69 88.01 83.97
72.7 61.54 55.39 44.09
