41.4 55.19 67.58 83.36 85.11
86.79 86.99 92.29 92.44 93.84
94.26 93.33 95.17 96.12 94.69
94.62 95.98 95.65 95.59 96.53
97.51 97.51 97.18 97.67 97.98
98.24 97.16 98.21 98.38 96.78
96.39 97.49 98.43 98.37 98.03
98.35 98.43 97.66 98.3 98.3
98.52 98.19 98.25 97.92 97.85
97.83 97.21 95.71 95.01 95.89
96.86 95.02 93.33 95.91 95.52
93.64 93.69 94.3 93.58 88.64
80.34 80.23 77.64 80.31 78.61
80.53 77.33 75.48 70.76 68.93
66.55 62.8 50.19 45.5 43.29
42.76 43.53 38.94 39.23 37.47
35.65 38.08 33.29 36.79 28.41
33.43 38.54 33.4 46.69 38.66
43.64 40.46 46 45.92 50.47
52.05 57.94 59.09 67.18 64.59
65.83 66.37 67.49 71.5 71.65
77.33 80.36 82.83 84.96 89.55
93.75 95.97 95.22 95.76 98.02
97.82 97.22 98.05 98.42 98.17
97.86 98.4 98.33 98.49 98.6
98.77 98.55 98.62 98.75 98.71
98.45 98.53 98.64 98.45 98.53
98.66 98.39 98.42 98.43 98.38
98.04 96.93 96.7 96.26 94.8
93.4 91.06 89.51 87.07 89.49
89.8 93.53 94.92 96.79 97.46
97.26 97.96 98.27 98.21 98.3
98.42 98.69 98.64 98.57 98.73
98.63 98.69 98.73 98.28 98.53
98.46 98.52 98.35 98.59 98.63
98.29 98.05 98.36 98.42 98.15
98.4 98.51 98.1 98.11 98.13
97.27 95.32 95.7 95.3 92.72
90.99 92.1 91.31 88.04 87.97
90 87.72 88.84 91.43 92.81
96.51 95.17 93.39 95.52 96.98
96.77 96.21 97.37 97.8 97.99
97.78 98.04 98.43 98.42 98
98.26 98.58 97.88 98.26 98.72
98.51 98.43 98.64 98.78 98.57
98.55 98.58 98.62 97.87 98.1
98.46 97.92 98.13 97.94 98.38
97.21 97.99 97.61 97.62 96.37
96.56 97.28 96.41 94.64 93.41
90.87 78.3 67.14 55.99 52.97
48.78 47.75 43.76 44.74
