43.06 44.69 38.58 46.35 43.33
47.72 44.44 41.56 39.6 42.01
42.65 41.29 44.4 49.62 51.09
54.54 56.08 56.11 55.96 65.24
75.72 89.24 92.91 94.91 96.85
97.9 98.42 98.74 98.75 98.8
98.74 98.28 98.11 98.54 98.36
98.67 98.1 98.19 98.39 98.09
96.24 97.28 97.14 95.44 94.09
93.39 94.04 94.55 93.51 92.61
94.13 92.84 93.81 94.62 93.55
92.85 90.85 95.07 94.87 94.74
94.75 94.61 91.76 90.35 89.73
87.98 86.27 83.72 86.82 90.47
93.69 95.27 96.55 97.18 97.9
98.31 98.22 98.33 97.86 97.55
97.23 96.6 97.21 97.37 97.26
96.34 95.63 98.08 97.54 96.42
96.99 97.75 95.9 93.83 96.54
96.29 97.61 98.44 98.78 98.84
98.92 98.94 98.87 98.89 98.73
98.64 98.61 98.42 98.8 98.84
98.51 98.69 98.82 98.17 98.07
98.29 98.65 97.98 97.87 98.39
98.14 96.72 97.39 97.34 94.93
93.92 92.18 95.22 95.98 97.7
98.47 98.84 98.92 98.92 98.89
98.62 98.73 98.54 98.56 98.42
98.16 98.32 98.31 98.16 98.23
98.44 98.24 97.83 98.21 97.52
97.5 96.68 97.28 98.05 98.25
98.73 98.82 98.77 98.78 98.72
98.71 98.82 98.79 98.72 98.73
98.72 98.42 98.22 97.81 97.34
98 96.66 97.57 98.69 98.66
98.8 98.65 98.55 98.18 97.38
96.7 95.97 95.54 96.62 97.82
98.25 97.03 97.43 98.15 97.12
96.3 96.4 96.38 95.04 93.86
91.89 89.79 86.76 80.68 65.6
54.93 46.61 42.69 43.45 47.79
38.43 39.38 36.29 45.65 40.13
44.48 37.05 38.22 42.28 37.04
35.41 40.35 38.48 36.59 36.77
40.14 41.46 41.93 46.56 40.83
45.37 44.18 48.38 42.71 43.68
46.65 44.87 45.31 42.79 43.23
40.31 40.13 32.07 38.44 37.66
31.37 37.92 34.75 42.66
