38.27 39.09 44.63 54.65 55.32
66.33 79.93 87.98 90.92 91.72
93.37 93.57 95.63 95.57 96.26
96.56 96.45 95.9 94.1 94.83
93.53 95.05 95.95 95.87 95.24
96.06 96.54 94.4 94.84 94.76
94.85 93.02 92.46 92.35 92.66
90.39 87.37 90.05 90.24 91.65
92.43 93.83 93.84 94.31 94.39
92.64 91.65 91.44 91.12 88.57
85.14 80.86 84.06 83.51 78.12
75.26 75.7 77 78.71 86.51
87.49 90.48 91.2 89.76 91.46
93.51 92.26 92.06 93.61 93.39
91.1 93.41 95.14 91.44 93.48
93.41 95.73 95.28 96.27 96.24
95.77 95.63 95.7 96.31 94.65
94.65 94.3 91.64 91.82 92.52
88.95 85.96 86.3 88.19 84.66
88.68 86.12 87.97 88.13 88.35
90.93 92.55 91.01 91.24 93.52
92.2 92.37 94.23 95.93 94.75
94.85 94.25 96.33 96.8 98.04
97.54 97.68 96.46 97.6 97.36
94.91 95.39 95.17 92.4 91.35
92.37 91.01 87.24 87.42 86.79
83.64 80.22 73.14 69.84 70.28
72.41 75.59 75.81 80.29 82.86
82.56 83.72 84.61 90.33 91.46
94.58 92.38 90.03 93.1 93.12
90.52 91.03 93.71 92.11 89.61
92.68 95.42 93.61 95.49 94.83
97.13 95.91 97.56 97.16 97.66
96.36 96.12 95.86 93.98 92.57
92.71 90.51 88.26 87.16 83.17
73.58 74.81 68.22 65.32 70.92
67.52 57.19 61.69 62.93 49.23
45.87 35.94 33.28 36.03 34.47
30.75 29.03 30.91
