44.71 52.54 51.52 54.45 49.2
52.91 58.61 66.96 73.29 80.56
81.08 85.14 88.09 89.42 88.62
89.84 91.81 92.26 92.53 93.67
92.68 91.8 94.44 95.77 95.15
94.44 96.39 97.02 96.72 98.05
97.93 97.51 97.05 96.79 96.05
93.56 91.62 91.73 91.06 86.02
84.87 84.32 78.72 69.63 57.62
51.52 43.46 53.45 50.56 44.27
43.14 47.89 44.83 43.39 44.64
42.73 46.46 52.39 58.1 73.33
79.73 86.28 87.05 87.77 91.6
92.74 93.02 94.66 97.65 97.54
97.13 96.84 97.49 97.19 97.16
96.39 95.18 96.39 95.9 95.17
95.69 95.36 94.71 93.32 94.52
92.85 94.38 94.96 96.85 96.29
96.06 96.76 97.32 96.6 96.65
97.78 97.61 96.55 97.72 98.03
97.26 97.62 97.74 97.09 95.69
96.08 96.97 94.15 94.09 95.24
95.17 92.36 91.16 95.86 95.19
93.26 93.97 94.2 90.18 92.88
93.43 90.25 90.4 93.22 91.57
88.15 90.79 93.22 89.53 87.67
92.44 92.92 89.87 90.1 90.43
87.28 81.82 84.64 81.84 83.99
89.09 88.37 87.89 91.46 94.1
92.67 92.32 96.44 94.38 94.05
94.44 95.12 96.91 97.21 96.77
96.29 96.98 96.25 96.23 96.02
96.98 96.96 96.69 95.92 95.78
95.05 95.43 96.95 96.33 95.18
94.58 90.88 93.23 93.25 93.36
94.32 93.97 94.25 95.72 95.91
96.12 96.9 96.27 94.73 95.27
96.39 94.81 92.02 84.25 78.08
74.56 75.84 72.3 74.42 77.89
76.28 83.51 85.77 88.51 92.16
92.77 94.15 93.4 93.69 94.77
93.11 92.07 91.17 87.84 90.05
90.8 91.63 90.39 89.48 91.29
95.35 95.44 94.62 95.75 96.89
96.89 96.01 95.9 95.62 94.03
93.72 95.12 94.39 93.48 93.62
95.81 96.19 94.12 95.4 96.59
94.5 94.06 96.28 95.99 95.12
96.1 97.03 95.83 96.69 96.51
95.08 96.36 96.62 94.94 95.3
96.58 95.81 94.75 95.62 95.59
94.14 94.51 95.55 93.96 92.91
92.6 93.58 91.63 90.73 89.86
89.97 84.54 77.71
