37.04 34.86 40.9 50.18 57.71
65.63 76.53 80.75 81.75 79.86
72.72 75.27 71.2 79 80.71
81.41 86.88 87.46 88.68 89.07
88.51 88.84 90.39 88.81 89.18
89.35 88.38 87.33 88.31 86.78
84.06 84.15 80.01 73.73 77.96
75.64 79.53 84.19 84.2 85.24
84.31 84.97 88.83 89.38 90.66
90.16 90.83 92.24 92.1 92.31
91.42 89.07 82.73 74.48 71.3
75.82 84.96 91.74 92.96 94.14
94.02 94.05 94.83 93.22 93.53
92.39 92.49 92.58 92.79 92.6
92.94 92.69 92.75 92.11 91.55
91.21 91.22 90.74 91.42 92.45
90.3 91.45 91.78 90.96 91.59
90.61 89.29 84.66 85.85 90.9
92.69 93.53 93.34 94.86 95.07
95.2 93.43 94.18 91.94 92.79
90.07 87.32 84.82 82.09 81.26
78.9 77.92 73.54 69.52 69.05
67.56 69.53 77.24 83.53 84.71
87.75 92.72 92.36 93.57 92.69
94.5 92.85 92.87 95 96.02
95.66 94.55 95.48 95.59 94.62
93.92 94.58 93.36 92.48 91.52
90.25 91.29 90.97 92.78 92.7
92.57 93.84 94.24 94.64 93.97
94.83 92.82 94.72 93.67 90.8
91.42 92.97 93.57 95.05 94.74
94.78 93.78 92.88 91.24 89.07
88.4 85.75 88.37 87.98 86.14
88.12 88.24 88.03 88.93 91.22
90.53 91.34 93.02 93.05 92.67
93.28 94.56 93.67 92.61 92.83
92.65 92.33 92.64 93.31 94.08
94.23 93.65 92.07 90.9 86.17
79.65 73.72 61.8 55.53
