55.77 80.81 76.87 84.57 87.16
92.02 93.81 94.12 93.74 94.41
95.45 95.31 95.25 95.98 95.76
96.13 95.88 94.16 93.8 94.75
92.81 95.03 94.24 95.52 96.46
95.37 94.85 90.86 93.11 90.72
92.04 93.08 94.32 94.83 94.98
95.46 95.58 95.51 95.51 95.38
95.41 95.12 94.81 93.82 93.15
93.51 94.86 94.11 95.1 95.58
95.63 95.06 93.61 90.22 90.43
88.74 88 85.72 91.08 94.79
95.93 96.1 96.02 95.87 95.46
91.8 91.21 91.87 93.89 92.72
94.85 95.62 95.61 95.93 94.65
90.76 93.55 93.52 94.41 94.83
93.4 92.67 90.53 92.2 92.56
91.3 91.15 93.74 93.69 92.8
93.36 92.92 92.83 93.44 93.62
92.1 87.83 88.52 90.58 93.78
95.63 95.44 96.06 95.61 95.61
94.64 91.89 90.85 93.53 95.63
94.95 94.4 92.96 92.61 93.07
93.89 92.45 93.36 93.74 92.62
92.91 91.17 94.44 95.49 95.12
95.06 95.76 95.94 95.71 94.52
