58.77 78.2 88.21 90.85 91.56
89.93 91.75 90.88 93.06 90.54
92.06 92.93 93.37 94.31 95.57
94.4 93.76 95.31 92.78 92.64
91.74 91.1 92.59 92.88 93.94
93.14 91.7 92.9 93.91 94.51
95.42 95.02 95.9 96.38 96.02
95.55 96.96 96.39 96.36 96.64
96.07 95.09 95.5 93.35 95.4
94.92 96.29 96.32 96.34 97.2
96.55 97.25 97.26 96.05 96.2
96.8 94.74 93.67 92.86 93.78
93.23 94.92 95.52 95.47 94.1
94.1 94.34 94.28 95.42 96.44
96.42 96.09 96.16 96.44 96.62
95.3 94.64 93.71 93.86 93.86
91.85 91.73 89.69 92.4 95.35
95.25 95.41 94.9 95.18 95.68
95.98 95.75 95.58 96.1 96.51
96.03 95.37 95.82 94.75 94.13
96.26 95.77 94.05 95.98 96.45
94.48 96.99 97.1 96.85 96.9
96.84 96.71 96.81 96.49 96.77
96.66 96.93 95.87 96.07 96.63
96.57 96.17 96.55 96.8 96.22
95.86 96.79 97.28 97.11 96.09
96.78 95.79 94.18 93.46 93.34
93.71 94.24 93.98 93.9 92.77
92.61 92.32 87.95 88.63 89.21
87.93 82.85 87.54 84.14 81.24
73.48
