93.57 97.01 96.95 97.64 97.18
97.2 96.88 96.48 95 95.16
94.31 96.14 96.13 95.46 96.85
95.46 95.13 94.67 92.86 93.38
90.62 92.7 93.68 94.21 93.61
94.43 95.95 95.44 94.77 96.58
96.88 96.28 96.3 97.02 97.24
96.25 96.31 95.18 94.26 92.08
92.1 91.35 91.21 92.08 93.92
95.33 95.02 96.88 97.02 97.52
98.02 97.89 97.85 97.26 97.51
97.75 96.35 95.94 95.88 96.14
97.39 97.85 97.85 97.19 96.81
95.4 96.38 96.21 96.16 95.45
95 96.58 97.25 97.66 97.35
97.9 97.68 97.31 97.64 96.26
97.1 95.62 96.16 96.83 96.3
97.17 96.49 96.76 97.25 95.78
96.4 97.53 97.72 97.95 97.72
97.92 97.65 97.82 97.35 97.24
97.4 97.37 95.53 95.22 94.97
95.87 96.21 97.54 97.73 97.93
97.72 97.97 97.12 96.32 96.16
95.41 94.05 92.84 93.66 93.1
93 93.37 91.55 93.4 93.61
91.91 93.84 94.53 93.95 94.42
93.63 92.16 94.33 94.46 97.19
97.5 97.62 97.04 96.93 97.42
97.15 96.39 97.32 96.39 96.33
96.47 96 95.41 92.74 93.47
94.94 95.26 95.71 94.79 94.81
95.83 95.12 94.75 95.29 94.2
94.74 93.51 92.39 92.53 91.6
91.79 93.48 93.51 95.14 95.03
95.25 95.38 95.3 97.07 96.86
96.97 96.81 95.79 95.85 95.26
95.75 97.09 97.34 96.95 97.52
98.26 98.39 98.41 98.43 98.37
98.49 98.38 98.35 98.49 98.51
98.39 98.07 98.27 98.15 98.23
98.23 97.85 98.22 97.73 97.63
97.83 97.73 97.59 97.3 97.42
97.18 96.84 97.32 96.81 97.09
96.43 96.21 96.9 95.74 96.04
96.51 95.35 95.77 94.15 94.17
93.25 93.25 92.21 91.63 91.75
89.71 88.45 86.2 85.44 81.96
77.54 73.08 73.66 68.1 67.26
64.7 63.01 60.56 60.31 58.57
59.15 57.83 54.75 41.04
