38.09 40.79 44.41 52.75 54.54
65.59 79.87 86.76 90.48 91.34
93.11 93.12 95.11 94.98 96.14
96.63 96.37 95.66 94.21 95.22
94.25 95.01 95.62 95.31 94.99
95.75 96.36 94.22 94.63 94.62
94.41 92.87 91.9 91.47 91.88
89.28 84.93 88.14 88.48 90.62
91.74 93.64 93.12 94.21 93.9
92.4 91.14 91.31 91.18 87.54
84.82 82.98 84.81 81.88 77.28
76.24 77.08 79.38 82.19 88.08
88.01 91.19 91.55 90.69 91.72
93.74 92.44 91.18 93.72 93.44
90.44 92.79 94.51 90.92 92.85
92.8 95.58 95.16 96.14 95.8
95.17 95.04 95.32 95.89 94.07
94.65 94.57 91.86 91.59 93.39
90.03 85.99 87.74 90.37 87.44
89.57 86.35 89.18 89.87 88.28
89.35 91.61 90.04 89.91 92.85
92.26 92.16 93.5 95.07 94.36
93.87 93.21 95.65 95.84 96.89
96.54 97.41 96.39 97.2 96.83
93.96 94.08 94.81 92.18 89.23
90.46 90.51 85.44 84.28 86.67
84.52 78.81 75.18 69.65 65.78
68.87 67.63 66.84 67.38 65.33
70.11 69.41 75.76 78.64 82.92
87.25 87.97 92.52 90.98 88.26
91.97 92.65 89.36 89.94 93.68
91.83 89.26 92.1 94.32 90.59
94.11 93.52 96.38 94.94 96.91
96.1 96.64 94.2 94.51 94.83
92.77 91.13 92.2 90.13 87.11
86.01 85.27 78.13 75.78 69.57
69.31 69.21 63.68 58.73 62.22
59.37 48.58 40.25 42.84 29.47
30.63
