41.5 41.87 47.06 53.58 53.04
58.69 54.29 59.47 60.9 55.68
64 65.57 73.78 82.54 86.87
90.46 90.5 89.43 89.14 90.29
91.79 88.2 88.28 91.03 91.39
89.95 91.1 89.87 91.93 87.57
90.01 92.02 91.16 91.06 91.6
91.91 91.87 93.83 94.25 94.68
93.56 93.66 93.59 92.6 91.5
91.43 91.32 88.23 88.59 90.15
93.19 93.98 93.5 93.48 95.14
94.72 94.14 95.09 95.3 93.79
92.99 94.11 92.46 89.34 89.72
90.66 86.05 84.79 76.66 76.8
84.45 85.46 90.81 91.51 94.05
95.4 95.98 95.89 95.94 94.82
94.69 94.16 94.67 95.06 95.11
93.4 93.54 92.33 93.16 92.25
90.36 93.49 94.78 95.91 96.69
97.07 97.44 94.91 93.81 92.99
95.11 96.38 94.7 95.42 94.7
94.48 94.67 93.03 92.6 92.26
94.65 93.36 92.8 96.12 95.93
95.51 94.51 95.19 95.39 94.4
94.34 95.45 92.7 88.19 89.11
86.78 83.68 80.5 81.6 76.68
75.52 72.58 69.53 70.11 74.35
74.44 74.35 74.72 73.65 71.98
76.94 75.79 73.65 67.76 59.97
