63.98 86.96 95 96.01 96.01
95.17 94.81 95.88 96.4 96.49
95.06 94.08 89.27 94.81 96.21
96.68 97.1 97.23 96.92 96.54
96.61 97.38 97.51 97.35 95.35
96.32 97.14 97.21 97.15 96.3
94.71 94.61 95.23 96.18 95.64
95.48 95.05 96.06 96.67 96.62
96.96 97.06 97.56 98.15 98.29
98.02 97.94 97.84 97.95 98.23
97.68 97.31 95.83 96.72 95.94
97.49 98.15 98.16 98.19 98.18
98.14 98.16 97.76 96.62 94.82
91.16 92.83 94.16 95.02 95.82
95.41 95.29 96.5 96.93 97.75
97.66 98.15 97.83 97.87 97.62
95.78 96.7 97.55 97.89 97.38
97.59 97.82 97.52 97.98 97.52
96.94 96.09 96.82 96.98 96.34
96.61 97.24 97.24 96.6 97.86
98.13 97.47 97.61 97.2 95.84
95.71 96.96 97.34 97.17 97.28
97.84 98.08 98.08 98 97.78
97.68 98 96.47 96.09 94.68
95.1 96.53 96.87 94.77 96.57
97.44 97.07 97.57 97.27 97.55
97.13 97.61 98 97.9 98.18
97.94 97.76 97.29 97.59 96.68
93.18 95.42 96.16 96.42 97.56
97.67 97.66 97.51 97.2 97.21
96.03 93.55 92.27 94.07 95.98
95.81 96.97 97.02 97.26 97.22
96.54 97.36 97.7 98.08 98.25
98.15 97.82 98.04 98.49 98.19
96.56 96.78 96.58 96.74 96.25
96.51 96.84 97.54 96.63 97.71
98.17 97.71 98.18 97.58 97.53
98.22 97.92 97.73 97.79 97.13
97.2 97.68 97 96.72 95.93
97.75 97.69 96.78 97.46 97.66
96.35 97.68 96.9 97.44 96.59
95.27 96.8 96.71 96.58 96.01
96.56 94.71 94.87 93.52 95.8
96.31 96.55 96.73 96.55 93.14
93.31 95.97 96.73 96.98 96.79
96.07 96.09 96.66 95.84 96.44
94.67 94.21 93.89 96.29 96.13
95.7 96.52 96.78 95.68 93.87
91.25 90.69 92.3 92.11 91.37
87.77 88.04 82.92 73.79 72.7
70.76 70 62.81 52.29 50.32
37.65 39.63
