34.38 34.79 30.56 38.38 32.83
41.61 42.97 51.85 72.32 86.55
89.05 91.4 90.52 92.09 93.76
94.11 96.13 96 97.41 97.82
97.87 97.31 97.4 97.11 96.19
94.53 93.6 92.79 92.65 92.09
93.81 93.78 95.15 95.22 94.87
95.61 95.64 94.3 94.83 94.56
95.17 93.48 93.45 93.88 93.71
95.23 96.27 97.44 97.33 97.08
96.91 96.37 96.7 96.07 95.53
95.94 94.83 94.66 96.85 93.84
93.6 94.62 94.6 95.47 95.19
95.35 96.95 96.54 97.24 97.43
97.61 97.19 98 97.21 96.92
94.95 95.83 95.16 96.21 95.82
95.33 95.53 95.91 95.15 94.48
95.37 95.46 95.02 95.25 93.95
95.09 94.98 95.32 95.4 94.93
95.19 95.24 95.78 96.68 96.07
95.11 94.99 93.21 97.02 97.37
96.97 96.71 95.91 95.45 94.08
94.19 92.2 92.98 92.05 90.63
87.57 89.54 90.63 91.36 90.8
90.99 90.98 91.13 91.38 94.31
95.52 95.3 94.83 97.56 97.48
98.26 97.73 97.81 96.88 95.32
94.89 93.88 93.84 94.74 94.16
95.44 95.03 94.18 94.35 95.66
95.93 94.1 95.8 94.56 94.33
94.22 93.09 92.47 91.8 93.37
93.8 94.84 95.05 95 94.54
94.07 95.88 95.69 95.23 95.4
95.89 95.59 94.6 94.38 94.43
93.72 91.23 95.14 94.42 93.77
89.65 77.97 66.53
