47.03 48.08 46.83 44 45.16
50.97 46.89 45.19 45.39 41.77
41.39 48.37 44.91 41.18 48.35
46 48.64 54.59 60.9 82.58
88.26 92.09 93.17 93.18 94.36
93.38 93.03 89.5 85.01 83.17
80.3 84.67 89.52 91.38 92.38
91.57 91.12 89.64 89.21 87.94
85.58 87.61 90.03 90.5 89.66
88.43 90.87 89.87 90.24 90.07
89.51 87.42 88.34 86.36 85.09
85.11 85.12 85.04 83.23 82.67
84.77 87.64 90.24 92.28 93.54
93.96 90.99 88.67 90.16 90.32
91.89 90.55 89.15 88.91 91.03
89.94 90.05 89.53 89.89 90.07
89.59 91.26 91.75 90.94 91.5
94.96 93.8 94.54 93.26 91.69
89.4 86.01 78.68 67.21 62.12
56.97 56.53 52.58 48.07 52.23
49.25
