35.54 46.13 52.34 71.53 82.58
83.88 83.63 89.82 89.32 92.64
93.34 94.58 94.59 93.12 91.87
88.74 87.91 91.99 91.29 91.91
89.83 90.03 92.09 91.11 88.23
89.36 89.24 86.53 84.62 82.95
83.51 78.13 72.17 77.27 78.54
79.82 80.8 80.64 80.56 81.47
82.67 80.66 78.27 80.49 78.58
74.57 77.86 78.93 70.33 70.81
68.29 60.43 62.58 68.3 76.4
79.32 74.38 78.5 75.37 75.98
77.06 74.71 74.38 74.75 72.78
77.03 76.22 75.78 75.44 74.68
75.72 70.8 66.06 70.91 74.81
75.64 77.83 83.52 82.29 85.31
86.17 86.64 84.9 85.99 88.29
86.89 88.78 86.99 89.59 87.52
86.19 82.4 79.54 76.4 79.03
74.08 72.95 74.66 74 72.88
74.89 76.58 75.79 74.5 77.11
81.44 75.03 74.78 86.79 88.99
93.82 95.92 97.33 97.49 97.42
97.31 96.68 96.92 92.86 88.7
90.85 92.55 94.69 94.84 92.96
91.62 92.13 89.57 82.03 81.62
86.17 87.58 90.85 88.75 85.9
88.36 91.15 87.73 85.99 89.4
88.78 82.36 82.21 83.29 89.17
87.84 93.75 96.69 97.76 98.22
98.01 98.15 97.63 96.29 97.28
95.08 93.76 95.18 92.12 94.42
95.5 96.34 96.56 97.34 97.08
97.22 97.89 97.49 96.6 97.1
97.32 97.24 95.93 96.55 96.93
95.71 91.89 94.73 94.67 89.62
88.2 89.02 93.93 94.16 95.78
94.97 94.84 96.66 97.43 98.11
98.26 98.24 97.78 96.07 91.83
89.05 91.34 91.74 95.73 95.57
93.8 91.84 92.68 93.87 94.24
93.6 95.32 95.24 94.01 96.14
96.91 94.53 94.96 96.44 95.22
94.87 91.91 90.37 83.43 82.04
82.6 91.06 92.28 94.64 95.07
95.83 96.53 95.88 94.47 94.78
95.06 93.94 91.55 90.44 91.83
89.1 84.55 80.85 79.21 82.68
82.8 86.99 87.55 91.07 94.16
96.53 96.82 97.12 96.18 95.46
90.36 90.68 92.03 91.11 89.92
86.09 84.01 84.82 84.42 89.21
94.09 94.87 95.53 93.55 92.62
91.6 93.94 92.47 92.93 94.2
94.96 96.74 95.45 95.19 93.45
94.69 95.99 96.51 96.06 96.79
96.07 94.66 93.41 92.8 94.19
95.29 95.87 95.13 95.98 94.66
94.1 94.87 90.57 84.01 73.82
75.22 84.11 89.81 90.14 93.83
94.07 93.47 92.96 90.51 86.42
88.37 88.62 91.68 94.16 95.74
94.23 94.44 85.78 87.07 92.04
90.94 89.99 90.88 92.61 94.2
94.22 93.09 92.96 96.41 97.39
97.56 96.86 94.05 92.36 89.79
91.18 92.37 93.3 95.59 95.15
95.86 96.27 95.68 97.1 98.11
98.08 96.74 93.25 93.38 89.63
90.69 83.14 77.79 86.18 83.96
90.62 93.45 94.4 96.06 96.16
95.57 95.71 95.91 95.25 94.54
93.55 91.5 91.38 89.67 89.97
92.69 91.71 94.1 95.71 97.18
97.65 97.56 97.31 97.73 97.38
96.39 95.74 95.12 91.73 81.55
72.68 68.98 73.22 73.21 84.66
92.15 92.23 94.17 95.75 94.8
95.66 95.42 95.94 95.72 93.34
89.69 83.86 91.18 89.91 95.61
96.08 97.66 98.21 98.02 97.8
97.12 94.97 94.9 94.48 95.47
96.32 96.56 96.16 94.12 90.5
87.66 90.07 90.48 85.73 85.7
92.43 92.88 91.64 92.85 91.63
92.48 89.34 86.51 79.37 75.3
81.62 85.42 90.25 90.78 90.35
91.21 91.5 96.61 94.2 97.04
97.21 96.3 92.92 89.25 76.19
66.94 65.14 67.75 76.48 84.69
86.15 85.75 85.01 82.25 81.83
85.37 82.73 81.52 81.69 78.05
70.92 55.31
