39.75 43.89 41.2 43.06 48.21
44.84 44.6 40.53 41.6 40.99
42.73 42.98 35.34 33.49 31.3
34.08 34.76 36.51 36.4 33.61
35.39 42.49 34.6 34.33 34.72
35.54 43.12 50.68 51.5 48.97
54.1 53.96 52.32 54.73 55.8
57.88 59.74 65.72 72.63 65.93
68.99 70.82 64.01 60.72 64.65
64.52 58.72 46.95 45.25 40.81
39.29 42.45 37.61 49.94 49.99
47.52 52.01 56.37 57.78 65.36
75.65 84.37 87.81 90.97 92.92
93 94.1 94.04 91.95 91.49
92.91 93.64 91.71 90.91 87.55
82.57 88.51 90.48 91.03 91.7
92.01 90.22 91.15 92.52 89.56
91.06 91.44 92.83 92.69 91.3
92.4 91.5 89.37 89.61 91.93
86.99 87.34 85.43 86.43 83.16
83.22 80.47 76.78 68.09 70.51
68.06 63.68 64.77 71.15 77.02
79.71 85.22 87.11 91.16 92.25
93.01 92.66 91.3 88.6 90.53
90.82 86.44 80.96 74.63 65.29
61.19 63.1 63.47 69.24 75.63
77.55 85.3 83.97 84.81 87.61
88.01 85.68 84.35 78.92 77.74
78.31 71.41 66.84 65.08 62.03
65.01 61.5 64.46 55.63 56.03
52.54 48.72 49.27 51.57 45.96
47.6 46.48 45.65 46.58 47.98
50.39 54.86 59.54 69.95 83.09
87.74 88.95 89.65 89.26 92.52
89.55 93.35 93.87 94.12 94.89
94.73 95.24 95.13 95.23 93.51
90.59 88.48 89.86 91.87 93.13
92.81 93.11 93.13 94.54 95.32
95.01 94.51 93.68 95.24 95.56
95.12 93.89 94.15 93.91 92.43
91.38 92.35 91.57 89.8 88.34
87.55 85.88 77.67 63.72 64.9
65.51 72.58 82.16 87.26 91.51
93.03 94.03 93.51 91.89 85.8
81.58 72.65 78.67 82.49 85.9
89.31 89.12 90.55 90.65 91.72
93.56 94.72 93.32 93.42 93.02
90.84 90.62 90.81 91.67 92.61
92.14 94.15 94.17 95.34 93.59
92.19 90.99 84.73 78 64.63
56.72 52.29 52.18 47.59 48.18
46.15 44.54 42.68 44.66
