68 90.69 97.54 98.35 98.41
98.52 98.71 98.65 98.64 98.67
98.63 98.58 98.44 98.45 98.33
98.1 97.87 97.81 95.59 96.87
97.88 97.44 97.12 98.41 98.74
98.71 98.81 98.87 98.88 98.87
98.86 98.86 98.87 98.77 98.72
98.75 98.67 98.43 98.54 98.7
98.63 98.44 98.57 98.58 98.22
98 98.39 98.64 98.63 98.37
98.43 97.83 98.56 98.67 98.72
98.76 98.75 98.72 98.65 98.75
98.69 98.7 98.59 98.69 98.68
98.65 98.71 98.62 98.64 98.64
98.54 98.5 98.46 98.06 97.95
98.15 98.23 98.2 98.34 98.53
98.53 98.42 98.46 98.53 98.28
98.4 98.47 98.43 97.39 97.25
97.19 97.43 96.59 97.71 97.92
97.85 97.84 98.49 98.58 98.5
98.74 98.81 98.8 98.81 98.85
98.84 98.84 98.79 98.85 98.67
98.67 98.68 98.61 97.64 96.23
97.87 97.6 98.04 98.62 98.71
98.55 98.59 98.71 98.58 98.71
98.75 98.74 98.65 98.76 98.74
98.55 98.45 98.61 98.45 98.09
98.27 98.52 98.25 97.78 97.81
96.46 92.99
