56.17 70.31 74.96 82.52 81.81
87.78 89.53 90.56 90.78 92.53
93.59 92.85 93.07 92.85 91.45
89.31 88.11 84.98 80.94 73.32
70.33 64.55 56.12 47.02 48.78
46.78 41.45 39.91 37.37 36.77
40.91 39.09 33.74 37.98 42.58
36.31 36.09 31.74 44.66 39.93
36.18 39.82 44.21 32.75 40.62
41.55 43.74 40.68 44.15 44.8
46.06 44.81 48.93 45.09 44.21
48.72 47.53 51.84 50.08 55.68
58.58 70.33 76.19 78.28 80.44
83.69 85.36 85.92 82.96 83.33
81.82 83.64 83.99 79.05 81.28
76.6 78.05 85.15 82.73 87.46
82.72 81.4 75.28 67.88
