54.37 57.5 69.29 82.3 84.27
87.06 89.2 90.36 89.51 90.82
89.25 92.74 93.26 94.05 93.98
94.99 93.4 93.33 90.11 89.84
93.53 95.58 96.15 95.21 93.47
95.19 96.22 96.24 97.08 96.95
97.13 96.8 96.31 95.5 94.46
92.85 90.71 89.43 90.73 90.84
90.95 94.28 94.26 95.22 95.26
95.35 95.39 95.23 94.14 94.57
95.35 95.5 94.89 95.64 96
95.5 96.28 95.19 96.33 95.61
95.9 96.58 96.69 96.83 96.55
96.36 96.33 94.75 93.05 93.24
91.91 91.75 93.07 95.49 96.2
96.48 96.84 97.31 96.98 96.34
95.41 95.08 93.58 95.08 95.59
95.86 95.88 95.36 94.47 94.07
92.17 93.42 94.33 95.26 92.84
94.93 95.78 95.19 94.71 94.5
94.5 94.75 94.45 94.17 93.36
94.36 93.98 94.75 92.74 92.31
93.54 93.27 93.13 93.9 94.21
92.57 92.34 92.63 92.17 90.02
87.2 84.12 79.79 83.51 87.14
89.24 89.8 92.3 93.6 93.2
94.09 90.38 92.76 91.31 91.63
90.8 91.55 93.85 93.38 93.64
91.25 90.51 92.86 93.18 94.14
94.37 93.06 93.87 94.05 94.01
92.92 92.26 93.03 93.74 93.62
95.32 94.44 94.29 92.89 93.1
94.68 95.61 94.57 95.29 95.22
94.91 93.11 93.58 93.7 91.37
89.37 80.5 66.69
