43.54 47.1 56.72 55.07 52.88
62.91 63.18 71.99 71.68 70.29
74.75 77.38 76.53 76.07 77.33
76.72 73.13 67.82 66.46 61.7
49.93 49.66 47.46 40.04 48.02
47.91 49.59 53.77 57.18 75.05
76.61 70.55 76.37 83.08 83.86
85.69 87.69 80.76 78.19 71.68
69.95 70.05 76.37 83.4 81
83.33 81.15 83.09 81.55 83.08
86.53 83.34 79.97 79.01 83.77
79.36 83.01 80.51 82.12 83.37
86.32 84.34 90.01 79.15 81.41
83.21 81.33 64.81 56.65 49.5
40.65 38.65 42.77 35.38 39.9
37.36 43.68 35.21 35.95 39.23
42.09 43.66 54.9 42.46 41.96
50.3 43.44 39.91 43.8 40.84
45.14 38.58 41.64 40.42 47.14
36.55 37.31 34.9 40.2 46.15
38.2 38.1 39.02 33.74 39.26
37.01 36.51 34.61 34.41 35.52
39.38 43.61 52.64 64.53 75.91
80.67 81.47 81.32 87.36 87.33
85.33 83.56 75.09 68.57 70.37
74.49 79.28 87.31 90.26 89.75
90.12 89.33 85.84 80.05 83.81
91.03 93.23 92.63 91.16 93.38
92.94 89.27 88.21 89.18 88.14
85.81 83.69 83.19 77.06 81.62
87.45 90.11 89.78 88.12 82.79
74.04 76.84 80.72 81.93 83.16
85.49 84.01 85.43 86.29 83.68
77.99 77.22 73.01 73.01 59.75
51.42 45.53 41.15 36.78 34.56
30.85 35.8 40.46 47.73 52.09
60.47 73.43 86.48 91.45 93.96
92.15 89.99 89.82 88.31 86.14
83.9 79.68 75.6 64.27 62.9
58.84 56.79 60.47 62.22 69.71
74.77 80.42 81.32 79.89 80.63
71.65 62.98 57.96 42.11 39.59
44.46 53.55 58.1 65.9 69.63
71.39 73.05 72.17 70.59 76.39
74.82 64.64 62.64 59.52 60.54
60.77 59.07 62.72 69.67 79.96
85.25 88.41 91.58 91.51 91
89.7 85.71 77.13 67.35 58.8
56.85 56.01 55.06 54.69 51.07
51.47 55.28 56.53 65.03 78.8
82.58 85.94 87.2 88.07 88.69
89.91 91.41 90.65 90.41 91.62
91.17 92.21 93.01 92.54 91.01
87.86 83.28 68.67 64.95 66.79
75.5 73.59 82.29 78.3 75.34
74.14 71.22 71.06 75.2 72.66
78.99 79.56 84.75 88.9 87.09
87.32 83.02 75.29 73.15 69.68
81.09 85.04 88.46 88.28 90.13
86.92 85.82 81.79 78.25 64.89
67.45 66.5 78.11 79.78 82.94
87.46 89.84 88.61 86.98 86.32
86.99 85.61 82.7 81.01 81.02
75.75 79.03 79.62 83.01 83.09
85.12 82.67 80.89 79.86 74.34
84.28 87.16 86.52 86.96 84.92
83.03 84.75 82.3 75.09 70.97
57.95 55.18 53.14 55.57 54.97
55.85 58.86 58 54.65 62.92
66.1 76.64 78.58 81.39 85.94
87.14 88.73 91.14 93.59 94.33
94.5 95.48 96.06 95.71 96.56
95.94 95.72 95.86 96.09 95.22
94.64 91.23 93.52 90.56 90.85
88.03 87 83.1 84.15 77.99
72.67 66.1 64.08 62.12 57.39
60.13 55.45 57.01 55.34 53.71
50.73 49.04 48.33 48.87 47.86
41.2 45.79 41.08 42.25 44.42
48.31 48.59 43.7 38.95 47.46
51.49 48.63 46.65 44.65 39.63
38.06 37.15 38.76 39.71 43.77
45.25 41.75 40.62 41.62 37.8
46.25 45.61 49.49 38.72 43.92
43.08 41.36 35.9 38.46 45.12
43.48 51.71 44.65 64.03 67.16
61.28 53.6 39.13 53.64 47.35
40.09 42.87 50.86 55.85 47.02
46.51 40.73 48.28 46.97 46.03
64.9 74.99 68.41 69.39 69.44
57.58 57.61 57.92 52.86 50.16
46.94 41.96 44.42 41.49 41.3
38.96 39.88 39.63 41.29 44.37
48.45 44.49 47.43 42.07 39.68
40.82 38 38.75 38.61 38.49
37.74 36.56 42.71 40.93 45.09
39.38 40.36 40.73 40.32 41.35
41.91 38.94 39.27 39.32 35.12
35.38 35.53 37.35 34.85 35.2
35.79 31.39 44.98 31.04 39.31
34.06 37.3 36.09 37.11 37.2
40.12 40.86 47.56 42.15 39.58
44.65 38.12 40.59 38.87 36.45
38.01 39.26 40.73 41.39 46.95
54.53 39.63 53.57 43.68 42.02
40.94 36.92 41.92 38.52 45.81
38.79 40.14 40.09 39.57 42.97
41.38 38.76 38.85 38.01 41.45
42.09 49.21 43.06 43.15 46.56
44.42 45.83 40.11 49.86 48.23
