43.14 33.51 39.01 38.11 33.59
39.17 30.4 30.35 34.32 29.97
31.56 32.68 32.04 39.29 42.42
50.13 62.01 68.96 77.03 78.44
85.76 85.51 86.69 86.62 87.61
88.03 89.02 90.37 90.16 90.58
89.95 88.79 89.35 89.12 88.97
88.68 88.99 87.75 86.24 85.82
89.16 86.99 85.63 87.69 89.47
90.75 89.27 85.95 87.35 87.85
88.8 87.81 88.55 90.33 88.64
85.69 84.53 84.34 85.82 86.18
84.96 76.63 68.51 60.62 58.82
56.56 49.72 57.9 65.27 77.24
76.54 80.93 80.86 76 79.62
81.83 75.67 71.79 75.92 71.37
67.16 63.72 59.28 69.26 70.37
65.58 71.97 78.9 75.13 70.15
76.53 81.02 76.8 73.06 80.94
80.21 76.4 76.63 73.95 77.91
73.14 66.06 74.12 77.81 69.27
71.31 77.02 77.95 69.17 74.75
80.03 75.3 68.42 77.4 78.82
69.87 63.62 76.59 73.71 62.78
64.51 69.13 63.99 55.2 62.48
57.12 48.75 51.62 55.16 43.01
45 44.59 38.22 42.4 39.52
54.19 71.09 80.07 88.94 89.91
92.21 91.34 90.9 87.82 85.61
87.6 86.95 87.77 85.84 86.87
86.57 86.06 86.82 89.33 91.54
92.4 92.12 90.96 93.05 93.4
93.81 91.56 90.38 83.96 76.31
70.86 79.92 83.9 90.38 89.39
90.54 92.76 94.12 94.83 94.67
92.46 89.94 88.17 83.75 79.93
85.92 85.14 88.52 83.02 85.05
75.93 73.1 75.97 75 66.39
73.09 66.69 76.22 80.8 83.71
86.75 89.44 88.77 88.49 88.01
87.35 83.07 78.53 70.77 65.09
64.36 62.04 64.12 71.06 76.15
73.12 78.75 87.15 86.42 91.58
92.92 92.06 90.17 86.8 79.95
84.32 82.76 83.66 78.33 75.61
79.21 84.79 91.92 93.3 94.15
94.34 94.17 92.72 88.96 89.05
81.58 77.49 83.58 85.79 82.06
73.67 73.74 75.61 67.63 66.61
69.73 67.99 66.37 65.83 62.96
61.91 59.06 59 65.48 68.3
77.74 73.48 77.82 74.16 77.27
76.84 75 73.04 79.8 79.31
74.63 79.37 83.01 78.02 74.59
84.82 84.59 80.59 83.41 86.14
85.15 83.76 84.87 87.62 83.36
83.44 85.84 85.27 82.3 82.52
85.63 83.41 79.45 77.64 78.68
78.12 71.52 72.91 78.52 75.35
71.58 74.08 75.04 72.28 69.66
76.19 73.43 69.81 70.12 69.44
66.13 67.43 65.28 66.88 75.89
72.09 73.2 80.84 82.36 75.59
79.04 83.57 85.22 80.59 82.75
84.15 83.9 83.71 85.65 87.31
85.94 87.68 88.28 89.36 89.66
86.2 84.74 75.94 73.92 76.69
77.84 83.32 85.74 83.26 87.16
89.17 86.77 88.69 92.38 92.5
94.89 95.64 95.59 94.19 91.73
89.95 85.41 83.29 88.29 91.38
89.98 86.44 85.04 88.63 91.35
93.37 95.74 93.46 94.97 96.01
95.88 94.89 92.87 90 90.01
91.73 93.74 93.73 94.06 94.11
92.02 88.55 86.85 85.77 89.02
89.54 88.58 89.08 89.56 92.14
93.4 93.47 91.15 86.58 86.63
89.82 89.66 87.51 88.74 87.6
85.79 83.51 88.09 88.79 90.06
92.75 92.54 92.16 94.74 94.35
94.54 94.68 94.26 93.44 93.29
93.58 91.88 87.82 88.13 87.97
88.26 84.23 82.11 81.53 81.67
85.27 81.22 82.75 84.06 88.5
89.94 90.7 91.86 94.07 95.23
94.13 93.87 95.32 94.19 93.26
93.26 92.43 89.89 89.54 81.4
83.64 86.64 87 87.88 90.22
91.02 90.85 91.53 89.59 89.76
89.48 90.65 85.81 84.39 78.22
76.01 75.1 85.17 89.3 93.47
93.49 94.38 94.42 93.07 92.63
91.25 89.24 84.49 82.09 78.8
73.11 77.84 76.54 83.09 89.45
92.77 95.04 96.24 95.93 95.88
94.63 93.95 94.85 93.26 93.73
94.94 94.48 93.61 94.49 95.27
93.77 95.05 93.51 88.33 87.6
82.24 79.77 87.4 89.06 92.76
93.3 91.19 93.2 92.11 92.38
92.12 93.6 94.44 94.74 95.28
94.8 95.04 95 94.79 93
93.26 92.83 88.04 86.76 87.2
85.55 91.37 90.15 94.36 95.29
97.18 97.2 96.78 95.24 93.62
90.56 89.55 86.67 88.65 91.76
95.24 95.01 96.18 95.25 95.81
97.18 96.91 95.4 94.2 91.49
89.59 89.83 90.32 88.72 85.34
87.06 91.38 90.33 90.76 90.65
92.06 91.14 90.3 91.4 91.18
89.73 87.53 89.29 92.29 92.57
94.61 95.22 95.21 93.89 89.67
84.5 85.36 84.64 88.68 85.66
84.51 88.18 90.96 87.57 89.08
91.31 90.31 87.54 89.93 87.9
87.05 84.37 81.12 74.86 78.59
85.17 91.34 91.75 93.94 93.03
87.83 88.18 90.32 89.91 87.46
89.39 89.22 88.14 83.36 87.25
89.67 90.9 89.03 89.26 90.61
91.69 88.98 89.19 93.45 93.87
94.95 94.9 91.28 88.42 87.21
83.29 80.6 82.71 87.87 90.39
87.33 90.05 93.49 92.85 91.14
92.98 93.87 91.09 89.38 89.78
87.83 91.52 92.54 94.29 94.92
94.9 93.75 88.48 84.82 76.53
70.65 75.92 85 79.57 80.9
87.51 87.22 82.13 86.09 91.18
91.04 92.16 92.23 93.53 89.06
88.55 82.15 81.43 77.74 75.05
71.17 67.47 64.39 73.3 75.8
70 74.19 84.13 86.2 88.74
88.36 91.7 88.86 89.05 89.3
90.56 90.84 91.54 92.15 92.76
90.85 90.91 91.89 92.06 90.98
90.99 90.77 90.39 89.57 89.57
88.54 88.37 90.29 90.18 90.16
90.77 91.04 90.94 92.27 92.52
90.62 90.59 92.19 90.17 86.87
90.7 92.2 89.04 88.1 90.05
90.67 85.78 85.24 88.9 84.86
80.78 83.58 83.34 78.55 79.55
76.95 78.06 82.48 84.7 77.54
72.53 76 85.28 81.84 77.7
85.24 87.43 78.96 76.52 81.96
86.19 86.85 84.95 87.57 90.44
89.6 88.01 90.49 91.07 87.04
86.39 88.27 85.07 82.47 79.77
76.78 77.02 82.41 81.62 81.78
84.56 87.74 87.22 84.79 84.84
79.62 80.19 81.25 82.34 81.93
83.15 86.2 88.16 88.72 89.38
91.64 92.5 92.08 93.12 94.17
94.73 94.2 94.12 95.46 95.56
94.73 94.38 94.55 94.24 93.37
91.26 92.14 91.96 90.28 87.2
88.32 86.48 83.08 72.97 73.28
69.89 73.97 73.42 81.86 80.11
86.54 87.62 87.38 91.74 92.57
92.46 93.14 94.06 94.98 94.68
94.41 95.45 95.77 92.9 94.26
94.74 93.82 92.95 92.8 91.2
91.57 91.1 87.13 82.56 80.74
84.44 84.96 82.26 80.57 80.76
79.5 80.33 77.7 81.71 82.19
86.11 89.3 89.6 91.61 91.55
92.79 92.08 92.58 92.4 93.27
92.32 92.94 93.68 92.58 93.73
93.4 92.9 91.33 92.41 92.96
91.99 88.07 89.08 85.82 87.68
82.61 81.32 83.08 83.33 88.88
89.95 90.28 90.52 91.37 90.62
92.88 91.97 92.45 94.06 95.24
94.26 93.91 94.62 94.78 95.6
94.27 94.47 93.47 92.27 92.9
93.07 91.13 91.41 91.82 90.36
89.68 89.06 88.97 87.12 85.76
85.9 84.81 79.46 78.29 76.34
68.45 65.13 62.67 62.26 54.93
54.19 50.1 49.45 47.6 44.89
45.99 44.78 39.46 38.64
