34.98 39.08 40.6 37.88 42.31
37.93 39.61 38.99 50.49 49.66
58.74 57.32 65.91 66.41 72.65
81.68 94.25 97.16 97.83 98.68
98.84 98.86 98.87 98.89 98.82
98.65 98.86 98.74 98.81 98.72
98.78 98.85 98.87 98.91 98.88
98.92 98.93 98.92 98.91 98.91
98.92 98.89 98.9 98.88 98.9
98.79 98.72 98.77 98.73 98.67
98.5 98.72 98.73 98.84 98.74
98.84 98.86 98.92 98.9 98.77
98.77 98.56 98.24 98.85 98.91
98.88 98.92 98.81 98.58 98.68
98.8 98.76 98.68 98.36 98.54
98.47 98.61 98.63 98.77 98.74
98.73 98.83 98.85 98.85 98.86
98.88 98.85 98.8 98.74 98.81
98.74 98.79 98.59 98.52 97.76
98.1 98.59 98.33 98.65 98.75
98.82 98.72 98.58 98.57 98.77
98.82 98.76 98.79 98.74 98.71
98.6 98.32 97.95 98.35 97.84
98.26 97.12 97.67 97.24 96.85
97.6 97.92 96.55 97.05 97.74
97.21 97.8 97.66 97.83 97.95
97.43 97.78 96.52 96.69 97.36
97.47 98.44 98.81 98.91 98.93
98.95 98.94 98.89 98.64 98.41
98.6 97.88 97.99 98.82 98.88
98.86 98.81 98.91 98.85 98.71
98.84 98.88 98.83 98.77 98.92
98.9 98.77 98.78 98.9 98.8
98.79 98.79 98.8 98.53 98.43
98.16 98.25 98.61 98.44 98.72
98.8 98.76 98.8 98.84 98.9
98.9 98.92 98.92 98.89 98.86
98.7 98.39 98.12 96.82 95.28
95.11 94.4 96.21 97.96 98.07
98.05 98.28 97.79 98.26 98.73
98.42 98.8 98.89 98.89 98.91
98.86 98.89 98.84 98.83 98.46
98.24 98.2 98.52 98.52 98.63
98.54 98.57 98.78 98.72 98.71
98.76 98.82 98.72 98.59 98.64
98.83 98.84 98.6 98.63 98.73
98.7 98.42 98.39 98.3 98.64
98.64 98.2 97.72 97.7 98.4
98.68 98.74 98.79 98.81 98.68
98.23 97.78 98.21 98.32 98.65
98.68 98.58 98.46 98.55 98.62
98.51 98.02 98.43 98.69 98.84
98.84 98.86 98.44 98.59 98.62
98.59 98.8 98.72 98.73 98.85
98.84 98.62 98.35 98.73 98.47
98.59 98.72 98.18 97.65 97.43
98.57 98.81 98.86 98.8 98.88
98.8 98.78 98.54 98.73 98.5
98.69 98.86 98.81 98.87 98.89
98.91 98.92 98.92 98.91 98.9
98.93 98.95 98.92 98.9 98.89
98.87 98.7 98.68 98.51 98.73
98.73 98.73 98.82 98.89 98.93
98.9 98.89 98.81 98.8 98.83
98.32 98.02 97.82 98.48 98.55
98.49 98.58 98.52 98.51 98.8
98.8 98.82 98.85 98.67 98.34
97.75 98.54 98.45 97.96 98.36
98.48 98.65 98.56 98.71 98.76
98.75 98.61 98.67 98.65 98.47
98.31 98.78 98.81 98.66 98.81
98.77 98.58 98.59 98.78 98.86
98.73 98.56 98.63 98.82 98.53
98.82 98.71 98.61 98.65 98.63
98.85 98.73 98.52 98.75 98.71
98.52 98.67 98.54 98.87 98.87
98.55 98.36 97.04 97.74 98.67
98.69 98.85 98.85 98.72 98.69
98.68 98.57 98.54 97.78 94.97
