33.32 39.23 40.28 48.39 48.92
48.52 49.23 50.67 52.24 52.65
52.6 48.59 52.89 49.26 42.88
35.36 34.5 30.13 28.62 26.86
28.33 28.81 27.41 28.16 27.4
31.32 25.83 27.87 33.79 29.51
29.88 33.64 31.66 39.57 32.75
32.61 32.68 32.75 29.67 34.61
29.42 33.46 33.78 34.76 35.34
31.57 37.66 34.38 38.47 43.17
44.81 53.11 60.98 76.6 84.7
85.23 87.17 87.56 86.51 86.47
89.53 90.31 90.61 91.66 93.3
94.29 94 94.13 94.93 95.45
95.17 96.25 96.8 96.01 95.86
95.13 94.14 94.57 93.93 93.26
93.59 92.95 91.34 92.78 91.71
89.64 88.84 88.84 89.23 87.01
86.81 87.89 86.07 80.99 82.64
85.58 83.11 86.52 87.83 86.4
84.21 83.96 86.33 91.17 91.78
89.34 92.43 94.63 92.9 89.84
93.34 92.67 90.12 85.94 88.83
89.11 87.21 86.27 88.94 90.97
88.65 89.65 93.95 94.38 94.38
94.65 96.52 96.51 96.29 96.14
97.25 96.8 96.86 96.18 97.24
96.96 95.9 94.55 94.79 96.67
96.67 94.46 95.78 95.91 93.65
92.38 94.18 94.11 90.7 90.14
91.03 88.53 87.48 82.65 82.91
86.13 87.28 86.37 87.19 89.14
91.32 92.02 93.61 94.23 94.39
95.53 96.88 96.65 96.51 97.48
97.63 97.62 97.64 97.52 96.77
97.32 96.33 95.88 95.68 95.98
94.42 94.57 95.34 93.06 92.58
93.6 93.32 89.82 89.54 89.47
87.37 82.55 84.7 79.09 83.11
85.38 84.63 84.46 89.22 89.4
91.02 90.64 91.23 92.63 93.44
93.15 92.78 94.07 93.62 92.4
90.95 92.02 91.68 91.6 90.21
92.79 94.42 90.2 87.19 92.24
91.33 88.73 90.52 94.12 90.39
88.28 91.92 93.95 91.2 89.28
92.59 92.96 90.54 90.5 93.32
92.71 92.82 94.06 92.67 91.54
92.27 91.3 89.64 88.94 89.75
87.5 85.53 86.99 83.54 82.49
76.06 79.38 77.32 75.82 75.2
78.97 82 87.39 86.3 88.8
88.41 87.81 91.83 92.49 91.5
92.91 93.64 94.36 93.57 93.99
94.84 93.52 91.67 91.44 92.61
90.28 87.4 89.05 90.53 87.68
84.95 86.66 87.59 86.04 82.55
84.58 85.41 81.62 79.06 81.49
80.61 75.59 74.87 76.42 70.99
76.72 78.53 86.8 84.84 85.59
86.79 84.9 87.88 87.06 86.86
85.87 88.09 86.96 86.36 84.48
88.04 90.86 86.17 84.06 88.61
88.86 86.32 86.32 91.34 90.02
86.12 87.34 90.56 90.04 89.08
91.45 94.07 93.59 93.6 93.88
94.27 94.77 94.53 92.41 93.58
93.12 91.31 89.96 90.68 90.03
87.34 86.86 82.92 81.49 71.64
70.49 74.64 72.59 71.63 73.73
73.19 72.41 73.13 71.82 75.99
74.95 72.87 76.73 70.76 69.51
53.6 47.37
