79.01 82.94 87.54 87.94 88.95
91.06 93.5 93.83 94.28 96.72
97.05 97.9 97.71 98.03 98.42
98 98.31 98.11 98.16 97.88
97.83 97.16 96.34 95.47 93.05
89.41 91.78 92.7 90.41 89.21
84.93 80.66 78.77 82.62 85.46
86.7 77.82 88.16 92.06 89.4
87.07 86.76 84.39 79.69 71.14
68.8 69.7 63.98 69.22 67.62
67.06 77.36 84.19 84.4 84.4
78.99 72.92 75.27 86.96 90.9
91.91 92.05 93.77 95.18 95.94
95.76 96.76 97.4 97.85 97.98
98.1 98.37 98.47 98.43 98.5
98.31 98.35 97.98 97.69 96.38
96.83 95.26 94.54 93.43 93.27
91.46 89.35 88.09 88.83 85.53
87.82 82.95 81.2 87.61 89.66
93.28 93.83 95.09 96.56 96.68
97.53 98.07 98.05 98.14 98.1
98.41 98.21 97.9 98.27 98.11
97.74 97.44 97.01 96.29 96.27
94.84 92.91 92.08 91 86.97
75.94 70.53 67.3 60.51 62.8
57.78 60.3 62.75 75.65 83
88.06 90.54 92.57 95.15 95.92
95.43 95.98 97.51 97.68 97.64
97.85 97.97 97.66 97.62 97.42
97.88 96.52 96.27 96.06 96.78
96.28 94.75 94.48 93.85 91.68
88.93 86.92 80.6 75.6 58.71
