41.21 38.32 41.26 43.79 41.38
38 38.79 36.42 34.95 39.14
37.12 41.83 34.97 36.45 35.59
39.55 38.87 36.08 43.71 40.81
48.88 37.65 45.57 33.64 37.6
35.36 41.02 35.83 37.26 31.25
29.33 37.09 30.97 41.39 37.11
37 36.58 35.79 45.04 41.34
40.38 33.32 37.73 37.55 35.22
36.5 38.85 36.68 32.66 39.04
37.14 41.7 35.3 34.26 39.23
36.88 37.15 33.43 38.01 32.12
35.21 31.82 36.84 36.81 32.14
35.03 31.85 42.78 45.9 62.67
77.2 90.46 92.6 92.82 94.39
95.03 95.7 95.09 93.94 91.91
87.07 77.2 64.89 53.91 45.2
38.42 41.26 41.78 40.91 41.52
42.44 59.83 63.59 78.33 81.16
90.04 89.55 93.42 93.34 93.52
94.04 93.91 94.1 93.97 94.6
95.23 95.28 92.32 93.12 94.74
93.43 91.78 91.44 93.36 91.85
90.36 88.95 88.45 82.35 86
78.36 78.01 75.7 82.78 85.27
77.75 74.73 85.41 85.46 90.22
94.27 95.8 95.76 96.09 94.32
93.43 96.84 94.04 94.94 95.84
93.76 92.44 91.53 93.39 94.21
92.96 92.95 92.6 90.19 92.35
94.99 96.16 96.3 95.16 95
94.83 95.94 93.74 94.88 95.54
93.64 93.63 95.78 96 95.8
95.9 93.64 92.88 86.58 80.82
64.37 52.33 41.95 51.12 56.04
65.73 70.07 69.53 70.69 72.78
72.48 74.22 77.09 81.85 80.8
82.79 81.4 86 88.02 86.83
85.31 89 90.13 85.66 86.3
89.55 90.41 87.31 85.06 86.68
88.7 87.75 89.83 90.37 91.85
91.22 89.18 87.82 89.59 90.73
90.57 90.02 89.1 88.85 89.49
90.68 89.09 88.26 87.75 87.15
83.78 74.78 69.09 51.82 51.63
61.29 63.24 77.04 85.36 83.33
88.51 89.62 88.15 89.28 91.78
92.81 90.33 90.26 92.95 90.46
87.13 86.36 89.32 86.48 83.37
83.58 81.83 76.33 74.64 70.05
71.61 65.4 59.78 59.92 59.33
55.03 57.88 45.87 51.32 50.8
48.75 45.36 38.16 35.63 36.85
37.04 37.78 31.03 36.91 38.22
39.05 44.07 45.29 44.19 46.88
37.01 36.89 41.15 38.71 39.23
45.72 47.22 48.13 41.33 44.12
37.22 37.58 37.64 36.25 39.77
35.45 37.16 38.57 42.52 39.03
37.94 35.4 30.47 38.77 33.68
39.78 34.63 37.19 37.72 39.82
35.21 43.73 43.05 41.47 40.47
54.04 50.95 51.56 64.11 66.82
72.49 74.6 79.42 77.24 72.61
80.74 81.59 75.87 76.76 80.94
80.86 76.74 78.07 81.05 76.05
74.19 76.21 76.46 72.43 74.67
71.05 68.85 58.27 53.53 50.61
41.64 42 40.18 36.82 38.49
34.03 35.08 32.57 35.81 41.29
35.79 36.24 40.12 25.58 35.79
29.65 35.91 34.05 34.15 30.98
30.48 34.47 32.35 27.92 33.13
31.21 35.01 37.76 54.45 70.79
81.82 82.99 83.44 90.57 93.46
93.97 92.74 94.27 95.25 93.53
94.17 94.2 93.55 90.58 93.42
89.12 88.86 90.17 91.15 91.31
90.86 92.05 95.06 94.35 91.31
93.34 93.74 92.8 92.3 90.16
89.16 90.13 90.63 91.65 94.03
92.78 90.38 92.22 91.82 87.75
87.35 86.94 84.55 81.98 84.36
78.42 82.4 83.09 86.56 83.82
87.66 91.55 91.28 89.74 93.06
94.16 92.52 93.48 95.25 93.43
93.56 94.9 94.32 91.94 91.4
92.15 90.99 90.39 91.92 95.12
92.24 92.14 92.27 93.74 86.93
87.81 83.92 81.14 78.15 76.04
65.87 64.89 55.57 53.32 46.19
43.53 40.7 41.78 33.8 37.13
31.75 37.91 36.4 36.72 35.62
38.15 34.99 37.2 36.11 32.55
34.16 35.47 31.31 35.33 33.51
32.81 31.2 30.06 31.55 29.5
31.95 28.14 37.27 28.5 30.03
26.35 35.94 26.7 30.84 34.08
45.4 63.89 74.76 86.21 88.27
89.58 92.26 94.33 95.12 94.36
94.93 96.02 94.48 95.33 95.73
95.16 94.94 95.27 93.19 94.24
94.29 94.41 93.59 93.82 95.11
97.03 94.84 94.8 94.98 94.77
92.24 92.53 91.57 92.17 91.02
88.78 93.16 93.95 91.48 91.51
91.68 92.18 88.33 86.25 85.79
81.55 80.73 82.52 77.31 79.13
75.14 80.7 80.88 83.49 86.66
88.03 88.47 90.99 93.87 92.13
93.01 95.59 94.95 94.41 95.55
94.99 94.09 93.67 93.8 92.2
93.42 95.23 96.1 94.9 93.36
94.34 96.02 91.63 89.36 88.21
85.04 80.79 67.97 56.7 50.46
47.16 43.35 33.31 35.71 31.7
38.47 41.52 36.52 42.92 45.36
30.93 43.84 37.29 32.4 31.2
34.47 39.3 38.63 37.99 38.17
40.59 39.59 40.77 40.98 41.08
40.6 39.76 39.14 34.44 34.11
37.14 34.17 38.52 40.37 46.16
42.68 41.63 40.6 41.99 38.58
40.84 39.31 36.77 36.78 37.55
33.05 37.17 35.31 37.22 47.62
41.92 38.18 36.43 38.87 34.35
38.92 36.9 34.67 36.72 38.56
37.51 38.44 33.48 36.47 35.79
29.16 32.92 31.23 33.05 31.05
36 40.07 42.95 58.11 68.73
83.57 84.71 84.67 85.9 90.47
91.2 89.26 90.92 93.92 90.23
90.19 93.25 92.18 87.95 87.71
88.74 87.99 90.86 91.83 90.86
92.94 90.93 92.35 94.45 94.15
93.51 94.07 95.23 93.65 93
92.3 92.54 90.66 91.07 90.88
91.12 92.32 89.78 92.35 91.64
90.24 92.54 93.77 89.06 87.8
89.14 88.59 84.5 84.15 83.51
76.66 74.09 74.16 68.31 74.57
72.75 73.57 62.89 66.21 56.5
50.77 53.09 50.82 61.51 55.16
57.08 50.37 43.02 45.45 38.78
44.81 43.36 44.09 42.76 46.94
44.02 41.29 45.29 39.9 42.72
42.3 44.45 38.37 37.64 42.44
35.04 34.84 33.41 34.11 36.88
32.44 31.65 33.72 30.93 37.14
36.02 37.09 37.07 38.71 37.23
40.2 38.44 40.13 37.93 39.79
36.68 44.61 41.82 42.45 49.9
49.14 48.35 50.53
