60.05 72.65 84.45 88.59 87.79
90.07 92.81 93.76 95.66 95.75
97.18 96.55 96.89 97.26 96.95
95.92 92.87 92.63 89.17 86.15
83.73 79.63 76.85 75.32 76.06
69 63.96 59.08 51.67 53.84
42.87 55.25 55.84 58.84 70.51
80.43 88.43 90.33 91.94 94.11
94.51 94.52 92.71 92.9 89.49
88.52 85.7 75.68 77.02 84.7
87.17 88.27 93.28 94.74 91.41
92.77 94.96 91.98 90.12 93.56
93.03 95.54 95.81 96.55 95.02
94.98 94.65 96.22 94.83 94.81
91.07 91.61 88.4 85.67 84.46
85.2 88.22 90.88 92.3 92.61
94.14 92.76 93.8 92.23 89.13
87.58 76.17 64.04 53.95 58.18
66.89 80.5 82.48 88.3 90.16
91.63 92.91 92.43 91.33 90.82
90.31 89.67 86.01 84.53 85.69
81.9 72.73 64.9 61.56 69.84
81.85 91.17 91.36 94.33 93.47
95.84 93.57 93.8 91.84 84.67
83.66 87.28 92.12 96.11 96.85
97.41 96.12 96.19 94.9 94.01
92.6 89.91 85.84 80.86 80.04
69.84 62.38 53.71 47.83 39.47
31.49 29.66 29.31 28.22 30.08
29.16 29.6 32.79 28.96 31.78
28.93 33.28 31.58 30.82 30.84
27.22 30.15 36.07 29.93 38.94
38.85 53.8 63.25 71.67 79.47
84.51 82.71 83.94 83.62 88.25
87.3 89.83 83.87 83.44 77.05
78.54 80.2 75.44 76.29 83.89
87.71 91.86 92.84 92.51 91.02
89.23 89.15 90.68 89.53 84.88
75.58 60.05 51.32 53.9 64.7
69.77 78.32 85.87 91.25 90.79
91.76 87.63 86.63 89.47 91.17
92.96 93.08 92.85 89.83 88.09
87.6 89.46 88.26 85.17 86.72
87.27 85.75 86.17 86.72 87.95
86.28 76.35 72.53 61.22 52.5
40.73 32.45 29.62 32.07 30.71
32.73 29.26 31.93 33.02 37.07
35.64 51.35 49.91 62.86 74.2
83.31 85.92 90.43 93.23 94.88
94.23 94.26 91 87.72 86.76
85.71 86.51 85.24 90.18 92.09
93.69 93.5 93.3 91.5 91.12
90.37 89.16 87.81 77.49 73.25
75.26 77.72 83.58 84.65 90.11
95.15 96.47 95.14 94.37 92.39
90.5 94.05 93.06 95.05 93.97
90.31 90.09 88.24 90.63 92.41
88.85 89.33 89.48 87.57 86.86
87.2 88.64 84.14 83.67 82.8
81.03 81.74 80.58 81.19 79.47
78.66 78.99 76.17 72.48 75.59
74.58 61.52 63.67 55.6 55.39
52.85 52.18 50.99 46.84 39.87
36.17 35.44 39.31 37.06 37.01
40.41 39.34 35.91 32.83 35.9
31.23 34.95 35.35 34.38 40.34
39.02 36.07 36.42 34.6 35.47
37.56 31.58 38.91 31.69 34.3
33.13 30.85 31.59 28.95 32.38
27.79 29.36 30.94 28.56 29.99
34.14 34.89 38.04 36.7 42.64
46.86 47.17 46.83 45.41 46.22
47.22 47.75 46.54 46.56 40.47
38.2 36.52 38.27 30.27 31.61
30.72 30.09 31.04 28.72 33.13
33.54 31.38 30.85 32.43 35.65
36.54 39.3 38.12 33.77 37.28
29.94 34.88 35.07 36.18 30.51
29.1 28.42 30.79 28.2 30.86
29.23 30.06 28.74 31.25 41.43
52.3 62.13 71.98 77.87 85.79
87.07 88.75 91.57 93.29 94.32
93.49 94.86 93.56 92.06 86.19
79.86 66.56 56.57 60.6 79.74
89.71 93.57 95.44 96.4 96.1
94.29 90.46 90.13 87.53 85.89
86.97 90.13 94.46 95.46 95.74
95.64 95.03 95.02 93.08 92.63
93.63 89.9 87.04 86.5 86.09
81.08 77.6 81.72 85.21 88.97
87.05 85.56 91.59 92.69 90.15
93.72 94.14 93.91 94.16 93.46
92.36 91.23 89.37 88.74 86.93
95.52 96.38 98.13 97.25 95.4
93.58 93.59 91.15 92.87 94.62
94.61 94.69 93.68 93.86 93.65
94.47 95.25 95.61 94.83 95.03
94.37 94.56 95.74 95.74 93.9
94.32 92.61 94.4 96.09 92
88.78 92.09 89.17 87.53 86.55
89.35 87.5 92.89 96.54 95.87
96.44 97.43 97.61 97.91 98.46
98.59 98.59 98.62 98.72 98.71
98.62 98.62 98.38 98.42 98.37
97.43 97.66 97.6 96.93 95.2
96.17 96.46 97.13 97.14 97.34
96 95.13 97.7 95.18 95.03
91.52 95.56 97.79 97.6 97.5
95.46 94.57 95.89 96.84 98.41
98.39 98.07 97.81 94.04 90.35
92.58 88.42 88.52 93.87 93.12
93.51 93.04 93.82 91.25 87.01
86.5 92.36 94.19 90.22 88.22
83.81 86.66 81.45 79.97 84.78
88.79 89.17 96.17 93.36 97.19
95.9 95.67 91.56 88.74 86.54
87.59 88.42 90.69 94.08 95.61
96.81 97.3 98.02 98.53 98.58
98.61 98.53 98.63 98.57 98.39
98.31 98.52 98.23 96.77 97.79
97.25 92.85 89.14 88.74 92.65
93.31 93.3 80.82 77.53 72.13
77.72 78.98 79.67 80.47 83.43
89.55 85.72 86.65 90.99 91.34
89.35 90.79 89.79 91.76 90.05
93.71 88.14 92.87 91.17 94.3
97.51 97.69 97.97 98.29 98.33
98.36 98.54 98.59 98.06 97.84
98.48 98.02 97.56 95.7 94.41
95.08 93.2 95.93 97.83 97.79
96.2 95.21 92.44 87.03 87.99
87.32 89.59 91.49 94.02 95.39
97.09 97.99 97.35 96.57 97.92
98.04 98.46 98.38 97.04 95.42
97.99 97.98 97.71 97.11 98.03
98 95.14 96.68 96.74 97.51
97.28 97.09 97.38 96.28 95.8
95.42 93.67 93.29 92.8 90.77
92 89.55 92.62 92.78 92.36
91.96 90.4 88.64 85.28 87.35
84.46 87.95 89.46 90.34 89.52
90.4 90.32 89.64 88.47 85.09
84.97 84.56 84.51 88.44 87.71
85.94 88.86 89.22 88.05 89.01
89.33 91.89 91.95 89.96 93.84
91.02 90.3 93.5 90.83 86.59
82.68 67.99 63.72 56.75 48.13
29.36 29.16
