41.01 34.79 34.1 37.8 33.46
46.26 36.16 38.15 38.73 37.77
37.27 34.92 35.34 36.9 37.31
38.17 41.35 43.36 42.29 43.06
40.4 38.51 35.02 36.8 34.46
32.71 32.47 31.56 37.44 48.55
55.7 69.43 76.42 85.14 86.54
86.38 85.03 83.1 81.53 79.88
78.58 84.21 84.71 85.16 86.75
86.47 85.06 88.42 86.16 86.26
87.09 86.97 84.32 85 80.49
81.96 80.51 82.92 75.73 76.65
77.17 82.13 84.64 87.06 86.5
89.85 90.76 86.87 87.66 87.64
89.65 90.4 90.32 88.06 83.96
84.32 83.46 88.95 91.06 90.76
89.96 87.9 86.1 85.98 82.92
81.96 74.6 65.49 60.12 62.44
66.07 82.86 87.84 90.24 90.33
90.21 88.55 87.88 84.56 84.57
78.81 79.47 77.58 76.32 80.73
84.33 85.86 88.62 89 89.77
89.54 88.72 86.47 79.54 70.24
63.44 55.01 48.63 43.11 39.35
40.61 32.54 38.65 41.76 34.03
41.11 37.96 41.61 41.18 43.44
44.82 37.85 44.63 47.87 50.2
59.21 69.95 71.84 74.68 82.24
83.71 88.34 90.66 91.25 93.3
95.4 93.57 91.86 90.46 87.41
93.26 92.94 94.18 94.07 94.88
93.08 92.2 93.86 91.99 92.61
91.89 91.4 90.62 89.46 88.14
89.05 89.11 91.4 92.44 94.43
95.43 95.2 96.19 96.01 94.78
95.17 94.31 95.11 94.09 93.7
91.54 94.81 94.26 94.37 96.13
96.48 96.26 96.95 96.8 94.97
93.44 94.3 93.82 96.19 95.57
95.98 95.89 95.63 94.2 95.08
94.56 96.2 95.98 95.31 94.98
94.68 93.79 93.97 94.93 93.86
94.48 94.83 94.47 94.93 94.6
94.25 92.96 90.86 90.05 88.08
89.72 90.94 84.93 87.52 90.46
92.04 91.13 92.32 91.85 93.11
94.04 94.25 95 93.67 95.2
93.5 95.2 94.81 95.88 97.06
97.5 96.99 97.68 96.44 95.93
93.3 96.49 97.71 97.93 97.73
96.94 95.29 93.47 92.71 85.17
87.67 90.19 92.46 92.88 94.62
96.57 96.31 96.11 97.59 97.56
97.42 97.12 96.77 97.12 96.29
96.83 94.74 94.37 93.5 93.63
94.23 93.42 95.02 95.57 97.4
97.3 98.16 97.43 97.33 95.8
94.79 94.97 95.37 94.23 90.68
86.94 91.06 92.06 93.49 95.83
95.76 97.24 97.33 97.31 95.93
96.27 96.7 98.08 97.85 96.97
95.89 92.3 81.66 72.18 72.04
89.18 91.14 94.6 93.36 91.97
92.66 94.58 95.59 95.53 96.98
97.23 97.39 98.04 97.46 97.99
97.56 96.59 96.07 94.16 93.15
94.71 93.51 93.27 95.14 96.66
96.9 97.67 97.52 97.21 97.39
97.85 97.85 97.01 97.14 95.55
94.71 94.91 92.46 92.56 89.96
90.62 91.03 93.99 92.7 95.06
93.44 94.34 91.94 95.98 96.94
97.06 96.87 96.42 96.6 95.73
94.9 91.99 93.64 94.29 93.49
95.91 96.3 96.33 96.66 96.91
96.49 95.67 95.35 94.14 94.34
94.34 95.19 95.02 94.7 93.18
94.84 95.09 93.64 94.99 95.46
95.35 95.13 96.3 95.88 97.08
95.34 95.84 94.38 96.22 93.25
93.3 95.33 96.3 97.5 97.46
97.56 96.48 97.04 95.81 90.93
89.96 92.83 93.78 96.22 96.8
97.58 97.74 97.3 97.04 96.23
95.55 94.86 94.44 93.19 93.89
90.71 90.74 91.75 93.9 94.72
94.57 96.72 97.01 96.83 96.78
94.56 94.88 93.91 93.82 92.53
91.08 87.82 84.22 75.21 65.27
54.57 52.8 53.56 56.25 58.63
64.46 72.47 86.96 90.61 94.44
96.07 97.27 97.57 97.39 97.09
96.76 95.94 94.74 93.26 88.09
86.55 85.87 85.58 90.69 88.74
88.1 82.36 87.39 88.44 91.62
92.03 91.96 91.22 91.26 90.82
89.99 90.53 89.33 89.83 91.43
92.04 89.97 90.73 90.97 88.88
87.28 87.59 89.49 87.98 89.27
89.06 88.73 86.87 85.28 83.96
81.92 85.86 84.01 84.66 85.8
90.82 92.44 93.06 93.01 94
91.8 91.41 91.45 86.96 86.86
89.92 92.01 93.21 93.8 94.07
93.08 92.15 90.1 89.52 89.58
92.07 92.84 92.61 93.51 92.7
91.79 90.57 91.68 92.1 92.19
91.04 89.7 85.74 80.78 86.64
84.68 85.74 86.54 91.14 88.06
91.58 92.73 93.95 93.25 93.54
92.43 91.6 88.47 83.84 80.31
83.16 88.04 91.3 91.73 93.26
92.27 94.09 93.24 92.42 91.71
92.51 92.06 91.69 92.98 92.41
93.7 92.82 93.29 93.47 94.96
93.14 93.53 92.24 91.76 92.81
91.35 91.35 89.9 89.95 89.93
88.15 85.76 87.31 89.3 89.31
91.44 91.97 93.19 93.76 95.27
93.75 94.83 94.81 92.89 93.75
91.38 90.88 91.57 92.75 92.18
92.51 94 94.67 93.67 94.12
92.18 90.57 86.33 79.95 82.44
86.56 86.66 87.59 88.59 88.16
89.55 91.86 93.35 92.64 92.93
92.45 91.19 90.86 92.3 92.22
94.07 94.26 93.93 94.72 94.28
93.61 92.5 91.38 88.95 87.08
90.07 89.7 90.15 89.34 90.54
91.94 93.1 93.1 93.87 92.3
93.92 93.85 94.63 94.95 93.85
93.4 90.8 93.08 92.88 92.54
92.63 91.54 92.21 93.63 92.46
92.05 91 89.96 87.02 86.07
84.5 78.71 75.8 70.9 71.75
66.43 67.87 60.23 52.15 31.98
34.88 36.41 33.05 30.86 35.21
31.72 32.18 34.31 34.6 46.2
51.01 52.96 66.51 74.82 75.09
72.05 77.38 81.11 81.5 84.57
88 88.84 86.92 89.46 86.66
86.08 83.96 85.64 80.5 77.85
74.46 73.23 66.05 60.12 61.69
56.77 48.04 41.71 38.5 41.14
36.06 37.1 33.54 36.78 35.62
32.92 36.1 38.61 37.97 40.26
40.75 36.51 37.58 36.05 35.86
32.07 32.55 33.13 35.37 32.59
36.49 35.18 33.35 36.45 39.08
33.53 34.77 35.9 33.37 33.94
30.43 32.38 33.47 34.29 31.49
30.57 25.83 32.82 28.55 32.23
29.06 30.82 30.78 30.64 32.12
32.02 31.07 30.38 24.67 31.4
29.49 28.38 29.98 27.26 29.08
26.86 31.82 26.88 30.48 29.13
28.71 29.61 25.38 27.14 25.07
27.97 27.44 28.82 28.54 28.8
31.18 29.29 31.69 27.11 32.65
28.41 30.71 28.11 31.71 32.3
31.02 32.95 32.12 33.04 30.24
31.78 28.66 27.35 27.51 28.26
26.46 27.18 26.5 30.21 28.32
27.68 28.99 29.19 25.98 34.02
33.04 33.21 33.73 44.77 38.05
36.81 40.42 46.39 43.1 45.94
48.91 51.37 52.38 50.98 56.95
58.12 53.49 59.99 59.99 57.83
51.27 55.82 54.78 49.12 50.66
54.15 50.5 49.45 45.72 40.96
41.74 37.72 36.42 35.94 37.83
33.97 35.01 36.34 41.16 41.52
39.69 34.07 46.87 38.54 42.83
42.69 37.68 39.71 40.29 40.93
35.98 35.65 37.14 38.56 38.39
39.09 45.63 49.69 55.83 56.71
55.82 59 62.86 56.25 59.02
61.47 56.6 61.17 62.98 59.1
59.61 60.8 62.99 57.3 60.75
64.68 62.77 57.35 58.49 54.85
39.79
