36.39 36.4 37.82 36.09 33.66
32.59 30.65 29.8 31.49 24.11
31.26 30.53 28.54 33.76 31.1
28.15 26.04 26.62 25.73 28.68
27.42 34.86 32.62 32.35 42.05
39.41 46.79 54.22 66.43 68.89
74.58 74 70.58 74.58 77.82
73.6 76.9 76.77 77.5 76.76
79.93 84.6 87.61 87.2 87.12
91.49 89.39 91 90.29 91.04
90.64 91.41 92.23 90.69 90.7
91.42 91.6 89.14 89.46 91.72
89.88 91.81 94.44 93.77 94.43
95.38 94.83 97.1 97.61 97.21
97.7 96.9 96.72 93.92 89.65
87.57 78.08 70.36 75.42 86.61
92.94 95.6 97.63 98.18 98.22
97.83 97.62 96.5 95.88 95.32
94.48 95.81 96.93 97.38 97.6
97.09 94.59 93.93 90.85 88.26
84.49 83.63 85.77 90.01 90.42
91.5 90.77 91.02 90.98 91.61
91.36 90.99 89.9 91.15 91.07
86.62 87.49 89.4 88.62 87.99
90.32 90.81 93.56 95.04 96.86
96.42 96.74 95.24 95.24 95.17
94.29 93.82 94.13 92.67 92.75
89.55 89.63 91.64 92.34 94.67
94.53 96.31 96.29 96.16 97.06
97.23 95.69 96.49 96.09 96.89
98.13 96.17 96.19 97.81 97.82
96.18 96.04 96.26 95.11 95.36
98.03 97.4 98.05 97.68 98.39
98.68 98.49 98.18 98.66 98.72
97.98 97.94 98.58 98.32 97.09
96.9 97.24 96.35 94.6 93.81
93.51 93.13 91.34 90.14 91.25
91.09 90.41 92.45 90.91 89.95
95.14 95.14 96.63 93.58 94.59
98.09 98.41 98.24 96.43 94.8
93.35 94.22 96.64 98.2 98.4
97.78 94.22 86.5 83.44 75.52
75.61 80.47 77.99 80.33 82.58
78.04 78.87 78.53 74.38 62.19
53.04 54.81 51.24 47.98 51.37
67.22 82.72 89.37 93.88 93.14
94.93 95.38 94.94 92.2 91.63
91.57 88.18 89.29 89.33 90.14
92.36 93.74 97.11 95.23 96.37
98.35 98.11 96.94 98.13 98.3
97.49 98.02 98.66 98.07 97.09
98.32 97.68 95.43 94.6 93.1
93.22 91.96 91.27 88.59 88.34
87.34 86.86 83.54 86.08 87.31
86.97 86.14 87.08 87.7 88.45
81.31 73.66 63.89 64.67 58.38
51.79 49.87 52.13 45.93 41.36
42.22 39.25 46.21 49.22 39.97
43.82 50.85 39.97 50.97 51.99
38.89 43.32 43.71 41.72 40.59
44.91 53.9 50.45 53.41 63.99
63.64 72.44 79.86 87.16 85.23
88.23 90.61 90.84 90.66 91.67
93.4 93.59 93.62 94.21 94.25
94.17 95.39 94.27 94.28 95
91.88 88.33 87.41 91.51 95.86
96.99 97.48 97.86 98.4 98.31
98.34 98.67 98.49 98.26 98.52
98.56 98.25 98.13 96.16 96.51
96.7 96.41 97.61 98.23 98.12
97.83 97.76 97.25 98.29 98.38
97.51 97.65 98.54 98.32 98.59
98.35 97.95 97.52 97.31 93.6
94.96 93.55 92.41 93.58 94.52
95.74 94.75 95.33 96.95 97.2
96.37 95.84 95.71 93.98 91.52
86.28 81.69 72.16 70.48 53.27
51.57 38.69 52.92 41.48 31.09
30.99 36.1 31.08
