32.41 33.21 34.25 36.6 33.04
29.38 31.87 28.37 33.66 27.84
33.06 27.34 28.33 28.62 26
28.83 27.43 30.41 30.09 24.78
28.79 23.69 29.86 30.18 27.68
33.05 30.74 32.28 33.34 31.73
30.49 33.53 35.52 28.26 32.48
32.96 29.17 34.65 30.23 35.7
35.38 32.59 37.13 37.82 44.46
43.12 51.59 54.4 69.79 77.78
76.8 82.22 78.91 80.75 83.77
84.09 88 86.63 90.42 88.42
90 88.42 91.58 90.72 90.46
87.97 88.55 87.74 83.6 81.4
84.44 86.94 86.33 88.92 92.35
91.93 91.81 91.8 92.94 90.61
90.27 90.21 91.58 93.49 93.29
89.28 83.5 84.06 84.87 87.4
91.16 89.61 89.11 92.75 92.89
92.49 93.9 94.12 94.47 91.66
91.47 94.98 93.71 90.52 92.87
95.03 92.24 89.51 93.88 93.62
91.31 90.63 93.25 92.76 90.94
91.84 91.31 87.64 85.65 89.36
86.92 89.42 93.71 93.5 95.33
96.85 97.58 97.54 97.14 96.09
95.13 92.18 89.7 93.04 94.65
96.66 97.86 97.82 97.91 97.57
96.7 95.01 92.2 91.49 90
92.6 93.05 92.99 93.07 92.15
91.88 90.96 89.61 89.85 91.01
91.7 94.05 93.85 93.75 93.37
92.12 91.96 93.24 90.49 89.94
88.64 86.66 84.77 83.81 81.82
78.97 80.07 81.67 78.41 80.7
79.1 83.9 85.97 89.13 85.25
77.95 76.92 75.29 77.01 80.43
81.45 83.42 89.29 92.25 91.29
94.81 95.69 95.26 95.69 96.39
96.29 97.29 97.86 97.73 97.25
96.62 96.44 93.9 91.43 88.54
88.59 90.94 91.95 93.88 94.76
96.75 97.2 96.44 97 97.37
96.1 93.56 94.95 93.66 90.21
91.19 92.36 93.19 91.49 92.14
93.75 93.7 93.77 93.88 90.3
87.74 90.7 92.03 94.23 95.92
96.51 97.3 97.82 97.97 97.52
97.12 96.67 95.81 94.16 93.42
92.93 93.98 92 92.16 90.06
92.97 93.78 92.43 92.36 93.79
94.2 94.63 94.5 93.64 95.26
95.11 94.94 94.79 94.7 95.29
94.69 93.42 93.75 92.85 92.55
90.46 85.91 86.35 91.74 93.45
95.22 95.71 95.12 94.05 91.55
93.28 93.45 93.16 90.4 91
85.08 88.04 93.42 92.62 92.67
94.61 94.16 91.99 91.82 91.02
87.25 74.93 75.97 79.88 78.49
72.59 68.8 67.66 73.33 76.46
80.41 85.28 88.52 92.09 93.41
95.21 94.45 93.32 90.34 91.64
88.63 93.22 95.98 95.89 97.35
96.57 95.68 94.32 92.58 90.99
81 82.52 89.44 94.31 93.54
95.26 95.56 96.22 96.01 95.24
93.43 93.1 91.97 92.32 93.53
89.51 90.31 94.27 94.99 96.19
96.13 97.5 95.7 96.25 96.34
96.18 94.95 94.62 94.92 94.95
92.44 92.14 91.75 90.44 88.71
88.58 86.81 83.11 83.31 81.16
75.74 64.15 55.52 61.16 68.42
71.39 81.42 87.66 90.58 89.57
89.38 91.77 93.75 92.68 92.82
95 95.34 96.39 97.23 97.44
96.67 96.03 94.46 94.46 92.83
89.35 90.74 90.03 88.67 84.31
80.99 75.56 75.01 84.74 86.75
91.96 94.31 94.79 94.08 93.81
91.63 92.05 92.3 94.1 91.05
92.75 92.8 92.93 90.55 93.27
93.13 91.16 91.46 94.23 93.54
90.78 91.84 91.65 89.14 87.82
87.44 87.06 90.75 88.94 86.88
85.7 87.54 83.31 81.85 83.22
80.74 75.2 76.73 78.44 72.59
72.57 76.82 76.06 72.11 74.68
74.54 70.01 67.5 63.14 61.43
65.86 73.03 75.72 76.44 82.73
85.94 80.47 81.66 89.54 86.32
91.43 94.5 94.16 94.49 95.13
93.95 94.05 92.23 87.74 89.59
88.53 92.13 91.66 92.04 93.66
96.02 96.95 97.29 97.28 96.94
94.45 90.68 89.01 87.76 84.49
86.91 90.86 89.48 90.06 91.13
91.08 89.47 89.07 90 88.12
90.77 90.73 90.92 93.85 94.4
95.34 96.1 95.6 96.48 96.37
95.44 94.01 85.01 84.53 87.68
90.69 91.98 92.85 89.22 87.43
77.21 81.22 76.85 72.11 76.74
84.32 84.51 78.79 85.04 89.33
88.97 90.58 91.44 89.92 92.04
93.59 91.79 90.16 93.42 93.88
90.6 91.62 87.21 83.25 75.55
83.38 86.05 91.01 88.11 88.23
86.82 86.97 87.7 89.66 89.18
89.53 92.83 94.36 95.41 93.65
96.14 97.39 97.01 96.24 93.72
91.08 85.62 83.16 83.02 83.95
87.27 90.2 91.75 93.27 94.08
94.96 95.3 95.66 95.69 96.49
96.06 95.24 95.48 95.29 92.96
91 93.83 92.46 93.01 94.65
94.38 92.88 90.2 89.83 94.83
96.91 95.83 94.24 92.72 89.94
87.95 86.25 84 85.13 87.64
88.65 88.74 88.15 86.13 84.13
85.41 86.31 87.97 87.55 86.52
82.84 78.86 78.25 76.04 77.82
82.91 78.78 80.48 85.51 82.54
80.38 82.16 81.11 72.19 74.06
70.47 73.99 82.54 85.31 84.14
84.41 81.39 78.52 76.21 67.21
68.7 74.85 71.22 74.66 83.46
85.89 85.97 88.7 88.1 87.09
90.06 90.37 91.22 90.71 91.83
89.87 88.39 86.73 87.5 90.02
92.21 92.74 94.22 95.6 93.65
94.69 92.37 92.67 92.99 94.21
95.75 95.26 94.63 95.25 95.85
94.26 93.98 92.59 93.24 90.86
83.46 86.69 89.52 86.45 86.81
90.55 90.5 87.59 89.27 91.24
88.89 86.01 88.18 87.5 83.39
82.23 84.51 79.41 78.13 82.54
80.72 70.84 73.78 79.59 72.09
74.42 67.18 68.87 70.55 70.23
77.14 75.08 71.31 70.05 74.89
83.72 86.23 90.6 92.02 94.54
95.58 94.81 92.69 93.84 94.23
91.89 87.88 88.96 91.82 91.06
88.83 90.08 89.77 88.59 86.99
89.58 91.3 89.62 89.7 91.74
94.27 95.61 95.41 95.82 96.12
96.55 95.67 96.36 95.35 92.96
93.27 96.13 96.69 95.95 96.24
96.14 95.98 95.44 95.68 94.98
92.63 91.97 88.58 88.15 87.64
92 94.52 95.73 96.23 96.67
95.53 95.26 95.98 96 94.31
94.69 95 91.72 89.46 91
89.86 85.62 85.41 77.14 79.79
77.25 87.24 88.88 89.98 93.24
95.57 94.49 95.68 97.05 97.1
95.69 96.96 97.12 95.84 94.11
93.36 93.91 92.4 94.76 96.25
96.54 96.88 95.75 96.45 96.67
95 94.81 94.65 93.29 94.36
96.14 93.9 94.28 92.98 93.18
92.98 92.41 92.77 91.84 93.7
94.76 95.12 94.69 93.82 93.1
94.05 96.79 97.55 96.45 95.33
95.1 94.3 92.89 95.63 95.67
94.02 96.62 97.13 97.12 96.15
93.79 92.53 94.59 92.48 88.93
92.17 92.82 90.45 91.05 88.06
81.89 76.26 72.78 72.43 78.66
86.31 90.9 93.53 94.27 91.24
94.99 96.61 96.93 97.49 97.91
97.36 96.9 97.03 96.16 96.77
97.2 96.32 93.96 92.85 91.54
88.57 87.67 85.48 84.12 82.01
87.07 89.09 92.58 93.13 93.8
94.54 95.89 96.68 96.14 96.16
96.18 96.65 97.34 97.63 97.41
97.65 97.46 97.35 97.25 97.11
96.36 95.25 93.72 95.69 93.35
95.71 94.18 92.57 93.38 93.16
95.39 96.08 95.93 93.56 91.87
94.87 92.57 93.37 94.19 94.84
93.2 91.11 88.57 84.58 83.58
86.97 91.49 93.47 94.14 95.41
96.18 95.16 95.11 95.16 94.49
93.2 91.49 91.1 88.92 92.72
93.67 94.64 95.01 95.49 94.57
95.08 95.96 95.44 94.05 91.43
93.96 94.65 94.51 93.83 93.59
95.83 94.46 93.55 92.28 93.12
93.75 92.82 90.97 92.32 91.79
89.11 80.81 80.52 73.73 73.63
74.92 81.51 86.01 89.06 91.55
90.14 93.59 94.44 93.8 92.57
92.4 89.74 88.7 84.67 83.7
88.31 92.47 94 95.4 94.74
95.24 94.42 92.81 91.62 90.93
89.65 89.3 90.76 89.62 89.28
88.9 90.03 88.72 87.62 90.93
93.01 93.69 91.01 91.87 94.35
94.04 95.6 93.85 92.98 91.63
90.06 87.81 84.81 82.5 85.73
91.63 92.98 94.91 92.69 90.99
88.3 83.43 83.39 86.15 88.71
88.39 90.42 92.37 90.82 91.73
93.01 93.64 93.82 95.71 96.44
96.2 95.56 97.42 97.51 96.22
95.86 97.42 96.76 96.48 96.71
97.3 96.15 95.37 95.34 95.4
93.96 93.31 93.31 94.26 92.83
92.73 92.22 93.25 92.57 92.44
92.76 92.3 92.5 92.02 92.48
91.83 90.91 89.77 91.14 90.24
88.04 88.34 90.35 87.1 85.65
85.67 81.23 83.24 82.95 80.62
83.1 81.06 81.29 82.29 85.8
82.52 83.38 85.07 83.69 85.6
84.44 86.95 88 86.43 86.38
86.43 87.16 88.32 84.78 85.72
89.74 89.09 88.85 88.31 87.82
89.02 85.48 84.31 84.25 81.85
74.61 73.07 68.13 62.57 59.84
52.42 47.86 47.15 40.85 34.87
36.45 37.54 29.06 28.69 30.53
29.81 30.17 30.81 27.53 31.01
28.33 34.38 41.44 52.09 65.23
74.2 82.79 88.16 85.72 88.1
88.68 85.12 86.72 85.89 84.01
81.06 82.94 83.28 83.43 86.07
86.38 89.34 88.31 88.11 91.31
91.66 90.61 90.76 93.08 92.67
90.94 92.53 93.66 91.3 90.42
93.46 92.69 91.76 93.54 93.2
92.54 92.75 94.21 94.09 94.65
94.97 95.96 95.6 96.28 97.6
97.19 96.39 97.56 97.67 97.08
97.29 97.84 97.44 97.34 96.99
96.09 95.66 95.87 93.02 91.5
91.77 90.03 87.63 84.72 86.3
82.33 75.37 74.64 67.77 57.79
49.57 39.86 39.65 30.73 35.15
34.51 36.01 33.67 36.04 40.95
34.55 33.23 33.54 33.43 34.11
35.87 42.14 38.58 47.29 53.44
62.33 73.78 73.96 72.56 70.51
75.83 75.48 77.17 79.24 90.89
92.14 90.69 89.66 84.09 83.64
82.54 80.37 76 77.72 79.48
76.04 75.65 73.92 76.28 74.94
70.42 69.03 69.07 64.71 56.87
53.92 46.22 40.72 43.11 39.1
38.26 36.36 30.57 28.29 28.18
24.64 28.16 25.13 29.69 27.56
30.22 30.93 30.88 28.62 29.27
33.62 34.85 33.83 31.66 31.33
32.26 30.52 33.39 34.45 35.83
34.13 33.5 40.35 29.48 33.72
37.88 36.37 33.3 34.57 29.89
40.14 36.43 48.98 33.03 37.61
39.78 35.71 32.69 37.28 43.88
31.88 34.89 33.79 34.58 34.58
32.18 31.95 42.54 31.75 30.21
32.19 29.86 27.15 40.16 26.55
32.4 29.62 29.83 28.47 27.73
28.29 25.94 24.93 40.74 23.1
28.92 27.97 31.49 27.7 30.81
26.59 29.39 28.8 27.56 31.42
30.99 30.56 29.49 30.49 24.69
29.05 27.9 22.98 25.92 26.57
27.93 23.23 25.51 26.95 24.48
23.04 23.4 23.51 23.07 23.3
24.94 23.92 23.13 22.88 26.81
23.36 25.92 25.66 24.56 24.88
25.91 28.23 25.97 24.27 24.85
25.03 28.97 25.81 29.36 26.85
33.62 32.3 32.21 32.82 30.69
32.8 34.09 30.72 30.35 31.02
25.91 27.79 26.55 29.09 26.83
42.08 28.21 31.1 27.77 31.66
29.12 31.49 27.07 30.11 26.08
29.49 30.37 29.44 28.8 32.04
34.92 33.49 35.55 33.95 33.82
31.2 29.52 30.69 31.31 45.12
30.6 33.43 33.95 33.77 31.54
27.67 40.38 30.26 28.5 30.29
29.98 29.82 29.85 31.01 29.47
29.9 31.64 29.35 29.38 27.07
27.73 27.46 27.49 26.04 30.65
36.23 28.57 29.49 32.52 33.42
29.49 31.47 33.78 31.47 32.34
31.94 31.11 29.63 30.55 29.73
29.98 29.85 31.68 30.31 30.83
31.87 30.42 30.08 30.75 29.87
27.88 38.95 33.6 33.7 30.55
32.07 30.38 32.72 33.85 33.43
34.84 32.3 48.54 38.5 37.81
36.2 37.56 38.87 38.06 35.21
36.16 32.95 33.66 35.99 31.51
31.98 31.8 35.19 35.7 40.3
31.82 42.9 36.64 37.2 46.3
47.89 38.96 34.75 32.73 30.47
29.25 32.13 31.21 30.61 30.59
27.63 29.66 27.96 28.56 29.61
29.49 28.82 32.75 30.76 32.99
39.33 31.76 29.42 31.34 32.38
33.07 43.75 34.75 32.69 35.69
32.38 34.9 32.24 35.54 37.61
35.59 35.41 33.5 32.58 35.15
30.4 33.13 32.56 31.96 32.97
28.3 31.03 30.57 47.61 46.74
38.67 34.37 32.86 33.43 32.04
30.31 29.22 31.08 32.18 35.15
30.49 36.41 30.5 30.15 32.77
33.14 32.65 33.36 34.29 33.04
34.47 33.19 31.96 28.15 32.76
31.14 43.62 31.13 31.79 33.36
39.26 33.26 29.39 45.86 45.17
35.91 31.58 42.6 33.83 34.35
30.21 34.07 32.68 32.25 32.23
26.26 31.25 30.29 29.52 31.48
32.64 31.01 30.96 29.68 33
31.98 32.02 32.99 32.99 32.97
28.52 32.83 30.07 29.77 29.64
29.59
