41.99 49.54 52.71 54.98 56.97
58.59 69.08 78.04 84.67 94.69
96.76 98.23 98.54 98.41 98.72
98.71 98.79 98.66 98.82 98.83
98.87 98.85 98.73 98.68 98.45
98.75 98.48 97.86 95.29 96.5
97.66 97.98 97.63 98.35 98.66
98.61 97.94 98.46 98.42 98.23
97.77 97.15 98.05 98.34 97.81
95.85 96.65 97.6 98.48 98.24
98.71 98.72 98.86 98.9 98.92
98.92 98.92 98.88 98.79 98.41
97.69 97.61 97.64 95.55 95.14
95.9 96.28 96.22 97.48 97.84
97.99 97.88 97.49 97.86 98.26
98.61 98.65 98.77 98.75 98.82
98.82 98.74 98.75 98.84 98.8
98.64 98.53 98.87 98.83 98.53
98.63 98.7 98.82 98.32 98.05
98.53 98.51 98.23 98.27 98.51
95.66 94.28 98.45 98.62 98.59
98.74 98.71 98.79 98.78 98.87
98.91 98.84 98.85 98.89 98.85
98.63 98.71 98.84 98.36 98.29
98.32 98.53 97.73 97.03 95.9
98.09 98.76 98.61 98.7 98.9
98.9 98.92 98.85 98.69 98.02
96.25 97.75 98.36 98.77 98.86
98.86 98.84 98.33 95.68 85.6
