47.3 59.92 70.91 78.7 80.58
84.51 84.41 81.33 85.24 83.62
83.51 79.15 76.65 74.62 74.05
72.78 73.25 79.07 75.24 78.36
76.38 74.2 79.25 79.93 80.12
85.34 83.4 87.25 88.15 87.68
89.31 89.23 89.7 89.48 89.55
87.28 88.78 87.09 89.27 84.19
83.89 81.75 82.98 80.19 79.64
76.32 71.34 79.12 83.12 85.1
83.04 84.45 87.9 85.65 79.8
86.58 85.07 81.61 77.37 75.15
71.73 63.99 66.23 54.32 53.39
46.05 38.54 31.86 28.22 29.67
26.25 28.15 28.54 25.2 43.17
28.59 23.18 23.16 26.4 28.03
28.2 28.01 27.29 31.96 28.55
26.91 29.36 28.95 32.74 35.2
38.08 41.04 32.74 33.61 28.81
35.57 34.64 36.7 34.93 32.48
30.58 33.08 29.34 31.22 37.94
33.13 26.8 30.11 29.9 26.84
30.04 25.79 32.94 28.75 26.91
24.78 29.98 28.1 26.27 25.52
26.93 26.13 26.35 25.65 27.74
22.94 25.03 24.85 24.66 26.51
31.17 28.11 27.58 25.25 30.94
28.13 28.38 26.33 25.56 27.32
28.42 28.79 25.98 26.81 23.91
22.5 26.47 34.61 41.86 27.07
26.71 27.14 26.41 25.84 28.71
26.98 34.66 33.18 40.82 38.88
40.92 40.52 42.45 39.96 47.36
43.32 47.2 54.11 52.4 55.4
68.95 70.54 69.59 68.54 72.55
72.66 65.88 64.42 69.13 73.39
68.73 71.65 71.57 69.71 73.34
68.43 69.43 71.04 71.93 65.6
67.85 69.75 67.55 62.18 63.95
63.04 56.72 55.64 60.01 65.27
71.85 74.17 78.43 79.46 76.9
81.32 77.27 76.26 74.6 74.99
73.46 74.35 77.7 79.22 78.08
78.97 82.66 80.59 81.11 81.37
83.34 80.95 80.91 81.96 78.57
80.46 85.23 83.48 87.11 87.23
88.95 87.25 82.09 88.26 85.79
87.99 87.45 86.15 85.14 82.58
85.79 84.77 86.15 87.16 86.45
84.59 86.31 86 85.86 84.96
84.62 84.42 81.4 83.63 87.59
85.83 89.68 88.93 91.25 88.52
85.32 89.82 87.61 89.82 89.87
89.33 88.17 86.01 88.3 86.95
88.44 89.69 87.9 87.71 88.35
87.74 87.62 85.94 85.92 84.05
79.94 82.76 87.84 86.22 89.29
88.85 89.34 87.33 82.96 88.25
86.61 88.71 89.61 89.16 87.82
87.35 87.1 84.94 85.51 87.26
84.85 82.31 84.35 81.7 79.49
77.45 77.12 72.41 66.72 73.22
79.64 79.4 83.19 85.47 89.27
87.15 85.28 89.4 85.76 87.57
84.77 84.29 80.71 80.88 83.17
84.41 84.75 87.4 87.78 87.44
88.12 87.29 87.98 86.51 86.55
85.56 83.05 85.49 89.43 87.36
91.64 90.98 92.64 90.47 87.51
91.63 89.65 91.45 91.45 91.36
89.3 88.91 89.83 88.41 90.47
91.58 90.21 89.29 90.45 89.02
89.66 88.23 88.33 87.38 85.54
87.58 90.81 88.76 93.34 92.68
93.92 91.84 88.59 92.32 90.63
92.53 92.52 92.23 91.19 90.77
92.26 90.71 92.23 93.15 92.07
91.32 92.17 90.8 92.02 90.09
90.44 89.1 87.72 90.02 92.29
90.08 93.34 92.3 92.56 90.36
86.18 90.27 89.11 91.18 92.13
91.64 89.96 91.09 91.9 88.42
89.45 91.32 89.01 86.92 87.48
87.13 87.81 85.72 85.87 85.54
82.43 84.63 87.54 85.35 87.73
87.56 88.19 87.84 80.62 85.91
85.58 85.66 87.61 86.22 86.34
85.46 86.31 84.73 85.96 86.96
85.88 82.82 83.47 81.55 80.25
74.39 76.97 71.45 66.14 74.85
80.64 79.56 84.03 84.81 86.67
86.07 82.55 86.92 84.46 85.56
83.01 82.71 80.99 80.33 83.3
83.52 83.09 84.07 84.98 83.61
83.67 84.12 82.22 80.05 81.57
81.17 73.97 78.61 83.21 82.05
86.39 86.67 86.53 86.8 82.19
86.89 85.39 87.18 86.8 85.43
82.83 82.14 84.62 81.53 82.94
82.96 81.98 78.17 80.72 80.17
75.93 73.59 75.61 69.49 60.65
56.52 57.23 64.81 70.36 73.56
78.15 80.14 78.72 83.35 79.63
79.11 74.76 75.46 71.03 70
75.98 74.16 79.11 78.81 79.37
79.28 81.68 82.93 82.54 80.7
80.66 82.32 79.74 82.59 83.27
77.2 81.38 79.7 79.62 78.12
79.25 82.86 78.92 84.95 84.99
83.8 78.27 79.26 78.63 78.39
81.18 80.69 77.87 78.44 81.26
78.45 79.48 81.16 77.42 78.37
71.45 65.49 59.09 51.03 49.04
48.51 47.04 45.93 51.37 41.87
41.13 38.35 30.06 33.45 35.03
30.01 33.25 30.69 30.66 29.05
28.31 30.33 29.97 32.3 28.87
38.42
