44.64 61.87 79.49 86.39 87.66
88.48 89.3 88.34 89.62 86.79
84.95 85.01 84.48 76.35 67.68
54.93 45.1 37.18 35.2 36.91
34.67 32.99 41.69 45.59 57.99
71.63 82.29 87.9 88.8 90.16
91.91 92.05 88.69 88.05 83.15
80.08 76.71 72.84 71.74 65.89
67.54 67.45 64.07 76.95 81.02
81.12 84.4 73.32 74.98 81.73
87.07 87.73 89.12 84.83 82.97
82.76 77.65 83.36 86.01 86.66
88.85 85.75 84.02 81.96 75.01
74.19 77.98 84.99 89.62 91.88
92.97 93.51 92.59 90.37 87.3
82.5 73.49 74.23 70.65 80.95
85.96 84.53 90.96 93.88 94.13
93.4 92.32 91.43 89.55 88.29
89.37 89.97 88.57 88 87.53
85.21 83.46 84.35 77.57 75.74
80.21 86.73 88.69 88.47 91.46
92.11 91.53 92.9 90.89 88.91
85.46 84.98 86.38 92.32 91.89
88.49 91.34 87.86 88.06 88.18
87.83 82.57 70.15 55.5 46.04
34.84 37.94 40.39 37.93 37.79
33.67 31.85 29.8 33.89 35.03
35.03 35.44 33.76 33.82 36.77
46.32 52.08 42.55 47.34 52.12
51.69 43.09 50.18 57.93 52.06
53.45 59.99 66.58 79.63 80.88
84.91 82.21 78.78 82.22 84.1
87.15 90.11 84.91 82.88 78.78
76.38 78.46 67.11 74.38 81.45
85.45 90.39 91.51 90.48 88.39
87.61 86.73 87.67 87.09 82.06
70.37 56.7 44.38 61.04 63.34
71.62 85.78 90.91 91.32 91.3
86.09 85.09 86.99 90.9 91.73
92.78 92.36 89.01 87.2 87.98
87.7 88.43 83.62 84.34 83.85
79 77.16 79.36 81.17 77.05
61.44 54.28 39.98 47.5 45.84
46.41 46.14 44.58 43 45.01
46.91 44.58 47.79 45.91 44.16
52.1 51.25 58.78 67.23 76.75
83.98 87.94 92.06 94.82 93.82
95.02 93.03 90.98 89.73 86.7
86.36 85.26 91.23 91.95 93.05
91.49 90.97 91.24 88.45 90.24
88.85 89.21 81.31 78.54 78.19
83.84 88.58 90.27 92.52 95.92
95.78 94.49 92.84 89.35 89.03
91.62 92.33 94.36 94.44 94.38
93.3 91.46 91.57 91.93 86.39
88.15 86.46 83.37 84.44 80.53
85.42 79.54 73.06 71.95 68.56
67.53 72.38 69.52 68.25 73.96
70.47 68.03 69.67 74.84 71.2
67.03 68.48 68.45 64.75 59.25
58.06 56.82 55.22 55.09 51.86
48.39 45.4 43.19 39.58 38.94
38.09 37.05 30.67 32.83 34.78
33.57 34.89 32.19 32.81 35.15
38.24 31.79 36.04 38.09 34.99
33.52 36.6 31.64 34.45 41.17
35.91 30.24 34.31 32.5 34.17
36.67 30.65 33.68 29.88 31.8
33.97 29.27 29.16 31.08 27.71
35.84 32.93 34.96 30.91 34.6
36.58 30.1 39.73 34.48 36.08
33.77 36.09 34.21 40.85 35.95
32.89 36.21 36.05 36.47 35.64
37.49 36.15 31.49 31.65 40.8
45.36 56.89 64.44 73.69 87.79
91.41 93.02 92.56 92.96 94.9
95.15 95.56 94.5 94.29 92.81
92.12 85.34 79 65.6 54.22
61.09 79.51 90.88 94.32 96.49
96.96 97.06 95.74 94.07 91.46
83.37 87.82 88.79 92.75 95.7
96.59 96.94 96.91 95.67 95.31
92.47 89.3 88.88 80.44 81.92
82.2 77.04 69.29 70.24 73.56
83.23 88.1 87.4 87.6 91.96
93.47 92.78 95.05 95.02 94.78
95.46 94.71 92.62 92 90.78
89.98 90.47 96.22 97.33 98.42
98.12 97.14 95.66 95.24 94.02
94.8 95.9 95.16 94.2 91.73
89.59 89.41 92.6 94.52 96.29
96.14 96.38 96.15 95.84 96.84
96.79 95.66 96.44 94.38 95.06
96.56 91.3 89.76 93.77 90.19
84.66 82.88 89.1 81.49 91.72
96.83 97.04 97.7 97.63 98.06
98.46 98.61 98.72 98.76 98.81
98.82 98.8 98.82 98.79 98.6
98.45 98.58 98.23 98.2 98.23
97.96 97.02 97.33 97.53 98.11
98.16 97.96 96.36 95.41 97.68
94.93 94.88 91.45 95.67 98.15
98 98.03 96.64 95.62 96.33
97.56 98.64 98.57 98.48 98.44
95.38 92.01 94.23 89.75 89.82
95.6 94.85 95.62 94.81 95.77
95.09 92.97 91.56 94.86 94.8
88.86 87.43 81.6 84.47 82.25
80.12 83.18 86.57 88.7 95.82
92.55 96.8 95.38 95.86 90.5
87.42 84.99 82.5 88.2 91.91
94.08 97.11 97.82 97.94 98.2
98.66 98.74 98.7 98.57 98.81
98.71 98.34 98.29 98.65 98.49
96.92 97.85 97.78 95.31 89.8
88.22 91.64 94.89 94.43 84.79
76.69 75.9 76.84 75.01 77.02
84.61 83.38 88.37 86.17 92.72
92.95 92.61 92.96 95.04 94.73
96.11 95.07 96.64 94.19 95.11
95.17 97.05 97.22 98.01 98.22
98.51 98.5 98.55 98.64 98.69
98.37 98.44 98.57 98.51 98.39
97.27 97.44 97.25 96.43 97.6
98.38 98.16 95.14 96.13 91.75
93.17 94.37 98.05 98.11 97.61
98.5 98.33 98.3 98.47 96.88
96.2 97.91 98.27 98.41 97.98
98.34 98.38 97.85 97.97 97.79
98.14 97.75 97.41 97.84 97.17
97.39 96.27 95.19 94.78 94.86
92.97 91.94 88.36 90.72 93.9
92.11 92.16 91.72 88.05 81.5
82.84 78.1 84.35 86.24 84.77
85.38 88.21 89.36 86.38 86.77
78.96 76.81 69.52 72.11 73.42
70.77 66.36 71.43 74.51 71.11
69.51 76.46 77.18 84 80.88
88.37 88.36 89.55 92.91 92.3
91.06 89.14 85.67 81.38 76.59
80.43 80.5 80.62 77.86 78.22
73.29
