39.14 39.87 52.47 42.57 36.27
46.13 36.65 45.03 35.62 32.82
36.9 34.36 31.11 32.45 36.65
34.47 34.98 37.6 32.89 33.86
30.28 35.99 35.93 32.84 34.5
32.97 44.53 36.71 33.72 34.52
31.25 32.84 35.55 30.11 35.58
33.22 41.26 31.52 32.38 36.44
29.08 36.65 29.94 34.33 33.58
28.48 33.2 29.54 33.52 29.74
40.63 32.44 29.21 32.52 35.11
28.32 36.11 27.23 27.87 27.84
29.33 32.03 31.67 32.89 30.08
33.52 30.3 31.14 28.61 29.01
33.5 35.71 34.56 31.6 39.23
26.92 33.61 33.23 28.85 29.6
30.84 29.17 27.34 30.81 28.93
28.85 28.99 31.07 30.77 34.61
35.72 28.81 36.34 32.31 31.2
34.67 29.79 30.37 32.21 24.37
29.44 27.71 27.03 26.85 25.8
27.91 28.76 27.03 27.68 29.28
27.67 29.05 31.03 32.69 36.75
33.49 34.86 33.46 32.39 32.91
30.35 33.24 28.77 32.8 26.23
29.11 30.88 31.07 37.08 31.1
32 31.01 32.49 32.69 35.33
35.67 34.29 31.74 43.42 35.66
40.07 36.95 37.52 37.72 37.03
40 51.54 38.38 31.94 36.94
32.35 33.59 32.33 33.59 34.33
25.56 36.41 29.67 32.17 32.88
30.04 32.64 36.9 35.83 33.37
35.17 33.98 35.64 37.44 28.01
37.34 37.1 27.11 34.05 30.71
33.07 32.05 35.72 34.53 31.12
37.18 33.69 34.84 32.48 34.67
35.88 33.98 31.26 29.15 35.82
30.16 30.61 29.03 28.62 30.62
28.19 31.22 27.66 28.62 26.35
28.13 27.89 31.4 34.79 35.47
27.77 32.76 36.71 31.9 30.91
33.18 35.47 31.1 33.68 39.06
38.19 35.59 43.56 36.39 38.37
41.02 35.45 38.82 39.23 33.77
35.1 36.48 31.26 35.1 33.98
31.99 32.05 36.27 29.33 27.62
31.75 28.66 31.73 30.22 29.31
31.3 31.24 32.04 34.35 32.82
30.59 37.48 32.62 32.66 31.57
28.81 28.02 30.1 24.98 31.14
30.49 24.63 25.62 24.19 27.71
23.42 27.96 25.82 29.4 26.03
30.01 27.08 27.55 24.99 30.69
26.44 32.45 29.83 30.7 27.61
30.95 33.01 25.84 33.62 29.39
27.25 28.71 29.7 29.74 30.4
25.88 25.79 28.07 32.31 28.95
29.77 34.95 39.67 36.49 37.6
47.92 50.13 46.53 57.41 59.49
69.09 78.03 87.58 90.89 92.89
93.85 93.42 94.51 95.89 96.1
96.48 97.38 97.35 96.72 97.37
97.32 97.05 96.54 96.22 95.44
94.89 93.41 91.66 91.7 84.71
74.92 80.1 84.57 89.06 87.43
89.45 92.7 94.5 94.08 94.8
95.73 96.78 97.9 97.36 96.47
97.07 97.34 96.09 95.9 95.64
95.74 93.83 94.28 95.02 94.38
93.46 95.17 94.05 92.95 93.8
92.11 92.86 93.21 93.78 94.54
94.44 94.97 95.1 94.17 92.85
91.6 91.66 91.5 92.24 92.25
95.77 94.99 95.96 95.46 95.72
95.01 95.42 94.49 95.36 95.83
94.76 94.43 96.04 95.9 94.65
94.99 96.65 96.24 94.47 95.21
96.26 96.22 95.73 95.45 95.12
94.78 94.71 91.67 90.88 91.29
86.51 86.42 90.13 90.87 90.15
89.8 90.69 93.46 94.99 94.08
94.39 96.51 95.97 95.58 97.06
96.83 95.51 96.12 96.27 96.01
94.65 95.36 95.05 93.53 93.6
94.05 92.1 89.61 91.59 90.84
86.7 88.03 88.58 86.82 83.93
85.92 89.06 89.63 89.37 91.99
92.32 88.98 80.22 68.74 60.99
59.46 64.48 61.45 61.37 68.34
70.74 70.41 72.83 75.61 76.84
77.78 80.7 80.75 84.54 88.04
88.97 89.31 89.19 92.29 94.56
93.58 93.07 94.08 94.98 94.62
92.88 94.3 93.9 93.6 90.27
90.63 89.08 85.96 88.98 86.97
85.63 87.85 89.63 85.97 83.78
86.98 88.05 83.98 85.04 87.93
84.33 83.14 83.42 78.93 75.88
74.93 67.98 66.11 61.34 53.01
53.68 53.22 40.12 44.54 51.42
47.11 41.71 48.07 55.63 51.76
54.47 61.12 69.1 79.89 87.56
87.7 86.26 88.32 90.57 92.79
91.42 91.46 92.68 92.26 90.64
89.03 90.75 87.61 86.12 83.78
81.97 79.4 78.54 78.85 81.63
80.5 83.8 84.49 81.94 83.58
82.55 81.93 79.3 81.27 74.1
65.47 65.44 64.9 54.89 50.26
61.08 61.88 56.5 63.23 67.52
71.27 69.83 72.1 77.16 81.74
86.36 90.56 91.38 91.76 93.36
93.09 94.82 95.38 96.74 96.19
95.13 94.32 95.77 96.68 97.14
96.96 96.72 95.93 96.35 93.66
93.98 94.03 91.83 94.38 95.9
96.16 96.43 97.53 97.68 95.88
96.5 96.81 95.86 93.77 92.53
89.43 91.73 93.25 92.21 94.37
96.57 96.92 97.16 97.01 97.34
96.47 96.52 94.58 92.9 93.83
94.93 93.16 90.8 93.3 89.22
90.95 89.99 91.14 90.93 89.78
92.45 91.64 87.4 76.93 54.04
48.71 35.29 34.94 33.08 35.24
29.83 40.14 36.39 47.87 52.68
56.22 60.42 71.18 83.37 90.99
94.7 96.01 96.2 96.47 97.39
98.15 98.66 98.71 98.71 98.46
96.77 93.71 89.61 91.23 94.29
92.73 89.16 86.39 90.37 90.96
88.16 83.96 89.95 90.75 89.57
92.29 95.62 95.02 93.42 96.34
96.63 95.13 94.79 96.68 94.75
96.7 97.93 98.48 98.19 98.28
98.25 96.99 97.3 96.48 95.58
93.65 92.25 92.23 93.93 95.31
96.31 96.54 97.39 97.66 98.05
98.01 98.38 98.51 98.53 98.54
98.43 98.54 98.35 98.12 97.84
97.17 96.22 96.16 95.52 96.07
95.2 96.21 96.31 97.29 96.84
95.14 96.31 97.46 98.13 98.57
98.82 98.65 98.14 97.25 96.11
96.67 97.55 97.83 98.3 98.56
98.7 98.61 98.4 98.72 98.52
98.24 97.75 98.12 97.31 96.38
96.39 96.37 96.99 96.77 97.56
97.98 98.11 98.15 98.73 98.4
98.54 97.89 97.13 97.84 95.71
96.47 93.19 90.55 83.78 77.54
81.84 86.67 91.25 93.17 94.15
91.75 92.25 93.66 91.69 90.59
92.67 91.45 85.82 84.5 87.16
87.42 83.31 81.13 84.28 85.83
85.03 86.12 88.95 89.7 88.79
90.63 93.58 91.91 88.8 78.18
62.06 53.75 45.43 34.89 37.71
30.67 31.19 36.51 35.59 35.94
38.16 36.64 30.42 31.88 35.66
30.68 33.01 34.85 38.26 34.2
35.25 41.37 34.46 32.66 35.78
34.83 32.7 35.88 40.4 33.34
35.81 38.53 36.49 33.03 34.28
36.12 34.69 33.72 33.91 38.63
33.9 37.6 40.55 36.21 35.49
30.68 30.34 29.56 27.9 29.41
27.88 23.53 29.33 28.4 26.4
28.48 25.15 26.99 28.63 22.75
27.01 24.39 30.05 26.01 32.82
26.53 27.68 30.27 29.96 26.56
29.04 32.99 26.93 28.8 31.47
28.66 28.06 26.9 26.13 25.91
29.4 27.85 26.57 29.36 29.43
26.03 24.92 27.35 28.15 27.47
27.16 28.04 28.23 28.51 31.54
30.38 28.73 28.32 28.52 29.93
26.68 33.25 25.93 25.59 25.65
26.6 27.75 29.33 28.99 25.18
27.88 26.17 31.53 27.06 25.16
27.82 28.42 29.31 28.42 28.02
29.65 26.39 29.45 26.37 30.47
32.17 27.72 30.25 27.51 26.41
27.04 29.73 27.35 28.62 28.06
30.39 27.08 29.61 27.51 30.03
28.76 29.76 27.49 26.37 31.1
29.39 37.77 48.17 53.4 66.54
83.17 86.39 83.8 83.38 89.43
86.86 89.14 88.85 88.67 82.06
72.98 65.34 57.61 53.32 54.08
52.32 59.3 55.11 55.81 53.1
62.86 74.47 83.57 90.36 89.28
90.33 94.32 96.45 96.64 95.2
96.45 97.27 96.62 95.32 96.67
97.39 97.41 96.8 97.14 97.66
97.28 96.34 97.75 97.26 97.95
98.53 98.41 98.51 98.02 97.53
95.87 95.05 94.13 94.74 93.81
93.64 96.52 96.43 95.15 97.29
97.62 96.75 97.42 97.76 96.95
96.8 97.75 96 95.87 97.04
96.43 96.82 96.84 97.81 97.38
97.79 97.13 96.73 94.93 92.81
90.62 92.09 91.73 92.72 89.87
91.11 91.04 84.31 82.35 84
80.33 79.86 85.82 91.63 91.31
90.55 92.51 94.14 94.32 95.07
95.32 95.75 97.58 97.42 97.14
97.09 98.02 97.23 95.76 96.23
95.66 90.91 75.17 70.09 55.9
50.46 41.92 34.3 40.18 38.12
35.3 31.78 39.32 34.5 38.91
43.92 36.45 42.88 42.62 40.37
42.6 39.89 45.51 45.56 41.71
40.89
