50.02 40.58 48.78 49.13 54.23
49.29 49.96 43.32 46.16 45.22
42.01 43.36 44.99 43.76 41.29
43.83 41.77 46.54 41.62 45.8
46.68 36.82 43.08 37.8 39.55
42.8 38.33 39.92 39.19 35.66
42.23 38.77 38.22 36.03 37.51
35.16 36.61 40.27 40.53 36.37
33.94 37.05 37.06 42.46 36.84
48.19 44.07 50.43 53.18 65.19
76.64 78.48 82.17 81.58 83.89
76.43 74.05 77.49 70.96 80.01
76.29 76.57 79 78.64 74.93
81.16 75.04 76.36 77.18 82.35
85.4 87.83 84.97 81.1 79.61
77.33 74.76 79.49 82.38 77.48
73.17 80.37 76.64 67.41 67.64
66.56 64.41 56.96 60.13 55.62
55.82 60.95 59.1 53.67 52.93
59.64 44.79 46.08 43.07 42.3
49.62 44.53 38.34 36.51 37.07
35.32 37.48 36.24 43 37.69
43.19 46.26 51.21 53.76 50.08
49.31 55.65 51.84 49.07 58.71
55.49 57.54 56.92 52.27 56.74
54.56 50.4 48.12 50.47 43.51
37.16 43.64 37.7 35.95 34.02
38.72 39.09 40.42 66.02 80.46
92.09 93.89 96.46 94.44 94.16
95.55 95.82 93.48 92.31 92.72
94.12 95.97 97.15 98.24 98.2
97.6 97.89 97.07 97.59 98.06
95.87 96.34 97.24 96.42 96.17
94.9 92.26 92.31 94.57 92.01
91.57 94.64 95.12 95.57 95.21
96.87 97.69 97.71 97.85 97.34
96.48 96.3 94.2 94.46 90.17
88.4 87.75 85.98 89.65 89.63
94.65 96.96 97.73 97.71 98
97.45 97.63 96.91 96.37 97.02
97.73 97.44 97.99 97.8 97.56
97.76 97.77 98.06 97.74 96.82
95.34 95.81 91.23 92.92 94.38
93.65 94.07 95.26 96.61 96.69
96.71 96.14 96.65 96.37 95.56
92.39 91.1 92.93 95.28 96.24
96.4 95.92 93.57 95.77 94.51
93.95 94.28 92.76 93.19 93.13
92.94 95.57 95.56 95.7 96.1
95.39 95.58 95.49 93.55 94.03
94.46 94.04 92.89 94.39 95.18
93.66 94.85 96.04 95.62 95.17
95.14 94.02 95.21 93.92 93.39
94.94 96.18 96.44 94.94 93.52
90.39 92.54 93.96 92.97 94.7
95.35 95.59 95.19 95.64 95.2
94.25 94.73 96.38 96.62 97.54
96.82 96.04 95.22 97.24 96.76
97.47 97.46 97.28 95.44 92.64
87.66 84.56 87.7 91.11 93.52
94.6 96.59 94.58 95.08 95.4
95.28 96.92 95.27 96.1 97.46
97.05 95.81 96.47 98.31 98.2
97.62 96.89 94.82 93.49 88.5
82.21 79.01 68.79 77.93 74.63
80.49 88.57 92.57 94.48 97.63
97.82 98.41 97.19 96.9 97.35
96.13 96.77 97.61 97.98 97.18
96.13 95.08 97.63 96.97 95.95
96.05 95.59 95.47 96.62 95.97
94 92.9 85.2 76.53 69.96
62.78 55.32 54.64 60.59 65.79
62.71 84.59 91.25 93.84 96.07
97.13 96.84 96.56 96.09 96.78
97 94.94 92.6 92.61 92.22
91.43 92.13 90.71 88.28 88.09
90.25 91.59 96.3 97.42 97.34
97.6 97.42 98.38 98.47 98.58
98.56 98.22 97.56 94.35 91.85
90.59 92.04 93.77 94.35 95.49
97.42 97.52 98.04 98.34 98.23
98.26 97.39 97.2 97.19 96.71
95.72 94.95 95.51 97.65 97.91
98.04 97.93 97.09 96.96 95.26
90.51 88.83 86.75 88.34 86.18
88.91 88.96 89.77 90.22 95.03
96.12 97.55 97.46 97.38 97.02
95.75 96.5 95.81 96.95 97.93
98.05 97.64 98.05 95.57 97
97.09 96.15 96.07 95.25 96.2
96.14 95.25 96.66 95.84 95.73
94.87 90.65 89.8 92.03 92.77
91.27 91.74 92.55 95.6 95.79
97.31 95.86 96.22 97.22 97.14
96.75 96.06 95.72 96.6 97.33
97.44 98.04 97.62 96.49 95.54
94.06 94.59 93.83 84.12 85.79
90.59 92.78 94.01 94.51 95.67
96.63 98.26 98.24 98.37 97.93
98.61 98.69 98.82 98.76 98.73
98.44 96.97 94.87 91.62 92.67
95.17 95.18 96.42 98.13 97.91
98.27 98.6 98.64 98.69 98.23
97.98 98.13 96.09 95.25 97.26
97.48 98.41 98.34 98.59 98.45
98 96.76 94.21 94.41 93.79
92.93 92 93.22 97.3 97.95
98.31 98.05 98.09 97.83 97.36
97.76 97.85 98.46 98.69 98.78
98.5 98.6 97.78 98.51 98.01
96.19 96.45 96.63 95.56 96.81
96.74 97.37 97.14 95.67 94.4
90.16 77.7 54.82 43.1 37.69
42.2 37.69 37.37 41.19 41.71
41.15 36.56 37.18 37.97 35.68
34.13 32.95 34.06 33.95 36.91
30.76 37.78 31.86 30.61 30.31
33.63 37.58 32.09 34.64 30.15
32.5 31.51 35.31 29.13 36.68
32.74 27.21 33.32 29.34 38.47
32.18 32.19 35.78 34.07 36.1
29.96 35.11 32.93 32.61 34.38
33.12 37.24 36.31 37.8 33.75
38.54 33.51 34.71 37.42 32.82
35.67 35.03 36.11 32.16 40.01
33.86 50.21 55.64
