45.42 54.93 47.09 65.86 63.02
54.16 56.83 48.68 46.72 51.15
52.01 50.13 43.8 52.74 48.85
45.25 46.8 48.8 46.26 49.63
55.28 55.43 52.81 51.58 46.96
50.79 53.52 52.37 46.17 55.7
45.9 53.18 54.39 55.81 57.35
56.65 58.32 68.08 66.99 65.03
67.27 50.96 47.69 51.96 43.91
45.03 43.34 44.65 43.47 42.6
48.49 47.78 42.32 41.79 46.24
44.85 48.53 54.4 51.97 54.45
49.18 56.31 64.29 67.51 61.86
57.15 63.46 71.26 54.15 41.24
53.89 43.61 50.02 57.75 44.61
49.24 48.17 52.16 44.54 43.29
51.72 49.98 56 57 47.04
42.09 52.08 54.95 48.2 44.33
45.17 35.94 39.81 40.12 45.66
35.72 44.46 45.44 57.55 59.34
67.74 84.01 87.81 89.17 90.4
91.08 91.57 90.06 91.79 91.74
89.95 90.47 91.35 89.83 89.51
88.75 90.6 89.35 90.13 91.5
91.73 89.86 90.77 91.64 91.71
90.69 90.92 89.44 90.36 90.02
88.14 85.41 85.08 81.09 71.98
60.53 54.65 55.08 51.4 54.7
57.15 56.62 57.71 70.09 75.67
79.04 84.24 84.12 83.37 79.97
76.29 87.58 90.46 90.33 93.54
94.45 95.48 96.47 95.88 96.27
95.96 95.3 93.99 93.45 91.66
93.59 92.05 91.62 90.03 91.7
92.36 94.08 94.03 93.22 93.56
94.35 94.11 92.32 92.11 89.74
93.25 94.61 94.73 95.34 95.77
94.61 95.31 96.22 95.48 93.97
94.01 93.46 95.92 96.37 96.68
95.81 96.36 95.51 95.25 93.6
92.28 92.89 92.78 90.85 93.21
91.63 92.7 92.32 92.14 91.36
92.06 90.92 89.34 89.76 89.08
85.51 89.38 89.29 90.76 92.4
92.12 93.22 93.93 92.13 93.79
95.22 96.12 96.36 96.91 97.01
97.3 96.86 96.77 94.64 92.5
92.25 91.41 91.28 93.1 94.35
94.9 95.65 95.89 96.39 96.36
96.49 96.53 95.98 95.8 94.07
94.66 93.74 92.47 92.28 91.83
90.35 84.84 83.81 72.2 78.54
85.57 87.33 82.64 83.66 88.3
88.84 90.63 86.5 88.22 87.77
87.89 86.07 83.17 84.99 85.64
68.8 61.52 53.7 52.9 47.89
52.86 41.65 44.61 37.88 36.93
46.37 41.36 47.04 35.76 41.7
37.53 40.68 46.42 52.89 63.67
64.09 70.01 71.01 64.85 68.57
65.57 43.41 48.49 42.83 45.44
54.45 45.44 52.54 50.95 43.92
42.38 45.13 43.6 44.13 41.3
40.41 45.76 52.97 42.8 36.57
40.5 42.8 46.48 49.87 39.82
42.18 43.38 43.72 44.2 49.63
42.17 48.47 59.88 67.76 63.2
58.04 53.84 50.11 46.85 49.08
42.92 47.27 47.81 50 50.16
40.15 46.4 41.68 41.54 44.8
43.6 44.48 44.62 47.93 58.31
56.82 66.05 68.88 72.75 70.08
66.48 64.13 58.41 45.77 48.66
39.54 45.13 43.07 41.6 50.45
38.78 50.32 43.06 47.88 40.63
45.86 40.74 44.83 45.33 40.86
48.95 42.82 36.55 36.48 42.01
39.89 35.98 44.35 40.12 38.61
34.85 41.89 41.4 37.66 47.85
44.73 50.64 43.99 44.07 42.91
47.76 35.75 38.14 44.33 36.31
42.13 42.66 36.25 50.38 45.49
39.61 44.31 38.65 43.52 44.79
38.19 39.02 37.76 40.27 38.01
44.67 39.63 46.99 40.27 44.59
51.47 49.84 47.2 54.02 47.25
43.28 47.92 45.6 52.39 52.27
60.46 68.81 71.82 76.29 75.22
69.4 62.73 52.52
