58.77 69.86 71.7 72.51 74.59
74.66 75.97 76.05 75.06 71.6
73.81 69.48 68.7 67.46 67.48
67.4 68.91 68.94 74.59 83.43
89.68 92.2 92.88 93.73 93.1
93.79 92.23 93.27 93.85 94.21
94.82 95.48 94.61 94.84 95.81
95.69 95.85 96.7 96.91 96.98
95.9 95.03 93.44 91.01 86.71
87.39 85.02 86.68 90.4 92.74
93.76 95.43 95.8 95.96 96.43
97.16 97.16 96.4 96.46 95.01
93.01 92.04 89.12 90.37 88.27
91.64 93.66 94.26 95.21 94.26
95.39 95.85 95.64 94.54 90.74
90.26 92.45 92.87 93.68 92.84
88.93 82.95 87.34 88.41 88.5
92.5 88.62 90.08 93.49 95.06
94.85 94.93 94.24 93.08 92.02
89.49 88.47 90.58 91.69 91.75
93.72 92.69 95.29 95.96 96.87
96.66 96.32 95.91 95.4 94.83
95.51 93.81 93.29 92.92 94.66
95.25 95.7 97.05 96.99 97.26
97.19 97.73 96.9 97.09 95.79
95.8 94.75 95.05 91.84 90.45
92.88 93.76 94.12 94.15 95.04
94.54 95.62 96.04 97.22 96.4
96.68 96.24 96.26 95.86 94.99
95.19 94.61 92.49 89.54 84.41
84.31 82.18 83.5 83.61 87.55
92.06 91.61 93.29 94.73 94.61
96.01 95.17 96.02 97.01 97.81
97.7 97.41 98.05 97.71 97.51
97.27 97.76 97.39 97.09 97.5
97.15 95.21 95.42 96.29 95.03
93.85 93.37 93.2 91.92 89.57
86.34 84.85 84.08 81.4 80.22
77.4 75.3 75.12 74.35 75.9
73.65 73.89 71.86 71.67 68.75
64.81 71.53 64.81 61.93 62.58
64.93 58.26 55.93 57 54.94
52.01 54.57 53.21 44.57 46.87
42.63 38.15 39.13
