30.33 37.69 35.41 42.75 40.18
36.59 32.72 31.53 30.1 36.34
35.34 39.03 42.37 39.31 35.19
34.92 35.14 30.81 33.08 30.87
35.44 32.13 37.27 35.23 41.45
37.97 35.33 38.55 38.9 36.53
41.32 37.37 38.65 34.73 38.53
39.51 38.4 41.27 38.72 42.11
38.87 39.88 40.62 49.47 39.25
48.4 39.32 44.41 45.53 40.83
45.5 43.2 40.92 41.13 34.93
44.86 42.24 45.82 35.33 45.5
39.04 39.9 39.82 44.23 49.37
40.29 41.16 32.02 42.68 43.98
43.25 34.29 33.78 38.56 33.24
40.22 35.22 38.72 42.64 45.24
51.42 44.45 37.85 42.01 44.62
44.76 48.18 37.79 41.39 33.12
37.38 33.56 40.97 36.89 32.46
36.97 37.45 37.71 36.54 31.54
42.81 34.61 39.36 37.05 36.17
34.79 40.76 32.52 40.98 37.28
42.12 37.06 40.01 36.49 40.51
40.65 41.04 39.16 43.51 40.41
44.16 49.4 50.36 51.02 50.41
56.48 54.63 43.91 40.87 53.19
52.93 48.23 49.22 39.82 43.08
45.41 33.62 40.13 43.57 37.67
40.81 37.79 33.43 41.58 35.89
42.88 44.7 46.68 40.47 40.06
40.79 40.66 37.39 43.22 41.58
48.31 47 44.03 56.02 61.53
62.92 58.87 60.99 65.52 61.84
62.86 63.91 67.43 68.44 66.01
69.92 86.12 92.22 94.78 96.29
95.28 96.29 97.35 97.09 96.43
97.52 97.82 97.12 96.8 98.04
97.83 96.9 96.71 97.18 96.53
95 93.32 92.34 89.39 83.13
85.66 87.37 85.61 86.21 83.24
79.25 85.18 88.27 92.41 93.91
95.41 94.9 95.56 96.86 96.35
95.18 95.73 96.24 95.63 94.85
93.41 93.47 93.92 91.93 89.7
91.17 93.38 87.72 87.53 91.37
91.52 88.41 90.22 91.64 90.37
87.17 88.38 90.14 86.95 85.56
87.66 86.26 85.47 83.13 82.4
85.84 86 82.47 79.98 79.57
81.1 75.71 76.43 77.74 81.59
77.82 78.58 75.36 76.17 81.15
84.39 83.53 85.27 87.24 89.47
93.32 89.4 90.57 92.74 93.95
90.98 93.58 96.32 95.03 93.81
95.48 97.2 94.93 94.66 96.17
96.2 94.52 94.6 95.01 95.09
94.05 93.81 93.07 93.36 93.64
93.02 95.14 94.59 93.83 94.74
96.49 94.8 93.24 95.36 96.44
93.59 90.84 93.48 95.05 91.28
90.26 92.29 93.81 94.36 94.9
95.83 95.67 95.52 93.93 94.81
95.35 97.24 95.9 94.86 95.85
95.83 92.86 89.85 90.02 84.4
60.2 50.93 44.91 51.4 53.96
49.57 49.79 53.49 54.54 53.99
54.28 53.47 53.06 52.78 50.94
47.54 46.05 50.88 46.19 43.56
48.95 42.77 43.96 38.28 40.79
42.69 41.77 44.82 49.97 39.7
