34.58 33.37 50.09 51.97 48.01
51.53 52.53 44.18 43.99 43.95
39.54 37.99 38.62 39.4 36.52
42.81 38.46 40.18 39.54 33.61
29.87 28.56 27.57 33.48 34.42
33.02 43.99 38.54 50.64 51.4
65.13 68.35 72.71 79.78 78.14
74.41 77.07 81.99 78.51 76.27
74.95 80.38 84.28 84.77 86.41
89.11 89.38 89.39 91.38 93.21
92.97 93.54 92.75 92.17 91.38
91.55 89.11 89.69 90.24 87.38
86.81 86.7 85.87 83.9 82.56
83.99 82.25 80.09 73.7 76.08
74.16 74.58 72.57 69.37 76.42
80.29 79.01 81.5 83.91 85.91
86.84 88.18 90.96 91.1 91.53
92.71 93.32 93.2 93.65 93.24
92.53 91.33 90.99 89.45 89.76
86.68 83.61 83.69 76.12 78.4
81.4 81.25 78.04 82.32 84.87
84.3 85.4 88.92 90.29 90.19
92.64 92.82 92.9 95.13 94.54
93.69 93.45 93.54 91.65 89.9
89.23 88.83 87.02 84.03 82.61
77.31 70.82 64.38 68.12 71.89
77.73 79.83 79.96 81.71 83.78
87.73 92.2 92.29 92.49 94.89
94.81 95.03 94.6 95.35 93.55
93.82 95.06 93.34 90.77 91.27
91.26 86.44 89.4 88.16 90.03
92.56 92.46 94.07 95.46 95.15
95.01 95.3 95.67 95.51 95.45
95.01 94.24 94.4 93.51 91.14
90.89 89.99 88.88 87.37 87.1
83.23 81.72 80.02 77.43 69.65
56.61 58.36 60.59 66.67 72.08
76.14 82.18 85.4 86.77 88.09
89.09 91.1 92.08 93.73 94.32
94.57 94.07 95.99 94.91 94.98
93.78 94.75 93.22 91.77 92.93
93.11 91.12 89.13 90.67 89.57
86.5 84.27 85.8 85.65 82.11
82.78 85.4 83.93 79.17 80.88
83.58 82.27 76.98 79.64 81.46
77.47 75.18 78.89 78.73 77.23
73.15 74.11 70.53 70.38 69.55
66.95 67.27 67.2 63.19 64.42
68.82 68.88 67.68 67.34 72.8
69.68 71.47 77.19 81.22 81.62
80.46 81.58 79.91 81.08 81.99
77.22 76.16 78.83 75.05 72.77
70.82 71.4 68 66.3 64.26
56.35 55.4 49.51 48.86 50.76
46.17 46.51 43.85 46.46 48.1
51.79 57.98 63.16 76.49 79.81
84.48 86.39 88.71 89.12 90.1
93.09 93.5 94.39 97.28 98.3
98.11 98.15 97.96 96.45 94.04
91.61 89.98 85.14 82.73 77.03
77.4 78.69 76.9 73.52 73.65
75.45 76.11 71.33 76.74 82.53
83.78 83.32 82.26 84.2 85.06
83.96 86.25 87.35 88.73 85.39
86.93 91.59 88.53 86.61 91.89
92.28 89.38 92.25 94.79 94.21
94.8 91.8 91.66 91.73 88.69
88.03 86.1 82.29 84.48 90.68
93.78 94.91 95.71 96.88 97.3
94.52 91.9 82.43 87.56 89.37
93.09 92.37 95.14 97 97.42
96.98 97.12 97.34 97.56 96.48
96.07 96.67 96.64 95.29 94.68
94.66 92.55 91.03 91.12 90.38
89.04 87.69 87.79 87.4 82.98
83.36 81.82 84.04 85.44 89.02
92.99 94.37 95.67 97.96 97.94
98.3 98.16 97.86 95.63 94.46
94.88 93.66 92.25 91.35 90.77
90.25 89.3 86.16 85.25 85.44
84.51 84.64 88.72 91.98 93.84
93.58 93.12 91.99 95.02 94.61
92.79 95.12 96.72 94.8 95.73
97.33 96.06 92.89 94.08 94.54
94.98 94.84 93.56 95.13 97.55
98.12 98.05 97.17 96.31 96.27
97.37 96.78 95.71 95.69 95.21
90.29 89.84 90.72 93.68 93.53
95.18 95.04 94.86 92.18 92.66
88.35 89.76 92.27 93.7 92.96
92.46 91.09 93.3 92.56 91.7
91.14 93.45 92.76 95.28 96.64
97.6 97.13 95.99 92.01 86.16
80.4 74.07 61.26 49.36 44.2
34.7 37.4 38.77 37.06 38.18
36.5 37.09 34.39 39.35 38.29
39.07 46.18 48.78 50.13 49.63
54.2 57.94 68.34 78.36 76.95
76.39 79.19 77.76 79.66 78.11
77.43 76.83 80.7 76.39 73.54
75.26 69.18 66.93 63.07 68.38
64.09 62.42 56.17 52.32 51.49
51.68 45.39 40.26 35.44 36.16
39.99 30.71 30.74 35.01 33.44
34.64 28.44 37.68 32.33 33.32
30.54 34.06 37.64 30.87 32.28
37.47 33.7 30.96 40.05 37.17
34.86 39.27 38.71 41.3 42.05
45.39 44.49 49.04 51.43 49.68
54.31 58.9 60.49 61.69 63.06
66.57 66.04 66.44 68.49 71.45
68.89 69.2 69.87 69.66 67.35
68.64 66.79 64.71 63.67 60.63
56.03 48.23 48.45 48.29 46
47.25 51.03 56.96 64.87 74.74
79.6 80.14 73.55 74.71 78.28
83.26 86.25 86.65 82.29 84.55
87.45 88.73 86.93 89.1 88.1
89.45 88.8 86.55 86.59 85.18
82.59 81.73 78.25 82.53 86.31
86.46 88.12 89.98 90.99 91.07
92.1 92.92 93.44 92.93 92.79
94.77 93.79 93.72 92.3 93.07
92.05 91.66 90.8 89.13 88.16
85.77 84.28 79.41 81.27 82.23
82.1 85.08 84.22 85.8 88.87
89.27 91.2 91.08 92.62 93.05
93.7 93.84 93.6 93.22 92.32
91 90.69 90.22 88.45 86.33
86.37 86.01 80.72 73.33 72.4
68.5 63.78 63.85 61.59 62.77
60.77 60.94 56.34 71.37 71.55
67.01 66.98 66.77 69.8 63.71
68.03 69.08 73.09 76.95 73.88
78.29 80.87 79.01 82.05 84.59
84.5 86.78 87.57 88.8 88.7
89.71 90.29 90.55 91.31 92.62
92.69 92.12 92.64 93.7 93.55
93.57 92.19 91.65 91.02 89.59
88.29 85.14 83.5 80.78 75.6
70 62.95 56.67 51.74 50.09
45.79 37.48 38.7 35.42 40.17
35.51 37.55 38.23 40.01 44.4
46.78 50.23 49.61 46.79 51.3
51.02 53.18 54.35 60.04 62.24
60.92 61.75 61.42 62.47 63.45
63.09 65.65 69.49 76.22 79.09
83.08 86.43 88.04 90.21 90.26
90.55 92.67 92.94 94.28 93.87
94.06 93.25 93.61 92.7 91.49
90.31 84.85 86.66 86.79 78.6
77.94 80.43 84.05 86.55 86.78
86.44 89.23 90.76 92.27 91.43
91.54 94.02 94.67 93.85 94.75
94.89 92.81 93.35 91.94 90.59
88.23 87.22 87.26 85.9 84.34
84.21 82.8 80.95 80.08 82.09
78.04 75.95 78.07 77.82 74.81
70.03 68.45 68.73 62.58 63.9
64.81 68.26 68.94 70.27 76.06
81.02 83.92 85.55 84.27 85.29
88.3 91.23 90.17 90.26 93.3
93.38 92.55 94.32 94.65 93.79
92.86 93.11 91.91 90.69 89.81
88.74 87.96 85.74 84.89 86.95
84.3 80.65 83.5 86.73 80.48
79.98 84.56 83.62 76.33 82.88
83.2 81.62 80.06 83.28 82.67
76.16 77.59 81.4 77.61 69.5
74.36 70.37 69.7 71.7 74.29
72.6 69.28 74.08 74.85 73.92
74.73 79.56 78.16 77.92 81.65
84.73 81.84 80.19 79.77 77.49
74.49 74.4 69.91 67.9 63.32
56.68 45.75 47.34 43.42 47.97
54.9 64.84 73 81.25 83.68
85.36 86.16 88.45 86.91 90.12
93.3 95.83 97.35 97.9 98.08
97.62 96.43 95.58 91.67 88.77
90.48 84.5 83.87 86.52 88.24
86.72 85.04 83.78 79.89 80.04
80.42 83.55 84.55 86.68 90.02
89.37 91.36 91.59 91.07 92.04
93.79 93.14 92.63 94.26 94.62
92.87 93.22 96.06 94.05 92.95
95.12 92.51 87.88 92.23 89.71
90.56 93.33 87.84 89.13 94.21
93.03 94.73 93.06 92.07 92.33
90.12 88.85 92.5 95.03 96.94
96.28 96.6 96.01 94.41 90
87.62 71.66 58.66 52.12 47.77
42.82 40.58 39.56 42.97 43.62
45.51 51.11 55.02 55.52 62.89
68.84 82.59 86.47 88.87 92.35
92.51 93.34 95.64 95.34 94.95
96.85 96.5 95.24 96.02 96.63
94.55 93.29 94.04 94.32 93.24
91.99 90.61 92.4 90.85 86.36
84.79 86.52 89.36 91.92 93.96
93.92 95.13 96.38 97.66 97.66
97.82 96.24 95.04 92.22 89.78
90.08 89.28 90.36 88.62 86.79
82.35 74.64 66.77 64.48 73.51
79.1 82.75 88.68 90.6 91.87
87.64 85.66 84.07 91.35 91.96
87.95 91.45 95.14 93.7 93.03
95.88 95.4 91.57 93.33 92.44
93.19 92.57 92.3 94.56 96.42
97.33 97.23 95.11 95.68 93.37
95.22 95.19 94.53 92.24 92.83
91.76 89.69 89.62 89.67 91.33
92.84 93.76 94.72 94.96 92.12
92.59 92.01 91.18 87.5 82.52
74.08 69.37 74.68 83.34 89.47
90.05 94.32 95.69 97.26 96.47
94.57 89.6 74.56 62.59 45.42
30.89 34.93 30.76 32.5 34.91
30.37 33.56 31.76 33.86 32.95
32.29
