50.24 51.09 50.82 51.9 59.16
60.45 66.01 67.07 72.25 73.68
76.19 76.88 81.57 79.79 75.63
83.13 81.53 74.72 75.47 72.97
78.15 70.38 70.8 69.76 63.35
38.55 31.91 29.37 29.81 30.26
29.06 34.97 26.1 30.92 29.19
32.61 26.78 30.97 31.59 30.18
31.94 27.71 34.23 29.54 30.43
27.39 30.65 36.51 35.16 32.35
34.83 30.38 30.2 30.81 27.44
31.95 26.63 32.08 29.03 30.36
27.39 30.43 30.91 34.71 31.96
40.88 40.59 53.72 65.39 79.29
86.37 87.63 86.51 89.77 96.43
97.54 97.99 98.31 98.36 97.97
98.36 98.17 98.36 97.99 97.84
98.37 98.23 95.94 89.83 96.78
96.78 97.14 96.34 95.18 95.59
96.46 97.14 97.62 97.29 94.58
93.8 95.63 96.54 98.23 98.36
98.54 98.56 98.62 98.77 98.62
98.36 98.73 98.7 98.7 98.74
98.71 98.67 98.78 98.55 98.55
98.6 98.39 98.01 97.58 97.8
98.1 94.59 94.61 93.36 93.4
92.91 91.07 90.15 95.73 98.15
98.42 98.7 98.93 98.96 98.96
98.94 98.93 98.7 98.69 97.98
97.38 98.34 98.48 98.72 98.81
98.79 98.86 98.87 98.87 98.93
98.9 98.89 98.94 98.93 98.82
98.73 98.7 98.7 98.11 97.49
97.68 98.74 98.78 98.68 98.82
98.94 98.95 98.95 98.92 98.87
98.62 98.14 98.11 97.22 97.69
98.15 98.42 98.18 98.24 98.19
98.06 98.58 97.99 97.95 98.61
98.15 98.06 98.74 98.68 98.78
98.86 98.69 98.68 97.99 97.17
95.64 97.58 95.87 95.82 97.37
98.53 98.71 98.65 98.74 98.83
98.81 98.82 98.79 98.81 98.8
98.76 98.7 98.61 98.92 98.96
98.96 98.91 98.88 98.14 98.66
98.7 98.89 98.94 98.93 98.81
98.56 98.35 98.84 98.87 98.71
98.66 98.88 98.86 98.63 98.75
98.75 98.44 98.48 98.75 98.77
98.87 98.93 98.93 98.93 98.84
98.86 98.62 98.64 98.6 98.4
98.78 98.1 97.73 97.7 98.13
98.49 98.59 98.79 98.36 97.4
95.36 93.62 94.67 94.85 93.57
95.67 95.7 94.24 95.3 86.73
93.12 87.05 94.49 88.18 90.94
86.49 89.72 89.63 91.35 94.01
93.25 94.56 95.36 95.91 95.78
96.1 95.73 95.52 92.96 95.09
96.74 97.12 97.62 97.59 98.31
98.63 98.52 98.8 98.63 98.42
98.29 94.88 93.58 93.92 98.65
98.89 98.95 98.89 98.91 98.87
98.81 98.86 98.86 98.77 98.51
98.54 98.5 98.55 98.65 98.62
98.39 98.07 96.99 92.26 90.81
92.27 90 93.05 97.58 96.51
97.91 98.8 98.79 98.88 98.87
98.85 98.9 98.88 98.92 98.87
98.54 98.81 98.92 98.95 98.9
98.84 98.74 98.46 98.62 98.88
98.86 98.93 98.76 98.81 98.42
90.72 88.52 79.71 75.13 73.07
71.12 77.34 71.43 80.46 74.33
75.4 79.49 81.9 79.61 87.39
90.69 89.75 90.71 96.88 97.51
97.03 97.72 98.7 98.72 98.52
98.66 98.86 98.89 98.8 98.41
96.91 97.13 96.8 94.67 92.76
93.5 91.14 87.15 80.92 84.76
83.01 83.99 89.12 91.31 92.53
93.1 96.32 97.59 97.58 98.41
98.71 98.72 98.46 98.76 98.62
98.74 98.68 98.76 98.59 98.56
98.62 98.6 98.8 98.85 98.8
98.78 98.48 98.76 98.89 98.4
98.27 98.53 98.63 98.54 97.16
94.39 93.92 90.82 91.65 87.59
85.65 79.54 79.55 88.99 91.16
92.77 93.29 91.95 94.22 97.21
97.41 97.44 94.24 94.08 97.01
97.65 98.42 98.21 97.23 96.4
92.48 95.58 92.14 93.85 94.94
96.2 97.6 98.14 98.08 98.15
96.78 96.72 92.56 86.69 82.82
80.22 84.23 89.33 93.31 96.17
93.06 96.36 95.6 97.16 93.84
91.22 92.28 96.39 97.1 98
95.37 93.04 89.1 90.83 96.27
98.06 98.59 98.71 98.53 97.67
97.55 97.16 98.09 97.93 96.87
98.24 98.55 98.29 98.34 98.17
97.49 95.65 94.38 94.94 89.43
93.63 97.31 97.35 98.19 98.46
98.27 98.48 97.18 96.6 96.92
94.56 92.12 94.7 96.13 97.88
98.38 98.59 98.58 97.71 95.57
97.03 97.87 98.71 98.77 98.78
98.73 98.53 97.62 97.13 95.76
93.99 94.21 93.8 97.1 98.56
98.63 98.61 98.58 98.42 98.46
97.33 96.86 97.27 97.21 98.11
98.59 98.15 98.05 96.23 95.37
89.68 87.64 86.82 83.85 68.82
56.39
