88.45 94.86 96.61 97.42 97.44
94.79 93.59 92.55 94.33 94.62
95.1 95.57 95.12 96.08 94.56
97.23 97.52 96.3 97 96.2
96.21 96.43 93.99 90.43 88.4
87.06 88.81 94.04 96.7 97.75
98.26 97.8 96.85 92.67 92.47
93.63 96 97.4 96.75 97.21
95.36 91.83 88.18 81.15 69.34
59.55 52.75 45.79 38.18 38.64
39.08 35.62 36.87 32.42 33.45
32.96 33.46 31.49 36.03 38.4
41.54 44.79 63.01 78.44 87.21
91.74 91.47 92.9 91.72 93.19
94.4 95.54 94.52 95.24 94.61
93.41 94.82 95.59 94.33 95.3
95.76 96.86 96.25 95.22 92.02
90.58 85.51 83.94 87.53 87.78
92.98 95.89 96.06 97.63 97.25
96.79 95.4 93.54 85.04 81.11
78.38 89.35 94.14 95.19 96.11
96.03 95.44 95.96 94.36 91.65
91.1 92.97 94.33 94.63 94.85
93.5 92.89 91.58 92.06 91.35
91.53 87.65 87.2 81.97 84.74
79.71 83.07 82.03 78.1 76.27
74.5 70.09 65.55 65.07 65.68
68.85 77.93 83.79 89.51 90.69
95.28 96.15 96.2 95.71 91.63
90.62 90.99 92.68 95.42 96.5
96.36 95.05 92.54 89.79 86.3
85.82 86.01 90.3 93.03 94.17
95.33 95.26 94.93 92.47 85.89
75.28 63.45 52.13 49.83 48.33
41.97 42.07 39.74 34.29 34.39
31.86 34.22 37.67 36.61 38.44
49.89 60.38 72.13 79.93 83.3
81.69 85.78 90.79 92.67 92.31
92.43 90.57 90.1 87.47 88.63
88.07 86.38 86.06 88.44 89.8
88.52 92.01 94.3 94.93 95.64
95.16 96.34 97.64 96.42 92.89
88.12 91.25 89.39 92.78 96.22
96.77 96.99 97.41 96.86 97.34
96.27 95.89 93.31 91.73 90.27
93.66 91.72 90.42 90.42 92.75
90.01 87.93 90.09 90.96 91.45
96.25 96.41 97.47 97.29 97.07
96.34 96.23 95.14 95.56 93.95
91.55 85.6 85.89 87.89 87.86
90.1 92.16 93.75 92.69 92.74
94.61 94.63 95.48 95.23 94.94
97.48 97.43 96.49 96.37 97.95
96.17 96.6 97.19 97.23 97.33
96.91 95.16 91.74 91.7 92.41
92.63 94.58 97.32 98.15 98.4
98.36 97.92 97.15 96.83 97.78
98.19 97.96 97.46 96.6 93.46
90.1 89.33 89.55 91.05 94.27
95.5 96.87 98 97.94 97.46
96.24 95.02 93.21 93.96 90.87
87.15 91.88 94.81 93.73 94.83
93.75 96.08 95.82 94.67 94.55
88.87 86.62 91.34 94.74 95.96
96.68 97.53 93.95 95.19 96.76
96.8 97.3 96.55 96.38 94.43
92.75 92.22 93.74 95.36 95.82
97.37 97.83 97.39 96.75 92.99
90.97 92.4 95.49 96.83 96.35
96.69 96.59 96.11 95.57 94.76
90.82 85.97 80.2 80.6 83.85
87.06 92.21 91 93.2 95.77
95.03 95.17 93.7 93.07 91.54
90.91 89.09 90.51 89.86 92.41
95.39 95.3 95.53 96.92 96.42
95.57 93.98 88.66 86.02 90.39
95.2 96.34 97.73 97.73 97.01
97.09 94.99 95.01 93.42 95.94
97.14 96.6 95.93 95.32 94.31
93.75 91.9 89.76 87.07 78.64
69.28 56.61 50.1 43.9 42.39
41.48 39.71 37.32 33.8 34.32
32.95 31.24 29.76 32.83 30.93
28.78 34.83 33.61 36.6 34.76
30.54 33.78 28.21 34.5 30.03
26.4 32 29.27 28.98 23.49
25.67 30.91 32.12 26.92 32.45
28.54 33.15 31.96 33.02 35.78
32.58 36.86 34.43 38.25 35.99
34.11 40.24 40.35 32.47 37.76
41.37 41.31 40.07 47.3 60.08
73.22 76.3 85.74 85.22 88.4
92.11 93.03 93.59 93.13 92.72
91.24 92.59 93.31 94.22 94.03
95.83 95.48 94.11 97.11 96.34
95.03 96.87 96.57 95.79 94.66
91.6 89.16 85.76 82.34 80.44
84.58 87.13 86.39 86.74 84.89
77.73 70.4 71.14 65.26 68.28
69.79 80.6 89.28 92.49 95.02
96.75 97.31 98.07 96.1 95.18
95.25 93.86 92.55 94.39 96.56
97.28 97.66 96.86 96.07 95.18
92.01 89.93 90.29 92.51 91.28
93.4 93.56 93.11 92.2 92.06
93.42 91.59 89.29 88.37 81.42
86.22 90 88.1 93.2 95.04
96.91 95.64 94.2 91.37 79.06
70.84 60.08 50.36 42.68 40.02
34.56 33.63 33.28 28.32 33.14
31.07 32.46 32.43 28.09 32.77
32.21 30.44 28.99 29.75 27.68
24.71 25.19 29.62 33.53 38.34
38.17 47.57 52.44 57.14 73.04
86.38 91.58 90.15 94.38 94.96
95.6 95 94.96 92.29 89.15
90.65 93.68 94.41 94.13 94.69
93.36 91.82 89.24 84.77 82.72
84.1 86.57 89.57 90.03 87.87
80.46 80.75 89.34 88.33 92.92
91.74 91.76 90.52 91.02 94.61
95.39 93.8 95.96 96.57 94.91
94.39 93.11 89.84 86.77 89.05
88.94 92.59 94.56 95.71 96.78
96.54 95.2 92.88 92.25 93.53
95.81 94.91 94.24 93.29 90.1
87.59 89.4 90.37 89.57 88.74
86.86 91.88 91.7 91.56 87.78
85.84 82.92 85.97 90.71 93.23
93.48 92.91 94.35 95.94 96.25
95.56 94 91.92 93.72 96.05
96.31 96.62 95.94 94.86 94.05
90.72 90.89 90.73 92.91 93.59
93.84 95.14 95.12 93.42 91.64
86.43 74.97 62.53 55.92 54.18
52.52 53.45 59.04 66.68 81.94
88.12 89.7 89.44 89.69 85.37
84.81 87.94 87.47 84.56 73.09
67.75 73.93 87.94 91.99 93.9
94.17 95.97 97.04 97.1 97.6
96.56 94.58 94.05 89.63 86.33
86.86 89.93 92.97 91.52 88.31
85.61 74.51 63.62 54.34 36.41
29.62 31.01 27.34 27.72 27.22
27.75 25.13 24.55 26.44 28.53
26.48 25.86 24.03 28.74 24.29
29.71 26.06 22.32 27.54 28.32
26.79 31.44 33.72 32.25 35.19
34.61 38.76 36.49 37.05 40.59
45.72 36.33 46.19 36.23 30.44
31.41 30.61 32.25 28.55 29.1
29.94 29.39 29.67 29.08 25.13
26.81 28.36 26.04 26.8 27.81
30.52 26.22 30.05 29.22 34.17
39.95 33.97 35.41 37.44 38.45
46.9 52.99 61.67 73.46 84.29
89.43 94.38 96.24 97.24 97.61
97.8 95.73 96.7 94.49 91.86
91.64 91.7 95.04 96.49 95.55
96.46 95.7 95.01 94.69 91.71
91.3 92.68 92.53 92.1 92.63
93.52 93.9 94.61 92.93 92.26
95.07 94.5 92.8 93.19 94.37
93.31 95.03 95.82 92.56 90.61
86.59 75.35 59.21 47.33 32.24
30.15 31.42 29.12 29.87 33.73
33.48 31.38 34.37 33.47 34.37
35.27 37.98 41.67 46.94 49.52
57.82 71.23 82.88 86.62 88.19
94.37 92.85 95.01 97.59 97.93
97.86 95.18 91.71 91.26 82.32
76.35 73.7 84.4 85.27 89.87
94.85 96.75 98.19 98.19 97.31
94.68 92.59 86.85 82.73 88.52
93.41 95.6 96.96 97.82 95.81
96.01 94.08 92.24 89.96 84.52
67.87 61.03 55.99 54.68 68.05
76.15 87.58 91.16 92.09 93.88
95.64 97.21 95.98 96.38 94.38
91.67 91.48 82.78 86.04 73.69
76.92 75.72 66.2 56.89 51.85
40.42 36.69 36.33 36.61 39.31
37.56 30.76 32.66 32.1 27.73
25.29 26.53 30.94 31.92 29.2
33.76 44.19 53.31 56.18 62.57
65.16 75.98 86.47 90.12 92.84
96.52 96.51 95.28 94.17 89.8
89.22 92.26 88.91 86.75 89.19
90.97 95.18 97.31 97.73 96.53
94.22 89.9 84.85 88.01 93.54
95.39 96.38 96.52 93.69 89.32
83.65 72.66 81.32 83.01 89.14
91.94 93.92 94.35 95.05 93.72
92.38 84.82 86.9 89.31 87.01
89.39 92.52 90.7 93.13 96.57
96.89 96.18 95.21 92.81 89.95
86.78 87.84 91.07 90.36 92.01
95.65 97.5 96.64 96.47 93.91
88.51 80.62 84.69 85.68 91.62
94.8 94.7 95.46 96.34 95.97
93.8 91.85 88.87 87.82 91.05
91.16 92.52 88.79 91.15 91.42
93.84 94.8 94.79 94.74 95.32
96.05 95.32 95.56 94.28 95.75
97.62 97.39 97.57 98.24 97.7
96.97 96.01 95.51 90.52 90.43
92.38 92.69 94.93 97.27 98.19
98.35 98.48 98.29 97.93 96.64
92.9 91.47 91.51 90.78 89.46
89.53 87.05 86.29 83.93 81.33
78.59 79.43 74.76 79.33 79.72
86 86.79 88.72 88.85 88.2
88.03 90.68 88.81 90.17 93.66
93.95 93.48 92.84 91.7 92
92.38 94.91 96.9 98.17 98.18
98.45 96.63 97.43 95.85 93.42
90.64 88.98 89.5 92.07 92.39
92.75 94.17 90.16 87.03 94.14
95.68 97.07 96.81 96.94 93.89
91.4 91.87 96.26 97.75 98.4
97.53 97.73 98.12 96.54 96.32
96.64 95.64 96.04 93.45 90.01
85.76 83.25 85.84 86.08 87.23
91.42 93.14 93.9 94.63 96.81
98.09 98.4 98.59 98.49 98.47
96.89 94.44 90.2 89.9 83.7
84.58 83.12 88.42 88.34 91.58
95.07 95.87 97.35 98.57 98.26
98.28 97.17 95.78 95.73 94.1
91.38 91.06 89.85 87.08 84.95
86.39 85.71 85.01 84.08 83.84
88.16 89.65 93.71 94.66 96.25
95.69 96.23 95.13 97.59 96.01
96.98 95.76 96.36 93.68 95.57
97.16 98.57 97.63 98.22 98.34
97.37 97.06 96.25 92.72 93.32
96.39 98.24 98.46 98.4 98.39
97.59 93.28 93.5 97.43 98.27
97.99 97.51 97.33 96.02 95.35
90.36 87.48 88.44 94.38 95.79
95.38 93.84 94.06 96.19 96.27
97.43 96.79 93.63 90.88 92.56
95.19 97.73 96.01 97.1 97.84
96.64 96.16 92.58 89.94 93.94
96.6 98.08 98.14 98.18 97.85
96.77 92.91 91.96 95.18 95.74
97.62 97.59 97.88 97.69 96.65
96.85 95.2 89.02 91.47 92.29
90.48 94.34 95.67 95.44 95.87
96.34 97.61 96.73 94.95 87.2
88.4 89.74 91.51 94.08 95.43
95.06 97.12 98.02 97.61 96.53
95.55 94.33 92.82 89.5 87.93
91.7 94.22 96.32 97.74 97.94
97.89 97.51 95.35 93.26 92.49
95.52 95.82 97.36 95.92 97.09
96.74 95.8 96.17 95.35 95.32
94.79 93.59 92.88 89.77 93.44
93.8 92.77 93.26 94.28 95.37
96.35 94.29 93.53 93.85 95.38
95.53 96.94 96.26 95.8 93.34
94.66 96.09 97.21 92.33 96.41
97.65 95.12 93.55 91.57 89.93
87.62 76.06 64.46 50.91 47.95
49.2 48.87 44.45 56.14 56.36
59.79 60.98 67.75 75.73 83.53
81.05 85.82 91.8 93.83 95.14
96.79 97.15 97.96 97.55 97.35
95.5 94.73 95.43 95.64 96.56
96.24 97.02 97.39 95.82 95.8
94.17 92.24 92.15 93.32 93.85
96.36 96.72 96.5 97.22 97.07
97.15 97.57 96.95 96.35 96.23
96.52 94.92 92.31 89.88 90.79
90.8 93.82 93.41 93.88 90.69
92.86 92.85 94.87 94.13 91.36
93.29 95.09 91.92 90.47 87.04
82.2 71.96 71.01 65.92 67.42
69.54 72.56 80.44 82.99 86.87
86.2 94.84 97.53 98.09 97.18
95.27 93.22 95.72 96.42 92.92
93.18 94.4 90.4 90.64 93.16
92 90.13 88.96 92.87 92.88
93 93.32 93.87 94.52 94.35
91.99 93.61 93.84 94.94 93.65
91.35 89.97 92.77 93.29 90
88.66 91.65 90.83 82.47 86.43
88.98 86.47 84.11 86.48 87.81
81.73 73.81 77.85
