56.82 59.89 60.93 62.16 67.67
68.47 72.12 74.18 78.47 78.09
81.87 82.72 83.04 85.7 86.24
85.88 87.99 87.94 85.3 84.57
84.88 81.45 79.07 79.25 76.02
75 68.39 64.03 60.33 57.96
57.45 45.68 46.78 40.39 43.42
45.13 47.36 51.61 53.32 54.95
56.08 54.05 59.74 57.69 57.45
58.02 63.23 59.08 56.95 58.74
57.6 53.26 47.41 55.95 53.44
61.93 67.86 78.11 90.19 92.71
92.2 87.84 87.21 92.43 94.11
89.93 89.88 89.29 89.1 89.31
95.56 96.85 97.93 97.91 96.63
97.19 98.28 97.55 96.17 92.69
94.49 97.51 98.05 98.54 98.79
98.6 98.4 97.34 96.22 97
97.17 95.69 95.52 95.49 96.29
96.88 97.78 97.53 96.98 97.92
98.17 97.16 96.46 95.43 93.18
92.79 92.32 90.96 93.38 95.62
96.62 96.89 96.82 95.8 97.36
98.19 97.97 97.67 97.7 98.52
98.32 97.73 97.32 97.96 98.11
97.46 97.37 97.43 97.18 97.17
95.78 96.97 95 93.26 87
89.2 90.9 91.46 95.78 97.32
98.1 98.76 98.89 98.88 98.85
97.84 96.39 93.8 93.12 94.23
97.39 95.27 95.79 97.39 98.07
98.72 98.74 98.7 98.63 98.88
98.82 98.61 98.68 98.21 98.68
98.91 98.91 98.87 98.65 97.45
97.44 97.67 97.89 98.33 97.52
97.67 98.34 98.62 98.57 98.67
98.7 98.73 98.59 98.73 98.82
98.78 98.89 98.86 98.86 98.76
98.59 98.49 97.87 97.57 98.47
97.57 97.98 97.9 95.75 94.94
96.05 98.55 98.77 98.81 98.87
98.85 98.85 98.6 98.22 97.76
98.28 98.12 98.66 98.64 98.57
98.71 98.65 98.46 98.59 98.45
97.41 97.51 97.56 97.65 97.95
98.09 97.91 97.73 95.98 94.26
96.62 98.1 98.45 98.26 98.44
98.37 98.19 97.53 97.84 97.27
97.11 97.37 98.27 98.67 98.83
98.84 98.84 98.77 98.58 98.57
98.75 98.73 98.61 98.68 98.77
98.6 98.4 98.37 98.64 98.21
97.8 96.58 96.34 93.76 94.26
96.14 97.12 96.53 97.11 97.16
98.07 98.8 98.74 98.73 98.7
98.82 98.6 97.81 97.51 97.33
97.5 96.51 97.3 98.36 98.65
98.7 98.68 97.43 95.01 88.86
84.82 84.43 83.69 84.47 82.22
81.83 83.31 86.54 92.41 95
93.8 86.03 71.44 65.7 55.9
57.71 57.04 58.8 58.13 57.79
62.79 61.28 69.43 75.02 87.06
89.76 91.03 87.43 90.23 94.21
95.42 93.76 96.39 98.02 97.69
97.31 97.64 97.85 97.01 96.85
95.95 94.78 96.27 97.43 97.87
97.61 97.59 94.88 94 89.25
