37.46 43.9 37.09 48.58 44.04
50.89 44.72 46.67 39.63 44.14
45.33 46.03 50.34 45.52 53.47
55.44 64.68 61.16 68.8 70.72
64.69 65.48 63.23 59.29 62.86
53.92 50.84 52.66 47.78 50.85
47.45 37.45 38.93 37.86 38.74
39.98 36.12 41.33 33.6 38.89
39.63 34.96 43.38 39.15 36.6
40.95 39.68 40.84 38.06 36.51
40.32 41.36 38.45 37.25 38.25
41.34 41.12 41.48 41.44 42.44
43.08 39.57 44.5 40.76 39.45
43.8 43.23 42.04 45.2 49.67
54.38 61.11 58.51 45.11 45.1
47.99 46.02 46.91 58.92 63.14
45.44 46.26 42.39 41.98 45.22
39.71 38.82 37.38 36.47 38.12
36.56 40.35 39.55 41.5 40.28
34.59 40.04 38.95 36.37 34.76
38.37 35.17 46.02 39.31 40.89
40.23 39.83 39.24 37.17 36.46
36.99 42.19 45.53 34.5 39.08
35.92 38.55 41.1 47.14 45.87
44.32 46.49 38.17 42.66 46.14
54.17 48.09 52.42 60.83 66.99
63.66 56.8 57.24 45.25 45.6
42.79 43.18 38.51 42.44 43.44
34.94 36.47 36.82 41.89 37.3
51.9 56.11 61.58 73.47 83.27
86.78 90.36 90.67 91.47 90.55
87.7 89.29 85.57 81.86 82.64
83.34 85.63 86.84 88.67 89.33
88.88 89.57 89.03 89.2 89.37
87.56 87.62 88.03 86.97 86.51
80.42 75.66 81.47 78.45 79.64
83.46 87.82 85.69 87.25 83.6
78.29 74.55 69.02 65.04 68.36
69.33 77.4 79.49 82.9 87.56
89.75 89.68 89.92 88.85 88.89
86.96 87.45 88.77 89.53 90.75
90.04 91.37 91.46 91.1 91.88
92.18 87.58 89.99 88.24 88.59
86.5 83.92 80.82 83.85 87.68
88.04 91.69 91.77 93.21 90.76
90.64 86.27 78.89 69.51 69.04
72.45 67.42 66.94 67.99 69.36
69.73 67.35 62.52 63.28 54.78
49.81 49.77 47.89 40.91 47.35
50.59 53.25 59.77 70.95 81.78
87.53 90.64 90.22 91.92 89.52
89.41 91.3 88.75 87.6 88.46
89.09 90.29 91.04 91.7 92.35
91.82 92.56 92.16 91.07 91.36
87.87 86.97 90.76 89.61 90.61
89.96 88.94 90.92 89.72 90.4
87.29 83.5 81.11 73.46 75.39
77.32 77.5 82.97 87.49 85.84
87.37 90.38 91.42 92.05 92.24
91.31 91.99 89.03 88.12 86.68
88.57 89.41 88.09 87.92 90
90.05 89.09 89.17 87.23 87.73
86.66 89.96 89.32 89.5 85.81
86.5 89.63 88.88 91.88 89.81
91.4 87.27 87.33 82.86 79.62
74.99 64.76 63.34 63.17 58.44
58.8 56.64 56.57 42.67 43.82
43.39 39.98 32.19 37.41 32.25
40.17 39.82 33.61 33.55 36.29
30.1 34.62 38.75 35.26 37.09
35.39 44.58 40.63 41.17 36.79
33.66 36.47 41.5 37.15 39.49
38.96 38.75 35.95 38.94 41.5
41.08 36.98 35.69 31.02 32.71
36.49 38.6 37.74 43.2 44.95
45.87 40.83 41.6 38.32 34.94
36.22 34.89 37.66 35.24 36.53
32.52 38.78 38.83 37.95 34.04
41.72 35.99 37.27 41.95 32.01
36.54 36.48 50.52 54.04 68.1
85.4 89.92 92.86 93.3 93.68
93.21 91.42 91.84 89.89 89.46
88.66 87.81 89.37 90.1 90.86
91.6 91.91 92.33 91.6 92.06
93.19 88.27 89.41 90.94 87.14
90.25 90.73 88.94 91.81 90.47
90.14 87.78 87.3 84.17 83.16
83.11 81.92 83.61 85.42 89.84
90.45 92.74 93.53 93.21 93.5
92.03 92.04 87.98 89.09 90.03
90.82 91.66 92.2 91.67 92.6
92.86 92.33 91.18 89.54 91.43
88.92 91.59 89.17 88.26 86.5
87.81 89.96 90.67 93.11 93.57
94.32 93.07 90.84 86.57 80.03
68.32 65.56 57.62 50.36 31.58
