39.01 51.51 67.48 71.6 73.63
83.06 89.25 91.04 92.71 93.2
94.53 94.66 94.56 96.19 97.12
97.07 96.87 97.74 97.47 96.65
97.74 97.94 96.64 97.44 97.83
96.61 95.44 96.27 95.85 93.34
92.27 91.76 88.89 84.48 81.24
85.18 84.7 86.03 88.88 89.86
87.91 90.91 93.13 91.41 90.99
94.22 92.28 90.82 92.76 94.53
92.51 91.57 94.44 94.14 92.12
93.37 94.37 93.69 92.04 93.9
93.68 91.45 91.38 92.05 89.59
88.1 89.57 86.51 86.48 86.28
84.94 86.37 87.6 88.5 87.14
88.62 90.75 90.14 88.98 91.26
91.98 90.06 91.48 93.53 91.78
90.76 92.23 91.59 89.41 91.36
92.07 90.28 87.95 92.2 91.28
88.19 89.11 89.9 88.56 86.46
87.99 88.91 85.46 85.77 86.96
86.3 83.34 85.47 85.3 81.5
81.08 83.02 81.18 77.95 78.32
73.2 62.09 57.78 54.71 51.96
53.32 54.72 51.44 50.5 52.53
54.72 53.84 54.14 60.84 59.49
58.09 66.52 66.52 62.7 64.01
69.89 66.61 62.64 70.93 75.39
70.09 70.34 76.58 79.42 75.45
78.08 82.82 79.32 76.73 80.16
82 75.67 76.33 80.86 75.45
75.66 75.37 77.69 72.78 73.43
78.11 76.5 77.01 76.48 77.84
76.7 77.37 77.11 74.2 73.94
76.91 78.3 74.43 74.79 79.51
78.82 75.47 78.39 80.27 80.51
80.57 82.76 84.85 85.28 81.64
84.77 84.44 86.24 84.83 88.27
87.31 84.82 86.12 85.62 86.18
85.48 88.07 86.98 87.22 88.74
93.15 91.83 93.07 92.47 93.2
94.52 94.1 94.65 94.64 94.42
94.27 94.51 93.56 93.66 93.35
92.88 90.96 91.22 89.44 88.61
85.35 86.03 82.45 74.1 64.21
65.01 57.21 45.46
