51.72 55.86 54.09 54.04 63.16
63.79 58.92 70.04 65.38 65.9
63.69 55.24 58.31 53.29 53.49
48.71 51.58 48.92 56.04 52.6
52.65 52.82 49.73 54.9 53.87
51.04 60.58 50.61 48.46 49.29
55.86 49.97 50.6 51.5 48.18
53.1 52.71 54.97 48.67 49.17
47.54 67.14 60.39 53.56 49.7
51.16 44.7 45.78 51.95 51.56
41.47 44.83 49.15 42.55 42.6
52.16 43.95 41.07 47.8 42.04
40.67 56.29 38.06 51.94 38.85
47.07 43.7 42.77 44.27 39.56
41.38 43.93 33.67 42.33 38.53
35.71 46.63 43.46 50.14 48.08
44.33 49.94 50.62 58.52 56.97
64.49 51.87 45.6 51.82 41.82
46.55 37.13 38.32 35.33 31.77
43.45 51.95 51.97 45.57 42.57
46.68 49.02 52.08 54.39 58.11
72.03 78.81 77.16 80.58 83.52
84.66 85.7 86 83 83.41
79.36 71.43 65.77 62.62 61.68
56.9 46.98 50.81 47.89 55.2
48.13 46.86 44.7 49.65 51.4
50.99 58.03 53.89 53.75 49.31
51.83 49.44 47.29 51.3 42.53
45.8 44.99 43.84 39.57 48.42
46.42 48.94 40.24 47.45 44.55
43.56 53.04 48.72 44.78 48.73
47.72 50.25 52.98 56.12 67.43
70.59 72.12 76.67 76.6 81.84
81.61 82.94 84.29 86.16 84.28
82.95 82.32 80.32 80.06 80.08
78.24 76.41 78.58 79.5 81.51
82.56 79.46 79.06 79.76 73.99
72.22 64.88 67.61 57.31 55.59
62.35 59.6 65.99 61.84 54.5
56.46 53.7 54.01 55.31 51.82
56.27 55.43 49.38 55.57 49.28
51.69 51.5 52.78 52.69 48.3
56.52 53.52 47.51 46.76 52.99
45.43 56.41 57.76 55.47 56.39
58.93 57.92 59.14 66.8 77.62
72 78.17 82.4 84.88 86.31
88.19 90.88 91.6 91.22 93.46
94.5 95.27 95.7 95.42 96.28
96.5 95.99 95.47 95.47 95.54
93.68 94.32 92.38 92.22 89.15
88.64 83.84 81.71 69.07 59.59
58.74 54.82 51.86 44.28
