77.77 90.21 93.18 95.23 95.67
96.11 95.89 95.68 92.52 94.32
94.61 91.62 92.69 93.26 91.72
93.19 92.52 92.43 92.38 92.26
93.8 94.7 95.34 96.15 96.54
95.26 95.04 95.27 94.63 93.43
92.14 90.65 85.66 82.36 79.96
87.94 91.09 93.32 94.64 95.81
95.69 95.7 95.38 96.06 95.61
93.22 92.1 92.31 94.21 94.99
94.28 94.09 92.9 94.97 95.27
94.75 93.84 95.62 95.75 94.51
95.69 94.07 93.39 94.13 93.78
94.47 95.11 94.97 95.35 96.53
96.07 96.68 96.75 96.1 95.56
95.91 96.05 95.37 96.25 96.77
93.13 93.29 95.11 95.91 97.49
97.56 97.05 96.53 97 97.23
97.71 95.61 93.83 94.97 95.92
94.94 95.77 96.26 96.5 96.88
96.82 97.51 97.23 97.72 98.08
97.22 97.01 96.84 97.2 97.62
97.74 97.62 97.46 97.18 96.6
95.88 92.95 93.65 93.24 93.03
94.12 96.47 95.08 97.28 96.45
97.61 97.31 97.33 97.18 96.94
96.85 97.45 97.6 97.54 97.58
97.59 97.56 96.73 95.44 95.15
96.72 96.76 97.38 97.34 97.66
97.25 96.64 96.03 93.98 93.64
92.12 94.44 93.32 91.4 95.03
95.87 96.46 96.88 97.04 97.18
96.98 97.52 96.97 95.92 95.77
96.81 96.03 93.8 94.62 94.56
92.59 89.01 81.43 80.45 77.09
75.13 78.9 83.27 86.63 88.55
91.48 92.48 90.85 91.1 92.46
93.4 92.74 92.9 94.64 95.3
95.58 93.94 95.24 95.11 93.8
94.69 96.68 96.11 95.98 96.45
96.51 96.96 97.3 96.12 93.66
96.28 95.11 94.57 95.65 96.89
96.94 96.36 96.93 97.24 96.29
95.55 96.29 95.05 92.76 93.1
92.15 92 93.94 93.48 95.91
96.33 96.75 96.19 96.78 97.25
97.66 97.14 97.48 96.9 96.94
96.75 96.37 95.69 95.36 94.44
91.94 90.84 86.95 80.95 73.63
60.11 56.72 56.78 50.65 51.79
48.52 46.85 47.82 42.32 54.42
38.75
