53.99 67.51 71.93 74.08 74.76
76.91 76.22 75.32 76.44 79.17
72.29 66.66 67.48 63.9 61.18
59.93 55.58 55.73 45.65 52.59
52.96 47.29 51.27 48.79 53.97
58.51 60.82 65.1 72.23 80.68
75.84 75.44 82.79 88.5 83.63
85.06 89.87 89.73 90.69 89.92
92.47 92.61 90.92 91.54 89.17
90.95 86.62 87.17 86.75 86.75
84.05 78.52 73.79 68.47 60.46
57.18 54.49 51.69 53.7 48.28
46.14 48.1 41.31 42 46.02
44.31 45.81 48.42 44.57 46.06
49.56 51.24 49.54 53.67 56.23
56.05 55.39 59.79 58.87 55.12
59.81 58.04 56.36 54.48 54.82
56.35 57.32 55.77 58.56 59.08
58.33 56.92 66.48 69.64 63.54
69.42 67.26 67.47 67.34 64.98
69.45 66.29 64.54 58.97 61.25
58.51 60.65 58.9 60.69 63.01
73.26 74.44 70.24 63.62
