40.6 41.46 35.39 38.69 41.42
38.34 40.38 40.94 40.63 37.49
37.86 37.45 37.39 39.6 38.66
39.03 36.16 42.67 42 50.12
45.68 43.05 47.99 40.44 46.05
48.18 41.98 40.89 55.39 61.48
64.59 70.87 73.74 82.65 88
91.48 92.2 93.56 95.4 96.03
96.39 97.58 97.86 97.9 97.62
97.7 97.91 97.68 95.4 95.69
94.66 92.56 91.36 90.72 90.79
84.34 81.21 81.51 79.65 71.64
74.95 73.92 72.07 66.53 57.75
49.04 42.42 44.29 40.32 38.51
35.71 33.9 32.59 36.55 36.11
33.87 37.08 35.23 39.41 37.58
40.12 39.93 35.14 42.84 34.52
41.96 47.36 51.96 57.92 63.68
63.19 69.52 68.28 67.23 71.62
79.71 80.67 84.84 85.74 87
90.84 93.48 93.01 93.93 95.43
96.71 96.81 96.71 96.8 96.43
95.45 95.62 94.04 92.52 90.68
83.6 84.3 81.54 84.73 80.89
83.84 86.73 89.36 91.34 93.01
93.58 94.8 95.89 96.74 96.86
97.3 97.69 97.77 97.88 97.57
97.58 97.04 96.51 95.1 95.93
94.43 91.78 91.4 92.1 89.47
85.03 85.63 83.37 87.23 89.39
89.78 90.68 93.45 95.2 94.7
96.28 97.28 96.98 97.41 97.37
97.85 96.5 96.7 96.69 96.87
96.2 95.22 95.04 95.51 93.89
92.69 92.02 92.67 90.42 90.26
89.96 89.54 88.85 90.16 93.44
93.7 94.42 95.98 96.35 96.29
96.84 97.4 96.68 94.83 96.07
95.74 89.98 91.1 93.55 89.56
79.96 86.98 88.8 83.27 77.88
84.24 87.48 79.97 81.94 88.24
85.6 87.86 86.31 82.83 88.11
89.94 89.72 91.38 93.79 92.9
93.94 95.97 95.91 97 97.48
97.18 97.39 97.83 97.12 96.34
95.66 95.09 94.15 92.94 90.84
90.5 83.73 73.19 65.86 55.38
45.79 49.35 43.17 40.05 48.42
45.25 42.48 44.61 43.24 42.14
41.97 42.1 43.59 43.34 50.55
45.18 39.44 34.45 34.77 31.87
32.54 37.91 34.55 38.88 31.21
28.61 30.39 27.66 28.31 28.51
33.15 46.49 65.06 75.74 84.63
84.96 88.83 89.87 89.9 91.83
93.38 92.68 93.4 94.18 93.69
95.24 95.48 94.71 95.86 96.38
97.39 97.68 97.71 98.21 98.19
98.31 97.55 97.99 97.7 96.38
94.17 94.94 94.45 90.5 84.83
85.97 90.65 88.97 81.53 85
87.72 86.91 88.63 81.35 82.15
85.58 86.91 85.97 85.38 80.3
74.25 79.47 88.63 83.58 80.5
86.07 90.75 85.87 86.75 92.77
94.11 93.17 94.3 96.9 96.39
96.63 97.05 97.04 96.17 96.15
95.09 90.66 86.29 89.69 90.48
91.71 91.88 90.12 92.01 93.39
95.83 97.21 97.36 97.56 97.79
97.97 98.04 98.09 97.91 97.48
97.3 97.03 96.92 95.64 93.29
94.05 93.32 89.2 87.9 90.17
88.13 92.61 92.46 89.53 91.43
92.34 93.08 94.35 94.59 95.44
96.71 97.1 96.55 97.18 97.83
97.84 97.13 97.44 97.68 96.82
96.82 97.3 97.52 96.74 96.19
96.73 96.76 95.81 95.06 95.16
94.84 93.18 92.24 92.24 91.71
89.9 85.23 86.35 90.5 90.47
91.12 92.11 93.8 93.36 92.95
93.8 95.03 93.99 95.06 96.35
94.5 95.55 97.14 97.43 96.05
96.49 96.7 95.55 92.62 93.97
94 90.25 88.1 90.13 86.44
83.14 84.4 86.49 82.1 76.55
80.66 72.22 53.71
