33.61 32.06 36.02 36.45 39.42
42.1 35.23 35.54 37.98 33.14
39.85 30.71 34.84 30.88 29.26
30.54 31.42 36.04 34.08 35.29
41.82 38.18 38.29 41.19 43.1
43.92 43.78 37.77 40.84 47.35
41.45 37.72 41.14 36.35 38.28
36.08 36.58 38.52 38.31 42.68
42.82 44.4 43.84 54.81 46.98
43.54 57.91 53.59 40.52 47.69
42.69 39.49 49.91 40.09 44.22
39.9 37.79 53.55 40.54 35.11
42.35 38.46 43.05 43.49 40.39
39.67 38.97 43.16 47.18 39.79
39.01 47.98 39.91 46.71 42.12
48.11 41.6 33.88 39.97 46.2
40.9 47.48 41.76 42.87 41.09
41.84 42.4 45.18 45.27 44.45
46.65 42.38 43.63 39.73 45.47
49.85 40.24 53.01 52.93 46.15
44.31 50.86 47.5 47.06 53.35
59.78 73.02 83.96 86.32 87.82
90.92 90.92 90.61 92.77 93.95
93.75 94.65 95.65 95.67 95.64
96.44 97.29 97.46 98.14 98.31
98.71 98.79 98.84 98.65 98.64
98.39 98.8 98.8 98.93 98.93
98.91 98.81 97.95 95.83 96.52
96.6 94.71 94.53 94.82 96.82
96.61 96.32 96.26 97.74 98.54
98.55 98.03 96.12 81.37 84.47
89.74 96.33 97.58 98.6 98.41
97.41 98.49 98.59 98.29 97.77
97.88 97.13 98.06 98.13 97.2
97.79 97.31 97.43 97.27 98.18
97.99 98.3 98.59 98.23 98.37
98.68 98.72 98.17 98.15 98.5
98.6 98.9 98.86 98.91 98.79
98.39 97.04 97.08 97.28 97.46
97.67 95.09 90.46 86.17 86
89.68 91.93 93.09 93.76 90.77
93.64 94.98 92.86 91.27 94.88
95.02 94.13 94.63 96.91 98
97.67 98 98.6 98.63 98.46
98.67 98.79 98.7 98.81 98.78
98.9 98.88 98.91 98.65 98.39
95.31 93.84 90.87 93.64 96.77
93.49 92.01 95.34 95.67 93.39
90.41 93.02 93.47 93.03 92.44
92.11 87.89 86.41 90.88 94.44
96.03 97.62 98.03 98.27 98.14
96.07 96.34 98.12 98.28 97.35
97.49 98.3 98.44 98.79 98.75
98.68 98.84 98.66 98.56 97.54
97.01 97.66 94.95 94.33 92.76
93.51 93.98 95.02 97.07 96.37
96.79 96.94 96.54 97.53 98.37
98.13 98.18 98.54 98.7 97.85
97.95 98.58 97.97 97 97.62
98.29 97.12 96.2 97.05 96.46
95.37 92.64 87.78 81.96 82.8
85.18 86.2 85.49 88.65 88.85
90.38 91.87 94.18 95.57 96.57
97.19 96.66 96.25 96.56 96.48
94.96 95.04 94.43 93.1 91.51
91.15 86.01 84.18 72.36 68.21
62.31 59.03 49.76 44.57 52.36
46.22 52.08 53.04 58.91 57.25
56.15 53.47 41.12 38.29 44.19
43 38.38 34.55 31.76 37.13
28.86 36.23 32.91 35.05 34.72
33.36 33.67 32.52 34.3 34.81
37.62 32.13 36.98 33.65 36.06
31.71 39.02 31.31 37.69 30.63
34.89 29.67 35.15 36.72 29.65
38.14 30.85 40.4 40.46 35.55
31.92 31.56 40.36 34.84 35.78
34.48 38.45 34.79 36.57 37.21
37.04 43.01 44.1 41.52 37.81
39.51 36.36 42.25 33.31 37.87
35.82 38.96 40.88 41.03 43.22
44.05 45.89 50.08 52.52 57.84
