55.39 55.24 51.74 57.54 57.66
58.44 55.62 50.45 46.54 52.96
48.04 51.03 54.6 54.57 53.66
57.38 54.38 55.28 57.57 54.97
60.95 53.24 52.59 61.93 56.35
56.93 51.12 52.6 50.13 50.05
49.72 44.59 46.35 52.44 40.42
48.69 39.66 50.26 48.08 40.54
48.79 42.49 49.39 46.96 43.13
50.6 43.02 42.77 42.06 47.9
41.82 45.64 39.21 43.89 43.91
41.43 38.54 40.79 39.72 41.15
35.6 38.01 33.35 37.63 34.09
37.33 34.59 34.84 36.78 34.89
42.15 39.34 43.9 36.21 46.93
44.28 43.88 46.48 42.44 44.32
38.62 37.33 38.6 37.59 42.59
36.85 40.38 47.3 46.68 37.56
39.56 44.22 42.78 41.92 41.83
41.07 42.93 42.43 43.99 47.01
52.2 44.77 48.04 42.13 47.42
46.5 50.64 51.27 46.66 53.68
55.93 58.48 59.07 63.98 72.13
78.32 82.05 85.04 89.02 89.69
91.47 91.45 91.82 91.01 89.08
90.88 90 87.37 87.64 88.64
90.68 91.95 92.64 92.2 92.42
93.84 92.64 91.46 92.05 92.35
92.6 91.75 91.68 93.47 93.01
92.01 90.66 92.79 90.82 90.89
88.75 88.65 84.79 78.7 80.11
83.84 82.33 84.72 87.18 86.11
88.63 90.97 91.83 92.23 92.69
92.34 93.64 92.12 92.37 91.51
92.7 93.02 91.38 92.15 92.24
92.05 91.07 90.09 90.69 89.08
89.7 86.49 89.32 89.1 87.22
86.04 85.38 88.2 90.7 92.95
90.95 92.15 90.35 89.14 80.97
71.67 68.22 66.82 65.16 63.44
64.42 60.2 60.37 58.92 50.71
55.32 54.29 51.69 52.42 53.86
44.77 43.76 42.18 40.44 43.07
41.21 40.72 37.74 41.58 40.35
41.73 42.47 43.2 42.16 41.98
40.06 38.22 36.55 36.71 36.3
38.42 38.5 40.32 31.62 38.12
33.92 34.11 31.47 39.6 40.81
32.05 34.01 39.52 40.53 38.87
30.78 41.9 38.73 35 34.25
41.43 31.39 37.31 29.07 41.23
32.64 32.04 37.82 32.82 33.27
40.77 33.45 39.83 33.01 34.72
35.57 39.29 32.57 38.6 35.85
37.46 39.71 40.37 46.31 45.97
48.59 42.94 51.44 58.45 46.3
53.62 61.39
