44.78 55.56 57.13 59.14 71.15
85.83 89.6 88.57 88.75 92.97
94.7 95.02 95.38 96.21 95.9
94.2 93.21 92.81 93.67 94.1
95.4 95.91 95.97 96.45 96.98
96.45 96.71 95.87 97.26 97.51
96.36 95.39 94.26 94.29 93.69
92.27 90.13 80.46 62.41 51.62
37.29 34.83 30.83 28.47 28.25
29.15 31.95 40.11 50.09 69.96
82.7 91.95 95.47 97.95 98.17
98.68 98.77 98.8 98.89 98.87
98.89 98.9 98.84 98.84 98.46
98.66 98.62 98.17 98.25 98.4
98.6 98.45 98.11 97.35 97.96
97.69 98.46 98.69 98.56 98.74
98.75 98.68 98.7 98.77 98.8
98.79 98.74 98.77 98.78 98.55
98.66 98.72 98.43 98.09 98.49
98.18 95.84 96.95 97.11 97.94
98.17 97.7 98.62 98.33 98.43
98.74 98.74 98.51 98.24 98.64
98.76 98.82 98.35 97.88 98.38
98.17 97.85 98.52 98.51 98.6
98.72 98.5 98.34 98.37 98.67
98.04 97.27 97.8 97.68 97.84
98.55 98.39 98.54 98.74 98.46
97.97 98.01 98.18 97.09 95.69
95.54 92.73 95.58 95.93 96.07
97.92 98.63 98.34 98.74 98.85
98.7 98.78 98.43 98.67 98.72
98.9 98.9 98.86 98.88 98.71
98.33 98.16 96.71
