36.23 29.53 32.3 33.25 35.58
32.26 32.14 33.01 32.19 39.42
33.72 33.74 34.01 33.41 33.74
33.94 33.72 34.52 34.54 31.62
37.29 36.37 37.74 41.39 38.39
37.87 39.41 35.33 35.08 31.16
30.44 33.82 30.5 28.06 32.09
28.94 26.34 29.21 28.56 29.03
30.15 31.66 32.94 38.26 47.61
57.28 63.84 68.45 71.33 68.75
75.56 80.83 82.3 82.88 84.5
82.16 85.25 87.13 89.02 87.12
85.73 88.05 87.22 86.09 85.86
87.09 85.76 81.75 80.32 82.73
84.87 83.12 84.03 86.64 86.52
86.25 86.23 90.05 88.87 89.68
90.27 91.62 89.5 91.6 92.83
93.45 93.12 93.14 93.66 93.25
92.49 92.24 93.45 93.32 90.69
91.08 92.7 90.79 90.26 92.56
90.9 92.96 94.36 94.86 93.72
94.54 95.39 95.7 95.46 95.09
95.71 96.6 95.92 95.58 93.72
92.59 93.48 91.98 88.89 89.23
86.93 84.84 79.48 77.47 75.73
74.45 81.11 81.48 82.33 81.6
81.14 79.55 79.9 82.31 90.16
88.92 88.74 92.01 92.43 88.73
91.3 92.43 91.11 89.67 90.98
90.26 85.62 78.8 76.45 72.53
75.1 78.11 85.9 86.1 90.75
94.17 92.97 95.15 95.19 95.28
94.07 93.46 88.67 89.23 85.15
81.81 90.5 93.08 93.42 93.07
92.4 91.31 91 92.95 93.92
93.39 93.07 95.13 94.78 94.58
95.15 95.78 94.44 94.44 94.58
94.18 94.38 94.96 94.77 96.37
96.23 94.33 93.98 91.71 92.56
94.18 94.76 94.04 93.44 90.29
91.84 93.82 92.93 89.24 84.11
73.32 67.55 69.34 71.69 70.41
68.93 66.9 68.45 72.89 77.66
80.11 80.42 81.86 84.85 83.16
81.96 85.31 86.96 85.81 85.71
89.09 88.52 92.97 93.43 95.07
95.27 95.03 94.28 94.26 94.87
94.95 94.06 92.52 93.19 92.2
92.03 90.15 80.03 82.18 87.77
87.98 86.63 84.15 82.28 80.73
83.35 86.93 89.39 90.2 90.89
91.92 91.84 91.08 90.77 92.31
90.5 90.12 90.85 89.65 89.5
91.35 89.91 87.74 89.38 90.9
87.27 84.11 83.11 78.05 84.05
81.91 77.96 81.54 86.95 82.75
82.62 86.7 88.39 84.2 84.93
90.1 88.05 88.83 91.05 87.57
92.32 91.81 91.6 92.5 93.43
93.23 90.52 89.08 88.49 88
88.44 89.38 89.75 91.75 91.72
89.7 91.18 91.74 90.97 91.07
87.07 86.19 83.98 79.52 82.77
80.39 86.74 89.23 91.54 91.48
91.2 92.36 92.76 91.59 85.7
90.3 92.94 90.85 88.72 89.17
89.05 88.26 85.77 85.32 87.12
89.49 90.48 89.13 90.74 89.6
90.51 94.25 94.39 92.9 90.9
92.21 92.37 90.84 91.32 88.41
87.61 84.17 89.28 91.62 91.93
93.02 94.46 94.42 95.03 96.13
95.42 96.15 94.35 94.63 92.9
93.9 91.58 91.21 91.73 89.82
88.72 91.99 92.33 89.14 88.27
91.26 89.71 87.01 88.6 89.9
89.58 92.23 88.13 90.12 91.24
91.47 94.05 93.37 92.66 93.28
94.76 93.98 93.65 95.38 96.19
95.54 95.36 96.35 97.23 96.27
95.41 96.21 96.18 94.92 94.61
95.61 94.28 90.19 92.33 92.1
87.59 83.98 80.98 86.21 86.8
90.3 91.41 91.48 93.82 94.2
94.43 92.72 92.91 86.24 89.14
90.21 83.32 81.45 86.65 84.55
76.36 81.4 83.53 79.85 78.35
82.64 77.29 82.12 87.31 89.49
88.22 89.19 90.98 90.48 90.35
91.2 92.31 92.42 91.58 91.27
91.13 92.24 89.16 86.94 86.79
83.72 81.04 78.56 72.54 61.94
66.54 67.47 65.43 69.33 76.84
81.1 82.14 86.16 89.99 87.41
89.97 92.15 92.29 92.81 93.65
95.01 94.93 94.19 95.58 96.25
95.41 95.47 96.72 95.95 95.37
95.76 95.99 95.68 94.69 94.97
94.03 91.81 91.8 88.87 89.9
85.1 80.46 78.77 86.46 86.23
85.75 90.62 92.04 91.54 91.41
90.49 92.53 91.4 87.96 89.38
89.14 91.51 90.52 91.35 92.51
91.44 91.33 91.56 89.39 86.92
86.22 87.97 83.15 80.8 80.91
73.01 70.95 73.58 68.02 68.42
73.95 79.52 80.36 82 88.49
88.66 89.93 91.57 89.53 90.35
91.35 90.96 87.99 90.05 90.25
88.34 91.05 92.91 92.65 92.11
93.57 94.29 93.67 93.28 93.07
95.17 93 93.73 94.56 94.18
92.17 92.33 92.75 90.29 88.09
84.85 87.04 89.65 88.35 90.99
92.56 92.61 93.85 94.81 94.72
96.1 95.25 95.9 96.24 96.61
95.88 96.17 96.28 95.31 95
94.91 94.02 93.98 92.7 92.78
94.41 94.7 93.76 93.29 92.62
90.69 90.49 88.27 88.01 85.42
85.97 85.94 80.35 80.51 80.59
74.71 77.26 71.93 69.02 62.71
57.67 56.46 55.76 55.04 56
54.35 44.88 45.69 39.33 33.76
32.47 33.92 34.76 31.7 35.9
32.92 36.63 35.11 33.6 34.85
34 35.08 34.42 36.09 36.38
35.28 36.57 33.93 34.43 35.32
40.99 43.61 42.78 41.96 38.88
38.82 34.42 37.93 30.39 33.73
34.83 37.68 34.34 40.58 35.32
44.2 39.71 40.45 42.39 46.38
46.99 46.68 51.56 50.13 56.78
64.51 68.89 71.2 75.93 67.4
69.2 76.18 58.65 48.8 74.68
64.51 63.71 64.07 56.88 56.17
45.52 47.25 44.5 44.49 44.18
47.06 44.47 43.87 41.66 37.55
37.3 35.86 34.71 33.37 32.07
32.01 30.2 32.47 25.84 35.42
33.49 40.08 32.04 38.28 34.35
37.04 37.46 36.01 42.14 42.03
36.72 36.03 38.92 38.09 33.36
34.04 32 34.2 28.71 31.94
27.36 27.27 28.91 32.92 31
37.86 37.51 47.24 53.19 63.41
74.44 78.69 75.37 78.74 87.68
85.83 82.59 85.24 88.77 92.09
89.36 88.28 91.66 91.32 87.9
92.11 91.3 93.11 93.72 94.44
94.21 95.54 95.41 94.81 95.98
95.99 96.56 95.94 96.4 95.99
96.24 96.88 96.74 96.92 97.12
97.26 96.5 94.95 94.22 94.07
93.06 91.6 90.68 85.99 84.99
77.33 76.49 82.03 82.92 81.81
85.04 87.2 87.2 87.2 90.72
89.92 90.86 91.52 92.17 93.66
91.39 91.69 92.29 91.93 87.89
90.18 91.64 91.68 87.72 89.47
90.52 90.04 92.13 93.11 95.21
94.71 95.53 92.99 90.14 90.59
92.81 93.61 93.39 92.71 92.95
93.78 93.57 94.39 94.73 94.55
94.5 94.71 95.05 94.53 94.72
94.39 92.02 91.7 92.42 92.18
93.44 92.83 88.14 87.42 81.69
75.28 80.82 83.01 88.13 90.22
88.88 89.61 92.29 93.79 94.38
93.63 92.71 94.85 95.02 92.39
93.09 95.4 93.72 91.74 93.06
92.68 92.33 91.33 93.51 93.52
93.5 93.13 91.6 92.49 91.96
87.51 88.15 88.97 85.19 82.93
81.54 85.76 87.87 83.85 85.36
81.52 86.1 85.44 87.73 90.76
91.31 91.81 93.15 92.42 91.73
93.27 92.71 91.19 91.58 87.63
84.38 86.36 83.76 84.97 87.64
85.36 86.1 88.73 86.73 86.09
84.42 85.16 83.27 86.33 87.66
91.55 91.9 92.38 87.65 85.58
83.59 85.85 91.77 94.79 92.11
91.95 88.99 90.23 93.96 93.55
93.12 94.77 94.32 93.24 93.4
93.56 90.76 88.33 88.18 86.8
83.9 84.06 87.16 88.91 85.46
85.81 87.81 86.73 88.05 87.19
91.78 90.32 92.22 87.48 90.45
90.18 85.65 89.12 84.89 85.32
82.74 82.86 79.8 83.51 80.85
83.96 77.55 75.05 78.82 81.45
82.53 84.21 86.45 87.85 82.69
87.37 89.41 91.57 93.51 93.19
94.42 94.16 92.91 89.11 91.52
92.38 91.8 92.31 89.04 85.25
88.04 86.5 87.52 90.4 91.28
92.85 93.19 93.46 94.59 94.81
94.94 95.3 95.42 95.99 95.23
95.87 96.27 95.61 95.02 96.24
95.3 94.55 93.53 93.43 89.68
92.57 93.88 94.24 95.34 95.14
91.92 89.38 86.16 90.36 91.94
88.12 85.48 90.48 89.46 86.76
90.16 89.18 85.69 88.55 90.4
90.69 89.95 90.92 92.38 93.12
92.9 93.34 94.56 94.42 94.8
95.82 95.84 94.97 93.97 95.81
94.67 93.2 92.97 92.9 90.89
89.36 88.81 87.86 89.63 92.09
93.73 92.72 94.55 95.54 95.86
95.51 96.46 95.76 96.67 96.67
96.67 96.55 96.39 95.73 96.7
97.28 96.79 96.45 96.36 96.14
94.93 93.8 95.64 93.61 91.73
92.69 92.24 92.47 91.25 88.77
91.3 93.04 93.23 93.58 93.61
95.21 94.63 92.54 94.73 95.65
92.96 93 94.88 94.82 91.62
93.6 95 94.43 93.04 93.53
93.86 91.9 91.08 93.26 91.39
89.61 89.46 85.3 83.63 85.67
88.67 89.19 88.6 90.83 91.69
91.29 88.76 91.62 91.06 89.85
85.47 90.81 92.06 89.99 90.49
92.78 92.99 91.19 90.8 93.35
93.43 92.66 92.54 93.3 92.23
87.3 91.8 92.33 88.45 89.09
90.82 85.78 86.08 85.62 85.16
88.12 88.34 88.68 91.41 91.07
92.09 92.12 94.02 94.42 95.38
93.96 95.27 95.95 95.96 94.97
95.83 96.32 95.52 95.69 95.77
96.11 94.73 95.26 95.71 95.12
94.82 94.48 95.05 94.07 94.06
93.19 91.89 90.76 87 88.89
84.21 79.84 80.45 84.38 80.66
78.03 66.87 58.96 61.78 62.6
61.39 59.48 59.07 56.27 56.78
53.81 43.7 43.58 42.96 41.5
41.52 41.07 39.91 39.79 37.21
34.95 37.98 40.28 37.9 41.3
41.49 35.62 40.44 33.28 36.69
37.52 34.52 35.71 36.55 36.55
35.13 36.32 38.13 33.88 31.13
29.75 33.63 29.36 32.23 28.34
26.72 27.13 25.69 25.22 26.8
28.56 27.82 28.65 29.82 30.67
36.28 34.06 37.26 36.71 36.43
36.54 35.39 33.8 35.45 37.75
31.46 33.18 27.72 29.39 27.86
29.5 27.09 27.57 34.3 30.86
33.01 33.3 29.93 32.49 29.02
28.55 30.58 27.14 33.86 31.04
32.87 37.11 31.75 37.31 33.37
36.73 38.24 49.56 44.96 39.94
38.04 46.8 35.55 37.14 37.88
43.26 37.52 38.3 35.76 32.6
34.68 32.29 34.55 37.6 40.11
28.49 30.1 29.32 30.34 31.44
34.93 39.45 34.54 35.28 35.07
42.4 44.01 37.18 36.76 35.27
30.16 27.46 31.61 32.63 37.05
32.52 27.97 35.89 29.49 29.11
28.99 31.23 26.72 28.5 25.82
31.28 28.94 30.81 32.76 35.49
35.29 33.46 38.65 31.99 35.54
32.12 34.25 32.95 33.45 31.76
41.69 34.11 34.89 34.39 34.03
36.6 37.17 33.32 40.18 32.03
30.24 36.88 30.83 27.59 27.89
28.89 27.06 27.64 28.09 29.06
27.91 30.68 23.73 28.7 27.41
27.2 29.47 28.57 30.72 27.13
27.47 27.77 27.38 27.15 30.46
32.34 29.51 27.65 28.99 29.38
28.13 27.25 30.91 32.72 35.02
35.25 38.08 33.72 38.11 34.04
35.18 31.93 39.97 36.3 35.48
34.77 34.22 28.13 40.08 33.03
35.35 37.01 33.93 32.03 32.21
32.45 34.14 32.68 31.04 32.05
32.51 33.27 36 34.57 31.17
29.39 29.87 30.53 27.7 25.96
28.84 26.59 29.85 27.74 27.62
29.52 27.95 29.78 28.03 30.66
29.22 31.71 31.05 34.94 32.63
32.4 28.78 33.49 32.74 29.94
38.65 31.92 38.16 35.22 32.44
36.36 32.97
