34.7 42.57 43.33 47.07 55.76
67.93 88.64 96.05 98.3 98.79
98.88 98.92 98.89 98.49 98.39
97.63 97.34 97.98 98.69 98.74
98.71 98.87 98.87 98.66 98.61
98.7 98.62 98.13 98.03 97.34
97.43 95.28 96.8 95.8 95.89
97.82 98.09 98.6 98.74 98.81
98.72 98.44 97.31 97.57 98.53
98.56 98.6 98.82 98.61 98.74
98.82 98.78 98.8 98.91 98.76
98.74 98.84 98.8 98.32 98.41
98.31 98.33 98.61 98.59 98.82
98.93 98.93 98.91 98.83 98.49
97.74 94.99 87.96 77.19 74.67
74.23 75.35 81.5 81.2 82.78
88.22 93.55 95.36 98.1 97.76
97.19 98.53 98.6 98.47 98.72
98.79 98.73 98.86 98.89 98.93
98.92 98.94 98.92 98.91 98.9
98.87 98.82 98.66 98.42 98.13
98.55 97.96 98.68 98.93 98.94
98.93 98.8 98.45 95.79 94.79
92.61 96.44 96.74 95.58 92.77
93.18 94.87 95.72 95.29 97.11
97.46 98.42 98.59 98.43 98.37
97.97 98.49 98 97.17 97.55
95.29 92 91.66 88.16 90.38
95.23 97.12 97.05 96.8 98.62
98.63 98.62 98.75 98.82 98.91
98.87 98.9 98.9 98.89 98.83
98.85 98.86 98.72 98.54 98.68
98.49 97.97 97.48 98.29 98.79
98.9 98.92 98.89 98.77 98.41
97.03 96.2 98.06 98.47 98.67
98.37 97.9 96.73 94.69 96.25
94.05 92.53 86.87 84.39 83.91
88.97 91.75 95.54 96.16 95.41
97.18 98.46 98.08 97.97 98.24
97.95 97.8 98.02 96.95 95.82
96.82 96.27 97.18 97.2 97.9
97 95.93 93.37 91.81 94.9
94.47 96.42 93.59 95.89 95.5
98.16 98.33 98.78 98.84 98.78
98.82 98.86 98.88 98.89 98.81
98.9 98.82 98.77 98.68 98.84
98.66 98.09 98.41 98.61 98.32
98.65 98.69 98.66 98.81 98.87
98.86 98.83 98.64 98.23 97.54
97.25 97.37 97.79 97.17 97.77
97.48 96.75 97.88 98.35 98.29
98.23 98.45 98.67 98.71 98.48
98.53 98.59 98.39 98.14 98.23
97.25 97.02 97.14 97.82 97.42
97.07 95.86 94.09 93.23 87.54
84.17 84.29 80.72 81.03 85.99
87.69 89.72 96.4 97.99 98.47
98.49 98.63 98.72 98.78 98.63
98.69 98.75 98.67 98.31 98.15
98.61 98.5 98.7 98.71 98.55
98.67 98.57 98.73 98.81 98.76
98.71 98.71 98.8 98.63 98.6
98.67 98.57 97.99 98.18 98.21
97.28 97.18 95.99 96.79 94.37
92.25
