35 38.02 36.32 34.68 30.85
35.72 27.76 28.11 32.33 30.7
31.67 31.5 42.55 39.9 57.19
55.57 67.75 65.59 74.31 76.42
79.59 76.79 76.31 78.15 70.08
53.01 56.52 50.88 54.68 45.93
44.43 43.56 38.79 38.92 34.5
37.38 36.92 34.22 35.65 31.48
30.85 34.25 32.85 35.56 41.48
43.8 50.2 62.36 67.73 73.87
84.38 84.27 83.06 85.94 87.03
89.11 90.51 89.24 92.16 92.6
92.96 92.49 91.11 90.94 86.24
82.53 85.66 84.53 78.65 78.94
78.03 76.44 69.86 48.02 54.55
41.76 47.16 41.02 42.42 40.52
40.74 42.39 43.98 36.89 41.61
44.58 38.3 40.86 37.82 44.36
44.16 34.18 38.85 38.82 32.5
38 33.2 41.75 38.9 45.33
43.66 44.17 48.38 52.99 57.25
61.21 68.68 61.56 63.88 58.92
55.82 54.11 53.61 50.18 47.21
40.41 41.82 38.36 44.84 43.67
46.22 51.94 61.19 68.38 72.34
81.99 80.95 80.27 81.07 83.25
83.39 80.33 82.66 82.9 82.7
84 81.82 74.08 67.67 67
63.82 63.33 58.54 61.04 65.92
69.95 69.94 63.87 77.09 75.73
74.83 72.27 76.68 76.3 70.73
73.02 73.19 66.73 55.43 62
61.02 51.18 51.02 60.18 49.24
35.4 49.59 40.7 35.02 38.36
35.49 32.91 39.69 45.2 51
57.34 67.23 79.75 84.48 84.64
86.66 88.04 89.83 91.33 92.35
91.08 91.75 93.33 92.59 93.36
93.86 94.41 93.84 93.37 93.34
89.74 89.88 88.77 89.37 90.03
92.66 92.08 91.31 94.37 93.19
93.27 92.89 91.77 91.15 89.94
86.5 86.81 91.35 89.42 86.77
90.29 91.35 89.04 89.65 90.71
90.06 91.15 89.84 90.43 95.16
94.74 94.29 94.3 95.35 96.11
95.61 94.64 94.99 95.64 94.81
94.16 94.45 93.09 91.58 92.7
92.09 91.98 91.16 92.54 91.91
93.87 94.8 93.35 95.32 96.51
93.46 91.46 94.12 95.51 95.03
93.33 93.53 94.68 93.38 92.38
93.18 92.21 90.73 91.45 90.61
87.26 88.95 90.91 92.96 93.41
94.65 95.69 95.82 95.76 95.99
95.91 95.56 94.17 95.73 94.62
92.39 94.91 95.38 95 95.53
97.85 97.44 95.41 94.24 96.17
96.04 95.02 93.6 92.99 92.56
90.57 87 85.15 87.5 90.97
90.62 89.94 90.54 93.08 93.39
92.41 93.15 94.82 94.12 94.2
95.04 94.97 94.45 91.95 92.94
91.84 94.99 95.68 95.43 95.64
95.72 95.98 96.69 96.11 96.24
97.17 96.26 96 95.85 95.36
93.58 91.39 89.14 90.47 87.92
87.04 90.02 94.05 94.56 94.75
96.85 97.37 96.84 96.7 96.87
97.45 96.51 95.27 94.64 95.26
95.04 95.83 96.31 95.07 95.92
96.86 96.32 96.54 97.09 97.59
97.31 96.7 96.5 97.3 96.31
94.17 94.87 92.99 90.95 90.11
88.17 88.69 87.41 91.98 91.88
92.68 92.17 95.7 96.42 95.53
96.88 97.69 97.63 97.46 97.69
97.18 96.24 95.85 96.45 94.25
93.32 94.11 95.24 94.25 94.48
94.92 95.73 95.16 95.6 96.48
96.93 96.2 95.98 96.18 95.22
93.79 94.44 93.48 93.22 94.46
92.48 93.92 95.45 95.48 96.47
96.03 97.14 96.55 96.26 95.49
94.79 93.46 92.4 85.22 86.24
85.17 85.55 87.16 81.37 66.48
59.46 51.56 47.75 50.09 44.45
47.41 45
