37.59 46.81 50.7 55.82 56.98
56.84 62.76 76.98 85.77 87.7
91.77 90.37 91.13 92.25 92.59
93.44 93.44 93.13 93.74 95.68
95.18 94.88 97.54 96.56 96.19
96.65 96.7 94.96 95.79 96.29
92.97 92.36 94.22 92.06 88.36
89.44 92.59 88.34 88.96 86.53
88.91 88.28 85.48 84.76 90.25
90.62 92.2 93.33 93.14 93.47
93.85 94.15 95.4 95.34 93.37
94.42 97.52 95.1 94.09 96.93
97.61 95.71 96.39 97.65 97.26
96.48 97.96 98.22 97.04 97.64
98.32 96.39 94.22 96.57 95.93
97.83 97.16 97.16 96.65 97.03
97.3 97.82 97.78 97.95 97.87
98 98.16 98.1 98.23 98.26
97.78 98.41 98.21 98.04 97.79
97.49 96.98 95.93 96.5 95.7
93.03 93.36 91.62 86.69 87.03
86.1 81.94 83.25 84.61 87.92
90.41 92.6 90.25 92.32 93.35
93.68 93.77 94.2 92.56 91.86
92.15 91.92 91.19 83.84 80.65
74.04 66.86 60.89 60.35 58.66
58.62 58.12 60.44 58.46 58.87
58.92 55.25 54.33 52.15 50.39
46.63
