42.83 41.59 45.43 49.05 45.51
53.09 50.35 46.15 49.78 43.99
49.18 45.61 45.74 42.13 47.39
48.38 46.11 48.78 48.13 49.85
47.32 42.39 44.19 42.99 39.37
42.3 40.15 39.01 41.38 36.34
37.9 38.82 40.62 38.37 44.17
38.1 45.77 48.55 40.22 39.57
39.76 37.46 36.4 43.14 36.57
41.89 36.77 35.16 34.69 33.87
34.15 34.27 31.09 38.11 35.15
39.22 37.61 34.01 36.93 36.86
35.25 37.17 41.15 30.46 36.73
34.33 36.67 37.36 39.43 47.41
56.43 58.49 69.83 75.54 85.25
86.77 83.47 84.21 85.79 84.22
86.26 88.36 87 87.17 85.11
85.88 80.23 84.86 86.7 82.15
81.16 84.44 83.7 80.49 77.11
81.35 71.65 58.49 54.62 42.47
49.06 38.8 39.22 34.91 31.55
33.45 32.66 32.72 33.21 35.39
34.96 32.24 35.98 34.37 31.34
37.88 32.87 38.03 36.53 38.47
38.71 38.61 39.17 38.65 41.14
40.99 38.04 40.34 36.29 40.83
43.57 41.82 38.63 35.63 39.42
35.47 38 36.41 38.29 33.96
35.64 38.63 37.48 38.76 36.97
40.91 37.86 52.94 37.31 41.01
41.7 36.64 37.56 35.12 34.51
33.51 38.65 36.77 41.37 32.21
39.88 40.5 38.78 47.14 33.95
35.66 45.54 49.21 47.93 56.07
54.64 59.49 68.97 77.87 82.2
86.45 83.74 80.39 83.73 82.5
82.26 84.19 84.41 83.86 83.42
85.9 84.99 85.16 87.55 84.44
84.26 86.47 84.71 82.24 82.55
83.02 78.43 76.83 78.01 84.02
83.95 85.72 88.6 88.82 86.76
86.23 88.29 85.36 86.74 88.86
85.89 84.64 84.09 86.39 84.3
84.37 88.93 84.87 82.21 85.16
84.56 81.61 82.14 80.8 72.51
64.6 59.53 63 62.54 75.09
77 79.29 83.53 87.52 85.52
85.06 86.39 84.18 84.22 84.59
82.97 80.34 80.14 83.37 82.8
84.58 86.65 84.9 84.76 86.79
85.42 83.93 81.56 82.45 83.05
78.85 74.6 80.33 80.58 83.55
83.66 83.95 85.98 82.91 80.6
83.3 85.07 84.13 85 84.66
83.39 83.37 84.4 80.48 81.54
85.1 80.93 78.44 81.91 79.32
75.57 70.84 72.43 67.42 59.97
65.74 69.84 70.46 78.28 73.81
77.47 78.49 74.32 73.45 69.93
71.06 70.85 71.27 69.52 76.19
76.92 74.81 77.5 80.19 77.39
78.51 79.51 77.11 70.37 58.14
54.07 52.37 53.36 54.33 52.13
49.8 54.18 53.16 53.55 58.84
53.56 50.74 47.63 46 49.84
49.77 49.66 50.91 55.11 57.24
56.09 65.74 69.42 75.72 77.32
80.58 82.61 83.43 86.08 88.28
87.16 88.35 89.04 88.76 87.58
87.53 86.76 84.91 83.85 83.04
81.87 78.26 75.99 74.11 75.24
68.2 68.39 71.18 68.06 69.9
70.29 70.92 66.8 74.25 77.2
77.84 77.86 81.42 84.96 81.87
83.55 86.46 81.85 79.87 82.41
79 72.5 73.7 73.97 62.46
56.17 57.35 57.13 47.3 44.53
41.56 36.8 34.98 34.58 31.96
28.64 39.72 41.8 43.26 41.79
44.27 43.88 42.72 39.13 36.61
35.72 31.8 34.23 29.06 28.87
26.97 31.06 33.63 35.25 40.08
40.6 45.07 43.71 46.94 45.74
51.18 49.19 52.17 43.67 43.03
42.77 47.45 44.88 45.33 42.83
41.94 40.23 44.55 44.78 46.01
42.74 47.58 42.85 49.25 46.36
49.8 43.06 41.99 39.07 45.82
43.48 44.88 35.57 40.76 36.94
40.53 39.39 42.91 37.84 39.58
40.4 44.93 42.3 45.62 39
39.65 39.25 41.46 38.38 42.11
37.05 36.62 36.53 43.25 38.62
36.32 34.46 38.77 36.17 36.68
38.12 35.69 37.82 43.49 41.99
46.44 42.83 48.23 42.25 43.19
42.39 44.4 42.98 41.46 39.32
42.93 42.79 42.07 37.88 42.81
43.91 44.13 43.64 42.59 41.89
43.95 43.79 41.82 48.99 44.11
37.34 35.1 35.59 33.01 36.85
35.01 35.37 34.79 39.68 32.14
37.53 36.81 33.83 40.78 34.86
50.28 43.4 43.38 47.58 50.29
42.98
