37.76 29.81 38.53 37.22 39.95
35.45 36.81 34 29.65 33.19
31.76 32.79 29.75 29.53 30.51
29.86 28.71 32.14 30 29.29
33.18 28.83 29.39 36.06 30.79
33.91 31.82 33.81 31.18 32.35
37.06 33.2 38.52 44.86 46.58
45.46 48.21 49.09 52.89 61.36
55.93 62.2 60.09 57.01 59.59
58.23 56.81 58.59 60.19 63.31
69.55 78.56 82.42 87.04 89.17
89.89 89.68 90.86 94.35 91.88
92.74 93.89 95.22 96.17 95.98
97 97.02 97.33 97.42 97.54
97.42 96.54 96.86 95.74 95.62
94.87 96.06 95.18 95.74 97.1
96.2 96.32 96.85 93.9 94.11
92.23 89.89 89.5 90.65 91.64
96.16 96.67 97.1 97.42 97.41
96.87 95.25 95.19 96.97 96.72
95.34 95.33 95.41 97.14 95.98
94.55 94.88 94.48 91.88 91.04
92.33 88.44 78.54 74.12 76.5
76.25 78.52 78.46 78.58 85.54
89.65 93.83 92.8 92.62 93.22
91.72 90.55 94.02 94.19 95.9
93.8 95.16 96.52 95.82 95.44
97.17 97.22 96.17 97.59 97.4
97.24 95.63 94.89 94.79 93.33
89.1 86.62 86.64 84.64 86.44
91.54 93.71 93.81 93.28 95.61
95.59 94.31 95.43 96.67 95.95
95.17 96.19 96.76 97.15 95.27
95.36 96.41 95.84 94.89 94.6
95.86 95.78 94.41 95.19 96.1
96.16 94.51 94.26 96.66 97.32
98.02 97.5 96.38 97.81 97.99
96.25 96.93 97.53 96.3 95.61
96.87 95.72 94.79 93.62 93.58
94.66 95.39 94.09 96.89 97.53
96.15 96.34 97.75 96.36 94.77
96.29 97.55 95.43 92.19 94.02
96.28 93.91 96.98
