90.65 90.67 93.39 96.97 96.74
96.82 95.99 94.97 95.03 94.74
93.96 94.2 94.99 93.28 94.68
92.91 91.61 90.29 92.22 93.21
92.66 94.58 96.43 97.35 97.95
97.69 97.83 97.77 97.9 97.49
97.42 97.04 96.49 95.06 94.13
94.6 92.71 92.06 89.74 89.15
92.77 91.88 92.77 94.74 94.72
96.21 97.42 97.94 98.25 98.12
98.36 98.07 98.16 98.22 97.88
96.54 95.46 92.98 92.56 92.49
91.14 88.05 85.01 92.03 93.81
88.82 88.66 94.85 93.49 96.43
97.39 98.06 98.29 97.94 98.33
97.51 98.16 98.07 96.95 94.67
92.37 88.44 78.74 73.77 68.11
70.96 62.93 64.65 73.24 75.44
83.78 87.44 87.04 92.15 93.75
92.98 96.1 97.33 98.17 98.45
98.11 98.46 97.57 98.09 97.52
96.37 94.65 94.13 91.16 87.72
85.73 87.08 88.95 87.6 86.35
89.45 87.67 85.07 92.41 94.83
95.23 96.88 97.89 98.07 98.58
98.31 98.47 97.98 98.27 98.11
97.42 96.37 96.45 95.3 95.21
95.12 93.81 92.61 91.8 93.09
93.33 90.06 90.41 95.35 94.84
97.05 97.84 98.17 98.61 98.39
98.65 98.4 98.41 98.27 98.04
97.01 96.72 92.96 91.25 93.84
91.7 86.89 89.57 93.35 93.76
90.41 90.83 94.98 92.4 95.51
97.32 97.81 98.57 98.32 98.6
98.24 98.42 98.38 98.08 96.93
95.82 92.45 89.64 89.29 81.6
81.59 78.37 82.19 87.79 89.6
92.93 96.4 97.44 98.52 98.04
98.59 98.11 98.39 98.47 97.98
96.69 95.79 93.31 90.41 91.94
86.93 85.76 82.17 67.97 74.38
76.79 78.19 85.52 87.29 91.63
94.39 95.51 96.98 98.34 97.99
98.55 98.21 98.28 98.45 97.91
96.68 95.43 91.4 90.66 91.69
89.97 85.96 88.86 85.42 87.81
90.41 87.74 92.2 94.78 96.44
98.27 98.1 98.53 98.34 98.46
98.5 98.09 96.49 95.24 91.95
88.5 76.1 60.51 54.88 45.33
47.23 36.89 33.87 39.03 50.45
51.68 61.92 61.03 60.01 62.43
58.51 69.6 63.57 67.37 60.78
60.34 50.91 50.4 39.97 33.2
29.92 31.65 29.93 30.52 31.85
36.77 39.25 52.5 64.92 74.11
82.48 86.04 91.02 94.69 96.82
97.94 97.92 98.58 98.09 98.53
98.52 97.84 96.37 95.63 93.53
92.19 91.31 86.79 80.11 81.95
86.85 84.41 83.26 80.84 87.34
88.06 92.62 95.26 97.47 98.19
97.82 98.55 98.17 98.49 98.5
97.93 97.1 96.88 95.66 94.7
94.8 91.96 90.66 85.97 82.46
81.33 80.78 85.48 90.1 91.49
94.53 96.23 97.64 98.5 98.25
98.69 98.52 98.63 98.51 98.09
97.36 97.57 95.32 93.55 94.53
91.87 91.75 84.95 83.18 82.37
87.98 91.77 89.84 95.24 97.26
98.16 98.73 98.58 98.82 98.65
98.48 98.24 98.35 97.25 96.44
90.98 86.94 90.95 90.33 89.54
90.97 92.39 94.43 90.7 87.86
93.28 90.77 95.22 97.31 98.42
98.72 98.62 98.71 98.41 98.45
97.85 97.5 95.2 94.89 93.13
94.75 93.86 89.4 76.11 73.77
73.38 72.22 72.2 72.97 77.86
81.37 84.55 92.04 93.81 93.7
95.3 93.12 91.13 94.62 95.71
96.83 98.11 98.26 98.7 98.66
98.63 98.24 98.56 97.98 97.17
95.54 95.33 93.22 94.2 95.29
94.19 93.46 92.69 94.47 95.68
94.25 94.6 96.61 96.79 98.35
98.38 98.67 98.61 98.61 98.24
98.42 97.94 97.8 96.31 93.91
96.38 95.1 95.04 93.09 90.99
90.56 93.85 94.69 91.05 91.2
96.35 94.15 94.42 96.93 97.91
98.08 98.46 98.19 98.48 97.99
98.1 97.55 97.59 95.9 95.82
93.79 92.48 90.45 85.91 88.49
89.28 90.18 87.81 91.34 93.22
91.41 94.49 96.36 96.42 97.84
97.39 97.99 97.71 97.35 97.39
97.43 96.55 95.95 94.12 92.06
89.89 88.07 87.8 86.51 77.72
79.5 79.15 87.38 91.45 93.78
93.62 95.21 95.15 95.92 95.72
94.85 95.3 96.6 95.83 93.02
90.85 90.18 88.19 86.48 83.38
84.98 86.17 85.5 83.54 84.33
85.39 83.19 84.85 90.12 89.76
89.25 91.04 91.45 92.38 91.41
89.84 89.69 91.6 90.63 89.95
87.9 81.86 76 75.53 76.65
77.47 82.93 81.63 76.46 77.73
78.46 74.46 69.85 70.36 64.47
67.87 72.18 72.37 68.49 59.32
58.55 59.18 59.17 66.31 77.04
81.66 83.88 83.81 77.9 70.03
66.77 69.4 74.72 77.95 78.29
75.42 74 68.01 72.41 70.48
68.39 66.49 66.06 67.3 67.99
58.38 50.03 47.98 46.6 46.97
51.19 57.28 61.76 64.53 71.48
74.23 76.66 80.51 83.01 82.7
