33.6 30.6 34.54 35.94 34.87
27.88 35.23 34.45 32.64 32.58
39.1 35.42 33.55 34.17 31.41
41.06 36.86 37.34 33.26 40.71
33.3 34.82 35.98 31.54 36.14
30.95 37.52 33.68 37.89 39.04
38.07 40.04 35.04 36.86 38.07
43 39.4 35.37 35.12 37.14
41.89 36.63 34.94 38.09 36.88
32.95 33.96 33.81 37.5 36.63
29.9 36.4 32.41 32.68 29.17
38.86 32.46 40.07 34.63 34.32
32.68 38.53 35.15 37.08 34.89
32.7 31.81 36.29 36.3 35.76
34.85 32.69 30.37 37.34 33.72
33.02 30.7 35.31 30.49 35.37
31.51 32.79 32.63 29.39 30.29
36.05 30.84 37.8 36.38 37.49
35.14 41.29 34.44 38.54 39.3
39 36.48 37.05 34.12 32.56
30.32 35.56 33.89 32.22 32.26
33.31 32.76 38.9 35.48 46.36
43.12 45.99 48.04 44.58 43.61
44.63 48.88 49.52 62.2 57.89
57.44 56.27 59.18 63.7 63.52
55.6 62.91 66.69 57.77 61.06
59.13 55.35 57.61 56.1 52.62
38.46 39.96 41.17 47.27 49.02
42.28 41.37 45.85 40.95 43.91
47.36 44.65 42.84 42.5 38.02
36.41 43.42 41.1 40.88 42.23
41.65 36.7 41.01 35.49 37.09
39.01 35.2 42.83 41.64 39.17
39.01 34.75 35.14 37.76 37.06
36.1 34.21 33.05 31.63 31.96
32.93 33.19 34.23 38.67 37.91
38.21 36.68 38.06 37.75 37.42
34.25 37.27 34.27 37.92 36.96
35.79 40.21 37.98 44.73 42.38
50.39 51.59 41.97 46.71 44.19
42.1 49.95 36.11 56.81 39.6
46.65 45.59 38.39 42.97 39.92
41.6 41.34 39.15 43.9 40.85
35.68 32.49 38.58 35.14 35.73
33.46 47.72 37.79 32.97 38.63
38.96 35.95 31.21 40.16 34.04
43.85 37.9 40.83 35.34 41.63
45.12 41.36 36.57 33.41 29.28
37.57 35.42 32.18 41.16 33.4
36.58 45.41 34.53 44.2 38.83
42.72 37.07 42.14 41.59 45.36
44.12 37.41 39.19 39.51 37
33.47 40.65 37.87 35.52 45.75
41.14 36.32 50.14 35.1 38.01
41.55 40.16 33.97 40.04 39.83
45.79 47.99 51.03 49.36 53
55.2 53.25 57.97 56.42 60.02
61.96 68.86 80.81 89.39 92.37
91.54 90.84 92.25 93.42 91.92
92.86 90.78 90.65 91.88 90.06
91.57 92.67 92.98 93.43 94.46
95.09 94.28 94.93 94.68 94.81
94.38 96.02 94.99 95.26 93.59
94.44 93.03 94.33 91.73 91.86
91.09 90.74 92.2 93.69 94.32
95.62 95.62 95.14 95.1 95.67
95.77 94.82 95.92 95.14 95.92
96.23 95.12 94.67 95.91 96.9
95.51 94.08 96.43 97.05 95.88
97.02 97.75 97.92 96.49 97.74
97.03 96.66 97.1 96.69 95.65
96.26 97.05 97.82 97.1 97.68
97.66 97.85 97.33 97.62 97.58
94.59 96.88 96.72 94.09 92.05
96.82 94.87 91.4 92.55 93.86
89.29 89.41 90.59 87.74 87.01
88.83 89.34 91.33 89.17 92.55
91.52 89.46 91.34 94.99 91.42
88.83 90.98 91.81 87.91 87.02
90.5 89.61 88.5 85.67 87.37
88.38 85.87 83.76 82.87 80.49
82.37 81.72 83.97 84.1 81.9
80.54 81.16 81.93 85.21 86.67
86.94 84.63 84.52 83.23 80.21
87.02 84.5 86.45 86.11 86.65
86.98 85.37 85.21 79.29 77.18
69.74 67.93 67.57 63.85 62.23
60.03 60.29 59.51 58.44 56.03
57.7 46.06 54.03 54.7 52.12
51.8 55.83 47.99
