40.59 39.24 41.41 40.2 45.82
40.64 38.3 36.04 33.81 34.41
31.35 34.75 30.73 31.86 34.65
40.54 45.17 53.87 51.05 61.4
67.93 69.85 68.2 72.72 74.12
76.62 79.96 81.37 84.97 85.91
85.5 84.18 84.17 84.79 86.3
84.99 83.44 83.54 84.53 82.09
77.31 76.29 79.68 73.58 76.99
81.6 82.19 83.43 82.65 84.17
87.01 85.38 85.29 85.32 83.75
83.14 81.69 78.44 79.12 74.5
72.75 79.06 80.83 80.38 82.85
84.83 84.4 83.08 80.97 82.4
81.41 81.29 77.28 75.02 64.21
70.2 78.79 82.72 80.49 81.41
83.44 83.61 82.51 83.92 84.86
82.4 82.84 83.57 83.15 79.12
75.67 69.98 66.13 53.17 49.21
42.96 37.67 36.3 35.67 32.55
35.21 35.9 36.2 36.46 34.97
42.93 45.24 42.68 45.78 56.93
59.18 57.93 55.6 58.39 58.4
59.65 55.5 56.31 57.67 56.59
57.24 58.47 56.4 59.93 56.7
59.25 53.95 52.1 44.12 47.27
46.15 39.13 37.3 44.43 48.36
45.4 50.61 51.17 51.95 52.09
52.34 47.48 50.91 52.51 48.7
51.65 49.87 50.93 48.03 45.36
46.83 44.78 35.94 37.88 30.29
30.86 31.25 29.96 28.32 29.91
30.85 29.7 29.34 30.35 31.39
28.13 35.73 32.12 33.04 31.09
34.79 32.9 33.93 28.58 34.17
29.82 30.89 32.99 38.57 35.35
36.5 37.66 38.08 33.75 35.77
34.89 36.35 34.13 35.01 34.08
34.63 32.97 33.44 31.77 33.69
32.36 32.41 34.55 35.63 32.53
34.61 35.95 34.16 33.34 32.79
31.89 33.13 31.7 33.68 32.07
30.36 35.76 35.13 39.1 37.85
40.48 39.49 39.75 38.5 39.07
36.53 35.31 34.61 34.25 34.34
33.24 32.54 34.09 37.76 37.17
43.06 45.54 38.16 40.93 39.16
35.03 38.8 33.02 37.81 32.95
37.26 31.26 31.18 28.83 29.72
32.52 32.59 29.66 29.91 30.06
31.29 33.36 32.05 40.8 37.3
45.2 55.06 55.76 61.24 67.54
73.79 76.78 79.11 82.4 79.09
83.61 86.56 87.02 89.24 87.89
90.7 90.56 88.5 87.37 87.95
85.96 83.53 85.66 86.83 88.92
91.52 90.91 90.99 88.51 84.35
74.81 74.04 69.45 75.89 79.21
82.06 87.31 88.26 90.98 90.15
86.33 85.79 83.67 85.09 84.09
79.12 71.6 70.07 67.63 65.8
70.46 75.21 79.5 79.79 80.31
80.92 78.96 82.76 85.74 86.83
85.36 88.04 89.52 89.83 89.97
90.19 88.43 87.8 84 83.73
82.74 72.45 72.78 75.21 79.11
84.68 87.6 90.17 88.99 86.42
84.46 81.56 81.88 81.88 84.85
78.8 75.74 75.69 77.01 78.13
74.43 68.18 63.98 56.89 54.01
48.1 42.97 43.57 43.58 36.23
31.55 32.88 31.18 38.01 37.15
37.81 40.96 39.66 37.95 45.03
44.59 44.18 47.56 42.3 38
37.81 38.36 35.64 28.2 35.15
31 29.13 33.02 28.15 29.43
34.36 30.55 31.15 29.58 31.89
34.88 30.99 34.47 32.58 30.26
38.95 46.18 50.08 59.38 70.3
68.49 74.98 74 69.98 73.75
78.66 75.54 76.8 80.25 80.18
78.44 80.61 84.2 76.46 80.11
74.5 73.47 66.84 65.46 67.36
64.97 62.72 62.34 60.4 59.11
61.96 58.07 59.36 54.68 49.84
53.08 44.75 41.69 40.23 34.96
41.1 40.15 44.55 44.35 46.78
56.28 61.1 65.4 71.9 70.85
73.98 70.05 61.79 62.74 63.69
66.1 65.65 68.29 65.36 60.32
58.83 62.01 59.34 57.79 54.86
56.8 53.15 52.13 56.82 54.35
59.77 62.75 63.34 67.44 69.74
70.57 70.25 67.29 72.24 73.3
80.33 78.35 74.71 76.13 74.09
74.07 70.66 68.01 60.01 58.02
59.82 59.8 61.09 68.36 64.89
64.23 64.64 72.24 70.87 67.38
67.19 72.44 71.72 65.35 70.72
74.13 67.79 60.42 64.66 66.68
59.09 51.81 52.06 46.56 51.02
52.9 53.51 51.07 48.89 55.59
46.56 58.26 64.79 52.94 62.61
58.51 55.7 58.13 55.89 55.83
54.05 52.99 55.85 52.02 49.8
47.19 40.87 44.85 36.84 33.62
33.06 38.06 37.02 44.9 56.32
58.52 61.69 66.9 65.37 60.54
59.4 58.52 62.12 45.37 47.3
41.14 41.09 42.2 38.17 43.59
49.17 42.99 46.64 50.69 47.9
57 67.61 72.16 74.56 77.17
72.54 77.34 81.62 80.63 79.44
79.65 85.48 86 86.21 87.38
87.53 89.82 90.87 90.54 90.62
91.16 90.55 90.54 88.94 89.96
89.56 89.48 92.43 92.98 92.48
90.89 88.69 82.46 77.09 75.35
72.22 77.69 79.17 85.21 87.46
87.58 89.81 92.02 92.41 90.9
91.55 91.5 88.67 88.02 87.18
84.69 81.78 76.9 75.05 76.72
86.54 91.56 94.05 93.97 94.99
94.39 90.74 86.43 82.63 82.74
79.06 82.83 86.95 84.2 82.54
87.31 90.28 87.72 84.73 89.4
89.79 87.4 85.97 84.1 83.73
85.93 88.38 87.6 86.1 89.3
89.83 92.74 92.62 92.79 90.19
86.41 76.61 68.61 74.82 84.25
86.53 86.9 86.91 85.71 87.58
89.36 92.02 93.71 94.15 94.8
93.61 91.64 90.79 87.7 89.15
91.19 88.98 83.79 87.2 86.62
81.49 81.88 84.56 81.01 83.18
87.86 86.14 86.71 91.75 91.25
93.75 94.45 94.52 93.22 90.91
87.39 87.09 85.03 80.33 86.51
87.78 89.35 90.09 90.17 89.01
89.24 90.82 90.54 87.72 88.44
90.17 88.57 85.86 87.33 88.34
86.1 85.89 85.89 83.17 86.8
89.4 91.84 93.68 93.77 92.78
90.11 85.41 77.64 71.49 59.67
69.76 75.38 83.12 83.99 85.07
86.81 87.75 86.87 86.96 85.51
85.91 87.2 91.88 90.24 89.62
87.98 84.42 76.99 66 63.05
64.88 80.09 84.82 87.03 93.16
93.37 93.71 92.87 90.93 88.46
86.82 83.19 81.65 77.14 83.14
87.13 87.47 87.25 89.03 92.03
91.49 91.14 92.13 93.41 90.42
90.76 92.09 89.3 87.53 88.82
88.9 86.36 85.2 87.33 92.14
93.92 94.27 94.84 94.67 92.87
89.21 86.29 83.96 82 86.62
89.25 86.72 85.98 89.63 89.76
86.86 88.32 88.96 87.16 86.8
85.9 83.82 83.5 83.98 80.49
72.4 73.82 73.88 76.14 77.63
84.04 87.16 88.42 90.8 89.78
90.06 86.82 84.3 74.31 72.31
73.67 65.56 66.1 64.3 67.86
72.63 72.96 75.65 81.94 78.45
79.51 78.44 80.4 79.54 76.73
79.16 83.86 89.62 91.19 92.95
92.71 93.45 92 90.66 87.61
83.94 84.88 80.69 71.21 67.49
72.04 73.68 80.39 79.33 84.8
89.34 91.05 94.26 94.63 95.02
94.34 91.82 90.54 91.37 90.35
87.24 83.98 83.59 85.14 82.72
79.66 75.91 73.04 72.45 72.1
74.84 78.11 77.95 80.99 82.59
85.96 85.83 90.73 91.36 88.91
88.84 85.03 87.52 89.96 87.47
86.23 90.15 88.87 85.1 85.85
86.64 81.3 77.7 77.28 82.96
88.14 89.7 93.52 94.59 94.95
94.27 91.86 91.45 91.49 90.66
89.37 87.75 89.54 88.3 86.8
85.76 86.28 87.17 86.58 83.97
84.1 86.05 86.89 86.07 87.3
87.29 86.56 85.55 85.9 88.25
88.62 87.9 87.58 89.5 89.53
85.76 86.78 86.37 85.36 81.02
76.1 79.9 72.1 74.26 77.55
74.29 71 79.69 81.42 83.28
81.52 84.05 85.27 85.92 84.83
81.82 82.37 84.99 85.93 85.22
84.24 87.73 87.24 85.72 86.49
88.76 88.69 86.2 87 85.75
88.52 87.88 84.33 82.01 77.46
77.1 84.01 85.64 88.55 84.44
87.25 86.9 84.71 85.46 88.73
85.75 81.39 84.35 83.52 85.23
86.81 89.59 90.55 91.95 90.9
90.14 91.57 91.26 90.22 87.87
89.99 88.72 85.97 87.37 85.78
89.75 89.99 91.09 92.15 93.26
92.55 92.9 93.53 93.12 92.04
90.96 91.09 86.33 84.02 72.2
76.42 84.62 86.12 79.67 81.06
74.4 73.56 72.06 80.18 80.43
85.87 88.04 84.06 86.55 87.98
88.14 86.41 87.21 87.65 87.85
86.86 85.15 83.86 84.28 87.76
90.04 91.36 91.53 91.59 91.78
91.51 91.05 92.21 92.03 91.29
91.09 91.9 90.54 91.47 90.87
87.7 87 86.25 86.28 88.19
89.49 86.12 84.23 86.9 87.07
85.68 86.86 84.27 84.58 81.17
85.2 88.34 87.27 83.7 89.63
89.79 86.24 88.01 90.48 89.36
83.46 87.08 89.41 85.28 84.8
85.25 85.02 75.65 76.57 80.25
80.69 81.75 84.25 87.13 85.37
78.2 78.4 76.34 82.06 84.64
89.51 88.95 90.76 91.01 90.85
91.38 92.18 90.59 88.31 87.34
90.21 88.24 85.26 88 89.61
90.27 89.16 87.4 82.26 75.68
74.52 74.05 82.1 88.44 87.07
86.37 81.35 78.21 73.71 78.07
82.4 88.02 88.92 90.09 90.51
88.03 85.44 83.26 85.63 84
85.02 83.87 78.57 73.94 79.96
84.9 86.09 90.48 92.21 92.35
91.98 89.12 84.22 84.63 77.98
75.55 72.18 74.91 81.19 85.05
86.99 89.51 86.92 89.09 92.8
92.1 92.38 89.91 88.03 85.13
86.34 88.35 85.01 84.25 83.42
81.79 79.61 77.55 72.04 75.62
80.99 78.42 73.82 67.87 65.83
65.16 62.15 63.75 62.59 64.91
70.01 66.82 70.4 74.51 73.56
72.86 74.21 77.47 75.37 80.34
82.03 81 83.7 84.28 80.28
77.31 76.33 74.78 78.19 78.15
80.23 82.29 82.59 82.3 74.96
72.5 74.04 68.78 63.86 60.46
