35.07 30.87 31.05 31.73 27.37
29.35 30.25 28.78 26.74 31.13
28.04 32.6 26.74 34.09 30.02
32.78 33.75 28.12 28.89 32.76
31.56 27.41 32.14 32.33 32.59
34.71 33.59 32.52 28.78 34.1
37.83 42.15 39.09 38.55 37.86
33.25 28.37 39.36 34.08 31.27
33.42 33.01 28.5 29.8 31.58
29.16 32.52 30.53 30.6 39.58
33.58 33.98 37.57 33.49 36.51
34.64 34.62 34.69 34.31 32.99
33.14 38.05 35.18 29.42 34.92
33.95 39.07 34.71 36.57 36.27
36.93 36.57 38.55 35.87 38.24
31.63 36.83 32.4 35.06 36.35
33.45 33.95 35.79 34.8 42.16
36.65 38.74 38.87 39.26 40.49
39.51 35.85 39.37 35.74 35.81
35.77 33.49 40.12 32.28 38.67
36.13 33.8 35.9 32.51 40.69
36.44 34.38 29.58 33.94 33.56
35.49 34.67 38.49 36.1 35.44
32.44 36.79 37.94 36.21 35.44
33.1 29.02 32.92 30.3 31.36
32.68 31.09 32.39 35.72 37.56
37.23 36.06 34.91 36.82 44
36.12 36.79 40.37 35.56 40.73
38.21 37.46 37.69 32.74 37.26
35.79 38.23 32.61 34.08 37.34
37.14 34.02 35.33 33.4 37.73
34.33 36.41 35.87 34.8 37.06
42.51 35.62 35 35.87 32.16
35.68 28.63 38.49 31.73 37.96
36.13 37.55 42.42 36.3 35.48
43.22 37.55 39.3 41.17 38.33
39.05 39.41 35.29 37.8 37.25
37.78 37.4 35.99 36.57 34.81
44.99 36.13 37.18 33.7 41.55
37.16 36.98 34.98 35.18 34.84
34.19 33.83 36.27 35.6 42.43
34.58 37.54 37.46 35.73 34.54
36.27 30.72 35.18 27.79 32.38
27.03 31.31 31.93 28.79 30.13
31.15 32.39 31.79 33.29 33.49
30.51 35.05 33.6 36.82 32.45
36.36 32.28 32.32 33.96 32.32
33.19 28.26 34.06 32.79 29.13
34.35 32.24 32.25 32.35 31.7
32.25 33.27 34.25 32.97 31.3
33.51 33.97 35.31 33.67 31.86
30.37 34.89 32.13 41.05 32.86
40.47 32.82 45.69 35.28 31.75
40.23 36.69 37.76 44.77 36.08
52.46 47.99 34.99 40.02 40
35.86 40.88 33.85 38.43 36.43
36.03 33.26 37.5 33.28 30.27
35.62 37.04 40.39 42.68 41.73
42.27 41.12 49.92 48.62 41.26
38.44 39.36 41.3 37.76 32.9
37.16 36.42 39.45 41.07 34.75
36.85 32.71 32.2 34.21 30.74
35.06 31.04 35.24 33.8 38.69
37.35 32.04 42.18 42.54 31.55
34.57 36.13 30.11 30.4 29.53
28.59 27.82 28.75 35.32 41.48
55.87 64.28 82.2 88.62 88.48
89.28 86.55 89.38 91.97 89.63
92.99 94 93.18 94.04 95.42
95.45
