39.56 35.97 35.69 47.99 37.26
47.98 49.05 53.85 50.19 49.32
50.78 40.72 45.29 44.29 44.19
44.62 42.21 44.3 45.37 45.69
57.04 46.87 55.13 46.59 48.64
51.37 59.02 58.26 53.61 55.24
67.74 60.32 64.75 60.1 56.89
64.33 53.62 56.52 62.72 61.11
51.88 53.61 43.19 52.71 43.49
52.3 50.74 44.9 45.1 44.37
43.82 47.81 43.19 45.17 51.71
48.41 49.43 56.99 54.37 53.59
61.55 56.75 43.27 45.14 42.21
33.15 37.77 41.98 45.07 53.04
66.25 87.18 90.33 90.67 92.82
94.22 94.91 95.71 94.05 94.12
96.96 96.19 96.17 94.84 94.47
92.69 90.4 91.02 93.76 92.15
90.13 90.9 89.19 85.84 85.79
88.19 88.14 89.35 86.14 83.5
80.31 74.75 67.45 62.58 51.88
52.86 51.62 51.01 52.58 55.39
64.65 80.53 87.53
