42.2 33.02 31.78 36.4 39.92
36.23 35.64 33.97 38.12 35.03
35.86 37.56 38.24 43.95 44.55
47.06 42.09 48.54 49.75 46.62
48.98 48.22 43.7 35.46 40.22
37.98 35 32.57 35.82 42.95
53.47 67.45 87.52 93.43 95.96
95.6 97.41 98.37 98.5 98.52
97.84 97.21 97.77 98.16 97.97
98.43 98.5 97.94 97.69 97.98
96.45 96.43 95.95 92.57 94.93
94.6 95.74 97.41 97.64 98.55
98.22 98.46 98.3 97.66 96.97
97.67 97.98 97.8 97.2 94.28
91.49 94.38 96.34 97.88 98.43
98.42 98.63 98.64 98.57 98.13
97.1 95.68 95.13 97.6 97.29
98.37 98.7 98.56 98.6 98.51
98.33 98.28 97.5 98.15 96.3
95.66 95.86 98.42 98.47 98.56
94.4 98.62 98.78 98.64 98.16
97.71 96.47 96.8 96.05 96.08
97.97 98.61 98.7 98.73 98.71
98.23 98.31 98.76 98.66 98.19
95.28 95.64 97.05 97.08 97.28
96.33 96.51 97.67 97.23 97.35
96.36 95.87 96.94 95.85 94.99
97.52 97.7 98.17 98.17 97.99
97.74 96.32 94.06 92.72 92.67
96.53 97.98 98.04 98.28 98.33
98.46 98.64 97.93 97.17 97.46
98.35 98.44 98.55 98.42 98.33
98.16 96.71 94.28 93.8 93.67
96.38 96.58 97.22 98.12 98.53
98.36 96.55 96.4 97.68 98.27
98.56 98.46 98.63 98.09 96.31
96.78 93.83 91.53 86.38 83.08
58.08 50.29 34.94 34.59 28.01
31.32 32.68 37.01 37.79 36.78
36.79 38.05 37.39 37.1 42.96
32.68 37.91 39.17 36.86 38.63
37.61 33.78 35.92 35.04 31.52
35.62 30.61 29.98 28.45 26.91
30.23 29.09 39.14 54.96 62.16
77.24 79.7 86 89.18 91.15
94.92 95.05 96.15 97.14 97.81
96.93 97.03 97.47 96.67 97.46
95.91 95.65 94.06 95.4 96.15
97.44 98.26 98.69 98.86 98.76
98.68 98.55 98.54 97.75 97.29
94.35 92.95 95.35 94.05 97.22
98.56 98.82 98.73 98.87 98.87
98.89 98.84 98.66 98.48 97.96
98.69 98.44 98.42 97.32 96.89
97.43 88.69 88.67 95.07 97.92
98.52 98.87 98.89 98.96 98.93
98.9 98.87 98.44 97.58 92.71
92.75 96.94 95.32 97.98 97.35
97.63 98.32 98.63 98.78 98.81
98.76 98.85 98.93 98.92 98.89
98.92 98.88 98.85 98.55 98.27
95.91 95.99 94.72 96.81 98.61
98.72 98.72 98.88 98.89 98.9
98.87 98.9 98.89 98.91 98.94
98.97 98.9 98.9 98.5 98.18
94.34 82.57 63.72 56.16 39.89
42.31 46.74 55.69 53.18 58.67
55 55.09 59.28 57.97 55.25
55.78 56.03 54.54 43.34 39.42
50.08 57.1 68.16 85.39 91.61
96.15 97.48 98.35 98.61 98.88
98.88 98.94 98.88 98.84 98.71
98.81 98.91 98.83 98.83 98.83
98.77 98.7 98.46 97.83 97.63
98.24 98.24 97.14 98.28 98.77
98.69 98.4 98.67 98.78 98.69
98.44 98.75 98.81 98.62 98.84
98.83 98.73 98.81 98.77 98.83
98.88 98.88 98.85 98.89 98.83
98.93 98.93 98.92 98.91 98.82
98.43 98.42 98.75 98.48 98.79
98.73 98.65 98.77 98.85 98.73
98.75 98.83 98.84 98.78 98.56
98.74 98.58 98.36 98.14 97.81
98.44 98.78 98.88 98.93 98.95
98.92 98.91 98.93 98.75 98.38
98.64 98.81 98.73 98.6 98.02
98.6 98.79 98.58 98.8 98.8
98.87 98.73 98.38 98.41 98.61
98.74 98.57 98.57 98.6 98.36
98.59 98.79 98.85 98.72 98.65
98.81 98.69 98.56 98.57 98.72
98.87 98.88 98.94 98.96 98.94
98.86 98.9 98.84 98.77 98.8
98.87 98.77 98.58 98.21 97.06
97.87 98.51 98.3 98.68 98.67
98.6 98.54 98.74 98.43 98.25
98.25 98.29 98.83 98.88 98.84
98.77 98.44 93.65 95.12 96.05
97.86 98.47 98.57 98.27 97.97
98.23 98.44 98.31 98.01 98.13
98.46 98.74 98.59 98.88 98.88
98.89 98.92 98.82 98.82 98.75
98.76 98.88 98.87 98.81 98.82
98.87 98.86 98.73 98.81 98.83
98.73 98.49 98.16 98.54 98.66
98.44 98.32 98.75 98.65 98.61
98.79 98.92 98.91 98.94 98.93
98.92 98.44 98.62 98.85 98.88
98.81 98.7 98.81 98.47 98.02
98.24 98.22 98.66 98.56 98.85
98.73 98.68 98.72 98.4 98.71
98.61 98.85 98.51 97.56 96.98
98.61 98.72 98.91 98.8 98.87
98.86 98.95 98.94 98.9 98.95
98.87 98.92 98.95 98.96 98.92
98.91 98.94 98.96 98.91 98.83
98.89 98.87 98.48 98.56 98.54
97.9 97.62 97.14 97.16 98.64
98.81 98.82 98.93 98.95 98.93
98.9 98.82 98.83 98.95 98.95
98.83 98.67 98.91 98.84 98.87
98.88 98.68 98.91 98.92 98.86
98.66 97.66 97.78 98.26 98.51
98.53 98.47 98.69 98.28 98.63
98.74 98.75 98.7 98.8 98.89
98.8 98.9 98.88 98.88 98.88
98.9 98.7 98.83 98.85 98.52
98.82 98.72 98.84 98.89 98.8
98.82 98.8 98.85 98.42 98.45
98.36 97.98 98.01 98.31 98.22
97.43 97.41 98.19 98.53 98.59
98.61 98.72 98.79 98.87 98.84
98.86 98.78 98.82 98.88 98.88
98.83 98.9 98.92 98.92 98.91
98.83 98.63 98.44 97.32 97.02
98.24 97.82 98.4 98.29 98.56
97.42 97.63 97.78 94.81 92.17
89.32 92.44 95.54 92.98 95.06
97.55 98.43 98.27 97.43 98.55
98.74 98.55 98.72 98.87 98.9
98.84 98.92 98.93 98.89 98.93
98.92 98.91 98.91 98.89 98.71
98.7 98.43 98.7 98.69 97.49
96.27 97.75 95.81 98.52 98.71
98.75 98.71 98.71 98.75 98.52
98.48 98.06 98.26 97.76 97.46
97.67 96.73 96.6 98.42 98.23
96.4 98.37 97.75 98.42 98.52
98.89 98.91 98.92 98.29 97.92
98.83 98.91 98.89 98.89 98.77
98.59 98.68 98.27 98.17 97.99
97.64 97.49 97.54 97.74 97.97
98.32 98.64 98.72 98.75 98.29
97.15 95.24 94.26 98.03 98.5
98.78 98.71 98.37 98.14 95.34
96.19 97.64 97.21 97.81 98.33
97.97 96.64 97.6 97.98 98.4
98.01 98.34 97.97 97.96 98.17
97.42 97.31 96.35 97.13 98.04
98.57 98.85 98.88 98.89 98.85
98.7 98.59 98.9 98.91 98.92
98.89 98.89 98.82 98.55 98.44
98.63 98.6 98.58 98.86 98.79
98.45 98.69 98.76 97.93 98.31
98.59 98.72 98.89 98.91 98.91
98.87 98.87 98.81 98.63 98.33
96.39 96.49 97.2 98.51 98.8
98.81 98.8 98.75 98.88 98.82
98.86 98.72 98.42 98.62 98.61
98.79 98.6 98.54 98.4 96.53
97.52 97.79 97.9 98.52 98.76
98.77 98.73 98.75 98.82 98.85
98.78 98.79 98.11 93.62 96.57
98.37 98.72 98.75 98.72 98.44
98.28 98.29 97.74 96.95 96.48
97.3 97.49 97.56 96.88 97.99
98.02 98.64 98.48 98.66 98.43
98.65 98.76 98.71 98.65 98.37
96.58 95.51 93.88 97.06 97.31
97.38 97.29 98.21 98.07 98.12
97.56 96.71 92.61 91.6 93.21
92.52 93.71 94.51 96.34 97.37
97.19 98.11 97.68 98.11 96.94
94.73 94.3 93.13 96.27 98.16
98.44 98.57 98.34 96.13 96.64
97.06 95.76 96.54 97.63 98.04
97.82 97.3 98.13 98.49 98.39
98.52 98.06 97.8 94.18
