39.06 48.12 47.08 53.76 56.77
60.44 57.74 62.15 68.34 68.81
67.54 75.08 81.97 87.36 89.51
91.92 94.42 94.91 95.6 95.74
97.39 97.88 97.03 97.77 98.16
97.81 96.03 96.23 97.63 95.22
91.05 92.77 94.15 88.33 85.23
90.41 92.37 88.98 84.55 91
91.75 88.08 86.86 89.88 92.35
89.44 89.55 89.3 85.26 87.56
90.67 86.56 86.14 90.33 90.61
86.69 86.68 92.9 90.14 87.3
89.3 93.03 89.7 86.25 88.35
93.24 90.74 90.82 92.12 94.19
91.33 90.4 90.13 89.12 86.68
81.34 73.92 72.8 70.21 63.87
51.11 41.08 41.11 39.95 36.92
39.86 41.17 47.23 53.15 66.01
73.56 80.28 84.86 86.69 89.25
91.08 91.25 93.08 94.93 94.88
95.2 96.73 96.17 96.5 97.69
97.96 98.13 98.24 98.51 98.25
97.98 97.87 98.31 97.46 97.18
96.91 96.27 94.11 93.5 95.94
95.86 95.9 94.03 93.44 96.25
97.56 95.58 96.05 97.1 97.43
95.21 96.44 97.19 97.73 94.57
96.58 98.01 97.14 95.09 96.76
97.71 94.83 94.22 95.58 96.06
93.31 91.57 93.14 91.8 87.01
87.09 87.32 85.35 80.94 84.52
84.21 87.46 88.78 90.54 90.66
92.49 93.02 92.93 94.89 95.33
95.88 94.63 96.23 97.2 94.81
93.48 95.48 94.76 92.09 91.43
92.49 88.16 87.41 89.71 89.78
85.66 86.79 89.34 87.05 86.43
80.33 80.56 87.1 90.37 92.32
93.68 95.11 95.5 96.23 96.72
97.41 97.92 97.71 97.88 98.22
98.28 97.87 98.31 98.1 97.85
97.28 98.12 97.45 95.46 95.95
96.29 94.8 93.16 92.68 92.18
89.96 86.45 85.1 85.64 80.87
75.1 66.31 55.05 41.81 46.2
35.2 26.5 29.64 25.13 26.53
26.84 25.5 23.06 24.39 24.15
26.32 22.31 24.37 25.2 24.25
27.9 25.9 29.59 25.01 27.18
27.86 33.27 44.73 48.81 59.26
70 81.97 81.11 83.34 85.1
86.83 87.51 88.44 89.31 90.01
90.18 90.46 92.37 94.26 95.81
96.19 96.58 97.19 97.8 96.56
96.64 97.35 96.9 96.95 97.34
97.07 95.09 95.65 95.51 93.45
91.1 91.78 91.2 86.64 85.2
88.05 87.68 81.85 83.4 88.11
84.33 78.66 82.74 84.66 82.64
69.23 70.35 70.11 71.25 74.39
66.03 69.11 75.98 72.37 72.52
79.56 82.16 79.28 79.92 85.67
85.12 83.26 88.06 90.91 90.71
90.95 92 92.54 92.6 93.39
93.51 93.94 93.22 93.23 94.09
94.33 90.53 92.39 93.25 93
94.38 95.98 96.13 96.53 96.73
97.36 96.98 96.42 97.55 97.82
96.37 95.68 97.59 97.34 96.42
96.8 96.96 96.09 96.11 95.04
94.69 93.16 90.33 87.64 86.55
87.31 86.32 86.58 91.08 90.79
89.08 89.25 93.54 91.03 89.03
91.65 93.3 91.37 92.04 93.4
94.08 92.05 92.27 94.65 93.29
91.1 93.7 95.46 92.66 94.03
95.69 95.02 92.56 93.59 94.48
91.97 90.94 92.57 91.66 88.34
88.79 87.99 85.15 80.56 78.71
71.88 75.06 80.03 85.6 89.89
89.84 91.49 93.17 92.67 91.82
92.32 94.3 91.75 91.5 92.02
93.02 88.85 88.29 89.62 88.83
84.19 86.7 88.77 82.73 81.89
84.15 84.51 81.74 80.87 84.2
82.1 80.2 78.42 77.95 75.66
67.54 62.24 58.07 54.96 48
42.59 37.69 33.73 34.22 34.67
33.99 32.32 33.64 31.91 30.15
31.6 27.36 29.91 34.53 30.39
27.45 38.83 37.28 41.22 43.24
47.49 50.3 52.27 55.25 56.37
59.9 76.44 78.8 83.17 85.78
86.61 88.81 92.01 91.71 91.45
92.64 95.21 94.79 95.07 96.06
97.36 96.59 97.21 97.46 98.09
97.8 98.02 97.84 97.82 97.11
97.3 96.08 96.25 95.28 94.16
92.62 92.24 90.77 89.8 91.14
91.29 90.11 91.6 91.21 88.54
88.52 88.09 83.53 83.74 83.02
79.32 69.75 65.07 60.24 57.05
52.1 42.3 38.37 37.6 33.82
31.84 37.69
