38.37 39.89 42.92 51.99 48.29
45.45 39.85 55.76 51.51 46.09
55.03 50.47 39.18 57.52 50.02
47.11 54.27 46.17 42 36.2
50.41 40.21 41.06 47.42 40.53
44.74 44.83 48.23 50.7 50.63
51.92 52.27 56.53 55.52 44.79
51.74 52.44 56.59 55.58 54.35
51.21 44.08 49.14 50.19 46.82
42.48 46.36 44.26 43.38 39.3
38.64 40.72 37.08 34.76 31.86
34.99 34.87 38.07 39 41.74
38.48 35.81 36.59 37.77 37.11
38.14 47.72 49.26 58.74 62.64
67.03 67.2 62.62 64.33 61.8
59.77 65.43 66.29 64.06 63.63
59.66 53.01 60.2 60.78 64.75
65.22 55.06 63.86 68.43 66.61
66.19 65.11 65.9 68.72 69.7
73.96 74.94 75.31 71.43 71.48
74.45 77.21 79.43 77.35 79.25
76.82 76.55 74.55 73.24 70.05
70.22 66.4 66.71 69.23 64.67
64.7 57.37 46.81 49.98 52.35
48.73 49.85 53.79 60.3 70.54
69.09 73.26 76.45 77.54 85.94
85.96 83.88 79.36 79.88 79.36
77.31 79.62 79.9 82.04 79.71
80.06 83.78 83.01 77.93 79.56
79.52 78.62 78.58 76.92 76.43
73.51 74.07 68.51 62.12 62.15
59.71 60.57 58.65 47.84 51.38
56.78 48.92 42.31 39.08 41.72
40.41 41.34 48.93
