40.64 30.14 35.75 34.63 38
40.78 33.86 31.86 34.02 35.95
39.09 36.64 33.62 35.7 45.67
53.59 72.34 82.68 83.9 86.58
86.54 88.04 90.12 94.55 94.82
93.79 95.12 97.15 97.48 97.98
97.94 97.83 98.18 98.34 97.98
97.4 97.94 97.89 96.75 96.26
96.35 96.33 95.99 97.05 97.16
94.77 93.9 95.41 94.79 91.01
91.63 92.43 91.35 86.39 80.21
78.11 78.52 85.02 88.4 90.97
89.82 91.18 95.01 94.89 94.22
95.8 97.9 96.59 97.29 97.87
97.8 97.5 97.7 97.65 97.69
97.76 97.65 97.37 98 98.35
98.39 97.69 98.34 98.4 97.11
96.98 97.12 96.05 93.5 94.52
96.68 97.91 97.61 98.1 97.41
96.57 97.1 97.63 97.9 96.98
96.6 97.31 96.44 95.85 96.29
95.38 94.63 95.2 95.37 94.13
93.78 95 93.59 91.07 92.41
93.5 88.99 86.95 90.77 88.65
82.25 85.04 87.38 84.17 80.64
84.9 83.64 79.1 78.69 82.73
80.47 84.34 84.06 82.88 84.88
79.72 80.74 82.21 81.71 87.19
88.73 92.67 94.02 95.41 97.26
97.45 96.97 98.32 98.38 98.19
97.7 98.24 98.15 96.57 96.72
96.2 95.95 94.2 94.04 92.43
92.16 89.43 88.97 89.71 93.18
93.77 95.28 96.74 94.66 94.06
89.74 88.08 90.64 93.78 97.4
96.05 96.36 94.14 90.44 93.43
94.27 92.3 87.43 88.48 91.49
90.55 90.92 92.75 94.46 94.01
94.9 94.99 95.37 95.33 95.37
93.88 94.51 94.42 93.08 89.42
89.93 91.05 90 86.76 86.1
88.11 84.49 81.35 83.82 85.34
79.61 77.49 82 81.65 74.01
75.03 80.14 75.36 72.14 70.79
72.73 66.36 52.42 63.81 57.38
62.82 74.02 78.26 78.01 76.44
76.93 80.76 78.18 77.11 79.37
78.24 78.39 79.18 80.51 77.39
76.46 82.24 81.13 79.93 83.84
84.73 82.64 84.78 87.93 89.44
90.83 92.41 92.69 95.83 95.71
95.4 96.44 97.54 97.09 96.58
96.95 96.49 95.16 93.84 93.84
92.69 90.39 90.15 89.01 90.45
92.32 94.56 93.02 94.53 95.47
94.04 94.56 96.02 96.85 95.54
96.29 97.25 96.99 96.46 96.47
96.91 95.78 95.57 95.17 95.14
94.71 92.16 91.76 93.34 93.16
90.36 90.69 88.99 86.1 82.19
82.24 79.35 73.1 68.73 66.89
57.64 57.02 52.89 52.48 56.02
58.31 58.35 58.44 60.82 70.47
74.93 74.94 76.24 80.19 78.95
76.57 77.7 77.67 77.38 75.45
75.61 65.98 51.37
