36.2 29.79 46.11 36.85 37.27
38.84 35.71 35.36 33.54 33.22
32.87 33.73 33.6 39.53 36.88
40.52 33.24 38.81 34.96 36.28
34.95 30.46 32.86 28.97 33.78
29.21 32.2 29.38 28.54 28.8
28.44 28.54 29.22 30.82 30.94
32.67 34.39 31.87 33.59 33.6
37.46 35.09 34.88 34.9 34.54
35.51 36.67 35.6 33.67 34.75
32.45 37.11 34.63 33.5 36.6
33.36 41.86 36.65 41.35 40.95
38.06 41.67 38.69 41.43 35.77
42.98 42.5 44.52 45.51 46.6
49.13 54.06 55.54 62.7 65.97
78.85 80.18 79.78 82.11 87.7
88.76 88.98 90.86 93.42 93.48
93.87 94.72 94.64 94.15 95.94
96.14 93.85 96.15 96.62 96.7
95.89 97.56 96.15 95.12 95.34
95.42 95.08 93.25 94.47 93.3
93.54 92.67 95.58 94.98 97.12
97.27 97.75 97.1 96.8 96.44
94.08 94.89 96.34 93.56 94.37
95.93 94.73 94.44 94.46 94.77
95.21 95.36 94 94.26 94.43
95.46 94.87 95.4 95.54 95.31
95.61 94.61 93.52 93.84 93.99
92.62 91.96 92.53 89.2 84.22
81.84 80.43 71.21 62.43 59.69
62.66 62.25 63.93 67.26 78.73
85.93 90.17 91.95 93.13 93.91
94.33 91.78 90.23 92.04 89.84
85.47 70.23 60.66 52.3 41.99
43.29 38.39 44.89 39.94 48.19
44.87 46.42 53.48 59.62 77.42
85.01 90.06 92.78 93.77 94.48
94.84 94.6 94.39 94.12 93.54
92.93 92.56 92.66 93.44 92.76
92.01 93.86 91.75 92.09 91.39
91.81 93.28 94.09 91.87 93.44
92.77 93.08 91.42 89.65 92.68
91.96 91.33 91.02 90.44 88.44
87 83.99 75.64 67.76 64.32
59.33 59.94 58.48 57.16 61.73
74.52 83.15 88.12 87.94 89.98
88.55 88.33 87.1 84.29 83.44
85.24 83.75 75.2 74.5 79.14
82.71 80.62 87.02 90.31 91.94
90.82 92 92.25 93.81 94.16
94.88 94.65 94.24 92.86 89.79
79.67 67.22 58.15 49.48 42.14
37.18 32.26 36.05 35.47 36.39
38.78 34.64 37.61 36 39.56
37.97 39.41 37.45 42.52 35.98
38.01 34.57 36.87 36.71 37.6
37.12 33.9 34.89 37.98 33.28
31.46 30.32 33.5 40.72 45.81
58.76 71.39 82.45 88.04 91.26
93.02 92.35 92.27 91.94 92.23
90.36 88.33 87.16 85.88 85
82.58 82.82 86.89 87.06 88.19
88.94 89.77 89.52 91.31 92.03
91.07 90.53 89.84 89.28 86.61
85.36 73.36 62.12 43.14 33.6
32.79 29.82 38.51 42.54 38.02
36.32 35.12 40.98 42.9 41.09
31.36 31.46 34.99 31.75 40.59
43.01 38.86 40.94 46.71 49.26
60.47 57.9 59.7 65.07 65.37
68.21 75.7 88.63 91.21 92.56
93.2 93.34 92.83 92.1 90.4
87.74 82.6 71.71 54.18 45.65
50.97 47.76 53.66 53.93 60.91
60.02 64.87 65.72 61.35 59.62
54.47 50.4 35.99 36.13 32.89
31.67 33.2 33.28 34.38 29.74
36.29 39.28 34.14 35.92 37.98
32.71 33.6 33.14 38.85 35.42
33.72 34.1 37.21 33.09 35.16
35.77 38.52 37.54 41.78 34.73
40.83 33.78 36.29 33.1 39.31
36.75 31.98 35.12 33.72 31.24
33.7 34.78 30.14 32.52 31
32.1 39.38 56.64 60.6 72.19
82.72 89.17 92.37 92.22 94.72
94.57 96.13 94.31 92.2 88.69
83.33 87.23 84.44 83.36 85.71
82.5 83.55 77.88 75.37 81.99
80.52 87.74 93.33 95.24 96.24
95.07 96.31 96.13 96.48 96.75
96.37 96 93 93.39 93.5
94.9 95.99 95.84 96.14 96.26
97.54 97.05 95.97 95.94 97.09
97.1 95.32 95.6 96.16 95.62
94.84 93.88 94.34 91.85 90.03
88.08 87.13 85.58 88.14 91.19
92.59 94.23 94.78 95.78 95.44
95.05 94.29 91.9 90.12 90.71
79.3 71.3 76.41 82.88 80.36
84.29 86.12 85.73 85.23 86.71
86.43 85.07 83.92 82.62 83.17
80.66 80.06 75.4 80.38 75.25
77.16 82.75 86.16 91.59 88.99
88.66 90.06 88.1 90.23 89.36
89.75 87.8 87.68 86.02 86.17
84.62 83.24 81.92 81.7 80.99
82.25 86.03 86.34 89.59 89.81
86.88 86.91 88.39 85.08 71.29
62.33 60.44 55.4 49.94 50.44
51.18 47.25 47.34 52.24 53.66
63.07 68.64 79.62 86.15 86.68
87.18 85.3 87.97 89.88 91.28
91.19 90.31 87.78 86.66 89.71
91.52 91 91.08 90.13 89.64
89.19 88.52 88.39 84.34 81.44
79.4 78.65 72.77 75.11 79.21
80.3 84.07 88.1 91.04 91.74
93.88 94.28 96.17 96.19 96.16
96.11 96.66 95.86 96 96.24
95.42 95.81 95.41 94.52 95.69
94.88 93.29 93.61 94.56 95.13
96.42 95.99 96.25 96.33 97.09
96.82 97.02 95.73 96.36 96.26
95.38 94.22 94.5 94.21 93.81
94.9 94.1 94.85 94.43 93.83
95.99 95.54 94.26 95.3 96.5
96.1 95.46 96.25 97.44 96.25
95.25 95.58 96.19 94.19 93.86
94.63 95.8 94.58 93.1 93.73
93.6 95.1 94.21 94.2 94.9
95.77 95.22 95.56 96.19 96.57
96.32 95.95 95.72 96.15 96.85
95.81 95.62 95.35 94.83 93.6
94.56 94.21 93.23 95.29 93.86
94.91 94.86 94.13 94.77 94.03
93.65 92.11 92.63 92.01 90.29
89.85 86.78 83.5 79.84 72.83
59.65 48.71 33.77 36.99 31.61
31.84 30.85 28.87 28.87 26.44
30.54 25.55 29.08 27.66 27.22
28.42 26.63 29.85 27.58 29.44
29.58 26.9 31.12 32.53 31.82
33.48 36.64 35.67 36.01 36.21
33.79 41.5 35.15 38.35 36.25
34.59 37.29 39.83 35.01 37.31
34.53 34.45 37.13 32.38 35.85
28.14 31.46 25.52 30.62
