67.06 80.44 81.98 85.1 88.46
90.37 91.88 93.06 93.43 93.4
94.67 93.68 93.55 94.76 94.7
93.61 93.72 95.12 96.22 95.35
95.37 96.37 96.69 96.86 97.24
97.14 97.6 97.65 97.87 96.99
95.74 97.08 95.34 94.72 94.05
94.95 96.96 90.93 93.65 86.58
92.48 96.42 96.29 97.32 97.61
94.03 91.32 97 95.17 95.95
97.67 98.31 98.49 98.88 98.81
98.72 98.64 98.29 97.34 96.81
97.72 98.29 98.61 98.82 98.8
98.76 98.43 97.61 97.68 96.26
92.4 89.24 87.87 92.97 95.34
95.75 95.57 95.7 94.48 93.83
93.68 94.38 97.15 97.52 98.57
98.26 97.96 97.67 97.13 97.07
96.37 94.77 90.78 91.73 93.59
95.1 96.5 95.94 96.42 97.85
97.24 97.38 90.58 90.06 90.94
96.34 95.89 95.55 95.16 96.43
97.83 98.02 98.51 98.63 98.87
98.94 98.93 98.81 98.66 98.54
97.9 96.71 97.22 96.98 98.44
98.77 98.86 98.9 98.92 98.93
98.92 98.74 97.75 96.61 92.87
89.11 94.91 97.5 98.53 98.87
98.83 98.71 98.8 98.59 98.68
97.57 94.38 94.07 94.82 95.11
97.65 98.76 98.15 98.49 97.71
97.51 98.14 98.66 97.91 98.28
97.72 98.66 98.56 97.79 98.22
98.69 98.78 98.94 98.93 98.9
98.8 98.41 98 97.74 98.26
98.75 98.91 98.96 98.97 98.97
98.92 98.45 98.49 98.04 96.79
94.91 94.27 92.82 94.4 96.78
96.03 94.19 95.79 97.4 96.03
95.57 96.32 96.4 97.03 97.58
98.59 98.72 98.84 98.94 98.93
98.91 98.87 98.56 97.64 97.25
97.93 98.72 98.63 98.83 98.85
98.81 98.52 98.24 98.79 98.37
98.27 98.82 98.81 98.9 98.94
98.86 98.76 98.69 97.94 97.51
97.53 98.49 98.84 98.9 98.94
98.96 98.95 98.84 98.62 98.35
98.4 98.63 98.83 98.91 98.91
98.9 98.9 98.8 98.75 98.37
96.8 96.93 98.08 98.6 98.85
98.69 98.67 98.33 97.9 98.63
98.73 98.43 98.22 96.56 98.56
98.8 98.73 98.86 98.93 98.88
98.84 98.68 97.87 96.03 95.01
96.63 98 98.7 98.87 98.89
98.88 98.84 98.83 98.4 98.26
97.9 96.82 96.5 96.98 94.74
91.59 94.53 96.28 96.65 95.11
96.75 96.25 97.14 97.85 97.6
98.48 98.74 98.83 98.85 98.81
98.88 98.77 98.06 98.34 98.03
97.81 96.77 97.05 98.38 98.74
98.68 98.51 98.41 98.45 98.48
98.27 96.86 96.44 96.62 95.63
96.18 97.67 97.79 97.74 98.69
98.81 98.92 98.82 98.42 97.99
97.42 95.09 94.26 95.51 97.92
98.62 98.78 98.77 98.72 96.21
96.41 97.45 98.02 98.59 98.17
97.74 97.04 93.61 92.93
