52.91 58.45 67.37 70.26 74.49
76.81 85.58 87.16 90.59 90.83
90.22 92.96 96.14 97.08 97.15
96.87 97.58 97.19 96.95 96.71
97.08 97.06 97.27 96.18 95.62
95 92.42 87.5 83.58 86.81
86.89 89.94 93.96 94.77 94.46
95.1 96.89 97.16 98.12 97.79
97.63 95.88 95.03 94.18 94.83
95.11 96.75 97.7 97.53 96.95
94.4 93.05 87.99 90.3 94
94.39 95.77 95.95 96.34 96.08
94.92 95.12 92.39 94.24 95.68
93.93 95.51 96.68 93.51 92.75
89.41 89.31 91.64 91.47 89.01
89.89 90.63 91.71 92.39 92.62
92.96 93.54 93.59 93.34 92.71
91.3 89.59 90.13 88.48 88.31
86.21 87.36 92.12 92.47 93.62
96.07 97.03 97.41 96.8 97.03
96.09 95.42 93.05 91.69 92.08
93 93.51 91.52 93.56 93.54
94.72 95.26 96.85 96.94 96.95
95.91 93.37 93.74 95 96.05
95.91 96.91 96.64 96.82 97.63
97.02 95.77 96.53 96.81 94.73
93.32 93.26 90.96 85.1 89.21
83.68 89.2 89.73 89.62 91.49
92.99 94.37 94.97 94.08 94.84
96 95.24 95.49 96.11 96.07
96.91 96.81 96.82 96.1 96.44
95.76 95.33 95.69 95.53 94.04
93.81 93.13 96.54 96.58 96.5
96.23 93.71 92.91 94.01 92.81
91.85 91.36 91.97 84.6 83.17
74.42 82.92 84.15 88.46 90.89
91.41 92.75 95.17 95.42 95.17
96.42 96.25 96.32 95.97 95.64
96.23 95.91 93.83 92.6 89.87
93 96.23 96.65 97.01 96.24
93.75 94.03 95.32 96.37 96.36
95.83 94.85 96.01 96.53 95.66
94.96 95.53 93.87 92.66 92.97
92.55 90.93 92.15 94.27 93.56
94.74 95.78 95.27 94.72 95.42
96.9 95.87 94.4 94.47 92.15
90.28 87.04 87.85 92.88 92.76
96.59 97.12 96.69 97.09 96.67
97.2 96.75 96.7 96.8 97.05
95.58 94.85 94.06 94.51 94.37
90.7 91.1 88.56 87.52 86.64
85.1 86.12 84.94 83.87 85.77
88.91 91.18 92.41 93.63 95.38
94.58 92.25 95.29 95.87 94.56
95.01 97.12 95.94 94.28 95.58
97.46 95.07 96.22 96.15 97.12
96.96 96.09 95.24 96.48 96.41
97.84 98.02 97.13 95.71 95.27
96.73 97.45 96.38 95.93 95.94
96.63 95.38 94.77 91.78 90.48
94.16 93.98 94.81 93.28 91.17
90.88 89.06 91.26 90.68 90.5
92.71 93.28 95.66 96.99 98.14
98.06 98.14 98.17 98.38 98.1
98.56 98.66 98.61 98.71 98.6
98.7 98.19 96.47 94.55 96.54
95.52 94.18 91 86.38 79.36
75.28 72.07 74.1 77.33 90.06
93.61 95.16 96.79 96.01 97.08
98.56 97.84 97.16 97.88 98.13
95.57 94.89 96.24 98.51 98.74
98.72 98.64 97.45 97.76 95.29
96.64 94.81 93.34 92.05 86.98
81.12 81.23 84.75 88.98 95.06
96.42 95.65 95.33 90.97 84.02
76.72 73.09 71.8 76.13 80.97
86.36 90.54 95.1 96.43 98.18
97.81 97.73 98.49 98.58 98.03
97.99 98.64 98.03 95.65 96.71
97.93 97.49 94.42 93.14 96.41
97.53 98.71 98.68 98.85 98.75
98.64 97.87 97.03 93.78 94.32
93.4 94.37 92.94 90.9 90.75
94.97 96.04 94.34 95.82 97.59
96.31 96.5 98.15 98.18 96.61
97.63 97.84 98.36 96.85 96.64
98.17 98.4 97.62 93.57 93.74
95.21 96.45 94.79 95.28 96.94
95.98 94.6 94.64 95.11 94.8
96.51 96.39 98.21 98.31 98.51
98.54 98.47 98.42 98.45 98.31
98.32 98.68 98.73 98.52 98.19
97.29 95.67 91.99 91.28 90.23
88.6 86.2 88.45 88.56 88.31
88.56 89.8 88.16 86.27 88.68
83.51 81.68 81.21 79.88 71.95
75.7 78.08 75.13 53.56 46.88
45.63 41.18 46.01 44.35 44.85
42.41 44.13 45.89 46.09 42.18
43.17 40.62 41.04 38.01 36.17
37.47 33.54 31.56 38 31.88
34.16 33.43 35.13 42.65 41.96
41.92 37.92 38.08 34.55 29.32
28.83 31.02 32.85 31.09 34.83
30.82 38.55 34.76 40.39 41.79
35.43 40.49 42.67 43.44 45.81
46.79 49.91 47.27 48.41 47.9
44.07 47.73 46.04 49.29 54.65
62.14 61.63 62.36 64.61 58.92
62.59 64.4 61.71 55.77 58.43
59.72 54.63 56.34 55.62 62.33
62.58 78.15 81.11 79.46 86.09
91.79 92.36 91.51 91.06 93.85
93.79 91.68 94.18 95.72 95.21
97.11 94.4 95.95 94.81 93.07
89.8 94.67 93.65 93.86 96.62
95.34 96.38 95.77 95.13 96.42
95.88 96.26 96.94 97.28 96.91
97.07 96.82 96.65 96.16 95.87
94.43 94.63 92.84 94.48 92.81
92.58 90.89 94.36 89.67 86.81
90.32 94.64 89.98 93.25 96.61
97.52 96.41 96.64 97.6 97.82
97.57 97.16 97.78 98.11 98.25
98.1 98.3 96.2 94.85 88.97
80.14 81.29 82.46 81.04 84.22
90.98 94.35 96.56 96.79 96.25
97.72 96.15 95.03 97.98 97.75
94.98 95.63 97.08 98.51 98.61
98.53 98.5 98.5 98.39 97.14
97.23 94.27 95.45 94.68 95.88
96.53 97.91 97.81 97.73 97.97
98.21 96.43 95.75 95.92 97.12
94.6 94.24 95.41 93.38 94.62
96.96 98.05 98.65 98 97.98
97.28 93.27 91.76 89.53 94.2
95.54 93.82 90.32 90.02 89.55
85.35 88.46 89.02 87.99 86.93
77.93 76.21 73.06 70.39 72.18
71.03 76.11 82.11 81.88 88.99
92.28 94.16 96.51 97.12 97.95
98.01 98.2 97.77 97.53 96.4
95.07 95.26 96.16 93.34 88.38
90.25 88.62 92.84 95.42 97.36
97.58 98.26 97.54 98 97.13
97.05 96.66 93.93 91.11 88.78
85.55 91.35 93.11 91.11 86.85
82.13 84.67 94.54 95.48 97.28
95.66 95.56 95.73 94.07 90.48
91.04 92.19 94.18 94.07 95.3
95.87 96.32 84.5 85.45 92.37
95.72 96.98 95.77 95.46 90.85
89.73 92.56 88.98 90.23 92.21
90.25 92.09 95.03 96.98 97.68
97.73 98.22 98.21 98.35 97.86
96.57 94.28 95.14 94.43 95.75
97.18 97.26 97.92 98.06 97.64
97.41 96.77 95.97 94.56 88.48
89.56 94.84 94.3 95.82 96.92
97.96 97.18 97.43 97.26 96.8
97.75 96.42 96.07 94.61 92.6
94.89 93.45 93.91 94.17 89.59
94.24 96.68 97.35 98 98.11
97.89 97.88 97.85 96.96 95.14
92.41 90.2 87.92 82.48 78.78
77.54 77.17 77.07 75.81 73.18
75.61 71.14 73.75 73.21 73.21
68.86 70.24 70.83 73.72 75.54
67.68 73.37 76.44 73.92 70.36
75.68 74.98 74.57 69.42 72.1
73.55 71.63 71.74 72.36 70.44
60.63 63.26 68.16 64.73 69.96
66.6 63.82 54.58 43.49 44.72
38.88 36.49 30.83 32.89 30.52
30.27 30.19 26.01 30.56 26.81
26.55 24.27 23.2 23.13 22.18
24.29 20.37 22.39 19.35 21.95
23.08 25.95 21.77 19.93 21.42
21.77 24.45 19.92 22.64 37.07
24.68 21.6 21.7 24.03 22.33
22.35 23.24 21.5 23.87 24.84
23.53 27.33 31.56 32.74 36.56
37.55 46.24 45.74 51.88 58.68
66.81 76.43 80.46 80.95 82.6
83.81 86.53 87.14 85.07 88.45
86.65 87.68 93.54 91.14 92.19
93.12 93.9 91.31 94.65 95.77
92.51 93.32 94.12 94.03 91.22
93.5 95.13 92.87 92.59 95.52
96.71 92.92 94.13 94.11 93.41
91.02 93.05 93.09 90.47 91.92
93.64 94.83 89.54 91.77 91.84
90 89.67 92.2 90.4 89.3
90.83 91.63 92.56 90.53 92.8
91.68 91.91 90.3 90.84 88.76
89.16 89.16 86.62 84.53 84.29
85.09 80.76 78.78 80.23 76.04
64.36 59.05 61.57 58.93 59.1
66.18 76.29 80.56 80.9 83.47
85.62 86.9 86.8 86.85 89.94
90.49 89.93 88.92 91.36 91.53
90.73 91.16 91.51 91.53 89.64
91.47 91.55 89.75 87.61 91.18
92.01 87.96 87.28 91.12 94.06
87.08 89.75 91.46 90.97 87.01
89.86 92.86 90.13 86.69 90.87
93.6 89.05 90.24 93.3 92.43
90.8 92.97 94.49 93.6 92.53
94.58 96.45 94.25 93.02 94.6
94.65 93.57 93.12 94.47 94.52
93.03 92.84 93.39 93.48 92.76
91.11 91.07 92.78 91.15 89.47
90.5 91.35 90.08 87.91 90.98
90.78 88.8 87.32 92.34 88.73
89.25 89.52 89.47 90.38 88.9
90.52 87.09 88.67 88.22 87.51
86.63 88.73 86.27 85.58 85.15
85.55 86.84 81.04 85.62 84.96
83.49 79.25 83.87 84.61 84.53
84.84 80.92 80.69 84.98 85.15
84.55 85.12 83.63 85.29 87.32
86.6 85.94 85.65 87.94 88.11
87.47 87.43 88.41 88.94 87.51
90.21 89.02 91.3 89.38 89.9
88.96 90.58 91.21 89.7 91.39
90.19 90.64 90.62 91.68 90.83
90.47 89.82 90.59 90.43 87.78
90.24 90.32 89.71 87.96 90.9
90.42 88.42 89.44 90.29 90.06
90.02 91.52 90.39 89.4 88.32
91.55 88.65 87.81 88.9 89.77
86.17 87.06 87.75 84.35 80
81.47 83.87 77.19 73.24 74.88
72.85 67.53 60.88 63.88 51.16
46.08 44.93 31.27 29.94 33.64
