78.88 92.88 96.23 96.33 97.88
98.53 97.98 98.37 98.42 98.74
98.67 98.32 98.56 98.72 98.67
98.66 98.74 98.66 98.67 98.69
98.82 98.85 98.83 98.81 98.74
98.72 98.74 98.56 98.42 98.68
98.7 98.54 98.4 98.43 97.76
98.22 97.5 97.03 97.74 96.87
98.1 97.97 98.62 98.73 98.78
98.91 98.86 98.85 98.83 98.79
98.77 98.79 98.92 98.93 98.95
98.91 98.9 98.9 98.92 98.93
98.88 98.87 98.9 98.9 98.78
98.63 98.79 98.68 98.73 98.73
98.88 98.86 98.83 98.77 98.58
98.58 98.74 98.7 98.69 98.73
98.82 98.66 98.29 98.3 98.53
98.69 98.81 98.86 98.87 98.83
98.81 98.55 98.4 98.33 98.59
98.73 98.75 98.66 98.84 98.83
98.87 98.8 98.86 98.91 98.91
98.86 98.95 98.94 98.92 98.94
98.94 98.95 98.91 98.95 98.93
98.92 98.89 98.9 98.81 98.82
98.88 98.77 98.7 98.72 98.78
98.38 98.51 98.31 98.36 98.69
98.32 98.53 98.85 98.86 98.87
98.49 98.42 98.45 98.48 98.78
98.79 98.65 98.24 98.82 98.82
98.87 98.93 98.94 98.89 98.93
98.88 98.92 98.89 98.89 98.78
98.67 98.79 98.73 97.93 97.52
95.81 98.52 98.46 98.3 97.76
96.81 98.19 98.68 98.59 98.65
98.22 96.99 98.23 98.69 98.29
98.02 98.31 98.2 97.75 97.36
98.45 98.28 98.49 98.75 98.72
98.42 98.6 98.67 98.42 98.21
98.43 98.37 97.75 97.54 97.64
98.34 98.67 98.85 98.87 98.82
98.55 98.63 97.31 98.09 98.42
98.42 98.55 98.65 98.68 98.5
98.74 98.65 98.57 98.38 98.01
98.7 98.82 98.9 98.9 98.82
98.73 98.05 96.84 98.4 98.28
98.27 97.82 98.47 98.78 98.73
98.71 98.8 98.83 98.81 98.75
98.77 98.64 98.67 98.58 98.75
98.36 98.4 98.74 98.86 98.9
98.9 98.82 98.12 95.49 96.26
98.48 98.53 98.5 98.48 98.58
98.77 98.72 98.71 98.8 98.77
98.21 98.37 98.81 98.82 98.86
98.94 98.9 98.76 98.72 97.65
98.08 98.68 98.57 98.36 98.01
98.54 98.61 98.82 98.84 98.86
98.89 98.72 98.76 98.58 97.8
95.9 82.76 75.96 68.87 58.44
52.68 45.55 51.24 42.78 37.19
46.78 52.91
