63.03 75.1 78.19 87.51 90.11
91.07 92.06 93.42 93.71 92.66
91.77 91.16 89.28 92.77 92.24
88.75 92.59 94.93 92.35 91.55
95.64 94.83 92.79 94.11 93.7
90.9 92.11 91.47 87.37 89.04
90.33 94.59 94.07 94.36 93.96
94.82 97.03 96.8 96.26 96.75
96.75 96.37 96.2 94.97 92.48
94.03 94.47 95.74 95.57 95.81
95.74 96.78 96.47 96.67 96.21
96.64 96.6 96.27 95.04 94.65
93.57 91.68 90.12 91.65 93.5
92.88 93.88 92.26 89.61 85.84
82.34 74.16 71.81 69.71 72.91
74.42 72.27 76.19 78.56 82.13
84.97 87.02 91.33 92.91 95.63
93 90.46 85.03 76.88 69.49
63.27 65.5 62.68 65.27 65.88
70.32 83.54 90.78 94.77 95.14
94.57 96.29 97.03 96.9 95.53
95.68 96.28 95.46 95.28 94.31
94.89 95.3 94.67 94.34 94.42
92.92 92.29 94.51 95.69 96.73
96.77 97.24 95.85 93.7 94.22
95.95 94.08 91.03 87.26 87.71
88 85.93 82.61 77.05 75.04
76.17 77.01 80.45 87.88 92.39
92.2 93.82 92.71 93.2 92.62
90.16 86.27 84.85 68.06 61.73
63.48 63.32 72.55 83.22 84.68
86.38 90.55 93.26 94.86 95.03
96.78 97.43 97.3 96.79 97.68
97.24 95.51 92.84 94.22 92
88.16 83.72 86.62 84.07 79.26
82.63 75.77 70.87 62.51 59.33
60.22 66.89 69.15 69.11 73.88
74.29 78.64 86.14 85.24 86.6
90.33 91.98 93.17 93.24 92.63
93.87 92.37 94.13 93.4 94.99
97.29 96.9 97.37 97.4 97.2
95.74 95.82 94.08 94.68 94.03
90.77 92.68 94.6 93.9 94.76
96.49 97 96.71 97.62 97.75
97.91 97.7 95.83 96.78 97.38
95.14 93.44 94.61 94.01 91.41
88.52 89.89 91.93 90.37 89.86
91.18 91.48 93.02 94.03 92.91
94.66 96.57 95.35 95.65 97.69
97.28 96.18 97.62 97.33 95.77
96.94 96.63 95.39 95.88 95.38
93.72 95.36 96.7 95.09 96.03
97.43 97.09 97.07 97.21 96.69
95.91 95.66 95.36 96.38 95.84
96.6 97.68 98.09 98.24 98.23
97.87 97.39 95.97 96.75 97.62
98.21 98.16 98.62 98.45 98.38
98.02 97.11 94.08 91.27 91.28
92.74 95.09 97.75 98.16 98.34
98.61 98.67 98.42 97.7 97.03
95.92 94.93 92.01 96.12 97.32
98.03 97.86 98.11 98.34 98.41
98.42 95.57 91.94 93.14 96.87
94.88 95.58 96.59 97.42 98.05
97.5 96.98 96.3 97.44 97.99
97.71 97.26 97.56 96.47 95.78
92.95 90.97 90.2 92.26 91.87
92.61 93.6 92.62 93.33 95.22
96.23 96.55 96.8 97 97.78
98.11 97.62 98.07 98.55 98.29
98.14 98.44 98.52 98.28 98.35
98.26 97.36 97.69 97.27 95.18
96.26 96.24 95.38 88.64 73.26
59.56 51.82 41.38 37.89 32.99
29.57 30.16 33.03 31.39 28.87
34.62 27.7 35.54 31.58 31.85
33.37 28.25 36.75 31.31 37.3
32.06 33.88 33.95 26.87 34.51
31.4 31.78 35.45 29.39 37.16
38.49 31.75 35.24 35.35 34.68
35.46 38.9 31.05 35.94 29.81
37.89 34.37 29.84 34.01 29.5
36.72 33.59 34.3 36.12 32.62
35.71 30.46 35.33 31.34 30.2
38.76 33.25 36.42 33.4 34.81
32.55 31.82 35.52 35.7 34.9
36.86 36.31 33.4 35.61 30.88
32.26 29.64 34.83 33.7 32.89
35.55 33.31 35.87 32.86 35.54
36.84 35.82 46.19 36.81 44.7
38.37 39.6 38.71 32.82 40.37
37.58 47.66 39.2 44.9 42.56
51.02 43.4 48.14 47.48 52.62
56.03 59.58 67.55 71.12 74.83
77.32 79.2 83.77 84.67 82.86
87.11 86.75 87.67 88.9 89.72
89.78 89.51 91.32 90.73 90.54
92.09 92.55 92.44 91.82 91.56
92.69 94.4 94.83 94.93 92.43
94.07 93.76 93.44 93.59 94.17
94.05 92.99 92.86 93.67 92.59
91.5 93.07 92.54 92.78 92.46
93.88 92.4 92.53 91.66 94.35
92.08 92.08 92.28 91.98 91.55
89.68 91.21 91.89 89.15 90.73
91.94 91.68 90.53 91.45 92.43
91 89.28 91.64 92.51 90.07
89.74 91.8 90.86 89.41 92.42
93.55 91.57 92.16 94.15 94.48
93.33 93.83 94.27 94.84 94.96
95.63 94.99 94 94.37 95.74
93.98 92.49 94.06 94.1 93.09
92.98 94.96 96.37 93.83 92.62
94.16 94.56 94.77 95.18 95.69
94.7 92.4 93.11 92.71 92.41
88.85 90.9 93.84 95.55 96.71
96.73 96.64 95.37 96.76 96.6
95.14 95.27 95.57 94.48 94.09
92.9 92.57 92.42 93.27 91.82
89.91 91.09 92.38 88.32 84.71
73.55 65.34
