89.34 95.97 97.14 97.08 97.18
94.06 94 92.48 92.55 93.42
94.84 94.72 96.28 97.93 95.27
97.59 98.08 97.95 97.05 95.85
95.92 97.32 93.86 90.99 86.77
85.59 87.74 93.79 97.02 98.08
98.47 98.29 97.58 95.89 92.52
94.46 95.78 97 95.93 96.85
95.52 93.53 93.15 87.86 86.36
84.15 83.06 85.21 88.01 91.38
88.07 89.11 88.79 90.57 92.24
93.38 93.9 95.47 95.91 95.72
95.45 97.09 96.43 97.35 97.45
97.69 97.29 96.67 94.33 92.41
87.2 85.77 88.54 88.97 93.93
96.58 97.45 98.28 97.83 98.03
96.6 96.09 95.73 96.16 95.53
95.91 96.35 97.35 97.6 97.78
96.55 96.81 93.81 90.25 87.79
84.93 88.05 91.64 95.33 94.6
94.99 94.57 95.01 95.11 94.74
95.29 93.72 94.25 94.51 92.77
92.04 91.84 93.82 95.04 95.43
96.58 96.07 93.74 95.84 97.46
97.37 98.1 97.69 96.97 94.39
93.82 94.25 94.89 96.8 97.51
98.13 97.82 97.66 97.56 97.2
97.44 96.29 96.82 97.55 97.42
97.93 96.3 95.85 94.41 91.13
87.97 87.47 84.44 84.29 82.36
85.83 90.47 90.04 91.15 90.19
91.43 94.6 96.42 95.19 95.06
95.37 94.38 94.34 95.2 96.55
96.79 97.69 96.87 97.75 97.92
97.78 97.59 97.1 95.97 94.84
93.3 93.37 93.99 95.86 96.88
96.84 97.81 97.29 97.92 97.78
97.03 95.71 95.14 94.64 94.76
93.59 92.26 91.19 92.15 93.07
91.87 92.07 89.33 92.16 91.15
89.13 88.95 90.6 92.35 92.76
96 96.28 96.38 96.04 96.29
97.12 96.79 96.95 95.21 90.06
89.68 89.11 90.06 94.28 96.51
94.33 93.85 92.41 91.48 93.57
92.64 94.22 93.68 88.7 89.71
91.23 95.73 96.54 94.45 97.99
97.88 97.25 97.18 95.78 93.35
89.1 88.68 90.2 92.39 93.86
94.18 95.07 97 97.97 97.84
98.05 96.43 94.29 94.69 95.77
97.06 96.8 97.14 94.61 90.11
78.49 76.43 76.57 86.41 89.78
93.46 95.16 93.65 95.97 95.93
95.78 95.74 93.88 92.81 88.58
83.62 85.18 89.24 90.05 85.31
79.99 84.32 88.67 90.77 93.43
96.55 98.08 97.13 97.81 97.99
97.16 95.51 93.53 91.19 88.54
84.27 85.37 91.35 94.99 96.35
97.91 98.18 98.4 98.3 97.42
94.87 94.22 96.17 97.51 98.21
98.13 97.81 98 97.22 96.99
95.49 91.31 90.21 84.13 80.63
89.72 94.64 94.72 96.44 97.74
97.48 97.43 97.22 97.3 97.23
97.31 97.55 97.29 96.08 96.96
97.7 96.64 97.71 98.21 97.56
96.49 94.44 90.69 89.86 93.1
96.39 97.71 98.3 98.41 98.06
97.24 95.31 94.83 94.43 96.51
97.66 97.82 97.98 98.06 97.07
96.01 94.95 94.63 92.4 88.71
86.76 79.27 83.66 86.26 90.19
92.39 94.74 95.82 95.87 95.56
93.8 93.74 86.21 87.38 84.84
78.75 78.66 88.6 92.01 94.57
93.77 94.65 92.61 93.19 93.22
94.13 95.31 94.98 97.13 97.53
97.34 97.02 95.38 95.33 93.9
93.43 93.03 95.4 96.33 96.55
97.47 98.18 97.55 97.9 97.81
96.68 95.68 94.14 91.99 91.51
86.64 83.98 79.81 77.42 81.16
89.4 93.2 95.64 97.59 97.8
98.02 96.94 96.37 95.18 95.08
93.66 94.67 96.85 97.35 97.85
96.52 95.71 94.14 90.57 87.13
88.85 89.15 88.04 90.09 89.76
91.38 89.13 90.06 92.15 92.62
93.57 93.64 91.07 92.14 94.47
95.67 93.65 96.45 97.25 97.3
96.07 94.81 93.38 90.51 92.53
89.57 90.61 92.43 88.04 93.52
94.36 93.67 95.62 96.17 97.07
97.25 97.53 96.55 93.35 92.39
95.36 96.34 96.06 96.04 94.95
93.22 90.04 83.2 74 77.44
82.91 89.06 91.55 91.07 87.69
88.11 89.39 90.8 94.27 94.68
93.16 94.6 95.87 96.59 97.17
96.38 96.24 96.15 94.99 94.92
93.62 92.26 90.27 91.98 94.28
95.23 96.37 97.44 97.85 96.92
95.99 96.11 96.31 97.3 96.38
95.61 94.54 91.27 87.04 87.95
85.58 90.9 92.83 93.15 94.52
95.61 95.35 94.28 90.05 86.6
88.35 93.65 96.2 97.57 95.48
96.5 97.39 97.17 96.55 95.3
93.95 94.71 96.79 97.66 97.9
97.82 97.37 96.56 93.61 90.7
91.24 94.71 96.76 96.9 97.18
96.83 94.98 93.17 89.8 85.37
87.4 87.75 90.88 93.28 93.57
94.18 93.01 89.22 90.72 93.48
93.83 94.1 94.65 91.48 94.29
95.99 97.64 97 97.6 98.07
97.72 97.16 94.53 92.87 92.85
88.82 83.48 85.28 89.14 89.09
92.76 94.14 94.6 96.59 98.07
98.19 98.34 97.83 97.46 96.41
96.14 97.22 97.47 97.66 97.43
97.92 97.39 96.98 95.89 93.12
90.68 91.7 92.37 94.59 94.62
94.98 93.95 95.96 96.15 95.2
96.19 96.78 97.15 95.73 97.01
98.21 98.06 97.96 98.22 98.39
97.84 97.56 94.62 91.39 87.22
74.65 65.39 53.1 48.76 40.28
35.75 36.68 38.11 38.52 35.62
34.88 38.24 43.05 49.93 56.89
71.14 85.01 93 95.09 97.78
98.34 98.5 98.32 98.33 97.76
95.96 95.45 96.72 97.22 97.03
95.18 95.34 93.64 95.64 93.68
90.58 91.11 93.29 93.88 96.2
95.38 92.42 87.56 91.81 90.66
91.5 91.36 91.06 91.3 89.84
91.77 95.12 97.8 97.98 98.04
98.22 97.05 95.39 94.86 90.56
86.78 80.81 82.32 86.29 92.21
94.52 96.75 97.41 97.51 96.12
94.83 91.01 89.14 94.21 94.36
94.86 93.89 91.73 85.19 81.03
75.33 71.74 76.56 82.52 86.81
90.45 90.11 91.36 91.71 87.84
89.28 87.64 89.96 94.36 94.24
96.49 96.89 96.27 94.75 94.45
93.02 91.15 86.3 82.5 86.61
87.04 89.44 93.38 96.35 96.38
96.9 95.77 93.49 93.02 94.37
95.87 95.18 95.05 94.42 94.91
91.94 89.43 77.68 76.94 77.54
73.5 77.05 79.01 89.04 89.11
89.97 92.35 95.05 97.08 96.81
96.87 94.93 97.61 98.18 98.1
96.71 97.62 98.23 97.92 97.51
97.03 93.9 94.39 94.64 95.71
97.52 98.1 98.57 98.6 98.72
98.55 98.41 97.61 95.62 95.22
95.88 95.44 96.32 93.07 94.48
94.3 92.29 92.68 93.91 90.72
91.29 92.95 90.83 87.91 89.73
91.52 88.6 85.63 88.2 89.08
85.71 83.82 85.23 82.2 83.73
86.3 84.45 85.38 86.36 85.12
87.05 87.84 84.84 86.32 87.48
85.56 84.84 86.37 85.19 83.82
82.51 86.48 91.88 92.13 90.86
90.95 93.07 91.66 92.09 91.97
93.21 92.76 89.55 86.44 88.93
94.82 97.57 98.24 98.5 98.46
98.64 98.52 98.49 97.78 96.11
93.16 90.43 91.41 93.98 95.53
97.61 97.85 98.27 98.13 98.04
97.66 97.94 97.2 97.64 97.46
97.99 98.06 98.5 97.54 98.33
98.52 98.36 97.7 96.68 96.07
97.2 93.74 91.08 85.75 83.1
88.17 94.81 97.11 98.07 98.46
98.7 98.77 98.68 98.69 98.09
97.79 96.66 96.42 95.97 91.3
89.43 91.15 91.32 95.12 95.84
96.16 96.65 97.45 98.43 98.63
98.62 98.59 98.42 97.46 96.88
95.88 94.05 90.66 93.14 96.29
97.83 98.25 97.87 98.28 97.34
98.08 97.44 98.49 98.22 97.93
95.77 96.78 97.61 98.25 96.97
98.1 98.56 97.97 96.91 96.41
93.17 94.07 95.71 97.71 98.32
98.6 98.3 98.02 96.78 95.97
97.78 98.02 97.31 97.31 97.51
96.82 97.31 95.92 93.43 96.12
97.25 97.9 97.13 95.79 95.15
93.09 94.73 94.37 93.39 90.78
93 90.68 94.48 95.21 98.19
96.22 97.41 98.32 97.48 96.45
94.46 89.73 89.29 93.04 96.63
97.5 98.12 98.08 97.03 95.86
95.17 94.15 95.88 97.15 95.89
96.16 95.25 92.58 91.88 89.78
85.6 88.5 87.7 88.93 90.81
92.84 90.63 92.06 92.06 93.04
93.69 93.53 88.6 90.65 93.11
95.42 96.55 97.79 97.38 97.64
97.78 97.39 96.69 96.22 95.13
95.02 95.37 96.77 97.82 98.23
97.79 98.2 97.24 96.68 95.1
96.01 97.54 98.31 97.82 98.13
97.44 96.72 95.86 94.82 90.82
88.68 88.54 84.96 81.62 78.03
67.99 64.27 57.09 50.5 48.05
49.92 49.99 49.39 49.07 51.27
49.89 50.98 52.45 52.05 54.13
52.99 58.84 65.47 74.75 83.99
82.5 90.47 91.55 94.55 95.21
96.21 96.49 96.99 97.8 97.99
97.74 96.78 93.87 95 97.12
98.14 97.32 97.7 97.34 96.91
96.42 94.22 91.95 88.9 82.78
76.8 79.12 82.95 88.05 92.03
94.62 96.74 97.52 98.33 98.13
97.92 97.04 96.26 96.1 95.84
96.77 96.53 96.58 97.51 95.25
94.86 94.44 87.9 91.92 94.49
94.46 93.34 95.84 96.52 96.52
97.16 96.91 97.1 97.2 96.98
96.08 96.24 95.29 94.29 91.91
92.3 91.06 92.22 94.65 94.77
95.25 93.04 94.93 94.67 96.08
95.03 94.68 96.06 97.14 96.01
92.7 91.01 94.22 96.14 97.05
97.56 97.61 97.97 97.85 97.53
95.82 94.38 95.78 95.83 90.32
91.47 93.49 87.49 83.79 87.46
86.75 87.97 91.67 92.3 92.54
94.15 94.35 94.82 95.23 95.38
93.84 94.19 94.86 94.14 92.91
91.08 88.7 91.43 93.46 90.35
89.73 92.15 91.45 88 88.73
89.34 85.58 83.74 83.83 83.54
78.36 77.35
