59.34 66.6 71.41 77.05 81.35
79.58 84.67 86.79 86.46 88.56
89.96 91.68 90.25 90.38 92.48
92.35 92.47 92.75 91.03 89.9
90.72 89.18 87 85.13 86.62
81.11 77.83 73.19 69 64.18
65.2 64.24 66.24 65.8 68.52
70.73 72.48 75.7 80.26 81.95
80.38 82.53 82.36 81.26 78.2
79.05 76.39 72.29 69.88 65.52
62.85 57.56 54.43 54.05 49.95
56.67 59.32 58.76 62.3 65.06
68.49 78.42 80.73 83.46 81.67
83.15 83.85 86.47 87.41 88.28
88.89 90.2 89.19 89.04 90.48
90.14 89.44 87.72 90.73 90.14
87.84 87.72 90.42 86.77 88.13
87.15 86.26 86.2 87.92 87.39
87.54 89.37 87.7 85.16 84.67
86.13 84.14 81.68 81.46 77.18
77.62 76.7 77.31 76.06 79.79
80.77 81.19 80.57 84.29 83.29
81.05 83.81 84.64 81.4 81.92
81.31 82.55 81.56 83.31 80.75
81.75 82 79.35 80.08 71.44
69.2 64.16 60.61 57.7 52.54
54.11 53.87 55.12 51.55 52.95
52.03 50.1 49.05 52.31 53.88
51.76 50.93 52.44 53.17 40.28
