64.64 69.41 76.78 84.89 85.59
87.87 86 86.51 88.93 88.5
87.45 86.51 88.46 89.88 85.35
84.65 86.79 86.03 79.71 81.45
81.21 81.91 79.41 80.44 77.59
77.05 77.58 76.58 80.23 78.34
72.39 79.8 76.75 79.61 82.11
84.85 84.53 86.93 88.07 86.06
88.08 89.76 87.96 86.37 89.92
89.89 90.49 91.41 89.48 89.23
83.77 77.47 73.24 78.67 77.71
78.83 83.82 84.85 85.85 87.31
87.22 87.47 81.71 84.78 86.46
87.36 88.1 90.82 90.08 90.06
90.49 91.97 91.43 90.68 91.3
92.67 93.25 94.42 94.5 93.54
92.19 87.02 80.42 80.48 74.15
69.39 76.31 82.1 84.32 85.1
84.98 85.86 87.29 88.81 91.18
90.18 88.73 91.84 92.52 91.53
90.06 92.9 92.51 91.01 88.68
89.32 92.71 95.36 94.83 96.76
96.79 95.07 94.12 89.94 83.17
85.53 80.73 82.3 80.21 84.72
85.13 86.13 88.68 89.26 89.93
90.71 92.19 92.9 92.21 92.24
93.94 91.77 88.85 85.98 80.52
72.17 65.74 63.86 53.64 54.61
54.37 56.09 61.99 69.52 67.39
67.61 70.05 55.23 48.53 45.36
41.2 35.51 35.3 32.45 26.51
30.71 32.52 30.74 33.39 30.01
28.08 26.92 29.41 31.77 28.18
27.19 28.46 26.64 25.21 29.36
28.19 35.04 36.25 31.9 32.14
33.15 31.86 31.04 31.13 32.35
33.2 33.34 32.81 34.23 36.28
33.89 35.06 33.73 33.08 31.73
33.31 31.75 30.13 32.38 34.21
28.51 32.89 32.59 35.11 33.58
27.77 31.5 30.29 32.49 31.81
33.28 29.43 34.58 31.09 31.63
28.59 34.5 32.59 32.56 31.07
33.07 35.9 32.59 35.83 32.79
32.63 31.64 29.82 32.06 34.28
41.48 31.98 34.98 32.16 38.76
36.88 36.5 37.68 35.31 35.37
34.43 31.47 30.87 36.72 36.47
34.44 41.81 30.99 34.03 34.5
35.03 33.79 33.27 34.95 30.91
35.3 30.75 35.54 33.31 33.33
33.27 30.88 32.75 36.67 32.36
29.2 35.48 29.31 33.48 29.66
36.1 31.85 28.49 31.37 32.81
26.22 32.6 30.68 29.89 31.7
27.37 31.7 32.81 27.09 28.26
25.08 29.93 30.19 24.41 29.49
26.04 25.48 26.17 28.94 32.88
41.34 43.76 56.07 55.11 58.45
56.97 55.09 54.07 55.46 52.51
48.08 43.68 41.43 41.3 38.46
38.28 34.32 29.26 27.38 30.07
27.13 28.13 29.76 28.1 26.32
28.74 26.6 27.01 27.56 25.59
31.04 26.68 26.35 26.86 25.09
28.44 26.19 26.41 28.93 27.16
35.64 33.13 41.36 47.79 42.47
38.36 57.87 60.57 72.91 80.49
88.37 90.76 95.16 95.51 97.38
97.42 97.05 95.27 92.78 89.29
89.37 88.32 86.5 85.01 85.99
89.24 90.12 90.94 90.97 91.57
93.74 93.07 92.04 92.71 93.46
91.75 90.75 92.17 91.46 92.39
95.17 96.47 97.19 97.48 97.29
95.76 94.12 91.36 90.11 86.04
