50.77 44.06 39.04 43.18 41.5
39.32 38.09 41.07 37.41 32.14
41.49 37.44 40.32 41.89 39.91
40.99 43.32 40.31 47.36 38.82
39.69 32.55 39.21 36.28 43.2
47.62 49.05 56.78 47.58 60.14
61.15 64.94 74.19 81.31 87.66
87.78 85.39 89.01 90.68 89.55
91.73 91.68 91.16 91.96 94.37
92.52 88.51 90.65 91.51 88.51
86.92 87.14 84.11 77.37 71.73
61.77 65.95 56.37 55.82 58.28
58.46 58.76 57.09 55.81 65.08
61.51 67.38 81.85 88.91 89.24
89.27 89.31 93.2 89.57 87.91
92.02 93.11 89.99 85.68 88.56
88.82 84.63 81.12 80.36 79.58
72.08 69.58 69.35 62.67 59.31
54.67 54.66 52.88 53.6 52.54
53.02 54.69 50.45 45.59 38.87
39.63 46.5 40.12 45.15 49.19
47.43 49.22 58.02 62.92 66.09
76.93 72.57 79.05 82.18 81.78
84.69 86.17 84.7 87.47 90.75
87.77 87.99 88.86 91.32 93.34
95.51 94.2 94.97 93.65 92.49
88.7 85.71 86.42 88.9 92.43
94.14 92.7 94.24 95 93.58
93.01 93.52 95.05 93.64 91.63
93.46 94.41 92.96 94.77 94.28
94.24 93.91 94.17 94.89 93.56
91.85 94.02 94.21 94.5 94.68
93.39 94.37 94.83 94.26 93.67
92.29 93.63 92.87 89.47 86.17
88.14 85.4 81.53 76.62 72.37
62.06 56.51 50.51 41.7 47.91
40.66 31.87 30.12 29.49 30.63
28.93 33.27 29.34 30.48 32.01
39.78 41.24 53.02 58.92 73.92
77.18 87.65 90.67 92.03 93.13
94.89 95.65 95.3 94.94 92.08
85.39 71.99 62.12 47.16 44.62
40.98 46.28 36.16 37.47 37.98
36.09 39.06 35.41 45.46 53.31
62.1 81.23 89.59 92.58 92.58
93.46 93.39 93.73 93.46 91.27
89.12 83.36 70.74 59.24 48.27
43.41 41.96 43.46 41.73 43.22
34.12 34.86 39.76 43.63 49.85
53.04 64.59 80.69 88.16 90.4
92.4 94.1 94.93 93.57 90.52
84.26 69.27 57.72 50.08 37.49
32.92 31.15 36.16 38.17 44.18
53.65 63.59 86.28 92.22 95.24
96.41 96.36 96.35 94.62 94.08
93.66 91.91 89.04 92.06 94.36
95.18 95.05 95.99 94.51 93.53
90.33 85.74 86.54 87.19 84.43
82.41 73.89 78.57 81.27 84.63
90.28 93.27 93.37 93.27 94.67
94.45 94.32 94.53 94.31 92.68
92.2 92.76 89.3 84.41 68.47
63.34 54.7 63.22 62.31 64.23
72.55 81.19 84.29 89.85 89.97
90.73 92.97 93.35 93.48 94.35
95.62 94.28 93.95 92.97 93.34
95.71 96.03 95.73 93.74 91.88
92.1 93.18 93.85 93.92 93.45
92.71 90.11 87.44 88.37 88.97
92.33 92.77 93.51 94.1 94.47
95.46 96.16 96.77 96.59 96.79
95.19 93.43 88.31 88.29 90.2
90.77 86.67 90.64 91.75 91.83
94.65 96.42 96.68 95.93 95.87
95.12 93.87 93.37 87.89 86.13
71.21 55.49 41.41 33.33 27.29
36.03 35.17 31.91 34.48 31.1
33.54 30.13 27.56 28.72 30.53
29.73 34.02 29.89 37.45 29.05
31.8 34.85 31.06 31.2 33.21
30 32.6 35.82 27.53 29.64
27.92 33.61 29.55 32.91 33.33
32.99 34.78 39.39 30.91 29.77
26.85 32.36 28.68 27.3 27.81
36.23 30.87 43.73 35.04 35.75
45 41.54 37.5 36.17 49.35
32.72 36.67 31.19 30.17 33.43
43.66 42.74 36.87 39.59 38.09
38.01 39.27 38.09 36.53 38.56
38.51 37.14 32.36 31.51 34.71
33.01 35.91 37.28 31.79 32.68
34.99 36.3 41.6 33.83 32.88
32.35 32.64 31.34 29.86 30.59
31.36 31.17 26.37 33.52 39
33.46 30.7 26.29 33.4 36.71
28.64 32.43 34.99 38.64 30.37
31.41 35.32 30.82 31.18 31.21
34.19 31.65 34.75 28.76 37.87
28.62 35.58 32.51 37.92 33.37
36.38 32.36 32.98 36.84 39.14
35.1 43.52 38.14 37.05 35.9
36.44 37.14 30.42 42.15 32.13
35.03 32.22 40.82 35.89 31.39
41.78 32.82 32.2 37.84 31.03
33.75 37.03 35.41 33.23 31.36
33.53 36.84 29.18 32.17 33.54
33.9 35.83 36.43 36.06 36.83
34.04 35.91 34.48 31.81 32.09
36.8 34.19 30.72 32.64 33.22
33 31.36 32.73 30.52 29.14
26.77 29.95 28.74 32.12 31.49
29.92 36.18 32.53 31.53 28.63
29.64 31.98 32.99 33.33 30.21
33.99 32.46 33.61 39.43 35.8
44.4 42.61 42.92 33.31 36.57
38 38.48 34.57 33.66 38.5
31.71 37.07 35.28 33.73 32
27.27 30.12 30.25 27.5 31.97
35.15 39.22 31.47 32.77 34.4
35.02 31.52 31.38 28.4 27.31
25.9 26.54 25.71 27.49 27.97
35.84 29.54 30.51 31.02 33.85
36.46 36.89 34.96 36.38 39.42
34.83 37.12 36.11 35.83 28.77
30.31 27.8 30.06 27.38 29.28
31.04 27.38 30.11 29.23 29.01
32.59 27.11 32.95 26.04 35.86
32.23 30.47 37.49 40.07 34.81
40.47 45.6 43.89 42.09 38.01
42.59 37.35 31.33 34.16 32.92
33.19 32.69 32.14 34.8 31.09
35.5 33.09 31.8 33.49 34.28
37.62 37.79 37.39 41.59 36.65
38.34 35.42 38.28 36.84 35.09
33.86 36.32 37.71 34.6 34.22
34.73 35.9 38.37 39.48 39.93
43.69 53.48 63.14 68.81 71.39
67.26 73.72 76.44 72.71 70.13
74.64 74.2 67.84 68.14 63.58
55.8 49.19 55.05 48.26 62.07
69.64 67.5 68.46 71.54 74.06
69.09 70.23 73.49 69.46 63.35
61.49 43.5 46.14 42.67 32.37
31.67 29.03 33.43 30.89 27.93
30.2 32.03 30.43 35.98 33.49
33.44 34.63 32.25 32.18 31.25
34.67 27.68 29 33.4 31.77
33.87 36.15 32.66 37.59 37.26
44.24 47.54 51.92 56.65 58.69
66.97 71.2 61.6 55.08 61.7
57.63 46.03 42.73 42.96 36.78
38.4 33.32 34.84 34.57 38.01
31.41 34.19 35.68 43.5 35.22
32.35 34.21 30.78 31.27 29.9
32.53 30.72 33.22 30.93 41.25
26.34 26.68 27.15 27.9 30.57
29.74 34.61 32.5 31.58 34.37
30.87 33.45 29.83 33.55 29.74
29.21 26.59 28.8 29.34 36.67
28.7 27.28 28.9 32.12 31.79
32.07 33.66 37.64 38.08 40.82
42.01 47.33 47 45.05 41.77
41.53 38.37 34.88 36.23 29.3
32.08 27.81 33.46 34.15 28.26
27.03 30.88 33.41 28.7 29.44
29.83 35.39 30.36 37.39 38.54
36.68 35.15 39.85 37.16 37.37
33.67 32.15 36.63 37.05 37.29
34.97 36.08 36.01 32.82 30.32
36.14 28.37 26.64 29.93 29.06
30.04 35.24 30.14 34.1 39.58
35.08 35.29 31.57 36.66 28.83
32.8 31.06 33.18 31.35 32.96
33.41 30.88 34.89 28.76 31.11
35.06 28.28 41.09 29.86 35.5
31.29 32.29 30.61 32.64 28.89
29.16 33.57 28.87 34.19 30.67
29.57 34.68 33.65 38.42 35.45
42.25 35.64 37.93 33.28 33.45
33.19 38.09 33.71 35.52 35.33
34.88 35.21 37.28 32.92 35.74
30.97 30.18 32.44 28.4 43.47
29.57 35.53 33.93 36.03 36.51
32.63 38.09 34.14 41.48 38.77
37.75 38.54 35.24 38.07 41.04
37.76 38.67 33.55 31.79 35.37
30.15 32.33 31.61 33.07 31.43
31.15 30.12 30.25 34.57 35.73
34.68 30.63 33.94 28.07 35.91
30.91 31.91 29.28 29.79 33.72
28.04 28.82 28.01 27.39 30.2
36.79 31.85 32.52 35.67 35.65
33.73 30.42 31.22 33.26 29.95
28.05 30.72 26.99 27.38 27.95
31.92 29.13 32.72 34.9 35.33
34.6 32.49 34.38 33.77 35.74
33.81 35.73 33.4 41.72 34.1
31.45 30.69 34.83 35.85 29.45
32.96 34.9 28.71 27.65 35.42
40.21 42.4 34.94 38.25 36.54
33.58 37.14 32.41 34.46 34.88
33.19 30.8 30.87 31.13 35.65
50.86 37.48 33.53 35.93 30.87
29.12 29.9 32.12 36.12 35.47
40.7 31.84 29.82 37.98 31.29
34.16 30.65 31.25 34.89 34.04
29.06 30.61 28.58 29.45 28.24
32.65 33.97 26.17 30.77 28.78
32.33 34.64 36.61 34.46 25.26
32.18 26.08 31.52 30.48 26.82
31.77 30.87 32.8 26.77 35.69
33.41 31.24 33.45 30.5 37.54
34.61 35.87 39.3 35.39 33.33
36 32.28 36.55 37.65 38.99
35.78 34.97 38.88 40.65 53.01
63.07 70.06 73.48 72.3 75.12
75.87 72.55 75.36 73.3 77.77
72.18 70.69 70.15 62.89 67.92
63.91 65.16 66.05 69.03 73.25
70.75 74.23 76.25 71.19 67.78
58.98 64.45 55.9 51.69 48.03
41.51 37.73 34.29 32.18 34.72
31.69 34.81 32.07 34.51 33.18
30.81 29.65 32.52 30.11 33.35
32.58 34.21 30.9 34.88 34.9
37.24 35.07 31.26 31.01 32.82
41.68 36.23 30.02 38.18 31.42
31.26 32.27 29.19 29.39 33.05
30.83 30.85 29.82 30.68 29.5
32.49 26.16 30.55 35.04 37.03
27.91 29.09 32.47 49.48 33.29
36.39 34.06 39.69 38.16 41.95
40.65 34.35 47.58 42.45 35.9
38.3 35.49 41.8 32.05 39.86
37.82 40.91 33.88 35.98 32.86
37.89 38.8 40.68 35.46 31.47
35.08 31.7 36.95 35.45 36.44
42.88 43.66 51.12 51.7 55.61
70.82 69.75 71.06 65.89 68.49
56.72 54.28 54.19 56.28 49.19
47.05 35.33 28.89 29.32 34.36
29.22 30.77 27.16 25.75 29.88
26.45 26.66 27.26 27.96 29.54
30.5 32.52 30.47 31.6 31.68
29.57 33.61 28.32 37.11 35.14
30.99 30.57 39.3 43.43 51.47
59.68 63.34 69.85 73.93 78.49
75.89 78.18 81.98 80.53 81.39
78.19 82.82 83.84 81.76 83.89
86.46 87.48 83.87 80.83 83.39
79.76 77.64 79.43 78.27 76.07
75.44 73.13 73.01 70.41 67.19
62.83 61.1 64 60.15 56.66
49.74 47.66 38.44 37.15 37.76
30.19 37.54 32.86 35.01 28.8
34.96 36.76 36.9 42.57 40.26
38.01 47.06 39.78 37.79 34.65
35.77 36.54 31.65 40.23 31
38.07 33.41 28.69 28.58 27.33
30.03 30.46 29.46 29.54 35.09
35.94 48.08 40.69 29.32 37.01
33.48 34.46 36.04 33.56 32.16
32.49 32.3 34.01 34.2 31.16
30.13 30.3 32.05 35.31 37.4
40.89 34.96 33.31 45.83 39.92
44.52 34.01 49.77 32.94 39.69
39.89 37.28 39.4 36.64 33.92
43.7 39.9 42.12 39.79 35.11
35.86 34.18 37.6 31.8 40.6
33.93 36.03 32.58 36.49 37.7
34.54 31.85 41.84 32.91 35.9
28.79 35.2 30.66 37.68 32.27
39.27 36.49 45.62 35.73 36.43
39.81 34.16 40.92 33.18 37.86
35.32 41.39 46.55 32.02 35.63
36.57 32.48 34.13 30.88 32.84
32.26 28.89 33.85 33.62 28.66
29.87 28.39 35.91 30.81 36.93
34.09 29.47 32.58 34.21 35.62
31.83 36.32 34.85 39.52 36.55
40.9 34.99 31.49 37.27 31.31
30.58 37.47 31.69 36.02 31.8
39.01 32 38.21 40.4 38.11
41.67 39.03 38.53 39.26 42.19
34.04 45.05 38.31 36.59 39.58
35.91 38.19 35.84 40.79 30.29
31.14 30.93 33.11 40.1 35.45
32.91 35.91 30.1 28.11 32.62
33.04 30.19 39.67 43.25 34.75
35.88 35.28 40.15 35.87 36.73
33.42 32.2 30.81 31.32 31.77
32.39 31.45 32.71 36.99 32.61
33.19 29.85 32.75 33.16
