41.47 43.46 44.05 52.75 53.21
51.81 55.16 55.24 51.88 53.82
49.85 52.35 55.09 51.95 56.58
54.14 53.67 47.72 43.29 41.08
41.33 38.9 39.05 42.34 59.98
88.17 98.11 98.66 98.83 98.92
98.95 98.89 98.75 98.5 96.98
97.92 98.09 97.58 97.6 98.25
97.81 98.08 97.84 98.14 98.38
98.53 97.05 96.2 96.22 97.68
98.53 98.13 98.33 98.38 98.5
98.7 98.63 98.87 98.88 98.87
98.74 98.42 98.23 98.44 98.26
98.59 98.33 97.89 98.22 98.72
98.62 98.21 97.73 95.3 92.63
93.06 92.04 91.16 90.69 91.43
94.33 93.58 95.02 95.04 94.41
95.78 97.64 98.25 97.99 98.19
98.36 98.27 98.08 97.82 98.59
98.75 98.77 98.87 98.86 98.89
98.84 98.58 97.99 97.12 97.51
98.29 97.87 98.43 98.46 98.34
98.76 98.7 98.49 98.79 98.68
98.58 98.68 98.65 98.69 98.74
98.81 98.79 98.79 98.9 98.89
98.71 98.78 98.86 98.75 98.38
98.55 98.58 97.6 97.47 97.89
97.78 98.67 98.77 98.89 98.94
98.95 98.91 98.63 98.75 98.32
98.03 98.55 97.85 98.02 98.4
98.62 98.61 98.64 98.82 98.86
98.82 98.86 98.91 98.92 98.91
98.91 98.91 98.86 98.78 98.77
98.8 98.69 98.46 98.36 98.25
97.77 96.62 95.32 95.92 96.55
97.85 98.62 98.85 98.88 98.95
98.95 98.94 98.87 98.92 98.85
98.83 98.49 98.71 98.48 98.68
98.81 98.73 98.66 98.8 98.83
98.8 98.85 98.72 98.78 98.86
98.83 98.78 98.86 98.9 98.83
98.92 98.95 98.95 98.93 98.87
98.87 98.86 98.63 98.79 98.77
98.59 98.3 98.33 98.07 97.16
97.35 98.56 98.57 98.75 98.71
98.9 98.88 98.91 98.9 98.91
98.73 98.26 98.05 97.56 95.28
96.17 94.1 96.44 96.1 96.28
97.87 98.59 98.65 98.89 98.92
98.84 98.85 98.9 98.91 98.79
98.88 98.92 98.86 98.73 98.78
98.72 98.85 98.72 98.63 98.57
98.79 98.91 98.92 98.92 98.91
98.91 98.91 98.94 98.93 98.9
98.89 98.92 98.93 98.89 98.86
98.61 98.27 98.2 98.5 98.56
98.45 98.51 98.21 98.46 98.58
98.83 98.55 98.67 98.81 98.81
98.67 98.7 98.42 98.02 98.42
98.38 98.11 98.13 98.44 98.42
98.47 98.88 98.88 98.9 98.7
98.88 98.88 98.75 98.59 98.71
98.71 98.28 97.77 98.66 98.73
98.81 98.83 98.79 98.69 98.44
98.42 98.77 98.76 98.89 98.86
98.92 98.9 98.9 98.73 98.31
98.64 98.91 98.9 98.94 98.92
98.93 98.94 98.87 98.75 98.69
98.82 98.8 98.69 98.74 98.9
98.78 98.43 98.66 98.51 97.97
97.92 97.5 97.52 98.59 98.49
98.75 98.91 98.91 98.95 98.91
98.86 98.8 98.77 98.89 98.88
98.81 98.76 98.41 98.35 98.23
98.39 98.29 97.6 98.09 98.09
98.6 98.75 98.8 98.88 98.83
98.75 98.71 98.78 98.56 98.3
98.16 97.85 94.81 88.5 73.33
