38.08 36.31 35.67 37.03 36.6
36.25 34.8 43.78 35.53 32.38
38.1 32.72 38.01 30.89 36.47
33.14 35.69 36.45 31.82 44.86
35.86 31.42 34.44 34.88 38.83
36 42.7 40.22 35.54 38.23
35.47 39.18 35.88 37.57 37.33
36.48 39.24 37.33 36.36 36.58
34.46 33.23 32.93 34.91 34.01
35.09 47.48 35.87 44.38 36.29
33.33 35.96 37.51 34.73 33.72
35.26 41.58 34.75 39.82 36.85
34.32 35.87 33.04 35.04 34.74
37.62 35.05 33.08 36.6 34.74
40.85 35.31 48.46 36.01 40.33
36.06 39.48 36.01 33.31 36.44
36.02 35.93 36.51 36.03 37.67
36.46 39.62 35.37 44.21 43.43
37.71 40.51 38.35 34.04 35.92
31.02 34.06 33.39 28.84 38.97
29.65 34.44 30.4 32.73 27.03
31.54 31.35 31.72 32.57 30.23
33.92 31.92 40.7 34.12 34.94
60.76 49.73 40.14 36.21 38.92
38.08 49 34.44 38.72 37.72
40.05 37.21 32.09 35.59 32.61
35.82 29.28 33.77 32.88 49.4
43.83 35.01 36.92 38.82 36.52
42.97 36.67 42.97 36.9 31.86
34.68 30.25 32.76 32.82 29.73
34.04 30.09 32.19 34.74 33.16
33.23 36.87 37.27 34.9 36.93
44.53 37.82 36.38 47.42 38.96
38.64 47.15 39.73 47.07 40.42
46.73 38.58 45.72 41.81 40.92
37.19 45.45 39.15 38.13 38.13
36.75 33.99 37.47 36.98 46.2
37.44 35.89 38.47 38.62 38.74
38.13 37.22 38.37 39.15 39.99
37.78 36.26 38.33 37.23 38.56
38.3 36.09 39.43 37.98 37.54
41.71 39.36 41.5 32.1 42.32
38.94 39.48 34.43 36.29 34.83
34.21 35.1 35.94 35.91 53.33
48.34 38.1 38.69 38.57 40.14
35.86 49.31 39.52 45.09 34.62
54.6 48.34 33.81 36.42 34.23
35.72 34.64 43.84 34.87 38.1
34.69 39.41 33.1 41.5 32.97
35.67 32.14 33 32.45 41.64
36.03 31.36 35.17 34.17 37.16
33.37 40.22 38.08 37.56 38.13
40.09 38.47 41.83 34.14 33.49
47.35 37.91 31.95 38.93 36.26
33.17 35.26 34.02 36.46 35.17
36.63 37.9 37.58 41.04 41.03
38.19 34.84 36.92 32.3 46.95
35.42 32.75 34.32 31.47 45.52
31.6 36.99 36.59 35 39.33
38.04 37.75 40.59 37.89 32.48
37.2 41.91 51.11 51.93 49.33
46.76 51.13 44.15 48.02 50.33
40.23 39.95 51.31 35.45 38.51
30.95 42.45 35.97 40.43 35.62
43.64 36.46 36.66 38.88 43.08
35 39.14 48.07 41.51 33.99
50.8 31.06 38.57 34.38 30.9
39.86 31.79 28.06 33.31 29.23
35.31 30.92 34.71 33.92 39.09
34.59 31.62 27.76 34.55 33.68
43.9 33.37 35.61 35.66 29.41
33.55 33.51 32.57 36.09 30.25
39.29 38.14 31.79 37.49 39.1
32.83 37.34 33.14 37.29 33.02
37.63 34.09 30.18 30.62 35.27
32.11 30.09 32.14 28.17 35.83
31.57 32.77 41.74 52.15 65.72
76.15 89.88 94.62 95.48
