55.47 52.71 54.38 53.7 47.63
45.03 50.32 47.46 46.38 50.34
46.59 40.68 36.92 36.59 34.34
35.64 28.72 35.44 34.68 36.84
36.54 30.43 38.55 32.6 38.21
31.31 35.53 36.04 31.42 36.36
38.92 33.97 34.89 40.01 36.82
31.9 36.56 36.4 35.08 32.77
32.59 34.09 30.91 30.91 33.23
38.62 41.26 42.35 42.88 38.02
41.12 40.2 40.48 39.77 37.86
37.98 39.27 38.53 38.41 33.57
36.08 32.33 37.83 34.56 35.31
36.45 37.03 32.45 32.88 37.52
33.22 32 33.61 34.39 29.69
33.51 30.54 32.22 33.51 30
35.56 39.04 39.11 46.05 49.82
48.99 50.94 53.66 56.92 50.73
46.79 50.56 42.57 38.73 34.37
30.32 39.24 34.62 29.28 35.61
30.43 32.09 35.24 42.46 41.31
43.09 39.4 39.94 41.81 44.99
43.21 44.38 45.63 48.32 47.99
46.22 46.28 39.54 48.29 51.67
57.9 58.56 52.98 49.86 53.54
48.42 36.06 46.62 49.24 42.82
36.93 38.39 33.38 35.63 34.1
37.42 33.31 31.86 40.38 40.11
40.85 40.47 48.58 58.71 49.59
56.11 45.15 50.23 48.15 45.75
44.18 41.43 47.42 47.55 40.06
51.5 42.08 40.82 45.16 40.24
43.6 42.46 43.14 38.56 42.9
46.08 42.16 44.1 42.92 39.23
36.75 41.88 43.67 40.35 39.89
47.92 37.68 44.72 39.1 67.75
52.27 59.06 68.31 55.02 56.21
55.19 44.65 49.97 47.02 48.14
47.63 50.19 42.72 37.47 43.59
43.82 39.24 37.16 36.51 39.26
37.55 41.69 39.5 46.55 40.5
45.7 39.49 45.43 43.49 35.59
45.9 37.69 41.86 34.1 41.6
38.05 30.67 36.13 32.1 39.65
31.75 41.59 34 32.27 27.82
34.99 40.74 36.61 34.84 36.97
40.11 38.19 46.95 41.55 44.06
41.12 47.54 44.15 45.54 42.33
49.71 48.7 37.85 55.53 57.28
52.57 58.36 50.74 55.85 56.05
58.7 58.09 58.58 60.77 69.81
78.14 83.15 89.14 92.37 93.1
92.03 93.59 94.23 93.67 93.95
93.39 92.95 92.84 91.65 91.82
93.79 94.67 93.74 95.06 95.33
94.58 94.8 94.5 94.55 94.09
95.4 95.17 94.67 93.35 93.98
91.86 92.21 91.12 90.27 84.65
89.54 91.68 92.95 94.35 95.13
95.43 94.74 94.97 95.61 95.37
94.27 95.58 94.53 95.4 95.44
92.73 92.72 93.92 94.21 91.29
90.7 91.98 89.44 87.37 91.85
93.23 88.82 88.49 94.05 92.4
87.32 90.42 93.81 91.69 89.23
94.07 96.17 91.81 92 96.32
96.3 95.08 96.67 97.17 96.69
97.35 97.69 97.92 97.55 98.14
97.98 97 97.77 97.82 97.34
96.26 97.58 96.46 97 97.14
96.42 97.3 96.68 96.99 97.32
95.67 95.26 96.95 95.7 92.23
94.6 94.34 92.23 91.26 92.42
92.97 92.41 88.47 90.59 91.51
89.61 87.48 87.23 84.88 85.59
84.73 86.98 88.07 86.17 86.98
86.02 87.43 89.96 91.93 91.23
90.74 90.89 91.41 91.67 91.86
90.74 91.43 90.73 90.82 91.25
90.77 88.9 83.64 74.88 62.42
55.91 57.01 50.09 47.86 53.48
56.26 40.62
