28.75 30.2 21.12 29.84 24.67
33.07 31 28.69 33.13 34.19
32.58 36.34 31.32 34.71 35.21
34.36 37.98 34.41 38.19 36.9
38.01 40.59 42.22 37.38 36.84
44.04 46.95 55.8 57.42 56.99
65.78 70.33 76.21 75.55 74.74
79.44 86.07 92.18 92.53 94.85
94.26 96.27 96.26 97 98.05
98.12 97.92 97.69 97.07 96.01
94.59 90.03 83.45 81.81 70.37
67.38 69.12 80.74 88.83 92.17
96.91 97.44 98.14 98.27 98.3
97.57 96.88 97.58 97.4 97.69
97.67 98 96.77 96.08 92.12
90.77 84.4 79.84 77.42 65.86
58.14 55.22 51.6 47.96 50.5
55.24 52.73 52.91 61.2 67.11
65.96 74.66 80.05 82.78 83.88
88.84 93.33 96.27 97.24 97.91
95.59 94.78 93.5 92.25 93.2
92.55 91.14 93.12 89.48 89.81
86.1 84.29 87.59 87.6 91.71
91.51 95.19 95.15 95.55 96.4
96.25 96.04 96.05 94.57 95.48
96.86 94.8 94.95 94.85 94.45
93.63 92.39 90.34 91.31 93.39
96.17 97.02 98.08 96.76 96.3
97.63 98.33 97.24 97.89 98.61
98.59 98.34 98.51 98.73 98.49
97.6 97.13 97.7 96.48 93.54
92.8 92.88 88.37 85.28 86.48
88.09 89.22 87.64 86.65 92.81
90.53 89.88 87.99 92.64 96.47
96.74 97.98 97.4 97.43 95.98
96.15 91.27 92.85 96.81 97.63
98.2 97.74 96 90.21 79.91
70.17 57.42 58.51 52.82 50.01
45.67 46.78 47.47 45.9 39.04
41.22 37.3 32.1 31.5 37.03
39.63 37.4 50.84 66.1 78.63
88.33 92.72 91.62 93.56 94.42
92.52 89.4 87.79 87.86 83.76
85.41 83.7 86.94 89.19 92.84
95.99 94.73 95.89 98.54 98.25
97.26 98.53 98.65 98.29 98.09
98.64 98.59 97.59 97.63 97.96
96.39 95.82 94.26 95.38 97.17
96.67 92.22 91.92 90.28 91.77
88.15 88.12 90.29 93.72 93.72
92.79 95.12 97.24 96.2 95.66
96.84 97.52 97.53 98.17 97.92
98.08 96.57 96.03 95.53 95.62
97.39 95.84 94.46 97.12 97.45
97.92 98.39 98.51 98.67 98.68
98.79 98.75 98.71 98.72 98.72
98.66 98.45 97.63 97.38 96.28
97.03 98.11 98.33 98.7 98.56
98.43 98.21 98.64 98.76 98.51
98.37 98.66 98.03 98.58 98.29
96.85 91.52 90.82 92.47 93.12
93.99 93.44 93.73 95.14 95.46
92.74 93.39 93.97 92.89 94.73
95.54 94.42 94.71 94.48 92.68
91.89 92.58 90.45 88.95 88.67
89.21 84.78 80.71 83.5 84.97
75.39 74.65 79.41 77.99 69.5
72.43 70.62 63.6 56.79 47.27
46.9 45.02 44.11 42.12 39.63
39.75 30.47 30.5 37.32 38.43
35.34 38.66 41.63 36.92 35.89
39.51 37.9 38.42 37.5 41.96
36.83 39.25 38.9 35.38 35.87
38.82 38.08 37.82 40.95 37.62
31.46 38.04 37.49 34.26 30.82
30.97 30 33.1 32.62 35.67
39.77 35.79 35.78 37.3 40.93
40.76 44.13 52.9 53.39 44.41
45.07 53.53 49.28 47.65 51.11
60.24 51.05 46.46 50.34 46.5
45.02 43.57 48.15 46.81 40.86
40.63 37.18 38.71 34.58 30.53
35.04 31.33 31.3 34.43 27.79
30.98 32.97 37.07 33.58 30.07
34.06 29.61 33.44 26.91 33.66
28.28 34.35 32.06 27.73 36.66
31.19 36.16 35.03 36.2 36.19
35.33 37.45 37.38 39.23 38.24
39.22 38.89 37.93 38.85 39.14
38.85 40.18 39.19 47.63 47.13
42.36 38.47 37.16 38.8 35.97
35.08 35.08 34.65 38.74 30.58
32.91 32.69 31.78 35.13 33.13
33.33 33.15 34.56 35.91 32.47
36.61 28.2 29.33
