79.46 82.18 83.6 82.22 81.35
76.65 74.35 73.63 75.17 82.09
83.49 85.45 86.05 85.78 86.61
88.57 88.46 88.4 90.52 91.28
88.33 89.63 91.7 90.02 87.66
88.16 89.97 86.55 84.59 88.39
88.78 88.44 87.79 86.17 81.67
80.12 69.56 65.68 57.08 57.79
62.24 73.93 82.39 85.59 86.88
83.38 81.04 79.07 72.58 70.39
71.06 68.54 71.59 72.52 74.81
79.58 81.74 81.4 84.64 88.79
88.29 90.84 91.19 92.54 91.52
93.89 93.44 93.93 94 94.42
94.68 92.62 93.25 93.93 92.32
91.93 90.89 90.47 88.76 86.54
89.11 88.91 85.93 86.3 87.86
86.42 82.96 85.28 70.92
