33.86 50.9 37.68 42.95 35.25
42.27 35.65 39.56 38.79 33.88
42.69 35.61 36.52 38.08 36.81
36.65 32.07 37.9 36.37 35.76
34.54 35.6 32.96 35.22 30.43
34.19 34.68 31.82 33.48 33.86
33.56 34.32 35.72 33.12 31.77
34.49 31.05 30.02 31.15 26.21
32.11 26.73 25.2 32.88 27.5
29.69 33.52 38.75 48.14 61.15
74.78 88.4 93.18 96.37 97.02
97.05 95.9 92.92 84.91 73.33
66.74 61.38 55.05 53.32 55.54
65.74 71.09 76.2 85.02 89.27
90.1 91.19 91.52 94.59 95.26
93.92 95.01 95.08 93.82 92
92.62 91.41 93.48 93.62 95.53
93.96 93.54 94.41 94.78 90.74
90.88 92.35 89.76 91.93 95.97
96.86 97.02 96.62 93.55 89.66
82.34 72.11 69.4 60.3 68.47
71.21 70.14 72.28 78.69 80.71
84.24 86.58 86.52 91.12 90.75
91.25 93.87 93.38 93.63 94.88
95.77 94.13 91.49 92.6 90.62
90.64 94.04 92.49 94.73 96.14
95.53 94.81 94.1 89.11 83.4
85.23 77.99 66.65 55.22 55.55
57.6 63.73 78.75 84.9 94.16
95.48 97.18 96.65 96.59 95.89
93.97 95.22 97.04 95.99 97.08
97.04 94.46 93.31 87.77 89.54
88.72 87.26 86.51 91.39 95.03
97.28 95.74 96.54 94.13 91.08
94.32 95.13 91.38 89.51 91.84
95.16 97.44 98.32 97.97 97.2
98.69 98.77 98.85 98.75 98.68
98.27 97.73 95.25 95.85 96.79
96.18 95.9 95.53 93.99 95.07
96.45 97.8 97.41 97.8 98.35
98.59 98.39 98.02 96.88 97.24
98.49 97.82 96.92 95.14 93.33
92.89 91.98 95.5 95.8 97.23
96.84 95.63 93.76 88.82 82.72
78.63 72.55 74.32 74.27 82.08
89.39 91.27 94.9 96.78 97.02
97.37 98.32 98.53 98.38 98.8
98.86 98.66 98.54 98.06 96.96
96.26 95.85 96.42 96.02 96.65
96.64 98.06 98.57 98.83 98.76
98.51 98.1 98.73 98.74 98.55
98.57 98.36 98.2 97.31 95.57
94.19 90.74 88.03 88.52 90.63
93.6 93.66 94.25 94.86 94.63
95.85 95.85 96.46 94.87 92.6
91.69 94.34 94.4 95.34 96.36
98.21 98.54 98.86 98.74 98.69
97.46 93.81 93.68 94.96 96.88
96.72 97.42 97.49 97.26 97.15
97.59 97.74 97.11 95.39 94.71
94.25 95.01 95.5 94.42 95.11
96.17 96.96 97.2 96.77 96.13
96.8 97.02 94.62 94.31 96.03
96.22 94.24 94.54 96.77 97.55
98.39 98.8 98.77 98.86 98.58
98.5 98.2 97.71 97.61 97.49
96.2 95.08 96.12 95.14 97.94
98.27 98.3 98.46 98.5 98.29
97.85 97.82 97.79 97.22 98.25
98.23 98.39 98.58 98.78 98.71
98.74 98.21 97.49 95.87 94.46
92.38 89.97 91.9 92.56 94.42
94.9 94.91 95.71 97.31 97.94
96.63 97.86 98.44 98.2 98.35
98.68 98.51 98.17 98.05 97.42
97.61 92.47 88.87 84.81 79.84
87.53 91.89 95.34 96.49 97.96
97.79 98.01 96.52 93.37 84.16
80.86 75.52 71.11 72.01 78.17
86.17 92.6 95.67 94.95 95.13
93.98 95.41 94.37 95.7 97.18
96.32 97.78 98.47 98.62 98.79
98.78 98.87 98.91 98.87 98.89
98.91 98.9 98.62 97.96 98.4
97.09 95.02 95.59 96.25 96.36
98.16 98.33 98.41 98.44 98.5
98.76 98.82 98.51 98.29 98.65
98.32 97.31 97.27 96.92 93.65
90.7 79.96 72.92 78.94 78
85.65 87.95 91.44 94.85 96.09
97.11 97.72 97.1 97.14 96.34
97 96.87 97.89 97.44 97.45
96.59 97.06 97.96 98.08 97.44
97.17 98.3 97.39 97.68 95.32
96.57 97.39 96.12 94.78 95.83
95.83 93.42 93.26 95.33 94.66
95.05 95.61 94.64 93.84 96.86
97.63 97.62 98.2 98.13 97.98
97.5 97.88 97.35 97.03 93.52
96.21 96.75 96.11 96.26 93.64
91.78 89.78 91 94.07 96.34
97.71 98.06 98.23 98.02 98.18
98.34 98.31 97.65 96.06 96.44
96.65 97.07 94.49 91.82 94.79
96.07 97.74 97.58 98.14 98.57
98.68 98.7 98.77 98.67 98.65
98.69 98.6 98.52 98.07 96.43
94.91 92.49 94.45 95.64 96.07
95.57 96.77 97.98 98.58 98.67
98.73 98.69 98.39 98.2 97.57
97.67 98.22 98.24 98.6 98.35
98.46 97.86 97.34 96.8 96.93
92.87 94.09 96.61 95.07 94.55
94.17 91.97 94.12 97.36 95.99
96.61 98.2 98.43 98.73 98.54
98.82 98.76 98.5 98.11 98.59
98.23 98.12 97.5 98.08 97.89
98.14 98.56 98.64 98.51 98.65
98.54 98.19 96.19 95.57 94.52
87.55 77.47 68.4 60.54 67.75
78.66 87.01 93.55 96.94 98.15
98.06 98.11 98.44 98.61 98.68
98.63 98.75 98.6 98.25 96.64
97.23 95.63 95.06 94.34 96.34
96.14 95.69 95.21 95.24 94.68
94.18 93.11 91.09 92.63 88.8
82.09 85.33 87.48 83.65 75.95
77.58 77.38 66.91 67.33 61.27
68.49 80.56 82.73 89.41 90.35
92.62 91.8 88.44 84.04 84.63
78.83 75.2 65.16 58.36 55.07
39.95 41.49 47.85 51.57 64.24
74.98 76.27 77.41 79.23 83
87.91 88.07 91.18 92.98 93.72
93.74 94.49 94.51 93.82 94.25
94.16 93.83 91.19 93.83 92.25
92.89 90.03 89.73 89.28 88.62
85.26 84.17 83.18 75.93 68.41
62.83 57.62 53.71 51 49.36
41.63 37.39 36.2 35.9 38.24
37.4 36.37 37.77 35.04 37.65
37.52 43.8 38.82 40.09 41.45
40.56 39.13 37.16 37.39 36.56
35.21 36.33 32.6 36.69 33.23
34.08 34.49 34.96 44.58 33.88
31.39 34.25 32.13 36.49 38.11
50.09 40.65 39.9 36.65 39.62
36.21 38.01 36.59 34.76 34.18
36.62 45.09 38 35.85 39.03
37.55 36.34 38.22 31.82 43.57
36.09 34.02 35.43 34.51 32.99
36.74 35.42 32.02 31.01 36.01
34.42 39.38 37.09 37.66 36.78
39.05 37.43 38.09 33.34 40.3
38.29 36.38 36.12 33.8 34.65
30.15 39.43 35.35 37.4 34.8
36.64 36.65 33.76 33.64 32.36
