34.28 38.52 39.42 38.86 35.36
41.03 35.07 34.17 36.64 32.94
34.77 33.29 38.6 41.42 42.92
37.68 49.04 58.03 52.51 67.44
77.96 74.43 77.24 75.74 74.66
74.56 77.73 75.91 71.3 68.44
67.21 62.79 60.73 60.49 56.57
53.98 55.24 57 49.02 51.86
53.94 49.58 49.23 46.12 58.19
53.96 53.1 56.81 54.94 57.04
48.46 49.74 49.09 48.66 52.3
55.78 54.62 58.95 67.55 73.31
77.26 80.08 81.85 84.52 85.89
87.99 88.94 91.5 92.86 94.23
94.03 95.16 95.47 96.14 96.14
96.11 96.81 96.91 96.58 95.89
96.19 95.68 92.51 91.77 93.73
89.89 88.03 86.91 87.12 82.88
80.42 80.79 78.64 75.04 71.68
75.77 80.72 80.35 81.91 86.83
85.85 86 84.07 82.16 84.76
83.57 85.06 87.04 87.4 88.67
85.56 86.1 85.78 86.56 88.69
85.71 88.87 90.07 88.93 87.95
84.2 81.7 76.45 76.56 84.47
85.99 88.95 89.51 89.86 86.79
86.67 89.26 89.2 89.26 91.23
90.84 91.4 90.91 89.45 87.29
87.24 89.94 92.46 93.69 93.5
92.27 90.56 86.81 86.38 85.18
89.19 92.16 93.32 94.1 93.82
91.96 89.23 90.49 92.3 92.38
92.63 90.85 88.66 87.18 81.06
77.61 79.57 81.63 83.27 84.88
85.61 87.82 86.69 90.72 91.95
86.81 85.73 82.57 81.86 78.01
79.6 76.54 69.05 61.58 61.55
59.92 52.62 53.15 61.85 62.81
70.97 70.72 76.78 80.32 82.14
85.75 89.33 87.71 89.31 87.21
87.65 86.54 86.12 86.4 86.36
86.22 90.65 91.25 91.58 91.41
89.56 88.56 91.26 91.1 92.15
93.22 92.53 91.93 91.72 90.91
88.68 87.87 88.95 90.67 91.17
91.32 90.29 88.54 89.05 90.13
87.59 91.03 91.51 91.08 90.26
87.86 87.8 87.43 89.29 89.09
87.83 85.22 80.16 80.57 80.77
80.4 82.7 82.42 84.43 82.81
83.14 81.37 81.38 80.09 83.62
81.24 83.7 78.29 78.95 78.25
77.39 73.79 75.39 75.64 69.92
70.93 68.74 69.43 65.54 65.75
62.65 59.73 57.29 54.85 53.66
54.17 56.29 49.94 57.43 55.56
64.48 69.24 74.33 76.96 80.76
84.26 83.96 85.89 83.53 83.26
80.05 77.26 76.38 78.12 81.52
82.86 84.08 85.84 84.54 82.21
81.77 78.57 72.85 76.04 79.55
82.82 84.14 81.69 81.45 78.63
78.89 78.02 79.58 79.77 70.45
58.72 51.5 37.59
