36.9 42.99 46.49 51.54 48.54
45.78 51.06 53.21 63.51 60.1
61.13 47.66 58.21 54.2 53.95
50.26 41.2 40.55 46.73 33.98
35.68 37.9 41.1 42.69 40.77
36.92 42.63 40.27 42 33.34
34.89 32.33 37.42 37.16 34.7
37.12 39.57 36.11 40.05 37.12
37.55 42.4 40.07 38.18 42.52
46.96 47.53 46.87 43.97 47.67
48.79 49.99 55.4 53.44 57.6
54.63 57.27 57.25 61.18 63.55
68.55 72.62 75.4 83.27 84.29
85.72 87.13 89.44 87.55 88.88
92.08 92.69 93.06 94.06 92.92
93.13 93.74 93.17 91.81 92
92.23 91.82 89.33 88.38 87.37
83.63 80.6 75.61 70.55 65.56
58.19 55.12 49.7 47.65 43.23
43.06 46.12 42.52 34.79 31.86
32.66 30.07 35.45 35.4 36.5
33.37 33.33 36.5 34.62 38.21
35.01 34.3 35.5 30.89 36.68
32.93 37.36 30.02 36.01 31.96
35.43 31.13 36.02 29.83 35.49
29.5 32.24 31.95 47.12 56
62.52 67.57 74.98 77.41 81.92
84.39 85.23 87.52 88.59 90.23
89.62 90.96 92.26 90.62 91.59
92.92 92.52 92.12 93.1 93.02
90.64 89.17 91.03 89.44 86.07
87.04 86.6 81.62 76.55 75.97
72.71 62.09 61.38 58.39 59.65
64.13 64.89 71.37 73.19 81.05
84.48 84.09 87.18 85.82 88.89
90.65 92.46 91.38 91.53 93.6
94.14 93.21 92.06 93.76 91.99
91.97 93.99 92.47 91.55 91.49
89.9 88.84 89.07 87.7 83.2
80.7 79.71 76.31 69.47 67.83
67.88 67.24 66.08 62.61 63.01
69.58 65.52 69.17 72.99 72.31
75.63 73.43 76.27 77.56 74.95
79.24 77.63 73.16 71.45 70.48
66.93 61.61 56.77 56.21 54.6
56.41 54.01 56.3 60.12 68.59
68.48 67.5 69.58 70.92 69.4
70.43 75.11 75.19 79.13 82.83
85.74 86.81 86.45 89.06 91.11
91.74 90.72 93.95 93.61 91.91
93.71 94.02 93.78 93.2 94.53
92.79 93.08 92.83 92.97 90.35
91.6 91.71 87.8 87.05 87.08
85.34 78.98 82.54 79.6 71.48
69.8 68.26 67.31 59.34 52.78
54.89 52.46 52.59 58.93 56.67
59.44 54.5 48.07 48.13 36.35
37.6 38.6 36.07 37.47 40.05
48.28 50.78 52.45 59.62 62.15
61.65 62.86 66.57 68.77 66.89
57.79 57.03 53.3 45.77 45.64
39.38 39.43 47.3 42.61 38.09
45.45 43.08 37.03 39.6 39.31
36.92 38.49 37.16 40.89 39.97
33.59 41.63 38.23 38.33 38.09
35.55 35.16 31.51 34.7 32.67
37.8 31.34 33.73 30.2 31.24
33.05 36.48 41.01 34.3 38.44
35.21 38.98 37.14 36.02 39.17
37.88 38.5 40.29 34.8 42.37
34.83 38.63 32.38 37.43 32.16
29.76 35.91 31.2 35.34 32.58
35.74 32.07 31.67 36.38 34.49
39.71 35.22 36.75 36.23 35.38
33.63 43.43 36.53 41.66 38.01
37.55 39.86 36.78 39.98 37.91
41.85 43.01 40.09 36.8 39.14
34.99 35.24 38.92 34.59 37.29
34.28 36.57 39.36 33.3 35.22
38.79 32.46 37.67 33.15 41.17
36.26 38.89 44.7 45.9 45.2
44.52 39.02 51.23 47.17 47.43
55.19 58.77 57.47 61.12 80.23
87.88 86.15 86.87 88.91 92.33
92.11 91 92.82 90.7 92.09
92.64 93.21 93.05 93.13 93.87
94.23 94.31 94.27 95.11 94.02
95.3 94.52 94.93 93.44 94.04
94.7 93.78 94.14 94.13 94.18
92.23 91.47 93.26 92.2 91.73
92.5 93.88 90.83 90.57 93.89
93.25 92.81 92.67 93.87 92.43
90.95 92.04 91.71 90.01 90.33
91 89.53 85.45 87.84 85.35
89.56 91.2 90.14 93.33 87.35
92.61 91.54 89.79 91.81 92.26
91.83 90.63 93.24 91.79 89.61
91.07 92.48 90.7 87.78 92.06
93.19 92.73 92.84 90.7 92.02
92.83 91.3 90.07 90.62 91.63
90.04 90.07 92.24 90.94 89.75
92.01 93.39 91.7 91.08 92.37
93.27 92.51 91.26 93.15 91.7
91.76 92.88 92.37 91.65 86.85
82.88 73.75
