40.01 42.56 42.48 44.13 45.93
42.5 40.21 40.55 44.24 40.1
36.56 39.37 37.82 37.79 40.46
39 39.51 38.21 41.86 42.47
35.69 39.36 42.1 38.66 41.37
39.09 38.2 30.98 35.13 36.41
38.15 38.17 36.62 51.56 60.91
74.71 84.01 86.5 85.5 87.78
88.58 91.76 93.52 93.3 94.24
91.79 94.32 95.07 94.69 95.28
94.81 92.58 93.09 95.89 97.13
97.87 98.39 98.31 98.1 96.59
97.09 95.2 94.59 96.65 97.35
97.25 97.23 98.13 97.91 97.98
97.73 97.31 97.26 96.58 96.02
94.47 94.56 96.47 96.96 98.08
98 98.02 97.89 97.6 96.59
94.78 96.34 96.48 97.48 96
95.97 96.61 96.66 96.8 96.23
96.65 95.86 93.99 96.56 96.07
94.59 96.05 97.18 97.27 97.44
96.82 97.1 97.27 96.23 93.81
92.59 94.82 94.94 96.61 96.36
97.02 96.67 96.74 96.87 96.92
94.92 94.72 96.06 95.96 97.44
98.24 98.35 98.28 97.84 97.37
94.82 94.08 92.92 92.24 89.43
90.9 89.97 91.61 93.09 94.16
95.03 95.73 95.79 96.63 97.26
97.04 96.8 97.12 97.41 97.34
97.33 97.76 97.6 97.19 97.19
96.89 96.19 96.03 95.54 94.3
95.46 93.93 96.08 97.87 97.83
98.29 97.92 96.8 97.12 96.27
95.72 94.36 93.59 94.05 93.19
91.37 91.44 93.78 94.56 95.77
96.4 96.65 97.06 96.77 96.8
97.73 97.11 97.06 97.36 97.67
97.72 96.68 97.22 96.85 96.09
95.44 95.63 97.26 97.77 97.78
97.51 97.6 97.37 95.63 96.77
97.54 97.73 96.86 96.52 94.22
95.72 93.85 93.77 94.75 95.82
93.11 94.28 94.82 94.14 92.7
92.08 93.27 90.23 89.43 90.67
92.29 91.92 91.03 87.33 85.89
89.16 90.6 92.77 92.44 94.38
96.51 96.88 96.02 96.95 97.4
98 97.85 97.78 97.82 97.84
97.51 97.17 97.14 97.42 96.63
96.41 96.3 95.19 93.6 94.77
92.57 94.02 93.3 91.95 93.22
95.91 96.57 96.84 96.82 97.34
96.38 94.16 94.19 94.61 96.18
96.43 96.24 95.92 95.94 96.12
96.16 96.03 95.98 96.61 96.15
95.88 95.69 95.78 94.84 94.45
94.46 93.97 94.37 94.64 94.89
94.5 95.15 93.53 93.97 93.35
94.45 95.39 94.28 94.55 95.95
94.39 94.38 95.28 95.14 92.64
92.92 93.03 89.77 88.38 92.1
90.32 91.38 89.67 92.26 93.89
94.88 94.17 94.35 94.2 93.45
94.42 93.75 93.97 94.93 95.68
96.07 93.74 91.35 91.09 89.81
93.61 94.16 94.22 92.97 93.07
94.28 94.29 93.39 93.88 95.66
96.35 95.69 96.68 96.23 95.76
94.89 95.28 95.78 94.67 95.35
95.35 95.68 95.92 95.5 95.42
95.22 94.69 95.54 96.38 95.68
94.97 94.47 94.28 93.6 92.71
90.31 90.81 90.2 92.99 93.19
94.19 93.39 94.27 93.98 92.11
83.7 69.3
