41.34 39.27 42.46 42.37 43.78
42.87 43.75 41.98 41.67 45.71
39.34 38.27 39.59 41.77 37.4
40.56 36.12 41.8 42.25 39.72
42.37 39.53 41.17 37.21 41.19
43.91 45.36 51.46 44.21 44.73
38.36 41.8 37.88 35.99 35.82
33.69 36.18 35.76 39 40.42
35.8 37.36 39.64 34.17 39.94
31.51 35.36 28.42 31.73 28.5
34.12 32.09 35.25 34.91 30.34
31.08 37.32 47.81 51.08 57.47
61.79 64.66 66.16 70 67.17
69.26 72.74 78.16 74.81 78.78
79.81 79.49 79.73 81.79 78.07
80.35 82.26 80.99 73.7 69.35
73.54 77.78 74.02 75.18 72.18
73.86 72.46 73.28 69.24 63.07
68.52 63.37 51.23 47.03 43.94
35.8 33.91 36.35 33.79 38.75
27.76 31 29.75 33.37 32.21
35.21 33.36 34.58 28.66 33.17
30.55 35.67 32.98 34.48 31.54
38.86 35.38 33.84 35.78 32.86
33.23 35.07 35.99 37.56 33.68
37.38 37.07 35.73 37.85 34.12
36.41 32.72 33.36 36.72 34.79
41.37 36.59 38.5 38.45 39.21
44.06 40.08 41.21 42.95 47.37
43.21 45.52 46.37 45.4 43.64
41.08 38.92 35.61 39.54 38.67
42.49 39.79 41.05 37.44 37.13
37.34 29.97 36.41 36.83 33.99
38.88 31.18 36.78 30.78 33.85
29.64 35.96 41.54 38.78 37.08
38.32 38.01 39.3 35.08 33.76
38.87 33.99 39.75 33.26 36.65
39.4 35.72 33.81 36.31 34.67
39.28 33.55 35.6 37.62 37.71
43.67 47.76 49.5 61.35 69.97
68.54 66.95 77.52 79.73 73.39
76.01 80.4 79.78 75.89 76.6
81.06 80.37 78.38 80.09 86.23
81.88 83.92 85.96 86.08 85.78
87.18 88.75 88.7 89.56 89.7
90.53 90.97 92.16 91.99 92.61
93.69 93.71 94.24 94.58 94.43
93.92 94.65 94.9 94.11 94.77
94.59 94.57 94.28 94.24 94.49
94.12 93.83 93.59 93.24 92.13
91.17 92.19 90.01 89.78 89.08
88.06 85.51 85.71 83.37 76.64
76.95 68.48 60.03 57.15 54.42
57.04 63.7 67.11 70.46 72.56
78.25 82.63 81.43 84.06 87.37
89.35 88.82 89.63 90.9 90.93
90.41 91.92 92.08 92.36 92.23
93.17 93.97 92.87 91.68 93.7
93.16 92.01 93.66 93.99 93.85
92.71 93.34 94.01 92.98 93.52
91.91 92.24 91.91 92.25 91.52
91.29 90.42 90.91 89.35 88.18
86.7 85.39 84.43 84.51 75.82
66.78 64.97 63.86 69.74 75.27
80.95 85.4 83.88 87.72 86.64
89.43 89.74 90 89.83 91.81
92.43 91.64 92.66 92.73 93.42
94.27 92.48 93.15 92.17 93.04
92.7 92.13 91.61 91.67 90.81
90.68 91.38 89.65 89.85 88.58
87.61 87.42 89.38 87.82 85.51
82.26 87.23 82.15 85.71 86
85.76 82.22 80.98 85.28 78.21
77.47 78.67 77.5 73.21 75.65
76.21 69.25 61.86 64.5 67.97
58.13 54.97 53.12 43.96 49.14
43.71 49.86 45.78 51.98 41.69
53.58 43.54 45.68 49.48 54.12
50.23 51.19 53.56 55.76 53.31
51.88 61.23 64.45 67.87 65.14
68.38 75.57 74.94 75.69 76.87
77.98 76.34 78.22 80.91 84.59
83.54 84.07 86.33 88.2 85.58
89.22 90.04 90.11 87.21 87.12
90.92 87.98 90.85 89.62 90.58
86.93 92.01 91.07 92.26 91.16
93.92 93.98 92.05 92.84 94.01
94.15 92.74 93.2 94.62 93.25
93.04 95.08 95.04 94.08 93.99
96.25 94.78 95.74 96.41 96.32
95.35 95.23 96.08 95.11 95.32
94.67 96.23 94.71 95.95 95.04
95.52 95.22 94.37 92.29 95.51
95.76 94.4 95.57 94.13 96.01
95.7 95.32 95.07 95.58 92.48
95.67 94.73 94.66 90.72 93.06
94.27 94.2 94.1 93.91 93.27
93.52 93.12 93.9 93.37 91.45
95.6 94.83 96.63 95.66 94.83
96.21 96.69 94.7 97.23 96.45
93.96 94.65 94.8 95.44 95.36
95.58 94.39 95.51 94.41 95.47
94.51 95.46 93.51 94.69 96.04
92.31 92.85 91.96 95.52 90.84
93.38 93.23 93.82 93.56 94.08
93.2 92.88 92.17 93.39 93.03
91.66 93.77 93.4 94.39 93.62
95.35 94.68 95.9 95.36 94.54
95.54 94.46 94.96 92.33 95.14
95.12 93.82 91.42 94.12 92.14
90.79 88.21 91.34 90.77 83.3
87.4 88.03 86.94 83.15 85.51
85.6 82.71 84.81 86.53 83.5
84.34 87.56 88.84 87.8 89.89
90.68 89.08 89.31 89.7 88.77
88.97 90.18 87.76 85.73 85.78
84.71 79.97 67.56 63.97 61.62
62.24 69.13 73.69 79.86 81.12
84.1 85.11 86.15 85.66 85.87
87.32 86.33 85.25 87.01 86.54
84.01 79.68 74.14 70.09 74.83
81.97 85.64 86.78 86.59 87.02
88.68 88.56 86.66 87.77 89.51
88.89 88.1 84.87 85.69 86.12
86.26 85.28 83.84 85.46 88.56
88.18 87.82 86.57 85.74 88.9
90.1 89.93 88.75 90.2 91.92
89.83 89.77 90.74 89.4 87.03
87.57 87.35 85.29 84.21 83.88
80.25 74.67 74.67 73.11 70.8
69.92 62.9 66.76 76.6 77.85
80.96 78.66 79.56 83.9 81.57
76.67 81.63 83.91 79.81 76.34
81.34 78.85 71.66 70.99 63.97
61.05 55.59 61.17 66.57 74.48
71.64 74.34 68.38 67.79 62.51
62.73 63.22 56.82 60.77 70.73
78.9 82.69 82.78 85.1 87.27
87.56 84.82 88.59 88.95 88
89.32 88.93 89.75 87.89 86.78
84.06 89.01 91.12 90.23 89.52
90.43 91.15 90.05 89.26 90.16
91.17 88.98 87.35 83.78 84.89
85.55 86.78 89.74 89.33 90.04
92.21 92.17 92.58 93.67 93.25
92.65 91.31 92.19 92.48 90.96
91.08 91.86 91.03 91.61 91.61
92.28 91.78 90.71 91.78 93.09
90.22 90.92 90.92 88.98 87.28
87.69 87.12 83.62 82.04 82.51
76.48 73.55 67.22 61.14 53.44
42.09 48.36 39
