31.24 40.48 34.92 41.23 38.2
39.35 35.53 38.79 34.62 37.07
32.76 35.03 29.94 36.85 32.62
38.18 36.17 39.55 39.31 33.32
40.31 41.82 39.87 38.8 46.36
48.63 41.56 46.6 42.2 41.23
52.88 41.77 42.46 41.8 40.81
38.72 39.16 38.27 48.43 38.62
50.53 38.09 40.2 39.89 43.09
39.53 41.82 38.72 37.45 36.28
36.24 33.34 29.65 32.02 31.9
38.74 30.43 33.47 35.16 32.82
31.11 38.77 38.44 32.04 45.3
34.55 30.75 37.94 29.93 43.05
30.46 36.9 36.2 40.13 36.99
37.22 36.56 37.53 32.5 37.18
30.01 27.53 28.47 30.6 29.26
27.63 29.65 33.04 33.49 42.79
35.83 36.59 37.82 35.09 34.58
35.81 33.62 39.72 34.93 39.58
36.01 38.44 37.44 39.57 35.63
38.29 39.9 42.03 37.92 38.36
37.79 38.02 37.05 36.82 37.25
39.34 36.1 34.49 35.11 36.27
35.76 31.35 35.22 37.11 37.95
35.01 37.64 35.57 37.28 41.75
40.19 39.33 39.72 33.58 48.69
33.76 34.36 39.36 32.09 39.87
35.24 31.55 34.7 28.75 36.3
33.6 27.74 36.3 31.11 34.87
35.83 33.4 35.17 33.25 32.01
35.24 36.76 38.67 32.92 39.04
35.27 34.96 36.32 35.79 33.84
33.56 31.88 29.92 30.38 26.52
32.14 32.38 35.04 35.11 34.38
36.13 36.37 43.56 37.66 33.06
37.57 35.39 36.74 29.87 34.55
33.21 34.98 33.16 34.06 37
36.57 33.34 32.12 34.05 40.84
45.39 31.99 33.39 32.64 38.32
38.23 35.26 38.93 34.19 43.66
34.18 38.24 39.12 29.95 37.24
42.51 38.38 42.45 36.25 33.88
46.13 38.16 46.99 41.18 48.54
36.99 39.99 37.62 44.85 38.45
43.46 38.92 41.15 37.48 41.31
41.09 40.63 39.35 37.28 41.05
44.2 42.92 40.99 36.79 36.87
35.73 39.82 40.04 34.82 41.43
43.4 40.8 42.61 42.43 38.38
39.13 36.34 44.17 42.76 38.82
44.24 45.32 48.97 53.25 41.16
46.09 39.54 36.95 37.3 34.81
36.63 39.63 37.55 38.95 40.82
35.02 43.01 37.89 40.44 39.05
37.24 38.21 44.46 39.57 37.73
40.5 39.3 40 36.53 38.82
30.4 32.77 36.96 34.64 34.44
39.54 34.99 40.99 43.81 36.38
41.56 35.86 35.41 33.81 34.9
37.39 34.57 35.12 34.22 33.35
36.55 34.01 31.5 33.54 32.41
33.18 37.47 39.96 35.82 34.57
33.41 36.96 34.23 37.2 33.83
39.75 36.24 36.3 36.89 45.41
43.25 39.28 43.66 37.33 32.39
40.14 38.8 40.4 39.47 38.57
44 33.09 36.33 42.03 32.46
44.49 32.97 38.85 34.16 29.29
36.87 28.87 33.09 28.63 33.99
34.7 26.34 35.52 29.69 38.69
33.42 32.57 32.37 28.98 37.89
33.99 32.06 34.71 40.47 32.23
33.97 37.22 36.45 35.1 38.76
37.62 38.1 40.55 36.78 44.54
36.96 36.88 39.6 37.79 39.35
42.94 41.77 53.99 61.83 64.34
65.82 68.75 71.88 73.75 70.33
79.4 74.96 76.79 76.66 74.97
68.13 60.88 59.22 49.82 44.04
41.36 38.54 38.28 33.7 34.38
29.19 33.1 29.37 33.56 38.52
35.9 35.52 32.91 35.88 34.26
38.62 32.61 34.3 32.7 33.82
38.57 36.73 31.59 33.38 35.7
39.89 37.41 33.96 33.24 38.44
36.12 44.45 48.08 39.12 38.69
42.38 40.97 35.08 41.12 47.16
45.51 43.99 45.99 43.08 44.58
40.16 41.42 40.65 40.08 39.71
35.18 42.83 45.15 36.81 36.84
37.14 32.53 31.55 33.74 32.32
39.64 40.44 33.26 43.65 51.68
63.83 79.13 86.01 92.63 96.1
96.5 96.34 97.04 97.44 97.11
97.08 95.8 95.52 95.76 94.52
91.4 91.84 93.63 91.82 93.08
93.39 93.93 95.26 95.71 94.97
94.98 96.67 95.99 95.54 96.84
95.74 96.57 96.67 95.22 95.03
92.86 91.9 85.95 80.3 81.4
76.02 76.82 71 68.8 78.76
82.69 86.47 86.84 82.37 86.64
92.47 94.94 96.02 95.96 96.94
96.6 96.72 95.15 94.65 94.52
95.12 96.77 96.92 95.88 96.58
97.43 96.4 96.07 96.39 96.85
96.14 95.88 94.48 91.89 90.42
94.28 96.99 97.7 96.74 95.97
95.71 94.07 92.01 91.46 92.2
93.12 93.55 93.33 94.93 95.75
97.05 97.17 97.87 96.24 96.63
97.12 96.04 95.26 95.26 96.23
96.65 95.93 96.94 95.4 92.12
87.42 82 84.25 78.51 82.29
86.73 87.2 87.88 91.47 94.1
95.79 96.63 96.81 97.2 96.73
95.77 96.43 94.24 93.4 93.24
95.02 96.19 97.58 96.61 95.97
96.92 96.76 95.68 95.05 95.66
95.81 95.5 94.95 96.44 95.59
94.85 96.6 95.9 97.2 97.63
97.07 97.77 96.34 95.68 92.57
91.52 90.64 92.3 94.02 96.02
96.51 94.5 95.21 96.84 97.05
96.99 97.29 97.08 96.62 94.86
92.85 94.33 96.41 96.31 97.05
96.78 97.21 97.03 96.29 96.01
95.73 94.55 96.21 94.33 92.24
91.82 87.34 81.79 84.14 86.62
86.39 90.89 93.44 95.29 96.4
97.23 97.1 95.03 94.54 92.88
90.53 89.89 83.93 87.44 91.54
92.57 94.75 94.14 94.86 95.19
93.56 90.42 93.43 90.47 86.51
87.29 88.21 89.83 91.42 92.34
91.71 93.8 94.62 94.94 93.1
93.37 92.54 92.48 93.79 94.1
94.14 94.84 94.93 94.42 93.61
94.4 95.45 94.86 94.39 93.99
93.27 94.81 91.87 90.22 86.92
88.04 91.65 89.81 91.58 94.56
91.85 91.36 89.91 83.5 63.18
49.67 41.32 40.08 36.25 32.48
36.95 37.27 31.73 36.46 30.02
29.62 28.84 38.2 33.68
