35.91 36.37 42.4 40.09 44.79
46.25 44.35 44.87 44.95 43.02
43.07 39.68 35.17 32.22 34.11
31.86 36.15 36.86 34.18 36.54
33.57 31.13 28.47 29.23 26.8
34.15 34.61 34.23 38.85 51.67
51.54 60.33 83.52 87.52 93.13
94.03 95.25 96.04 95.57 94.12
94.5 87.56 86.12 90.8 95.64
97.73 97.84 97.77 96.79 95.28
94.51 92.91 89.45 88.43 76.16
74.37 77.9 91.23 94.24 96.18
97.07 97.64 98.07 97.76 96.58
94.18 94.11 94.68 95.32 97.22
97.41 97.73 97.7 96.66 96.03
94.54 93.38 93.34 92.1 92.12
92.99 92.77 93.14 94.88 96.32
95.74 96.33 97.51 97.12 97.29
97.32 97.4 97.06 96.92 96.05
95.67 94.47 89.95 93.79 97.42
97.79 98.53 98.34 97.66 96.66
97.22 95.84 96.33 97.2 96.72
95.72 93.7 92.18 87.42 77.81
71.1 73.48 85.46 92.96 94.28
94.93 96.27 97.29 97.3 97.71
97.04 96.78 97.37 96.73 94.56
94.41 95.28 96.53 97.64 96.97
95.42 96.4 97.41 96.26 95.88
95.47 95.42 93.03 95.69 96.31
98.13 98.03 98.36 98.08 98.04
98.7 98.62 98.32 98.72 98.87
98.76 98.71 98.86 98.85 98.72
98.68 98.82 98.66 98.21 98.45
98.53 97.01 92.67 91.35 94.38
97.59 98.4 98.6 98.7 98.38
98.2 98.76 98.2 98.03 95.93
97.92 98.6 98.25 97.94 96.08
92.56 94 94.77 96.72 98.66
98.57 98.64 97.07 95.43 97.2
95.29 97.06 98.03 97.58 96.26
96.24 97.31 95.44 96.74 96.22
94.93 96.37 95.9 95.75 97.4
97.05 96.74 97.57 97.75 96.57
95.83 97.7 96.59 95.11 96.32
97.54 96.48 97.78 97.99 98.71
98.54 98.73 98.68 98.54 98.38
98.1 97.67 97.54 96.75 93.87
95.03 97.75 98.04 98.51 98.47
98.64 98.8 98.83 98.89 98.94
98.93 98.88 98.93 98.87 98.85
98.83 98.88 98.8 98.63 98.63
98.48 97.7 97.13 97.35 98.23
98.13 98.14 95.11 95.55 97.84
97.48 97.98 97.95 98.24 97.59
96.7 96.84 96 97.83 97.82
98.24 96.98 94.63 94.26 96.81
96.55 98.02 97.86 97.17 97.98
98.52 98.52 98.48 98.71 98.8
98.63 98.7 98.85 98.79 98.62
98.52 98.34 98.52 97.91 98.18
98.63 98.76 98.76 98.78 98.77
98.77 98.83 98.76 98.62 98.59
98.57 98.5 97.73 97.52 97.19
97.22 96.85 96.97 97.78 97.85
98.16 97.57 97.76 97.14 94.9
97.06 97.34 97.72 97.89 97.16
95.52 95.11 96.94 96.35 95.3
93.14 94.41 94.34 92.37 90.45
92.04 89.95 88.94 88.87 82.75
77.85 68.95 55.59 47.95 46.69
46.17 39.36 45.48 43.72 46.75
39.09 46.93 44.76 40.12 53.59
48.09 51.08 48.62 55.62 50.76
42.22 48.8 41.56 43.6 40.36
45.19 39.78 34.33 39.62 34.59
38.49 38.19 38.23 41.21 39.51
40.48 39.68 41.22 43.23 42.68
41.84 41.22 48.04 47.19 39.62
41.54 40.85 36.88 36.51 33.78
37.08 33.21 43.37 46.14 46.29
34.62 34.32 35.59 37.56 36.93
37.5 36.25 40.38 44.22 37.95
34.17 30.73 34.64 31.27 36.27
37.66 39.93 38.74 37.07 36.87
31.01 39.31 41.19 43.43 36.49
39.54 38.66 38.18 41.88 35.2
37.86 35.53 35.87 34.39 34.06
37.36 35.09 37.79 41.83 44.31
39.02 43.89 38.77 40.39 33.49
45.2 40.82 37.57 39.71 38.98
37.16 34.86 33.87 39.49 33.91
35.02 36.62 32.13 37.14 34.86
40.67 30.88 35.75 34.19 30.78
34.5 35.52 35.57 32.68 31.97
35.11 33.66 31.02 32.68 32.12
29.4 33.12 40.15 40.13 35.84
30.12 38 38.37 41.47 38.73
35.35 35.97 38.03 35.32 34.53
32.99 34.83 34.82 35.98 35.74
35.25 34.29 35.7 36.4 36.25
33.76 34.81 35.83 40.16 40.77
36.12 34.25 38.03 34.49 36.32
36.27 33.12 37.3 30.09 31.66
34.56 28.77 34.15 32.93 39.66
42.75 38.82 41.99 43.94 47.78
54.12 53.5 52.46 60.15 61.75
58.37 52.83 70.95 65.03 68.71
60.78 64.67 64.1 61.28 68.81
59.33 65.01 58.11 66.96 62.3
63.54 63.57 61.84 68.13 60.75
70.08 66.56 64.91 58.81 64.3
63.69 60.84 60.74 57 55.01
48.58 50.67 51.22 39.45 35.58
33.89 39.98 33.62 35.17 36.73
36.19 33.56 36.68 39.04 43.18
38.83 43.23 39.84 46.88 38.92
38.78 39.77 41.04 36.42 40.29
35.1 40.56 32.9 32.54 35.98
39.42 36.04 37.96 34.7 35.53
40.37 36.44 34.52 35.97 35.19
39.17 32.51 32.3 33.99 32.68
34.68 40 46.82 41.12 36.05
40.04 35.18 37.73 36.62 36.11
35.43 37.43 36.22 37.36 37.19
39.94 50.68 41.08 37.68 40.2
37.51 33.85 36.96 32.15 33.39
35.57 33.14 34.51 35.03 35.58
37.58 34.28 38.71 31.77 39.48
33.13 38.52 37.1 38.37 37.94
34.66 38.38 39.28 44.98 48.33
47.31 43.33 49.27 47.1 53.03
50.19 47.95 47.35 44.48 44.82
43.26 44.29 42.09 42.82 36.64
37.2 33.14 35.02 34.05 37.91
36.18 33.55 38.32 37.24 40
38.41 37.36 35.94 44.57 37.71
34.77 45.09 32.52 32.19 32.1
32.33 30.91 33.14 37.17 32.09
34.11 35.28 37.88 38 32.94
40.37 44.69 38.82 33.42 31.04
43.07 34.58 33.54 33.68 36.37
34.96 38.28 38.1 46.32 44.34
45.73 42.25 43.94 40.16 40.15
35.01 34.12 34.01 33.8 29.84
30.66 30.24 32.68 37.36 35.61
32.16 31.75 29.43 31.26 33.49
28.35 31.58 34.59 33.3 37.49
38.63 37.91 37.48 34.78 34.23
32.05 34.38 35.72 35.16 34.55
36.36 30.94 34.9 31.45 36.13
34.12 34.32 34.84 32.48 34.59
36.57 31.67 41.28 33.35 43.12
34.86 35.81 35.47 36.79 34.57
38.07 37.3 37.93 35.18 39.04
38.03 37.42 36.94 34.17 41.5
36.1 41.15 53.13 44.44 42.2
41.05 39.3 33.11 45.31 40.91
35.15 38.26 41.41 39.89 37.2
39.73 44.84 35.39 35.56 39.36
40.31 34.77 52.34 35.12 39.91
38.45 39.2 39.55 39.92 39.14
38.56 37.04 41.01 36.74 40.41
43.49 41.24 43.11 35.44 35.46
35.99 35.12 39.42 37.57 37.43
38.13 35.73 35.34 34.33 35.93
35.15 36.58 34.53 33.82 37.33
33.59 38.6 39.81 40.05 41.24
41.05 38.16 42.98 55.14 40.22
44.5 37.85 36.12 38.36 42.79
43.15 38.77 39.23 40.14 40.41
39.51 40.13 41.32 39.78 37.44
40.64 36.73 35.57 39.32 38.05
38.19 40.3 38.64 40.58 40.27
40.24 36.51 34.15 39.8 36.11
37.58 36.15 33.39 47.39 36.26
37.56 36.32 36.56 38.53 37.14
35.43 37.23 37.12 42.28 36.24
34.74 36.82 36.53 35.93 37
33.66 35.26 33.76 34.98 34.57
36.76 35.22 39.07 34.12 37.6
42.57 36.25 34.92 35.82 37.54
44.75 45.29 35.64 37.11 37.81
37.91 36.32 34.96 35.4 33.19
36.75 37.18 38.76 36.95 46.08
36.46 35.51 30.22 35.93 29.14
31.96 30.84 30.8 41.15 30.46
29.81 30.67 38.52 32.85 34.63
35.88 30.97 36.38 30.05 32.38
35.69 32.27 33.46 35.12 40.95
42.72 39.87 40.13 38.89 35.81
36.57 41.18 38.01 38.51 42.18
37.22 39.85 41.72 48.66 37.89
33.65
