40.04 35.43 36.41 42.53 39.16
38.61 39.76 53.67 44.53 47.61
50.17 53.51 51.66 44.69 48.3
44.58 39.08 36.75 34.46 33.04
36.87 30.42 34.41 35.05 39.18
43.7 43.49 34.74 34.65 31.76
36.76 34.92 34.91 33.16 34.98
35.67 38.39 41.34 39.34 41.29
45.91 51.01 53.68 54.32 59.28
69.68 70.01 70.76 71.02 72.17
72.42 72.12 71.84 74.97 78.27
78.05 76.85 79.85 81.76 83.62
85.04 84.83 84.19 84.25 85.26
85.38 86.32 86.1 83.8 85.17
79.69 79.96 83.42 84.32 82.39
83.22 84.73 84.92 84.35 84.14
85.15 85.19 86.04 87.71 89.65
90.24 90.86 93.02 93.54 92.75
92.61 94.69 93.52 91.46 92.28
94.32 92.92 91.3 94.05 94.28
92.04 91.06 93.09 92.41 87.85
88.91 91.44 90.51 89.84 88.15
86.01 85.5 82.3 76.34 75.66
83.05 82.58 85.74 88.25 84.28
89.96 91.46 89.91 90.92 94.22
94.35 92.26 95.89 96.6 94.3
93.48 95.48 94.91 92.39 91.81
91.92 91.88 90.09 87.75 88.23
87.73 83.41 83.43 85.8 89.04
87.06 86.07 86.89 86.54 82.34
80.44 81.03 73.54 66.31 68.89
63.87 62.81 66.23 77.06 79.89
81.21 88.48 87.72 82.34 84.77
89.87 87.52 81.24 83.45 81.48
72.29 64.04 61.63 56.05 57.07
54.66 61.93 58.5 61.06 67.76
83.03 90.39 92.56 89.84 91.92
94.92 94.12 92.63 94.88 96.51
96.22 95.84 95.49 95.63 94.07
95.01 95.59 97.77 97.46 97.44
96.53 94.63 92.29 90.96 90.47
89.47 85.43 82.63 79.78 79.69
86.52 90.31 90.12 93 94.94
96.56 97.87 98.39 97.67 96.39
95.77 96.24 97.53 98.25 98.47
97.8 97.57 95.73 94.63 92.84
89.59 86.49 83.44 84.91 82.44
83.93 86.33 88.03 87.1 87.86
89.7 90.86 89.43 89.45 89.14
89.81 89.24 87.58 85.96 86.01
86.17 85.25 85.48 85.28 83.34
83.05 76.84 70.63 70.75 70.62
75.7 78.74 79.6 80.26 83.32
84.8 82.73 85.14 88.82 87.75
87.79 88.92 89.94 91.31 90.23
91.67 94.77 97.33 97.57 97.36
97.42 98.25 98.4 98.32 98.22
98.36 98.17 98.28 98.04 98.01
96.46 97.54 96.9 95.6 97.34
96.09 97.63 98.18 98.04 98.2
98.1 98.16 98.57 98.34 98
96.34 97.43 98.02 97.26 95.54
95.3 97.37 98.15 98.49 98.46
98.37 97.76 95.55 93.44 94.84
95.32 94.53 95.12 92.27 94.88
95.35 96.23 96.45 96.7 95.49
96.47 94.89 95.73 96.85 95.36
95.87 95.48 96.87 97.48 96.15
96.43 97.64 97.55 96.28 96.8
97.54 97.44 96.51 96.74 97.35
96.13 95.45 92.48 94 95.21
97.12 96.1 95.49 90.4 87.72
89.24 85.73 87.41 85.69 92.4
96.08 96.97 98.25 97.05 96.99
94.93 93.03 94.09 94.06 95.66
97.19 98.03 98.36 98.22 98.03
95.5 92.93 96.01 92.03 91.11
94.55 91.73 94.49 94.38 94.11
93.24 93.5 95.14 95.4 93.93
95.72 96.36 94.51 92.88 94.95
92.74 88.99 90.37 89.69 84.12
83.19 82.33 87.51 91.18 94.79
93.39 94.67 96.94 97.58 96.51
97.22 97.25 96.02 96.33 95.73
95.88 93.42 93.9 94.41 91.98
90.82 93.45 92.07 89.22 88.14
91.05 88.25 84.85 82.78 81.31
79.39 68 56.61 55.75 57.56
55.25 55.87 53.86 55.02 64.77
64.32 67.71 73.69 72.23 71.72
78.42 77.67 76.44 82.66 81.16
75.64 78 81.23 74.29 71.09
77.9 80.24 76.07 78.92 85.85
84.51 81.71 86.72 90.69 87.21
85.5 91.04 91.52 91.76 86.78
90.17 91.43 87.49 87.83 91.85
90.07 86.15 92.44 91.92 86.95
88.86 92.52 89.1 87.45 91.43
91.62 88.26 88.32 91.06 86.66
82.85 83.88 86.37 85.76 89.59
86.37 82.88 88.37 92.23 88.01
86.71 91.29 91.78 88.32 87.22
86.94 85.71 80.95 81.1 82.01
75.32 63.43 62.41 58.32 53.4
49.16 46.23 51.48 47.32 52.21
61.99 68.95 76.39 73.01 69.13
73.64 80.73 77.77 76.15 80.77
84.36 81.01 79.27 85.07 83.22
81.5 81.17 85.77 82.52 76.79
81 83.39 77.4 74.8 81.9
79.81 73.38 77.64 83.78 79.54
76.81 83.15 85.04 80.1 80.4
85.51 87.15 82.27 83.44 90.86
80.1 83.32 78.79 74.54 64.58
65.13 58.85 56.82 57.41 55
51.34 54.5 47.12 46.71 41.65
