41.72 32.08 33.1 38.64 35.05
36.82 42.29 44.44 42.92 48.51
45.57 47.02 47.39 42.99 46.3
40.59 35.19 34.42 39.45 32.74
29.46 28.18 27.74 34.86 31.11
32.06 30.12 36.73 37.23 40.21
35.45 35.41 33.1 36.97 30.63
30.52 32.68 28.45 33.16 29.82
31.59 29.15 30.8 31.64 28.23
33.52 28.87 36.02 29.63 34.41
37.42 30.9 35.87 38.72 37.69
36.74 40.14 50.28 60.68 62.57
76.81 83.49 83.27 81.88 83.96
88.79 88.66 88.88 88.96 89.22
89.62 88.2 89.9 90.14 89.55
89.57 89.86 90.39 88.29 90.18
89.2 89.52 89.92 88.37 86.57
85.87 82.31 83.42 80.02 77.1
82.51 81.96 80.53 82.49 79.96
80.15 80.97 80.71 80.67 81.96
83.63 83.32 81.44 83.23 83.79
86.95 82.86 83.62 85.81 87.37
87.53 89.59 88.07 88.59 88.96
89.67 87.17 86.06 86.61 85.68
81.59 82.32 82.22 77.63 72.98
74.09 77.92 76.68 72.06 69.66
74.55 79 88.66 91.61 94.03
93.29 92.23 89.44 89.31 86.7
85.08 88.39 86.53 86.01 89.24
92.89 91.7 96.74 97.46 97.86
97.9 97.51 96.94 95.67 93.9
92.59 95.66 96.05 95.54 94.86
93.25 92.64 92.41 92.89 94.02
94.88 92.11 93.59 90.54 92.37
93.63 94.51 95.14 96.4 96.03
94.37 95.23 94.14 94.68 96.36
96.61 95.36 95.54 96.69 95.14
94.02 96.12 97.38 96.77 97.36
97.26 97.59 96.63 95.92 92.85
94.01 92.67 91 91.79 92.35
94.4 93.88 94.16 94.58 95.61
94.41 92.58 93.28 95.05 92.7
93.19 93.44 95.24 95.95 94.37
95.87 95.74 95.72 94.89 92.41
89.76 92.53 92.2 89.91 87.04
85.32 85.19 83.6 89.13 91.66
93.12 94.38 92.97 93.24 91.75
91.24 93.07 94.26 94.79 94.65
94.69 96.16 96.36 97.09 97.33
97.22 96.82 95.92 93.55 93.02
91.93 93.12 93.75 93.92 93.36
92.63 94.04 92.57 93.75 95.77
93.8 94.41 93.1 92.92 91.87
92.73 94.5 92.76 92.85 94.39
92.92 93.91 93.72 93.53 94.61
95.33 95.09 94.62 96.02 96.27
95.4 95.55 96.76 96.2 94.98
95.52 95.48 95.14 94.5 93.12
93.73 94.21 96.01 95.91 95.33
94.19 93.47 93.53 91.91 91.28
89.46 86.04 83.61 86.33 83.64
88.46 89.01 92.12 91.47 90.59
92.8 91.37 92.93 92.33 90.88
92.95 94.6 92.58 92.96 95.43
95.24 93.09 94.73 95.24 94.09
94.91 94.44 93.28 92.63 90.72
88.52 81.57 78.39 74.11 67.29
61.53 62.96 60.65 58.06 57.53
57.96 56.58 57.92 56.08 56.32
56.54 52.55 47.32 52.07 51.77
43.56 46.07 56.54
