45.77 32.34 34.92 36.99 39.92
37.34 33.2 43.38 33.31 36.67
33.64 45.07 33.2 31.71 36.08
36.49 36.1 36.2 35.07 35.81
37.22 39.45 42.98 39.91 41.53
40.25 43.12 39.02 41.33 39.8
39.65 40.67 38.23 38.58 34.27
36.89 36.48 38.56 36.68 41.3
38.95 34.98 38.12 39.65 40.34
34.24 41.35 35.34 41.28 34.5
38.79 36.22 39.32 35.58 32.84
35.18 32.9 32.51 35.64 31.9
33.62 29.32 35.04 30.99 44
36.74 47.62 45.49 55.18 63.03
78.72 88.8 91.19 91.15 90.92
92.09 94.25 93.87 92.28 94.39
95.91 94.72 93.52 95.64 96.08
94.44 94.58 96.5 96.56 95.72
94.38 95.07 95.45 93.84 94.26
94.32 95.34 93.02 93.78 91.28
86.45 72.53 54.41 45.06 43.02
36.84 35.86 37.07 39.77 42.18
40.87 40.9 41.81 41.02 36.18
36.22 40.52 35.9 38.95 38.04
40.47 40.92 39.78 45.97 50.4
57.52 68.16 67.67 69.67 73.55
69.39 73.98 84.31 88.38 91.04
93.08 93.55 94.77 95.48 96.27
95.28 94.78 95.87 96.6 94.84
95.09 95.1 94.25 95.88 95.7
96.75 96.33 97.01 96.59 95.39
94.67 93.65 92.14 90.59 84.71
84.46 84.99 86.96 83.34 82.84
84.87 88.34 87.6 84.63 88.33
91.42 92.36 91.92 91.93 92.57
94.22 94.07 94.57 95.71 95.23
96.13 96.87 97.22 96.25 97.96
97.37 96.6 96.09 96.37 94.43
90.95 93.08 95.87 97.15 98.29
97.84 98.13 97.77 98.03 97.46
96.52 96.92 95.65 93.1 86.54
88.67 90.53 92.43 94.3 97.67
98.13 98.52 98.48 98.55 97.99
97.1 98.13 98.45 98.38 98.08
97.79 97.93 97.24 97.13 95.6
95.87 97 95.23 94.73 94.94
93.41 92.14 89.72 86.96 86.58
83.99 86.39 87.29 84.14 83.75
84.07 84.24 87.01 83.54 80.62
77.07 82.6 86.48 86.28 85.79
87.17 88.05 83.63 81.32 78.54
75.94 75.99 77.21 79.46 80.47
85.61 89.32 91.96 93.67 95.96
96.1 97.06 96.81 96.74 97.5
97.84 97.32 97.03 98.28 97.7
97.68 98.19 98.38 98.43 96.39
94.18 92.6 90.14 88.38 84.8
85.3 89.57 92.34 92.71 94.86
96.74 98.04 98.58 98.24 98.21
98.24 98.61 97.96 98.32 97.6
98.31 98.53 98.56 98.43 97.45
95.71 93.25 90.48 89.89 86.08
88.47 92.07 89.34 89.87 93.21
94.25 95.59 95.26 96.93 97.93
97.94 97.67 97.83 97.92 97.42
97.26 96.6 95.59 96.49 95.93
95.74 95.75 92.6 75.22 60.14
49.64 52.29 47.51 44.5 50.6
49.05 46.19 43.28 48.89 48.32
43.54 48.9 52.77 50.33 43.72
56.25 52.78 56.2 62.45 62.67
62.1 64.5 63.79 68.08 61.83
66.1 73.22 68.3 59.74 60.28
57.78 51.9 53.8 55.29 48.29
40.52 39.58 43.07 44.6 41.65
41.97 41.81 43.48 42.67 48.9
43.88 45.36 45.11 46.08 45.72
44.68 45.96 46.24 45.04 41.82
42.76 42.63 46.24 43.24 44.12
44.1 45.32 47.45 43.86 40.59
46.02 41.76 43.53 39.35 36.33
40.62 36.26 39.39 32.74 41.28
31.51 35.27 41.58 40.4 44.82
40.37 38.27 40.57 39.54 36.26
36.53 38.86 39.41 40.42 42.05
41.28 43.25 40.99 41.78 39.7
37.61 43.53 39.48 34.86 40.86
41.27 42.94 41.21 40.82 38.74
37.92 39.96 38.23 43.11 40.9
39.42 40.34 39.55 39.45 42.43
41.78 48.07 42.3 42.62 36.54
45.16 36.22 37.98 39.61 33.12
40.81 34.44 38.74 35.61 35.07
38.78 35.65 41.03 35.85 38.15
32.94 39.22 34.77 34.13 36.22
32.84 38.64 36 35.91 43.52
36.99 34.94 37.27 34.69 32.43
36.94 34.12 40.25 39.38 39.73
45.38 35.58 42.71 42.83 36.75
49.12 38.37 39.81 40.07 39.22
38.3 36.62 36.68 39.11 37.49
39.61 34.12 33.98 35.16 38.67
34.02 34.7 37.45 34.31 37.11
32.63 38.41 35.51 38.34 32.25
46.55 39.66 37.07 35.36 35.3
36.58 37.63 36.79 32.42 36.47
35.03 34.63 40.2 32.26 39
34.4 40.03 40.61 39.47 41.18
40.16 40.49 36.89 36.43 35.81
37.52 34.02 36.5 35.06 35.27
35.09 37.33 39.25 42.13 33.96
37.38 35 42.64 38.75 38.85
40.1 37.85 39.04 38.51 38.39
34.7 33.12 40.12 38.16 36.16
39.28 30.5 45.07 36.67 35.44
35.15 34.4 34.49 34.94 33.2
39.31 35.73 40.99 40.35 39.39
36.45 36.91 36.52 36.76 36.28
33.51 37.2 32.95 33.57 33.37
36.11 36.27 36.76 38 38.24
38.09 33.85 34.63 43.66 33.43
47.23 38.83 39.24 42.1 40.44
41.13 39.69 40.19 39.52 40.54
42.39 40.29 41.65 39.26 39.75
43.59 35.11 38.62 38.58 36.79
37.14 33.8 35.31 32.16 32.73
36.39 39.22 35.23 37.52 42.51
45.06 39.12 41.23 40.79 39.72
38.44 40.9 46.22 39.47 39.34
40.06 34.12 40.66 32.9 30.75
32.61 32.86 31.59 31.2 38.5
34.24 36.2 37.32 38.69 40.14
43.41 49.28 39.57 37.13 42.59
44.15 35.97 34.66 38.53 38.86
32.84 37.97 38.41 31.04 30.46
29.41 30.79 33.92 30.68 38.12
33.44 30.16 35.99 30.61 35.72
33.13 36.2 29.63 34.5 32
35.13 34.09 38.41 35.47 42.8
35.58 41.34 37.01 36.64 44.39
44.68 41.92 44.32 46.13 48.82
48.89 46.18 52.51 47.34 46.31
33.11 48.02 51.69 51.43 41.75
45.81 46.4 46.1 49.99 41.87
48.48 43.95 44.66 47.6 38.62
36.32 33.92 36.18 31.92 36.27
33.83 38.1 35.07 34.54 33.1
31.8 32.3 33.45 33.48 39.42
41.63 48.38 48.44 46.84 50.64
53.94 46.51 53.46 54.79 50.52
54.64 58.22 48.25 50.28 47.53
50.99 43.07 45.69 48.43 46.78
48.34 45.94 53.63 46.37 41.01
37.09 32.27 32.53 29.56 30.9
32.78 29.17 30.44 35.51 32.82
36.31 32.21 35.12 34.09 33.8
32.43 38.44 34.64 36.33 42.02
33.01 38.22 30.86 32.54 32.55
27.85 34.63 28.88 32.46 32.37
32.73 34.37 30.94 32.06 34.09
28.45 35.75 33.89 34.15 37.86
36.14 27.84 33.55 32.84 25.57
35.81 28.75 34.57 35.51 32.54
35.43 32.63 37.79 30.03 32.89
37.76 40.2 31.98 41.02 34.13
39.67 35.62 41.8 35.59 38.73
31.77 38.18 34.17 39.16 37.11
40.2 42.03 34.85 40.95 38.89
44.28 43.53 46.3 46.49 46.1
46.85 46.07 42.45 38.99 42.87
40.15 44.36 44.74 50.72 52.71
56.3 59.15 64.91 71.98 72.9
75.32 73.52 77.52 76.04 49.65
78 72.05 73 65.18 66.42
58.46 54.59 45.74 39.98 42.42
42 40.25 44 42.04 40.92
44.22 41.37 37.22 33.43 31.02
