27.37 25.01 24.95 29.72 25.28
26.95 27.77 26.45 27.8 25.27
26.66 25.82 27.73 29.36 26.9
25.53 24.21 24.79 22.91 28.79
24.55 24.05 30.96 23.38 21.53
26.97 26.2 26.59 27.2 22.64
36.54 30.27 26.35 22.71 26.11
23.1 31.29 23.09 24.32 25.86
27.86 23.21 26.13 26.47 28.41
28.49 32.94 28.79 29.64 28.77
25.03 30.15 31.68 28.87 37.47
38.85 39.26 45.09 41.56 49.68
53.08 53.91 60.1 81.23 92.29
95.15 95.36 97.08 98.11 98.73
98.84 98.86 98.88 98.72 98.33
96.01 93.5 93.5 91.05 92.22
90.92 89.21 88.52 86.9 84.76
80.25 81.21 80.71 76.98 83.13
83.88 83.03 88.7 89.7 91.74
90.69 90.18 93.77 92.56 89.17
91.89 92.89 93.44 90.67 93.67
93.57 94.49 94.78 95.95 95.7
95.01 96.23 97.51 95.81 96.77
98.26 97.84 97.63 98.15 98.3
98.39 98.63 98.53 98.54 98.6
98.71 98.64 98.57 98.57 98.49
98.13 97 97.7 98.49 98.75
98.79 98.63 98.69 98.4 94.92
92.52 89.79 94.47 96.01 95.26
95.41 97.53 97.75 98.4 98.17
98.5 98.53 98.4 98.66 98.87
98.82 98.66 98.49 97.28 95.28
94.82 93.82 96.07 97.45 97.26
95.59 97.91 98.16 96.05 96.4
98.15 96.64 97.03 97.14 96.92
97.97 98.24 98.7 98.59 98.22
98.34 97.42 97.85 96.22 92.86
91.97 86.75 85.01 87.86 89.5
91.95 95.48 96.89 97.15 95.52
94.34 94.35 95.96 95.58 94.76
95.74 97.96 97.89 97.07 97.19
97.17 96.58 96.4 96.61 95.47
95.02 94.82 95.46 96.08 95.66
96.86 97.42 98.1 98.49 98.52
98.59 98.61 98.43 98.28 97.76
97.09 95.88 93 87.13 80.68
87.81 87.57 88.41 88.9 90.78
89.39 85.82 84.93 70.64 58.65
50.06 51.77 48.9 55.04 54.82
50.97 53.74 55.77 57.56 55.2
57.17 56.59 54.37 54.7 51.87
47.71 46.99 43.97 46.27 45.17
52.12 51.18 55.49 59.27 72.95
86.27 93.74 95.01 96.14 96.37
93.93 96.02 97.94 98.34 98.59
98.25 98.06 98.52 98.29 98.08
97.16 95.88 91.93 89.69 89.13
90.96 93.22 95.86 97.21 96.33
96.63 95.8 95.69 95.87 95.51
95.39 95.47 94.5 94.45 94.54
93.62 94.66 95.48 95.81 96.3
96.52 96.81 97.66 98.25 98.43
98.25 98.56 98.26 98.25 97.72
97.61 95.18 94.5 95.71 97.57
97.02 95.85 95.54 96.72 96.75
97.17 97.35 97.15 97.76 97.59
97.69 96.93 97.31 96.5 96.18
95.33 96.35 95.88 94.3 94.04
95.92 92.9 91.6 89.19 87.05
85.9 86.86 89.13 92.98 94.37
95.57 94.3 96.86 97.58 97.36
97.45 98.43 98.38 98.28 97.87
98.04 97.78 96.23 96.68 97.49
97.89 97.62 97.91 98.06 98.1
97.65 97.61 98.13 97.84 96.86
97.09 96.58 95.33 93.88 94.57
93.02 88.42 89.14 85.88 83.43
85.81 78.87 71.56 74.05 81.53
89.8 93.4 93.47 96.69 96.01
93.13 97.35 97.87 97.93 97.88
97.69 98.05 96.99 96.45 92.91
92.45 94.89 95.28 96.64 96.52
97.66 96.7 91.78 89.16 92.64
94.01 94.57 93.28 95.39 95.47
95.98 94.6 96.53 97.71 98.12
98.26 98.53 98.33 97.88 97
96.76 97.24 98 98.29 98.63
98.18 98.03 96.56 95.37 93.74
82.56 67.47
