40.33 48.56 36.86 52.15 38.77
47.8 44.55 38.41 43.51 37.6
48.29 35.8 45.79 43.81 34.31
41.36 45.34 38.9 45.99 36.82
42.02 34.79 36.24 38.47 35.63
42.05 39.27 42.31 38.93 35.43
35.41 35.65 31.79 36.5 34.24
38.24 34.75 34.27 35.73 31.68
30.4 33.32 30.36 32.49 35.54
38.07 48.57 51.05 57.66 60.15
60.37 65.37 64.71 64.12 64.89
67.94 61.7 62.34 54.8 63.6
52.63 56.16 52.27 53.64 51.49
43.26 41.67 48.93 42.41 38.88
44.45 40.58 39.98 39.38 40.6
37.5 41.04 37.12 38.82 34.42
38.25 39.77 39.94 39.69 40.12
40.29 38.84 36.21 42.69 35.96
49.14 43.48 37.66 48.24 46.71
41.35 41.92 44.63 42.41 44.74
43.22 49.79 47.95 55.72 50.54
50.07 44.84 48.41 50.55 54.78
54.41 56.63 57.34 58.7 52.9
60.05 46.8 51.83 53.55 60.19
54.38 63.77 56.12 57.01 63.13
62.56 60.85 65.97 66.29 61.09
64.01 62.32 63.24 63.13 68.34
70.68 77.73 80.29 78 81.95
82.16 77.96 77.81 74.07 73.24
70.01 64.17 59.89 63.44 56.49
65.43 66.78 66.21 66.84 66.59
68.19 69.85 74.75 78.3 79.47
77.5 77.14 87.23 91.6 91.18
92.73 93.43 94.5 95.39 96.58
96.53 96.78 96.5 96.74 97
95.67 93.33 92.61 93.27 95.39
95.48 95.93 95.91 96.48 95.45
94.09 93.43 93.41 91.22 88.6
85.36 81.68 85.47 85.62 86.22
89.44 93.14 94.47 94.96 96.13
97.23 97.1 96.36 97.61 97.81
96.2 96.52 96.83 96.62 94.62
92.37 92.49 92.75 93.05 95.23
95.53 93.83 94.18 96.75 95.05
94.01 96.33 96.9 94.89 95.53
96.26 94.77 91.48 91.64 91.58
93.26 94.84 95.28 95.5 95.79
96.92 96.62 96.45 97.21 97.56
96.67 96.33 97.2 96.89 96.12
95.74 96.15 95.66 96.2 95.62
96.51 96.61 95.88 93.88 95.67
95.24 96.98 96.95 96.56 96.93
97.6 96.16 96.12 96.99 96.61
94.18 93.45 95.06 94.2 90.48
91.75 92.67 94.74 94.85 92.7
90.82 93.31 95.12 94.33 92.88
93.47 92.62 85.29 86.34 88.87
85.38 89.36 91.91 94.77 94.95
95.86 95.71 96.07 97.07 96.52
95.44 94.86 94.56 94.14 92.96
91.38 90.62 89.52 85.24 78.69
69.84 55.8 51.34 49.44 50.07
53.55 54.99 66.45 83.4 85.96
77.39 75.01 78.04 83.77 82.81
83.39 88.22 92.4 95.25 95.12
93.17 94.8 96.75 95.65 95.33
97.31 97.38 96.28 97.42 98.5
97.93 97.53 98.43 97.88 97.57
96.54 96.9 98.16 98.16 97.82
97.55 97.8 97.9 95.62 95.1
96.87 95.52 93.41 94.61 94.64
95.56 96.09 96.9 97.57 98.38
98.53 98.45 98.63 98.68 98.66
98.33 98.56 98.44 97.96 97.74
98.28 97.42 96.14 95.6 92.55
93.19 95.96 97.13 97.74 98.17
98.02 98.38 98.57 98.45 98.41
98.57 98.58 98.12 98.16 98.26
97.63 97.65 97 96.73 97.5
98.14 97.71 97.83 98.21 98.4
98.44 98.36 98.44 98.52 98.59
98.36 98.31 98.33 97.97 97.32
96.79 96.72 94.81 95.86 95.39
95.43 95.37 96.06 94.13 92.75
92.53 95.63 96.44 94.95 96.5
97.55 96.64 97.07 98.07 98.29
97.93 98.15 98.28 98.27 97.9
97.04 96.79 97.07 97.59 97.25
97.28 97.14 97.26 97.73 96.65
96.63 96.76 93.97 84.9 74.13
59.2 51.17 46.05 41.74 41.55
44.23 52.23 52.79 54.29 49.36
50.84 48.86 47.05 53.26 49.68
53.59 58.45 45.13 42.07
