53.5 53.17 62.96 62.27 63.32
62.38 61.93 69.25 73 83.05
87.68 88.56 88.23 85.78 87.59
86.92 85.1 88.05 92.24 93.35
95.37 93.58 94.54 96.83 97.29
96.82 97.9 98.44 98.44 98.68
98.61 98.71 98.73 98.76 98.57
98.71 98.7 98.46 98.14 98.15
96.29 95.73 97.92 98.12 98.38
98.64 98.57 98.83 98.82 98.83
98.75 98.88 98.73 98.85 98.79
98.78 98.8 98.61 98.33 97.87
98.1 97.75 96.12 96.43 96.67
96.37 95.88 95.2 94.12 92.69
90.63 88.94 86.84 88.65 90.09
87.94 90.73 90.39 90.76 92.58
93.61 93.93 95.41 96.07 95
96.36 95.73 94.67 94.16 92.96
92.01 93.35 94.95 95.97 95.64
96.09 95.89 95.06 96.87 97.71
97.08 96.93 97.91 98.25 98.15
98.51 98.72 98.67 98.66 98.76
98.7 98.65 98.72 98.55 98.48
98.49 98.49 98.03 97.4 98.46
98.49 98.41 98.64 98.44 98.54
98.74 98.73 98.71 98.65 98.58
98.77 98.48 97.25 98.09 98.28
97.75 97.16 97.83 97.75 97.45
96.3 96.22 96.16 94.48 95.91
95.39 91.5 94.57 93.16 92.98
93.08 91.91 87.56
