52.41 75.41 84.11 88.52 92.41
90.25 88.74 88.11 86.07 85.01
85.34 87.49 84 79.94 81.11
82.34 76.18 74.29 76.9 74.5
76.92 84.03 88.09 91.21 92.52
94.27 92.61 92.72 93.67 91.83
91.07 91.09 90.3 85.98 79.96
86.22 86.42 85 86.13 88.11
85.59 87.4 88.41 88.2 84.27
81.1 85.59 83.03 85.51 87.93
89.62 90.15 92.01 92.24 91.55
88.81 83.48 79.97 84.27 85.02
87.44 83.36 86.46 83.02 79.4
72.02 71.57 64.52 64.9 66.65
63.13 59.61 60.48 59.22 56.16
55.61 55.07 64.74 67.29 72.38
76.27 79.6 79.53 84.87 85.2
86.56 84.61 81.67 74.62 67.16
64.53 62.8 64.6 68.62 72.34
76.95 80.82 79.08 80.47 80.83
82.06 82.53 83.05 82.28 81.58
84.17 83.61 84.33 85.2 84.7
88.18 87.28 87.58 87.08 85.9
84.01 81.53 83.55 86.79 88.71
87.04 88.61 89.7 87.74 86.64
81.63 83.58 88.2 91.09 91.91
92.07 91.9 92.33 90.94 87.7
87.21 88.83 86.29 82.02 85.5
84.09 86.12 85.55 87.86 89.52
92.31 92.07 92.16 91.99 91.35
91.89 92.2 92.63 93.95 92.79
92.71 91.33 88.39 87.16
