30.34 31.66 23.13 35.28 32.71
26.68 32.48 26.82 29.57 27.11
31.26 29.04 26.47 27.43 28.09
28.08 31.73 28.4 32.95 39.86
47.18 40.04 37.92 39.75 38.04
35.09 37.73 38.57 38.17 35.99
38.84 40.9 30.73 28.33 26.47
24.38 28.26 26.59 26.7 24.56
27.63 24.49 27.45 27.74 27.82
33.73 30.98 33.71 32.67 27.07
34.04 41.35 32.22 33.09 33.1
32.38 31.96 29.48 30.78 27.57
29.56 30.2 30.65 24.66 39.95
30.76 29.2 32.49 30.08 24.58
29.45 22.09 48.92 36.93 24.75
32.32 26.39 32.64 29.64 30.55
32.84 31.73 32.75 30.99 29.71
30.01 32.18 26.53 28.03 28.01
26.21 29.32 27.34 28.38 28.85
27.42 34.3 26.7 39.42 28.48
30.85 30.59 26.64 27.57 25
28.06 23.43 27.34 25.2 25.13
25.41 27.1 28.02 25.88 27.24
26.35 29.45 26.78 29.73 29.84
28.7 35.12 42.01 31.28 33.6
30.66 36.75 34.81 33.85 32.57
43.75 30.06 42.3 28.07 28.39
28.79 28.14 42.18 28.96 24.57
26.45 25.27 37.66 24.04 28.65
26.23 30.52 26.24 26.19 26.86
25.76 24.81 29.23 25.85 35.26
34.81 34.04 37.1 31.65 33.82
29.92 30.72 29.72 28.47 24.18
24.38 22.95 29.9 25.87 31.08
32.72 45.1 51.21 55.74 53.98
52.92 48.77 55.19 62.22 80.61
85.24 84.57 83.33 84.6 86.57
87.78 86.38 86.5 88.06 89.58
90.18 90.15 87.24 89.67 91.65
92.63 91.23 88.1 87.56 91.41
92.32 91.28 89.4 89.38 89.4
93.2 93.6 93.87 94.18 92.43
92.23 89.18 85.37 83.24 84.99
83.27 84.62 82.82 76.81 76.18
68.33 65.3 76.54 80.28 79.66
84.07 86.61 87.69 88.99 90.41
91.38 91.65 91.25 92.53 92.16
90.77 89.85 91.3 90.05 89.2
88.22 89.09 90.3 91.24 89.94
92.08 91.74 93.63 93.49 93.08
91.51 90.52 88.09 86.05 82.25
80.7 80.76 81.68 82.34 81.4
80.99 82.29 87.35 85.63 85.19
87.3 88.77 87.88 87.8 88.87
89.88 87.1 86.52 86.07 87.07
86.86 88.96 91.52 90.12 90.43
90.14 88.55 87.47 84.26 77.56
59.94 61.45 55.62 60.1 57.09
57.79 59.79 64.71 62.71 69.13
77.85 81.06 83.02 82.98 80.18
77.43 74.94 72.54 71.91 78.3
79 77.91 81.15 82.09 88.29
85.82 81.2 79.51 80.3 85.18
86.59 83.66 81.23 80.86 75.75
83.11 81.47 85.66 87.35 90.69
91.05 92.38 92.13 91.35 92.25
92.23 91.88 92.49 91.85 90.33
92.02 92.53 92.15 90.96 92.89
93.2 92.15 91.98 94.38 94.23
92.85 93.51 94.26 94.39 94.41
94.44 95.16 92.97 92.4 92.67
91.97 89.57 86.89 84.52 81.86
73.95 71.82 71.8 69.14 70.48
67.83 64.84 72.44 81.99 82.8
83.49 85.66 85.51 86.5 87.28
88.08 84.43 86.11 88.82 88.92
88.77 87.13 88.65 89.92 84.44
86.34 90.2 88.05 88.84 88.44
87.63 90.75 90.06 84.78 84.23
86.56 87.46 85.74 87.03 89.28
90.08 88.16 91.59 90.9 89.49
85.01 74.38 84.51 82.44 85.54
87.08 86.93 85.86 86.2 85.63
87.89 90.45 87.86 86.39 89.73
92.26 89.95 90.36 92.43 90.81
93.86 91.71 91.33 89.14 94.34
93.14 86.35 91.53 94.09 88.83
87.44 92.15 91.54 87.56 88.5
89.03 87.58 88.04 86.25 85.81
87.52 88.88 87.99 87.35 89.21
89.91 88.18 88.39 88.85 88.76
87.78 88.2 89.09 88.79 87.69
91.87 92.85 93.19 94.74 94.54
94.56 95.72 96.15 95.42 94.7
94.17 93.06 92.5 94.47 91.96
88.02 88.43 82.45 69.47 60.95
69.83 69.86 75.34 85.6 87.97
87.13 87.07 87.82 89.51 88.47
86.7 86.11 81.9 82.48 89.9
87.45 86.71 89.63 92.63 91.88
93.7 95.02 93.56 93.45 94.07
94.15 94.55 93.99 94.02 93.09
92.63 92.15 93.43 91.76 89.52
87.85 85.19 83.67 86.07 82.59
78.17 77.74 79.83 75.64 76.17
81.48 77.79 84.44 85.93 88.65
91.36 91.38 91.8 93.23 93.63
93.19 94.56 95.22 94.2 95.5
96.35 95.34 95.73 94.44 94
93.67 92.54 90.55 91.44 92.19
90.86 91.17 92.45 93.26 92.58
93.21 94.92 94.61 93.7 94.19
94.05 93.36 93.42 92.71 92.41
92.06 92.24 92.82 90.85 91.78
88.46 87.63 88.75 88.72 86.41
85.85 86.17 84.51 79.36 74.98
74.18 71.62 71.2 69.82 68.65
76.91 77.95 76.32 77.65 80.72
80.66 79.27 81.81 81.54 81.12
78.85 81.1 82.29 80.2 78.27
83.14 78.75 73.72 76.28 88.25
86.25 84.73 89.93 92.33 90.5
89.83 93.1 91.16 88.94 88.61
89.28 83.87 85.48 86.18 86.93
90.27 90.37 88.65 88.73 90.08
90.24 91.07 89.45 86.98 87.18
89.96 88.36 85.27 86.79 87.35
83.98 83.49 85.92 83.8 80.79
83.61 81.84 79.78 74.86 76.15
70.66 72.02 57.4 48.17 42.63
41.97 36.07 32.49 30.68 31.82
32.25 33.15 35.8 34.05 33.18
30.35 33.26 38.43 33.64 28.91
28.49 32.48 29.47 30.5 31.15
34.42 34.86 43.05 33.18 30.92
34.78 31.2 34.11 30.63 33.16
30.29 31.47 29.4 25.44 24.4
25.56 26.47 24.17 36.4 25.68
24.47 28.38 23.73 27.01 23.54
26.51 26.27 28.6 25.78 27.66
25.24 23.97 27.09 26.98 33.05
25.73 30.13 27.37 26.89 23.18
27.4 29.51 35.26 24.49 28.89
26.01 35.73 32.46 35.46 36.11
37.44 35.61 31.67 32.3 39.86
41.49 48.78 50.14 59.47 63.74
73.63 82.11 84.42 85.03 87.86
89.32 89.19 89.5 91.66 93.48
93.97 93.34 94.89 95.89 96.62
95.17 97.07 96.76 96.18 95.17
96.23 95.94 95.01 94.26 92.64
93.62 92.94 93.4 90.67 91.26
89.67 89.15 86.85 86.5 84.3
87.25 89.48 90.17 87.76 86.17
90.35 89.72 88.06 91.71 91.39
91.44 92.72 94.05 95.07 93.24
94.59 95.08 94.45 95.32 95.63
95.64 95.63 96.3 96.76 94.09
93.86 93.67 94.95 94.34 92.42
91.17 91.77 92.22 89.33 86.32
82.89 77.25 82.94 80.78 76.96
85.03 90.54 90.45 91.32 91.67
94.42 93.28 92.86 91.76 91.66
89.21 92.66 93.78 90.1 93.33
94.86 91.26 91.39 94.76 92.59
90.79 93.24 93.55 91.32 91.31
95.05 94.1 92.72 93.38 94.21
91.93 91.26 90.33 87.47 90.85
90.2 91.49 93.22 91.7 89.59
91.53 93.04 93.04 92.5 91.59
90.74 90.02 89.84 90.44 91.74
94.36 94.04 94.46 95.53 95.48
95.33 94.85 94.68 92.96 93.7
95.17 92.63 91.4 93.55 95.27
91.48 93.01 92.97 92.2 90.15
88.92 88.32 87.26 85.35 83.06
76.74 61.45 61.28 59.66 65.39
75.19 78.3 85.56 87.57 89.49
90.15 89.05 90.17 93.29 91.39
89.96 91.78 92.11 89.21 87.23
88.58 85.84 84.65 87.25 84.91
85.77 87.56 87.83 88.69 87.17
89.17 87.54 90.37 92.13 91.12
88.2 88.39 87.32 88.66 87.59
88.09 83.17 88.54 89.15 85.85
85.2 90.56 90.27 90.88 92.08
93.86 94.53 96.06 95.46 94.77
91.06 87.4 81.14 79.09 85.97
91.01 93.24 94.27 95.37 94.68
95.75 95.39 95.45 94.25 92.49
92.65 94.26 95.12 95.42 95.09
95.2 93.54 90.49 88.18 81.17
67.84 62.8 61.49 64.05 65.82
78.22 88.73 92.72 93.36 95.48
93.89 91.09 92.7 91.33 91.64
91.32 87.16 87.56 92.1 90.81
93.3 90.85 89.53 84.58 79.52
72.88 73.44 79.6 87.02 92.19
93.45 94.65 93.17 93.19 90.35
87.09 70.26 64.31 69.19 66.81
64.06 71.11 80.23 89.02 92.16
93.22 94.92 95.01 95.04 93.99
95.1 93.92 93.86 94.24 94.92
95.13 93.23 95.9 95.73 94.99
93.8 96.02 95.03 93.43 93.54
92.48 91.78 90.02 86.68 85.93
87.6 84.96 85.09 85.04 85.5
79.44 80.55 76.28 77.19 77.98
72.41 68.76 73.14 71.69 55.7
57.59 44.37 42.67 40.27 34.59
35.56 30.86 34.18 31.74 31.76
36.02 39.28 45.14 40.14 42.76
36.07 32.66 31.78 37.07 29.84
31.18 29.88 25.88 29.77 33.54
28.52 27.19 27.4 24.69 27.66
28.78 29.26 27.96 25.14 28.93
33.71 28.71 28.06 29.68 30.23
29.59 27.5 27.62 29.5 25.51
29.08 32.95 30.94 29.08 31.06
28.98 27.93 29.79 27.52 38.29
28.69 25.04 40.83 29.48 25.82
27.53 24.44 29.87 25.15 26.26
24.2 26.98 25.26 29.36 25.63
28.63 27.72 26.68 29.26 30.85
30.06 33.61 33.59 28.45 31.38
26.96 23.89 33.06 28.39 21.81
37.84 27.57 22.88 38.04 27.16
28.77 30.04 29.98 31.66 25.3
29.98 26.94 30.18 24.31 29.4
23.93 27.91 28.15 37.64 27.15
33.24 26.67 30.06 32.19 26.49
31.78 25.3 30.44 25.5 28.73
29.58 22.39 31.9 26.91 32.04
31.92 29.85 33.87 33.11 30.5
30.85 30.06 31.81 28.68 29.84
30.38 30.4 30.26 31.5 33.33
34.23 33.27 35.85 33.13 37.79
38.06 36.1 33.9 47.81 39.8
33.34
