36.78 36.54 36.87 38.12 35.27
39.14 33.2 36.07 33.75 42.97
38.05 33.6 41.26 34.77 31.07
34.02 31.27 35.02 30.3 32.98
32.18 32.29 30.5 35.53 29.65
30.45 28.51 28.81 32.3 29.68
34.39 45.74 31.45 32.18 29.38
50.6 29.2 30.28 30.98 29.9
31.88 32.15 28.05 30.13 31.93
31.43 30.34 32.01 33.81 30.11
34.54 34.54 33.18 33.6 35.3
30.41 34.24 31.2 33.01 32
35.29 30.52 39.24 35.74 38.34
46.28 41.44 36.56 45.74 39.72
29.74 31.8 27.05 28.84 34.56
33.53 48.56 31.58 29.94 26.34
25.74 27.9 33.88 32.53 34.16
44.98 33.74 34.83 30.95 31.8
32.18 30.19 38.35 38.08 29.61
36.03 33.24 37.61 34.08 37.44
34.49 38.67 39.51 41.6 47.41
51.8 46.27 38.1 37.41 38.89
44.42 45.11 48.87 52.79 51.31
54.6 56.14 56.17 61.78 68.09
71.55 74.92 75.93 79.11 78.29
81.02 81.6 85.04 78.75 80.21
84.23 82.13 83.17 80.25 85.47
81.3 75.51 80.79 74.91 80.44
77.99 81.76 70.54 72.3 74.09
78.7 72.89 73 77.28 71.34
78.78 81.32 80.08 83.6 85.4
85.3 83.09 85.29 86.54 85.24
84.58 88.26 88.43 86.87 89.28
89.14 88.18 88.35 89.82 91.23
89.7 88.91 88.02 89.6 91.16
89.95 89.09 89.33 89.83 89.38
86.58 88.15 87.37 86.11 85.04
78.9 82.5 81.57 78.72 76.6
79.22 74.96 80.07 79.58 80.96
79.43 77.75 81.54 80.93 80.72
82.96 85.54 84.66 84.61 88.49
89.74 91.29 90.37 91.8 93.74
93.38 94.95 93.31 93.47 92.77
94 94.2 93.02 94.07 92.71
93.37 92.14 92.74 92.33 92.55
90.07 88.61 89.83 88.92 87.44
85.44 84.18 85.7 83.19 79.45
77.84 79.5 72.85 70.91 71.48
77.48 82.1 81.08 85.25 83.69
85.22 88.88 88.53 88.55 89.3
91.01 92.28 92.96 94.52 94.16
95.55 95.32 95.71 95.42 96.52
96.31 95.36 97.04 96.08 95.85
94.98 96.07 96.17 95.23 95.48
94.91 94.21 93.13 92.89 93.06
88.96 87.41 88.18 88.66 84.1
85.53 87.31 86.2 85.85 86.17
90.41 88.69 88.12 92.11 92.02
92.3 93.1 94.87 93.89 93.88
94.73 94.89 93.78 94.68 94.4
95.79 94.33 96.09 95.04 96.2
96.39 96.65 96.9 95 96.41
95.71 96.33 95.61 95.83 96.23
95.18 96.27 95.23 95.48 96
96.09 95.95 95.17 94.65 95.3
95.04 92.48 93.01 93.69 93.67
92.75 93.04 94.07 92.64 90.76
94.37 94.01 94.15 92.16 95.62
93.3 93.47 93.31 94.24 92.55
90.88 94.98 93.97 95.24 95.4
92.62 94.97 93.46 93.84 93.03
93.7 92.2 93.5 94.17 95.86
95.08 95.86 94.87 95.45 93.43
94.92 89.81 93.4 93.77 93.04
92.13 91 92.01 92.45 91.6
91.38 89.85 90.91 89.49 90.04
87.42 90.91 89.31 88.9 87.52
89.31 87.77 87.25 88.74 87.17
85.11 87.06 86.48 88.4 86.6
87.54 84.16 86.18 83.49 82.99
77.89 82.08 84.92 82.5 80.51
80.86 82.98 82.29 81.94 83.55
81.49 81.69 81.8 83.62 84.5
83 84.25 83.68 85.36 85.06
85.19 87.77 88.26 87.43 88.85
90.51 87.69 88.84 89.89 90.93
91.21 89.9 90.47 88.82 87.49
88.95 87.07 89.83 87.49 88.15
90.13 90.79 87.58 89.99 92.61
88.91 91.38 91.1 94.03 93.66
91.59 92.6 91.99 91.78 90.44
93.13 94.49 91.18 92.55 90.99
93.23 90.02 92.94 93.05 91.16
92.41 92.65 93.22 88.81 90.43
91.6 89.99 90.87 91.1 89.71
88.12 90.6 88.87 88.71 88.6
87.89 88.92 88.21 88.7 88.4
89.71 87.22 90.32 86.86 85.96
89.17 87.09 88.4 87.69 88.77
87.47 87.7 85.24 86.36 86.66
84.73 87.18 86.08 84.23 88.55
85.02 85.87 83.88 85.7 82.64
82.19 82.41 78.71 80.89 77.66
77.68 81.18 78.12 78.6 79.66
78.54 80.11 83 82.72 76.56
78.57 82.76 78.23 78.85 82.07
81.01 77.47 76.5 77.93 77.59
77.15 80.62 80.11 74.82 77.05
79.37 78.59 75.59 77.45 79.48
73.11 75.66 70.94 78.9 75.92
78.38 75.2 65.95 71.85 68.47
74.44 54.28 70.48 66.48 62.31
60.78 69.55 68.56 53.64 61.2
58 63.05 53.23 58.33 60.84
52.84 58.37 57.58 62.96 48.14
60.42 58.09 64.83 54.46 65.16
56.9 61.61 66.88 57.44 50.52
43.56 50.13 48.13 40.47 51.66
49.55 43.7 47.53 55.73 52.09
42.6 50.19 57.25 47.26 57.04
58.6 68.12 59.87 68.09 74.57
76.81 75.05 77.07 80.87 81.27
81.74 82.3 82.02 87.04 84.52
89.23 86.47 88.92 91.31 88.26
88.97 90.22 92.79 91.77 92.18
93.61 93.12 92.82 91.17 93.58
92.98 90.92 92.91 91.84 94.3
91.32 92.51 93 90.85 90.87
90.37 93.27 92.37 90.23 91.69
92.84 92.62 91.11 92.93 93.52
91.62 91.07 93.73 92.52 90.73
93.01 93.56 92.59 91.72 95.35
95.3 92.38 95.72 94.98 94.84
93.07 95.15 95.22 92.43 94.29
93.85 94.74 92.87 94.74 93.23
90.99 94.02 93.14 92.77 92.32
94.24 94.39 92.52 93.83 94.04
94.85 90.55 91.35 93.87 90.83
94.31 91.31 92.6 92.98 91.97
93.99 89.65 92.65 93.77 93.78
91.11 92.44 92.04 93.67 91.66
93.21 92.67 87.78 93.09 93.7
91.63 89.67 93.66 92.11 88.83
92.61 92.98 90.81 90.19 92.12
92.22 89.6 92.47 92.72 92.51
90.19 91.95 92.4 90.35 90.6
91.18 91.78 90.71 92.84 92.92
92.53 90.6 92.86 93.55 91.59
93.28 93.81 94.13 90.11 92.63
93.17 91.58 90.63 90.65 93.71
89.21 91 91.37 90.08 91.95
90 91.47 90.02 91.37 92.57
91.72 91.96 90.57 92.88 94.59
92.42 91.87 90.76 90.57 90.17
91.54 90.63 92.73 89.36 91.85
89.77 92.47 92.26 91.26 89.21
91.64 92.08 89.63 89.14 89.09
87.14 86.21 84.26 89.23 87.34
85.55 83.31 85.14 84.26 82.25
85.6 84.94 79.86 81.07 81.12
73.89 71.67 71.53 69.65 60.98
60.64 64.59 59.54 48.4 38.13
36.02 41.64 37.07 35.42 31.41
36.28 35.26 29.46 29.78 38.09
48.44 38.12 37.9 35.02 38.88
36.74 42.73 45.76 43.07
