41.72 39.65 39.82 44.51 37.58
40.82 38.12 39.8 36.68 36.45
36.64 38.42 43.81 41.55 42.27
39.2 45.89 43.93 46.16 46.66
44.82 43.45 39.89 39.22 34.36
40.66 35.01 37.22 36.86 37.97
36.11 42.71 37.26 36.4 36.5
37.14 34.65 37.25 35.86 34.13
43.99 33.87 30.61 28.31 31.13
28.32 28.32 28.56 27.1 27.32
26.8 27.81 32.31 29.64 35.49
31.01 35.96 32.86 35.76 40.15
33.71 37.42 30.98 37.86 31.64
34.98 32.96 37.99 35.92 38.9
39.31 38.18 38.27 38.83 40.95
38.58 38.97 35.58 36.77 33.91
36.51 35.36 38.72 37.54 39.8
38.29 36.22 40.4 36.11 41.18
36.97 36.78 35.53 30.48 40.09
31.54 34.9 30.51 35.43 34.84
34.06 36.23 31.64 38.26 35.88
35.78 36.37 35.76 35.03 33.17
31.21 36.01 31.02 30.15 32.42
32.43 37.96 37.74 40.75 43.67
38.39 48.14 48.08 39.11 43.06
46.63 46.22 42.97 39.24 38.77
37.13 30.25 32.61 34.41 32.22
38.26 38.12 30.94 38.29 30.98
38.91 35.99 31.62 36.4 33.18
37.93 33.51 37.07 35.21 36.78
35.08 36.49 36.83 42.56 30.37
36.81 32.99 31.92 30.47 28.09
30.02 29.28 31.32 33.31 36.26
33.01 28.57 31.1 28.66 26.06
30.24 34.47 34.24 36.43 39.33
37.24 37.76 40.39 34.54 40.73
31.27 40.66 30.9 30.45 28.41
28.06 28.84 29.31 29.56 34.86
30.22 38.54 34.08 38.87 31.5
30.93 34.72 30.44 34.73 32.56
40.05 29.5 30.77 31.27 33.7
28.74 26.51 28.4 25.78 27.36
27.13 25.33 26.98 30.6 29.81
28.7 29.92 39.52 36.36 30.44
36.6 34.23 34.12 31.79 36.3
35.34 28.8 35.3 35.37 36.46
36.78 36.64 38.03 40.33 39.99
38.42 36.64 38.61 38.38 43.6
37.95 34.53 36.63 36.71 37.3
37.62 35.62 37.41 41.94 40.13
40.89 39.03 38.02 41.76 38.49
42.02 47.3 36.97 42.95 37.89
38.51 44.36 42.7 39.14 39.35
37.76 39.94 40.82 41.72 41.1
38.96 39.6 39.99 38.81 37.88
41.44 40.07 35.65 35.72 38.13
37.84 37.34 34.7 35.54 36.8
32.37 35.39 31.21 34.64 32.45
34.42 36.23 36.09 32.51 29.27
32.82 35.16 45.06 52.58 50.7
59.7 79.49 84.35 85.76 85.97
87.64 88.44 89.06 88.82 86.65
87.06 86.05 84.86 79.82 74.65
75.66 75.7 60.02 47.3 47.2
40.82 39.28 35.35 34.42 30.58
33.58 27.53 34.73 34.68 26.97
40.02 35.55 32.39 35.66 29.49
37.83 32.71 32.1 38.2 28.58
36.92 30.06 36.92 33.21 33.19
38.19 37.05 38.09 35.94 36.56
35.44 34.73 37.52 35.45 35.34
36.84 37.75 39.12 37.12 41.88
36.29 37.88 37.89 42.05 38.34
37.69 35.43 35.02 46.06 43.15
41.17 43.15 42.32 37.73 36.17
35.99 40.11 41.79 38.45 33.73
35.6 32.92 35.3 39.44 43.23
47.15 49.45 57 67.14 64.54
58.79 72.01 74.23 73 65.45
69.91 69.92 64.92 57.42 55.64
58.91 52.58 52.06 48.24 44.69
42.38 40.98 34.19 34.41 37.17
36.63 31.86 39.81 32.43 36.04
33.18 36.09 34.69 32.2 31.96
32.47 34.53 30.11 38.13 35.99
29.13 36.34 29.53 35.48 35.06
32.72 36.6 34.1 33.83 37.02
34.92 32.66 34.49 33.59 33.34
36.31 31.76 31.82 33.32 32.35
36.2 31.03 35.48 30.76 25.88
32.88 30.57 28.82 31.11 32.57
31.2 28.07 36.49 31.16 28.96
35.39 30.9 35.66 33.76 39.59
38.18 37.06 40.64 34.31 39.76
37.63 39.16 43.22 37.12 37.98
39.11 36.19 37.44 35.7 45.23
36.66 37.32 31.44 37.85 36.74
33.91 35.16 35.54 36.07 37.93
38.84 37.94 35.44 48.4 39.83
34.64 38.22 36.28 36.98 34.81
32.13 31.66 28.64 32.7 30.51
38.73 33.5 38.42 37.94 44.68
39.33 35.54 35.54 33.7 29.06
33.96 31.23 34.4 35.74 30.63
30.38 30.32 30.05 35.74 32.13
27.54 26.51 33.08 25.54 28.55
30.05 32.08 32.49 36.28 35.5
36.13 39.17 36.29 36.46 40.53
37.18 36.73 37.03 32.56 38.31
36.61 34.2 39.79 33.35 37.01
38.85 40.52 37.09 38.89 39.3
36.45 39.45 39.8 36.84 37.03
40.7 37.77 42.62 40.68 40.36
43.76 39.74 39.15 36.98 35.96
31.03 38.54 33.8 29.18 38.1
34.93 32.2 35.74 31.17 32.03
31.4 39.51 38.63 40.29 33.44
47.47 34.94 48.56 41 42.84
36.34 43.67 35.25 38.01 38.15
34.22 37.24 38.83 43.37 41.52
51.71 58.8 71.67 75.77 77.26
73.87 76.03 76.65 80.18 78.64
81.05 74.67 72.15 72.02 83.92
89.31 91.02 92.28 92.8 92.05
91.42 91.07 90.28 90.62 91.95
92.15 91.81 87.93 84.57 87.41
88.53 91.76 92.46 91.22 93.2
92.12 92.93 93.43 91.83 90.78
93.84 93.34 90.68 92.78 93.14
92.37 92.39 92.79 94.21 94.94
92.8 90.52 92.32 89.94 91.63
93.59 95.22 96.36 96.34 96.76
97.06 96.72 96.76 96.43 96.45
97.31 98.14 97.27 96.77 95.8
94.79 92.62 92.46 94.03 95.19
93.76 93.94 94.47 93.21 93.31
94.28 93.71 92.43 93.22 93.4
91.15 90.1 91.44 91.09 88.38
86.18 86.45 81.78 76.1 65.19
58.08 53.62 55.96 63.16 63.94
60.57 62.11 77.92 77.95 85.72
92.62 94.98 96.59 97.76 97.79
98.12 97.51 96.55 95.45 94.22
94.43 95.44 96.87 96.5 97.03
96.91 97.07 95.39 95.5 93.93
93.95 93.12 92.71 93.31 93.55
94.39 94 92.15 87.29 79.08
71.99 65.33 60.24 56.27 54.96
62.51 65.14 70.4 72.66 69.74
69.22 69.03 68.69 71.51 67.47
68.53 67.78 65.87 68.22 75.32
78.22 85.16 89.16 89.55 88.57
91.75 92.95 94.76 95.76 95.01
95.01 95.77 94.94 95.73 92.1
92.15 95.86 96.34 97.02 95.02
92.92 91.71 94.17 95.35 95.07
96.16 96.88 97.98 97.81 97.59
97.83 98.12 97.79 97.23 97.33
97.53 97.43 96.58 95.97 95.49
95.03 93.84 93.29 94.75 97.04
96.99 96.51 95.75 95.01 96.11
96.74 95.76 94.78 91.78 86.64
90.43 89.9 89.48 91.41 93.26
91.59 91.87 95.51 94.91 92.64
94.07 95.94 93.9 92.39 90.07
85.89 90.67 94.42 95.17 94.08
92.12 82.77 72.48 65.32 56.66
53.33 49.33 42.54 42.44 35.1
