92.38 95.4 97.36 98.17 98.11
96.97 94.65 93.43 92.62 93.44
94.58 95.95 93.88 94.21 86.59
80.69 85.88 85.21 89.69 92.19
96.12 97.46 96.88 95.61 96.54
94.8 92.58 92.12 89.59 91.61
90.77 87.04 84.19 90.12 90.53
93.23 94.24 96.98 98.43 98.01
97.51 97.01 96.38 96.43 97.58
98.26 98.49 98.13 98.34 97.11
93.57 95.35 97.12 98.24 98.44
97.57 98.08 96.91 95.93 95.52
96.1 94.6 95.5 95.46 96.42
97.7 96.79 94.46 86.14 80.97
78.61 84.06 87.92 91.99 94.89
94.98 95.72 97.5 95.9 96.76
97.7 94.61 95.66 97.29 97.74
98.6 97.87 98.39 98.68 98.64
98.68 98.13 97.48 97.76 98.29
98.74 98.78 98.83 98.74 98.14
95.95 95.03 96.58 98.4 98.73
98.66 98.5 98.13 97.68 97.44
97.03 95.05 95.54 95.99 97.4
98.05 96.84 94.75 85.79 81.74
66.23 83.71 88.67 94.12 95.08
94.7 95.13 97.7 96.74 97.26
97.56 95.71 96.08 97.77 95.23
91.95 95.37 95.83 98.49 98.22
98.71 98.79 98.79 98.8 98.66
98.52 98.44 98.69 98.85 98.86
98.86 98.81 98.35 96.7 96.11
97.45 97.49 98.72 98.77 98.56
98.35 98.02 97.97 97.93 97.13
98.1 98.14 98.44 98.6 97.87
96.58 94.37 89.71 87.89 84.8
91.43 95.32 95.94 95.12 95.98
98.28 97.75 97.21 96.04 94.23
93.34 95.67 95.2 95.61 98.06
98.11 98.44 97.55 98.46 98.81
98.75 98.79 98.52 98.57 98.71
98.84 98.9 98.87 98.83 98.65
98.45 97.38 97.41 97.48 97.94
98.29 98.67 98.67 98.75 98.76
98.71 98.71 98.62 98.71 98.58
98.72 98.8 98.5 98.08 97.65
98.47 98.58 98.54 98.57 98.31
97.89 97.22 98.34 98.14 97.55
97.42 95.62 95.86 96.47 92.4
87.68 95.83 96.95 98.39 97.9
98.7 98.71 98.54 98.75 98.58
98.57 98.78 98.85 98.92 98.87
98.84 98.73 98.29 96.48 96.23
97.84 98.29 98.8 98.77 98.87
98.86 98.86 98.78 98.6 98.45
98.46 98.43 98.64 98.78 98.44
97.9 97.37 97.18 98.12 98.38
98.63 98.52 98.29 98.38 98.63
98.16 98.08 98.51 94.98 94.1
96.65 91.19 90.13 94.47 97.04
98.55 98.13 98.56 98.7 98.68
98.76 98.43 98.29 98.62 98.77
98.85 98.67 98.75 98.42 97.22
94.72 92.09 92.43 92.91 95.77
98.26 98.56 98.63 98.77 98.75
98.57 97.95 97.23 97.39 97.25
98.01 98.57 98.15 97.18 96.03
96.02 97.04 97.61 98.37 98.42
98.01 97.7 98.43 98 97.66
98.5 96.76 91.28 90.37 92.38
88.65 89.24 82.74 75.34 68.76
66.68 60.96 63.35 57.93 58.42
57.17 55.85 56.61 61.42 78.27
86.56 89.67 91.25 94.15 93.13
95.68 97.97 98.22 98.22 94.38
96.41 97.94 97.62 98.52 98.12
96.43 94.01 90.96 86.9 84.22
79.47 78.71 77.71 77.29 81.71
89.04 92.61 94.06 96.61 97.8
96.61 94.05 87.09 90.58 89.67
89.77 94.77 94.65 97.17 95.51
95.86 97.1 94.97 95.2 93.77
93.09 95.89 94.45 92.49 92.29
90.82 88.06 79.3 69.89 66.48
73.33 77.94 80.35 87.35 88.74
87.77 90.38 92.35 91.45 92.35
95.33 94.92 91.9 96.13 97.77
96.05 96.7 96.71 97.25 98.55
98.5 98.22 97.94 98.23 97.69
97.58 96.52 93.56 90.24 88.69
93.35 94.59 96.16 96.26 93.76
95.01 94.04 92.58 91.58 93.9
96.24 96.09 97.3 96.92 96.19
95.21 96.07 97.44 96.21 97.44
98.15 98.11 96.75 96.89 96.28
96.15 90.97 89.16 88.66 89.76
90.84 91.61 93.56 94.42 94.36
95.52 97.81 97.93 97.67 98.11
98.3 97.28 96.55 95.51 97.41
97.33 94.16 91.94 94.09 89.36
88.28 85.49 90.29 88.03 95.53
96.2 97.67 97.04 97.68 97.83
97.47 97.37 96.89 97.96 97.97
97.19 96.05 97.45 97.38 97.55
97.36 95.55 95.47 95.68 94.83
97.1 98.29 95.63 95.86 98.21
98.53 98.33 97.8 98.25 97.95
96.51 96.96 96.59 95.41 94.51
96.22 95.21 94.16 94.63 96.2
96.41 96.51 97.29 97.58 97.75
97.53 97.91 97.44 95.97 93.19
93.68 93.87 96.54 96.31 95.08
97.61 97.82 96.66 98.01 98.7
98.46 98.52 98.69 98.61 98.58
98.61 98.41 98.2 97.37 96.08
95.58 95.74 92.89 90.41 89.26
90.61 88.01 86.99 89.71 86.27
88.4 87.97 86.61 86.73 89.25
91.04 90.2 91.2 95.01 95.26
92.67 95.12 97.84 97.75 95.89
98.34 98.73 97.92 98.14 98.54
97.95 96.45 97.79 97.43 92.95
93.95 89.09 85.13 85.95 94.19
97.11 93.69 92.57 93.27 96.97
97.77 97.13 97.14 91.67 94.26
91.87 86.25 89.31 93.45 90.41
91.35 90.41 90.96 90.5 90.6
89.05 87.56 87.1 87.46 84.22
82.77 81.19 77.53 75.61 70.54
63.96 60.91 55.49 55.7 54.52
55.37 57.81 57.5 57.86 59.14
60.49 61.33 68.58 71.4 78.26
85.48 88.53 90.84 88.37 88.59
93.22 91.44 94.42 96.53 94.58
91.13 87.39 88.2 91.19 91.76
89.51 89.82 90.33 90.07 89.32
90.34 90.69 90.01 89.91 87.94
89.23 90.02 88.53 87.4 88.38
88.25 88.77 87.29 86.42 88.07
85.84 84.97 86.22 84.35 83.52
84.11 82.14 84.67 78.51 73.67
79.66 75.05 77.41 77.36 84.02
83.37 86.67 87.69 90.6 89.05
91.03 90.01 91.91 91.74 85.78
87.93 90.58 90.09 88.16 88.13
92.64 89.99 87.23 88.67 89
89.88 85.61 86.05 88.35 86.4
83.56 83.11 88.17 90.43 90.5
90.53 88.82 91.17 87.91 88.65
86.94 85.71 86.59 81.17 77.65
63.11 61.68 58.5 58 58.74
63.2 72.1 80.84 82.72 78.38
82.51 89.06 88.14 81.69 85.51
88.6 86.28 83.71 85.84 85.44
83.47 82.77 77.95 77.42 75.29
79.01 86.55 89.56 88.52 89.12
90.75 88.23 88.31 91.33 89.51
92.65 92.1 94.06 92.79 87.43
77.64 80.81 82.78 79.12 82.05
80.11 83.86 84.21 87.13 90.52
90.98 89.28 90.34 92.65 93.04
91.86 91.27 91.77 92.16 89.31
88.28 89.28 86.11 83.27 81.42
80.42 81.93 76.61 84.23 86.01
93.05 94.99 95.45 97.1 96.21
95.03 95.69 95.35 93.23 92.72
91.74 92.2 93.59 97.34 94.67
96.87 96.13 97.7 97.61 97.25
96.82 97.22 96.66 97.07 95.41
95.1 96.68 96.29 96.1 97.27
97.18 96.26 97.19 96.59 95.9
96.22 92.34 92.52 88.02 92.98
91.38 91.63 92.12 92.39 93.39
94.12 96.15 96.65 97.81 97.25
94.47 91.43 87.73 83.47 79.28
78.39 77.8 85.05 87.12 90.32
92.38 93.3 96.99 96.95 94.39
92.61 92.83 94.65 95.01 95.79
95.57 96.12 96.91 94.31 91.43
93.28 95.45 96.17 96.91 97.29
97.97 98.16 97.95 97.88 98.13
98.02 97.74 96.71 96.21 97.17
95.76 94.79 93.27 93.44 93.07
91.7 93.39 94.69 94.98 94.36
94.44 94.58 93.06 92.71 92.67
90.92 88.2 87.37 82.61 73.28
75.92 79.24 85.86 87.57 86.41
87.91 91.63 92.26 93.33 91.08
91.95 91.65 91.49 87 87.76
87.8 86.61 85.99 83.85 82.33
83.14 88.65 90.65 93.17 91.67
90.79 91.51 94.75 91.78 90.25
94.49 94.36 95.51 91.64 87.31
88.94 94.25 94.43 93.51 94.69
95.07 94.04 94.96 96.96 96.1
95.62 96.84 97.22 96.44 97.24
96.62 96.73 96.71 95.9 95.36
92.56 91.22 93.15 94.46 90.28
89.75 92.09 89.04 85.24 85.87
87.09 79.73 77.14 78.87 82.68
85.05 84.3 82.43 81.8 79.72
80.88 85.99 82.44 79.26 82.15
81.87 89.99 92.79 95.48 94.02
90.86 84.2 73.24 70.35 78.15
82.87 83.65 87.06 89.57 91.26
89.08 86.59 83.53 74.42 70.54
76.52 84.86 88.93 93.32 91.83
93.86 93.1 90.57 91.39 89.1
92.65 94.3 93.63 92.65 94.28
95.22 93.79 93.27 93.33 92.8
91.86 89.33 89.73 86.31 75.3
61.72 51.89 37.22 33.68 28.14
24.99 28.24
