33.08 35.92 32.65 32.19 39.73
38.03 49.18 53.26 65.35 77.57
84.45 87.12 87.63 90.07 92.72
91.3 90.76 93.28 93.41 91.88
92.75 93.46 94.58 93.39 93.32
93.76 92.64 89.63 91.07 89.62
90.38 92.31 91.22 88.53 91.6
93.53 92.91 93.58 94.17 94.92
94.39 95.23 95.35 94.41 95.1
94.93 93.9 93.38 92.72 91.26
90.8 89.29 88.78 86.75 85.78
85.4 83.6 80.14 77.35 77.72
70.96 55.78 42.98 39.87 35.64
27.43 32.53 32.28 25.98 26.63
28.15 23 27.3 22.79 24.46
25.42 21.23 25.04 23.47 23.91
20.2 23.73 21.65 17.81 22.38
21.45 24.63 38.77 23.95 21.69
24.74 24.09 24.55 22.75 21.85
24.85 25.93 26.63 30.28 33.16
35.3 37.94 41.43 45.03 42.09
49.52 53.89 51.93 61.27 72.15
76.61 78.31 80.36 83.54 83.95
84.49 86.7 89.27 90.63 91.65
93.16 93.02 93.39 94.21 93.72
94.16 93.54 92.79 91.58 92.73
89.86 87.45 87.5 86.76 80.67
82.96 76.17 70.2 66.95 67.4
66.16 64.16 68.7 69.56 78.44
82.39 80.09 75.07 80.67 81.87
76.83
