32.64 31.62 32.34 31.54 29.66
29.98 32.12 28.89 35.37 34.39
36.38 42.64 43.67 41.75 48.65
47.13 50.72 55.41 50.95 52.26
57.01 57.48 57.31 58.16 57.7
55.24 55.03 56.41 49.24 48.13
43.26 38.14 38.7 35.38 37.81
49.11 57.9 68.48 86.74 87.37
89.25 88.45 88.89 84.58 82.04
78.32 79.84 81.5 82.53 82.14
76.45 82.58 86.25 83.46 84.44
82.38 80.59 78.64 82.43 85.3
86.26 85.91 82.99 84.76 82.66
81.3 81.86 86.27 86.3 84.03
82.7 79.2 75.87 72.48 77.32
75.84 76.6 81.73 83.58 85.69
85.92 82.23 81.37 87.08 85.12
83.68 81.3 71.71 65.53 52.93
47.22 54.15 54.34 61.87 74.26
80.25 86.72 85.7 85.94 84.06
83.94 74.42 78.1 79.8 69.87
79.28 82.87 79.28 74.9 71
77.78 77.91 79.86 84.8 85.81
83.59 81.62 76.59 70.59 74.64
74.14 73.8 69.01 70.65 74.73
80 81.37 76.78 75.41 68.74
60.5 58.78 70.02 67.38 74.94
76.54 78.41 71.2 73.5 61.5
67.51 57.93 73.74 70.07 80.34
77.45 81.85 81.35 84.17 78.11
71.97 73.15 65.69 63.88 59.26
60.51 56.82 53.05 60.86 64.1
69.55 71.49 66.49 67.93 65.54
57.82 59.98 56.69 58.62 68.44
65.35 56.24 68.91 72.77 69.56
72.38 76.26 69.39 69.66 73.26
74.84 74.5 75.26 75.49 77.36
78.48 80.21 72.08 77.87 81.05
78.33 81.12 77.75 74.41 78.97
80.01 80.4 79.14 77.53 71.08
61.56 60.72 63.6 67.29 65.2
58.52 59.74 66.85 71.85 77.6
78.22 79.21 81.34 80.09 68.97
68.94 71.4 74.44 79.51 84.02
85.34 87.52 91.05 91.12 92.14
91.56 88.42 87.83 89.76 90.47
87.03 85.65 89.55 88.44 84.67
83.25 86.62 84.87 80.24 79.61
80.67 81.84 83.9 87.24 88.71
91.15 92.8 93.54 93.52 94.73
95.87 94.77 94.42 95.38 94
91.4 92.79 92.89 90.32 84.93
82.58 74.78 74.55 77.46 80.93
87.85 90.73 91.55 89.28 89.93
91.66 89.57 88.34 88.79 89.67
87.49 86.61 84.5 79.59 79.17
78.67 82.23 85.45 84.05 85.09
84.25 86.88 84.61 87.81 89.64
87.85 82.33 83.25 88.89 91.9
92.22 93.39 92.71 90.69 85.11
75.38 79.12 80 82.37 85.49
88.42 87.02 85.11 86.81 87.66
82.22 74.03 72.41 80.47 80.24
77.17 79.8 81.23 84.02 82.38
78.9 71.54 63.55 55.12 53.27
59.88 73.6 81.36 87.73 90.24
92.09 94.81 94.87 95.16 93.88
94.18 94.62 94.79 93.77 91.13
90.72 90.4 89.82 89.92 89.13
90.59 91.66 93.52 93.06 90.84
89.39 90.86 93.07 93.69 94.31
93.76 94.18 91.41 92.35 92.63
91.56 90.31 92.22 94.18 93.38
92.24 93.21 93.26 90.28 88.27
86.24 90.36 93.01 94.82 94.12
94.88 95.43 95.73 95.35 93.83
94.92 93.77 93.13 93.16 93.49
92.61 92.17 92.44 93.52 91.45
93.23 95.6 96.61 97.28 96.89
95.83 96.23 95.23 93.83 91.69
88.92 84.8 78.86 74.57 76.5
77.93 82.44 88.05 90.47 91.9
92.1 93.39 94.56 95.72 96.9
96.39 95.91 95.27 93.8 92.65
89.03 86.69 84.39 81.59 85.96
89.17 88.71 92.33 90.34 85.11
83.78 86.32 86.07 87.91 87.78
92.86 92.66 94.63 95.14 94.1
96.09 97.17 97.17 96.52 96.49
95.21 93.57 94.08 91.68 91.25
91.54 88.8 85.81 87.02 85.58
84.05 85.28 85.89 91.46 90.62
92.21 93.42 94.78 96.05 96.84
96.34 97.56 97.79 96.81 96.02
94.23 92.68 90.17 87.13 84.39
74.1 67.57 66.19 63.88 68.36
75.79 84.73 87.82 90 91.19
94.64 95.38 97.5 97.39 97.26
96.52 95.69 94.41 93.85 91.91
91.6 89.53 86.8 87.05 85.38
86.33 88.04 92.36 93.5 93.68
96.1 96.55 96.88 97.01 96.4
95.38 93.19 90.55 88.79 85.67
83.37 82.67 83.33 83.85 84.04
84.2 89.15 89.56 88.39 88.92
92.92 93.77 92.58 93.1 95.87
96.16 94.55 95.07 95.61 95.84
96 94.03 92.99 95.43 93.26
91.13 92.18 92.37 88.67 88.33
90.02 87.8 84.52 87.95 85.41
78.36 76.28 73.03 78.58 82.96
86.78 88.24 90.26 90.93 92.11
93.02 92.77 94.97 95.54 95.77
95.79 96.64 96.83 96.11 96.62
96.79 97.63 96.76 97.22 97.16
97.28 96.49 95.84 95.66 96.8
95.29 92.88 94.75 94.97 92.58
91.66 93.3 91.09 88.32 89.03
89.39 84.47 79.97 72.99 73.15
77.49 76.61 83.46 86.78 88.76
88.49 85.19 84.01 82.68 84.54
89.29 89.88 88.73 92.36 94.48
94.06 94.59 96.86 96.9 96.31
97.66 98.14 97.85 98.03 97.96
97.29 97.02 96.17 96.23 95.53
94.82 92.87 94.15 92.92 90.42
91.95 91.11 90.24 91.66 90.05
91.89 92.93 94.45 94.23 93.52
93.41 91.51 86.16 83.5 77.52
76.33 76.09 69.31 66.52 60.64
61.96 56.66 49.53 57.29 52
52.28 56.19 58.09 61.77 64.22
69.58 75.19 77.13 80.38 85.05
86.94 87.08 90.06 92.09 91.63
91.54 91.62 93.62 93.58 92.31
92.97 93.27 91.89 91.23 92.38
91.9 92.35 91.72 92.93 90.86
92.34 93.53 90.86 94.12 96.12
96.64 96.62 96.77 97.14 97.21
96.47 97.28 97.41 96.32 94.41
94.1 95 93.47 95.06 93.86
93.27 93.92 94.1 93.08 91.02
89 81.71 84.11 85.18 86.9
88.23 88.21 84.73 85.1 82.94
85.72 86.85 90.72 91.49 91.84
92.24 92.22 92.94 94.23 94.44
94.88 95.34 96.76 96.79 96.33
96.69 97.54 97.01 96.99 97.81
97.65 97.13 97.47 96.63 96.09
96.55 95.48 93.84 93.62 94.14
91.15 88.37 90.61 91.7 88.84
88.02 86.65 90.34 88.8 86.45
89.58 90 91.41 89.86 91.68
94.86 93.42 90.86 93.27 94.35
90.6 90.12 91.74 94.05 94.92
95.81 95.57 95.37 94.38 93.47
91.8 89.84 88.31 90.32 92.22
93.85 95.65 96.19 96.23 94.8
93.67 91.85 89.58 85.96 86.11
80.82 84.52 86.45 84.33 84.71
88.09 88.16 91.29 88.63 87.67
89.66 90.55 89.04 87.63 90.89
89.59 87.74 86.61 90.55 84.52
86.19 83.84 83.76 86.52 87.57
89.14 88.4 87.05 83.31 83.34
86.32 84.92 86.38 92.17 94.42
94.95 93.7 92.64 91.91 91.46
89.52 85.61 87.55 89.05 89.88
89.09 89.51 90.7 89.54 89.32
87.2 83.33 81.98 78.64 70.26
68.15 64.28 53.99 46.53 42.73
42.28 44.1 40.33 42.86 41.37
39.96 45.42 54.38 55.63 64.47
66.65 69.17 75.8 77.2 75.92
80.3 83.95 82.17 85.89 87.46
90.01 90.2 91.94 92.2 93.55
93.37 93.13 93.37 93.6 93.23
91.51 91.29 90.9 88.4 84.74
84.26 85.86 89.71 92.99 91.67
91.28 89.63 89.16 87.12 88.43
83.53 84.79 86.6 83.5 82.12
81.1 79.85 82.28 83.62 80.88
78.1 73.75 72.31 71.39 76.37
86.47 92.02 92.25 93.72 91.98
91.62 89.01 82.08 83.31 89.65
89.88 92.67 92.4 90.78 92.36
93.85 93.74 91.21 91.37 94.02
93.91 93.36 94.5 95.4 96.39
97.02 97.51 97.3 97.66 98.04
97.92 97.92 97.21 96.75 96.79
95.93 93.75 92.85 92.75 90.16
94.23 94.87 95.91 95.78 96.72
96.24 96.57 97.41 97.56 96.82
96.64 96.45 95.45 95.54 95.7
95.17 93.84 94.08 93.83 93.54
91.52 90.99 91.75 90.13 90.44
89.29 89.21 89.82 87.59 84.49
84.06 82.8 78.59 78.93 79.02
79.57 82.43 82.94 81.75 75.15
