54.89 60.16 61.36 60.51 66.49
69.96 76.08 80.18 82.53 88.17
90.77 93.16 94.78 96.74 97.8
97.46 98.19 98.53 98.23 97.59
97.76 97.28 98.29 98.17 97.99
98.18 98.52 98.35 98.08 97.49
97.46 96.74 93.82 93.42 93.92
92.1 88.68 86.88 78.79 62.18
57.51 56.79 57.49 54.48 58.14
48.59 45.77 45.94 48.48 56.34
64.02 79.94 87.86 90.32 92.72
93.98 94.37 96.12 96.37 97.25
98.33 98.64 98.45 98.71 98.78
98.68 98.73 98.67 98.54 97.51
97.23 97.32 98.07 98.36 98.31
98.4 98.8 98.77 98.63 98.75
98.8 98.8 98.06 98.32 98.49
97.39 95.68 96.45 98.01 98.04
98.08 98.43 98.6 98.76 98.9
98.89 98.82 98.9 98.83 98.77
98.82 98.79 98.67 97.66 97.57
96.91 98.12 98.2 98.46 98.63
98.83 98.73 98.76 98.82 98.83
98.77 98.75 98.83 98.73 98.58
98.59 98.33 98.4 98.22 98.22
98.27 98.41 98.51 98.69 98.65
98.75 98.62 98.57 98.54 98.57
98.54 98.23 97.95 97.34 96.87
96.3 94.29 94.24 95.16 93.83
90.48 91.31 88.81 83 77.48
64.23
