29.27 26.2 29.14 23.67 27.9
24.12 24.79 23.1 29.62 27.1
25.78 34.41 29.32 31.86 29.76
31.26 31.94 37.26 37.13 37.34
32.88 35.23 32.94 31.27 32.22
34.01 30.17 33.83 29.26 28.12
32.25 42.46 46.81 58.38 68.68
77.51 83.17 85.81 89.37 89.17
91.36 91.54 93.62 91.59 90.69
86.17 86.37 84.44 88.79 87.94
89.9 86.55 89.15 92.78 92.58
93.86 93.19 91.76 89.02 82.37
75.75 72.38 78.34 77.74 83.34
82 87.48 89.77 89.18 87.09
88.5 85.93 83.92 80.5 84.23
88.44 89.91 90.83 90.07 90.46
89.74 87.96 83.51 79.81 81.81
81.92 86.58 90.46 92.49 93.3
94.1 95.22 92.5 92.15 90.63
89.16 87.48 93.36 93.3 93.79
92.14 94.94 92.44 93.68 93.1
91.28 89.01 88.27 85.97 81.82
79.79 80.64 81.1 86.05 86.11
88.66 84.17 83.45 79.86 85.13
87.58 91.82 92.78 94.9 94.12
93.95 91.65 92.39 93.67 93.21
94.6 93.84 94.72 95.01 96.33
94.99 93.63 90.09 86.41 89.64
89.54 91.31 92.11 94.17 93.23
93.1 95.11 95.23 95.88 93.83
93.86 90.38 87.83 83.3 79.38
81.54 74.84 79.1 78.52 83.81
90.62 92.24 94.7 95.06 95.54
93.49 90.31 90.67 92.98 94.87
95.11 93.65 94.42 92.09 91.12
92.52 91 90.58 90.99 92.02
93.76 93.15 94.75 93.87 94.58
93.25 93.68 89.38 87.2 91.6
86.49 91.5 88.93 92.83 92.34
93.45 94.79 93.86 94.48 92.91
91.21 88.38 84.71 88.04 89.84
92.58 93.13 92.89 92.76 93.27
93.59 95.66 94.7 94.39 90.97
92.22 94.04 91.89 93.58 93.78
94.08 93.22 90.74 86.46 80.29
72.51 75.38 79.74 85.77 84.02
84.9 88.02 89.91 91.91 93.68
92.95 94.12 92.25 91.77 86.36
83.42 86.78 86 82.3 84.26
84.94 87.68 85.49 82.45 89.41
89.95 88.9 86.73 80.66 83.76
79.02 74.7 79.3 72.43 66.95
66.55 72.92 72.16 77.94 80.05
87.72 89.2 91.83 93.4 93.83
94.03 92.24 93.32 92.48 86.98
90.82 89.88 93.45 93.71 92.54
92.86 89.44 91.79 93.3 92.27
91.02 90.54 91.13 94.07 92.64
93.48 91.85 91.53 86.97 82.21
67.99 59.72 55.27 48.63 56.21
55.5 63.77 68.88 80.44 80.01
88.21 84.8 88.22 92.76 91.95
93.94 92.41 92.1 90.12 91.99
92.16 92.34 92.58 92.48 90.94
86.43 88.95 88.82 90.2 82.97
75.84 64.61 57.05 64.32 65.17
77.4 80.6 88.73 89.61 92.04
88.33 81.85 81.53 78.68 75.55
78.82 81.05 84.64 88.92 84.47
85.57 87.92 87.82 86.96 82.57
74.53 74.45 65.06 67.75 70.07
75.52 84.73 83.71 88.77 85.23
78.73 84.98 86.88 87.33 86.71
81.38 77.1 72.95 65.14 65.92
63.93 60.74 71.11 73.79 78.86
79.9 83.58 85.38 87.88 87.05
86.47 83.97 85.45 87.16 85.9
86.25 81.88 81.02 78.17 77.5
75.19 71.86 65.69 64.16 60.68
61.21 67.3 67.05 74.09 80.95
81.83 83.33 88.42 86.33 85.75
83.55 84.94 87.29 89.5 88.64
90.26 89.48 86.92 86.53 78.45
78.15 70.18 71.17 68.39 65.41
63.77 60.2 62.03 59.75 55.12
57.68 61.89 76.05 80.97 83.3
85.36 82.66 82.94 77.11 77.43
63.99 62.08 53.31 51.84 56
49.21 63.36 74.69 77.93 85.16
82.19 83.95 82.97 75.56 76.13
81.87 85.25 89.16 87.16 86.52
83.36 84.49 84.24 82.98 84.03
82.2 86.03 82.47 87.01 82.05
85.01 75.19 74.86 71.29 64.99
71.14 73.56 63.5 65.18 71.48
71.95 81.37 80.18 83.22 75.78
79 76.94 82.03 84.22 86.4
83.77 84.95 85.58 80.33 78.32
83.88 87.27 83.08 81.13 76.93
88.64 82.98 87.48 82.61 84.29
78.45 82.36 83.27 83.75 89.48
86.98 89.54 89.29 90.15 87.62
86.01 82.96 76.09 78.74 79.7
75.57 81.92 85.81 89.55 90.25
89.86 89.76 87.88 84.69 82.13
71.39 74.17 61.86 65.41 74.57
79.68 86.29 83.15 85.35 83.63
82.5 71.84 70.3 66.97 79.26
77.28 81.58 86.6 87.58 89.55
88.7 89.05 84.01 81.01 83.52
83.22 84.59 84.21 85.27 88.9
90.74 92.33 87.97 88.72 78.49
81.73 75.96 80.97 87.18 85.18
89.18 85.6 86.35 85.39 88.72
88.89 89.01 86.79 83.83 84.49
75.84 75.77 79.03 80.28 81.3
78.67 76.91 85.99 87.33 91.44
88.51 86.78 83.43 83.6 83.08
83.39 81.08 83.98 81.42 86.86
86.62 82.84 84.98 83.17 85.24
82.34 79.8 78.49 71.67 69.43
66.14 57.12 58.97 51.57 46.77
50.12 47.62 48.37 60.41 65.46
76.63 78.16 81.22 82.28 84.43
82.84 86.17 84.81 81.05 83.5
80.37 81.06 81.38 73.62 78.02
75.55 77.86 79.56 78.88 81.2
81.83 83.37 87.34 84.12 84.07
84.53 87.73 84.54 84.16 80.58
82.58 78.87 79.77 84.5 81.3
82.03 80.63 76.77 75.11 77.78
76.57 79.37 81.21 80.99 84.04
85.18 83.27 83.88 84.58 87.03
87.77 86.43 86.88 86.29 89.61
90.13 90.42 88.15 87.85 81.48
79.09 80.81 82.3 83.25 86.99
88.72 90.09 89.99 90.06 88.08
85.39 83.81 79.29 74.26 76.06
75.14 76.77 80.15 85.85 87.05
84.68 82.45 83.26 86.19 84.25
87.21 84.65 82.64 81.83 83.31
80.75 78.37 78.32 79.42 78.91
77.6 76.43 77.66 77.5 72.18
71.83 73.91 71.55 72.9 70.81
71.4 64.4 68.97 68.68 60.58
49.57 43.37 38.28 38.3 39.33
38.45 40.88 38.19 40.72 39.28
44.05 50.9 53.5 50.8 54.3
53.74 59.47 68.56 60.86 63.71
75.07 72.24 83.26 86.45 88.45
90.01 89.17 89.22 86.99 89.61
86.71 86.66 86.64 81.15 81.79
83.61 86.35 88.02 89.47 91.32
91.21 92.01 84.93 85.62 77.23
80.03 83.19 81.54 86.63 84.72
86.79 82.95 86.32 88.37 85.95
84.36 84.54 83.11 71.81 70.4
73.15 77.38 76.55 78.03 79.87
80.76 81.65 85.07 85.92 90.26
87.43 84.61 82.96 79.13 79.76
82.04 82.98 85 87.46 91.15
91.81 92.59 86.04 87.51 88.49
88.26 91.08 89.48 91.3 90.64
90.68 88.9 85.81 83.58 80.42
73.42 76.16 71.25 67.05 68.08
66.81 75.45 82.15 86.43 90.85
90.33 91.78 89.73 86.53 87.3
88.19 91.63 93.31 89.3 87.82
81.58 75.85 81.69 76.4 68.24
71.99 77.62 77.52 82.3 85.1
88.44 88.77 88.55 87.48 85.77
76.42 74.73 82.5 82.81 86.4
86.56 85.78 86.23 81.2 79.31
82.61 80.57 86.2 90.35 92.51
89.15 84.97 82.91 80.63 83.38
85.85 88.22 92.38 92.86 94.5
94.45 95.39 93.88 90.64 88.74
88.82 88.23 91.25 92.76 91.01
90.81 88.14 91.72 91.5 92.88
90.6 91.16 87.32 82.07 75.62
73.65 80.95 79.31 85.23 85.64
87.91 89.51 91.09 87.93 86.83
89.6 88.37 91.72 91.74 89.8
89.32 85.12 81.55 85.6 84.48
84.78 87.71 89.46 90.18 88.97
92.37 91.43 94.06 90.59 89.08
85.03 88.75 91.92 92.02 94.18
92.59 93.79 87.92 88.84 88.76
87.85 91.07 88.78 89.6 85.9
81.38 81.46 87.21 86.74 90.77
92.13 93.82 93.97 95.44 95.58
94.26 93.46 91.7 90.26 91.29
92.84 91.87 93.7 94.09 94.47
94.65 94.96 94.12 90.45 87.44
87.92 87.89 91.13 93.16 90.68
89.08 87.34 89.84 89.87 90.93
91.1 92.67 91.66 90.72 91.24
88.77 83.89 85.52 83.01 81.39
83.71 85.59 88.06 87.62 87.68
87.37 90.37 87.49 87.07 89.83
90.54 93.1 91.94 91.85 90.86
89.04 88.08 91.85 90.29 91.7
90.01 92.24 93.87 94.22 94.5
94.42 93.43 91.48 86.37 78.68
70.31 71.09 85.16 77.81 82.28
86.62 84.98 89.56 91.89 91.29
93.32 88.99 93.03 93.7 93.61
93.58 92.16 91.86 90.4 87.61
90.38 91.7 93.43 92.42 90.09
92.72 93.2 94.42 93.23 92.24
87.98 82.02 77.49 75.03 75.45
82.69 88.63 91.2 93.08 94.21
94.18 94.53 92.99 92.48 90.47
88.21 86.67 88.21 89.5 88.37
91.06 90.1 93.34 92.81 94.07
94.21 93.66 92.95 90.43 88.12
84.4 86.27 85.39 84.49 86.76
86.27 87.14 90.7 92.2 92.81
91.08 88.47 84.91 84.63 89.02
91.1 93.57 92.89 92.43 92.46
89.36 86.66 87.79 84.56 82.77
83.56 83.77 88.15 91.8 93.43
93.3 94.31 92.93 93.84 92.33
92.56 89.97 89.9 87.02 84.32
80.22 83.38 87.65 86.2 90.04
88.91 91.76 92.45 91.91 92.8
92.53 92.41 89.7 86.92 83.46
83.17 85.07 91.58 91.67 95.06
93.43 94.95 93.46 93.35 93.35
89.8 89.79 85.64 80.62 76.3
64.63 55.3 42.69 40.02 36.99
36.42 39.9 44.08 49.95 54.77
56.57 61.63 67.26 69.56 68.95
74.18 77.51 78.52 77.94 80.04
80.77 77.5 73.87 78.8 79.91
74.04 71.37 73.69 72.46 62.53
71.79 64.4 69.26 67.72 71.9
66.52 63.12 60.09 55.74 54.69
52.64 44.48 44.11 32.12 32.29
28.33 27.04 25.31 24.49 29.15
23.53 24.9 25.49 26.18 24.85
28.3 34.17 25.51 25.99 24.92
29.07 31.78 27.5 26.35 25.89
24.64 23 23.15 22.35 22.24
22.39 24.85 21.43 23.46 22.32
22.57 23.79 23.58 24.05 24.16
24.99 20.95 24.94 21.86 27.29
37 30.43 26.05 26.35 27.78
29.3 27.94 26.8 26.27 25.06
24.02 27.06 32.79 31.37 24.94
29.74 26.39 24.2 25.42 26.34
25.96 24.9 28.19 25.1 28.34
27.17 23.85 28.46 22.34 23.58
22.92 26.92
