34.84 41.16 39.08 39.25 32.56
42.04 40.49 32.41 31.14 34.17
33.45 31.98 34.46 35.81 33.5
34.49 34.19 43.49 48.99 54.36
57.36 50.27 49.7 46.76 47.32
55.17 52.37 55.13 56.42 54.22
58.45 54.22 61.42 66.53 73.57
76.61 80.55 77.22 77.84 79.98
75.61 74.49 73.51 77.33 77.02
74.06 69.37 77.03 77.49 72.89
65.67 67.25 69.01 62.45 63.39
67 76.14 78.06 83.52 81.09
83.77 76.66 73.06 71.41 77.53
84.05 86.28 85.03 88.72 88.59
82.52 86.21 87.72 83.27 80.47
82.9 85.23 84.32 86.47 86.77
88.28 89.17 85.18 86.44 88.62
86.49 82.27 82.14 84.56 88.69
90.33 91.23 89.56 89.79 85.33
81.72 81.75 86.35 89.8 91.29
90.49 93.86 92 87.86 90.59
91.7 88.2 85.21 86.21 88.96
88.73 90.84 91.4 93.02 92.96
90.5 93.87 93.88 93.04 91.02
89.62 92.59 93.45 92.55 92.7
91.66 90.61 87.04 83.83 81.17
84.63 88.27 90.89 91.26 92.19
90.29 89.24 90.79 89.51 86.57
86.08 87.56 89.15 89.71 91.24
92.52 92.56 92.63 91.85 94.3
92.38 92.59 92.58 89.03 91.75
89.09 87.69 84.19 82.61 80.05
77.21 70.94 63.4 64.36 71.64
80.63 80.9 84.75 84.78 83.73
87.18 86.59 83.29 83.28 85.77
86.43 87.91 87.72 90.56 88.48
89.02 89.25 88.39 87.28 88.72
87.54 84.36 86 84.05 83.69
80.41 81.39 82.03 80.65 78.48
81.34 83.51 87.59 87.78 86.28
89.46 89.8 86.27 88.57 90.14
87.25 85.78 86.99 88.12 88.8
90.81 91.72 90.1 89.26 88.14
88.99 87.88 86.84 83.74 81.55
85.91 84.49 83.98 85.06 86.38
87.39 88.37 87.5 85.98 85.01
87.58 90.34 87.25 86.73 90.36
87.45 89.1 87.56 82.74 83.38
86.25 87.11 85.87 88.98 91.08
90.01 86.7 88.48 88.61 86.99
85.74 85.86 81.92 79.54 79.87
74.35 64.59 65.91 56.52 55.76
55.7 50.73 44.41 30.8 29.39
32.2 27.51 27.97 28.86 26.13
27.95 24.45 27.09 27.69 27.03
29.03 25.36 31.08 25.86 29.22
30.72 24.77 33.7 27.21 25.55
25.43 29.09 32.35 24.49 28.31
36.17 25.49 34.81 27.3 29.73
28.56 31.76 26.99 27.02 26.46
23.25 27.65 25.8 28.15 23.59
26.44 29.67 25.15 30.23 26.27
28.39 32.11 27 31.63 31.64
34.98 30.45 31.96 30.32 32.88
25.73 29.48 27.14 27.56 27.77
26.14 29.1 26.42 27.16 29.7
30.29 24.57 32.14 24.58 30.04
25.45 26.43 26.14 28.3 28.52
28.92 25.38 26.95 29.67 26.54
31.79 26.78 30.78 32.82 30.54
31.84 25.8 27.64 25.86 25.15
26.73 25.57 29.34 29.23 29.88
29.79 31.12 27.67 28.96 33.12
29.26 29.69 25.86 26.89 23.32
25.95 24.95 26.25 24.67 27.24
23 25.65 28.17 26.94 26.78
25.93 28.44 29.2 31.07 28.01
27.45 27.64 25.1 27.36 26.03
26.53 28.11 31.04 33.04 30.15
30.28 30.35 29.54 29.14 29.54
29.21 30.25 31.82 28.61 28.21
25.98 27.13 30.47 27.07 24.65
27.68 27.83 24.57 27.48 26.87
25.82 29 28.97 27.81 27.78
34 34.58 30.98 38.97 40.44
42.08 42.64 42.38 40.99 53.25
58.23 51.94 50.1 67.24 65.46
60.25 53.7 60.77 59.04 43.89
50.53 45.74 41.26 41.8 37.55
37.32 35.01 31.02 32.55 33.77
28.86 32.36 31.82 34.35 30.2
34.47 29.12 28.37 29.68 28.76
30.21 25.39 29.15 23.85 30.67
27.42 35.9 25.98 26.26 35.29
31.21 24.86 33.15 30.88 32.1
24.88 27.46 32.4 22.77 26.34
28.86 27.64 25.37 30.47 25.25
29.85 25.76 27.61 24.75 27.38
25.92 26.8 29.2 28.28 32.97
28.4 32.31 26.52 29.22 29.51
24.24 26.44 30.04 25.93 28.96
30.32 25.41 28.71 24.59 25.31
25.41 26.24 31.72 27.34 27.68
29.32 35.96 23.94 28.18 23.81
29.22 23.64 28.76 26.9 29.68
29.9 26.36 30.45 30.26 24.24
28.26 25.92 27.58 26.94 26.93
28.23 24.18 28.18 27.97 27.33
26.46 28.62 26.68 32.08 26.93
30.61 27.22 28.77 28.26 29.62
32.85 24.31 26.97 24.53 24.25
24.09 27.57 27.55 23.81 30.63
29.61 27.06 26.62 31.38 23.7
27.51 25.29 23.47 29.03 26.34
30.98 31.08 29.53 31.39 32.28
31.62 32.38 29.05 29.64 25.19
30.12 24.76 26.09 29.43 30.03
25.27 29.7 28 29.78 33.06
31.59 29.66 31.43 31.05 32.38
28.98 24.79 26.54 26.82 29.4
25.5 31.95 29.45 28.84 25.22
31.53 25.02 31.15 24.4 25.6
27.27 23.78 26.41 24.69 27.74
24.68 25.04 23.72 27.09 27.79
28.99 27.17 29.01 30.71 31.46
27.57 26.42 30.11 30.13 25.36
22.96 26.94 29.14 24.89 26.58
25.19 26.54 24.54 24.49 26.72
23.85 22.42 25.88 25.6 26.98
26.59 27.05 28.72 29.7 28.18
27.47 24.76 27.63 23.21 23.21
23.23 25.23 25.88 24.51 26.14
33.53 28.59 28.46 26.27 21.67
23.26 29.02 24.68 28.12 25.85
24.11 28.22 31.48 24.58 23.91
24.07 26.99 25.13 23.34 24.9
22.62 23.08 28.37 24.1 25.82
27.63 39.11 37.46 28.86 27.5
30.2 33.58 31.36 31.5 33.08
29.45 29.97 32.18 28.62 28.48
29.55 27.15 31.09 28.45 32.09
29.69 33.34 28.85 30.65 24.65
30.71 25.22 25.33 27.16 22.88
24.87 26.98 25.42 23.43 23.91
29.96 25.65 25.1 28.89 27.8
28.23 31.89 28.87 31.06 30.81
29.49 33.21 29.57 29.07 33.42
24.76 28.79 29.64 32.25 31.68
33.77 34.53 31.46 31.88 33.23
29.29 27.73 27.22 24.61 25.48
25.29 24.81 22.22 26.79 36.39
23.88 24.48 25.52 30.48 36.98
31.16 28.23 34.44 34.99 29.48
27.58 29.26 26.62 26.6 27.5
25.01 28.58 26.16 33.13 26.15
30.42 27.97 27.36 27.66 28.68
26.19 26.79 24.13 30.8 29.9
26.26 30.12 24.62 28.71 25.06
28.28 27.61 27.96 32.63 29.74
28.71 30.58 28.08 32.28 27.68
26.16 26.1 23.43 26.61 31.03
27.9 35.83 31.02 35 28.53
31.28 27.26 27.45 27.42 29.94
26.13 24.87 29.43 25.58 34.66
27.62 28.32 29.11 29.55 27.28
28.32 26.77 32.96 29.86 32.25
29.43 29.38 33.51 29.02 26.34
27.05 28.51 25.82 32.5 25.98
34.09 26.89 32.23 27.88 29.94
31.52 27.07 29.57 28.94 26.47
28.62 27.85 30.57 29.26 27.66
27.39 31.93 27.97 23.38 28.98
25.75 34.05 28.74 26.38 28.83
32.21 31.54 30.22 25.12 28.43
25.78 29.04 26.39 27.41 24.86
30.55 29.92 27.12 26.56 25.27
24.52 26.55 23.37 22.44 22.4
28.74 25.17 24.9 24.4 30.59
42.05 25.36 33.13 28.24 31.62
30.14 27.52 29.67 29.14 30.39
26.2 27.31 28.3 27.58 27.29
26.81 26.47 31.23 28.76 31.11
28.34 27.1 25.22 25.7 28.72
27.4 25.04 26.96 27.48 29.24
27.84 29.15 28.02 31.86 28.94
28.74 27.14 24.59 27.32 30.52
29.81 26.91 27.83 28.63 28.22
25.99 25.77 26.53 24.45 25.77
28.53 27.75 25.21 32.99 29.2
31.13 26.99 23.35 25.28 24.62
22.55 23.47 24.7 29.81 31.39
29.92 29.86 29.52 37.87 26.35
25.08 26.1 29.02 28.94 30.28
29.42 25.86 27.72 25.38 23.9
29.44 31.4 24.96 22.04 25.74
31.06 25.01 24.55 28.97 24.06
25.74 28.98 27.44 28.34 27.28
28.12 27.43 25.85 31.58 28.76
24.9 25.14 31.36 22.17 24.02
23.29 25.63 29.9 27.19 26.49
27.09 26.13 26.97 29.76 21.96
27.27 23.95 25.81 29.14 25.17
25.28 24.72 25.7 23.77 23.56
23.1 23.86 25.35 25.31 23.26
24.41 26.16 25.15 27.68 28.67
24.58 29.69 23.31 27.61 25.35
25.62 30.59 26.37 31.37 27.86
33.48 29.21 27.54 27.72 27
29.3 25.27 24.19 28.71 31.03
27.15 29.56 25.48 27.52 31.2
28.21 25.73 26.48 27.68 23.88
28.69 29.06 27.05 23.01 27.55
32.63 24.59 22.34 26.42 28.49
28.16 30.75 27.05 28.09 27.87
27.57 26.84 25.97 29.28 28.23
24.85 28 33.33 29.87 27.12
28.34 30.81 29.74 25.52 30.77
26.35 25.16 23.68 24.35 27.26
32.1 24.43 26.2 25.81 26.65
28.71 24.94 29.69 26.58 26.43
27.12 25.43 28.12 28.69 27.05
28.04 25.11 27.39 30.32 25.91
24.21 27.33 28.54 28.15 28.61
29.74 26.56 27.79 27.45 26.24
27.78 27.22 26.78 24.86 35.48
28.29 32.75 24.94 36.36 26.78
27.52 26.92 29.31 29.94 29.47
29.62 28.96 34.78 29.18 26.7
30.83 24.33 24.31 27.33 22.44
27.67 34.87 20.95 33.02 23.78
28.52 26.63 27.6 30.36 25.31
28.48 24.96 31.48 26.3 30.49
25.34 28.16 30.02 28.87 26.95
28.96 24.43 23.64 29.8 25.61
27.73 26.72 28.26 28.46 29.39
30.05 33.34 27.56 29.99 30.89
29.88 31.97 32.85 29.71 30.74
31.73 36.95 32.21 40.66 37.13
34.46 38.01 36.95 34.41 33.4
29.05 30.53 28.5 29.41 27.75
32.61 32.39 34.98 33.15 36.64
39.26 41.8 35.86 44.78 46.04
43.58 45.04 49.03 52.06 52.67
52.86 54.76 52.62 54.95 53.45
56.09 48.38 50.47 47.69 49.22
48.64 54.46 48.99 55.35 64.71
60.4 62.25 68.13 71.43 66.26
66.23 72.24 70.44 69.76 70.19
71.67 67.63 73.85 74.97 76.35
72.38 74.87 81.39 82.29 81.58
82.34 88.68 79.01 84.95 83.17
85.89 88.62 88.08 92.01 92.42
89.86 89.8 91.76 90.47 90.68
93.21 87.91 89.34 87.83 89.02
84.18 90.67 90.48 86.13 87.65
86.89 89.73 88.49 90.67 89.71
89.24 86.09 86.76 85.11 91.58
87.51 88.38 89.02 88.56 89.58
88.09 90.46 89.07 92.53 88.84
90.37 87.6 85.6 89.27 89.82
88.87 83.53 87.5 82.31 72.14
84.26 84.21 86.04 76.49 84.83
83.6 78.36 77.86 86.82 84.84
72.42 84.34 91.03 85.17 81.63
87.09 87.26 82.9 86.38 86.16
82.18 75.55 82.58 75.55 71.3
72.95 79.32 72.09 71.18 71.87
69.34 64.84 61.06 57.23 63.96
59.12 53.68 57.77 55.41 58.07
54.71 49.85 45.02 51.76 38.58
41.79 42.66 33.57 27.63 26.38
26.36 27.09 24.89 23.6 23.85
26.52 29.12 30.09 41.21 42.57
41.62 43.67 48.36 49.42 49.89
59.15 64.09 62.92 64.38 72.42
75.13 65.86 69.27 82.45 81.39
79.48 84.72 87.32 87.64 89.2
84.48 89.5 85.46 82.76 84.89
83.28 83.9 82.3 78.99 77.89
78.83 79.22 81.06 83.11 79.39
86.56 84.2 85.33 82.92 83.59
87.42 86.35 90.44 88.58 91.45
88.59 90.51 90.87 89.53 89.21
93.17 88.71 91.56 93.97 89.66
89.66 91.67 91.98 90.27 91.22
92.07 92.42 90.58 91.79 91.41
91.83 93.28 93.03 90.9 92.43
90.82 93.87 92.5 90.11 93.37
93.39 92.76 91.82 93.02 91.48
91.35 93.78 91.9 94.19 90.7
92.62 92.12 85.98 91.82 92.17
89.61 86.41 87.46 88.53 83.73
88.49 89.66 87.3 90.32 88.5
91.33 87.51 91.72 89.64 92.21
87.52 90.13 89.95 83.55 87.21
86.19 84.97 82.07 82.73 82.69
76.17 75.25 75.74 75.85 69.58
69.3 78.85 65.35 64.56 68.06
68.42 52.38 46.56 61.46 56.32
52.33 47.4 56.56 51.21 49.14
51.55 46.73 44.45 47.11 50.59
48.47 50.48 49.48 45.01 46.62
49.23 52.22 45.53 51.54 52.36
49.14 47.04 58.28 61.11 52.91
48.15 61.08 69.46 56.15 66.27
73.2 69.31 55.28 69.45 75.02
69.8 67.64 75.58 79.97 70.21
80.35 81.56 79.14 79.15 81.07
86.54 82.7 85.87 88.67 85.21
83.16 87.48 90.95 84.2 87.47
91.16 89.19 88.09 89.57 92.07
87.75 84.71 87.31 90.01 86.91
88.21 86.4 88.86 85.52 87.82
83.59 86.95 85.02 83.27 78.18
82.46 81.4 80.66 82.81 83.83
73.41 81.02 81.49 86.5 82.09
86.59 89.86 88.77 84.1 88.34
88.36 89.95 90.18 90.72 90.6
85.66 90.12 90.29 90.37 89.87
94.47 93.17 92.61 92.82 93.36
92.16 92.06 92.61 92.35 91.7
91.48 91.93 92.78 92.66 90.53
89.45 91.1 91.62 90.94 89.16
92.79 92.34 90.04 91.09 91.96
88.87 87.03 90.98 90.98 85.7
85.73 88.91 84.13 85.88 88.17
89.59 84.42 87.52 86.95 86.77
83.68 88.5 89.51 90.47 89.23
90.05 88.55 85.19 89.86 88.53
87.47 83.29 87.83 84.52 78.72
87.48 87.09 87.09 87.55 75.78
82.73 80.93 85.17 87.53 85.49
88.24 88.22 88.17 85.95 84.22
88.5 86.91 80.06 80.56 82.03
76.03 73.45 70.55 74.48 64.29
66.51 60.1 59.88 50.65 54.1
50.68 38.78 40.61 40.7 37.31
38.87 42.41 39.44 42.79 42.63
45.55 49.14 47.19 47.08 55.92
52.59 55.07 56.32 57.69 58.61
60.93 59.89 63.33 61.86 67.3
64.03 65.93 73.86 76.02 72.43
74.68 81.3 85.25 80.19 78.93
83.66 83.79 76.98 78.87 83.96
78.51 84.51 80.68 80.76 82.15
78.56 77.95 80.75 78.94 70.14
69.66 75.7 73.39 76.24 72.97
76.24 77.61 74.84 78.44 79.65
76.68 81.52 83.77 80.1 83.01
88.43 85.04 86.54 88.98 89.91
85.98 86.54 87.87 88.22 84.47
89.37 88.99 83.87 85.33 88.37
85.61 84.66 87.06 87.64 84.46
77.95 83.91 81.41 77.28 76.25
78.37 73.67 60.43 56.23 66.73
53.27 43.44 43.74
