33.68 40.89 40.38 37.96 46.25
50.78 48.26 46.4 52.11 47.81
47.04 47.07 53.89 43.91 34.3
32.69 36.81 29.12 30.67 35.64
35.47 30.78 30.92 36.29 34.09
43.17 41.41 46.86 62.08 76.76
83.12 86.69 87.51 86.11 89.86
92.56 92.75 94.18 91.55 91.25
88.35 88.36 91.34 89.63 89.51
92.01 93.33 94.8 93.2 94.25
93.62 95.46 91.9 90.74 92.78
93.28 90.74 89.23 85.77 86.58
87.38 88.33 91.98 91.66 91.48
94.33 92.75 92.62 91.41 95.63
95.75 96.18 96.32 95.79 94.8
94.38 93.31 91.15 76.57 67.14
63.65 55.54 75.51 85.39 91.51
94.85 93.81 94.15 93.3 90.89
88.2 83.91 86.69 91.84 92.93
93.88 93.95 92.89 88.96 90.91
92.2 92.45 93.43 93.2 92.46
92.15 93.88 88.29 83.46 81.4
82.05 90.67 89.31 91.78 90.77
89.66 89.23 86.87 81.1 81.39
85.58 88.23 82.88 81.81 67.42
65.46 61.14 64.56 64.94 69.34
70.57 78.04 69.6 78.17 83.06
82.26 81.31 79.74 81.83 83.54
78.68 68.72 52.57 46.59 43.67
35.33 35.83 37.64 34.14 27.81
28.6 31.28 28.68 28.48 32.71
26.49 27.26 33.27 26.11 30.95
26.58 26.18 24.34 26.13 29.19
26.47 27.25 30.93 46.12 24.42
29.73 25.5 30.87 27.96 25.65
27.31 37.36 27.03 31.11 28.06
32.85 30.49 26.28 27.92 26.45
27.4 27.8 26.12 26.39 28.38
27.7 32.12 29.23 29.51 28.27
30.31 30.19 33.11 31.07 29.47
29.23 27.55 26.95 26.26 30.72
26.52 25.41 27.32 28.59 26.68
30.41 26.43 26.94 26.76 31.64
26.99 30.2 33.17 28.05 32.61
29.8 28.83 35.85 30.14 33.27
33.38 36.93 42.44 43.71 42.82
48.05 49.48 37.24 43.39 47.17
47.08 42.94 31.84 31.52 33.73
34.86 30.72 36.79 28.42 38.22
30.42 29.83 26.89 32.77 28.29
26.25 31.99 26.48 33.43 33.03
34.55 35.61 34.99 38.64 41.54
43.29 49.08 50.7 54.78 64.4
56.7 52.19 53.97 57.2 50.78
45.12 36.57 38.77 32.79 29.46
33.11 38.55 44.99 32.72 31.28
34.81 34 35.73 34.78 40.55
38.8 38.28 39.08 40.45 45.3
46.54 45.08 45.6 50.24 42.52
40 31.89 33.73 41.8 31.76
35.32 38.92 34.5 38.78 40.97
34.51 36.28 33.73 31.32 33.36
29.54 34.74 33.39 37.34 32.94
28.82 33.69 29.79 35.08 29.95
36.71 32.01 39.89 36.8 30.68
38.44 33.91 29.91 40.66 32.17
30.24 31.71 28.33 36.16 35.12
31.85 31.16 34.39 33.39 28.44
30.63 35.72 28.12 33.85 26.96
26.86 31.4 24.63 30.82 23.15
46.58 25.65 34.04 29.31 26.92
25.51 25.38 29.32 25.89 32.39
28.64 30.08 26.65 28.76 25.76
25.55 27.74 28.04 31.94 31.26
27.13 28.34 30.73 30.83 32.2
37.51 41.22 39.86 40.17 35.47
46.13 40.71 33.2 44.29 34.97
39.47 37.08 36.07 37.44 34.78
37.55 30.59 25.94 28 29.33
27.45 28.64 25.49 27.16 26.7
27.58 25.58 26.12 27.3 25.51
26.03 27.74 24.81 31.6 28.72
27.84 33.88 28.68 29.38 30.55
27.93 30.58 30.45 27.45 31.51
31.23 28.45 29.74 28.46 25.07
30.57 27.37 46.35 26.02 33.27
27.4 33.55 28.1 28.19 38.66
38.17 49.99 28.46 25.6 30.33
29.89 35.55 29.08 26.27 25.84
26.48 30.73 31.25 30.5 41.98
28.51 33.37 31.71 33.68 32.04
34.73 28.46 31.75 27.06 30.44
26.9 28.03 28.79 30.7 30.54
26.54 29.02 25.25 27.28 26.12
26 23.57 25.27 24.36 26.66
26.88 25.65 21.33 28.04 23.6
28.4 25.74 25.94 25 25.17
27.14 28.9 27.58 29.36 24.16
28.96 24.89 28.09 24.33 26.91
27.31 22.47 28.04 24.9 27.77
26.54 29.73 26.33 26.38 26.62
24.99 24.98 45.46 24.6 25.29
29.58 30.3 31.36 26.86 31.21
27.9 26.95 27.45 26.98 25.43
32.42 31.64 30.65 32.78 27.82
30.98 30.82 28.73 28.88 26.38
26.4 27.78 31.29 26.41 28.29
28.22 27.1 27.9 24.78 29.05
27.84 26.24 26.03 26.16 27.93
26.24 27.3 26.71 28.39 30.83
25.76 28.01 24.9 30.58 25.76
32.3 28.95 30.39 27.01 24.94
25 26.06 27.31 24.45 30.28
25.05 23.02 32.07 26.89 28.59
24.47 23.73 22.35 20.86 26.86
26.43 23.77 25.16 29.22 29.88
36.6 25.43 28.23 26.07 30.25
31.26 28.81 47.3 30.32 30.84
27.82 29.26 28.56 27.27 30.96
27.98 26.78 29.94 29.17 25.98
30.13 29.31 26.32 28.32 26.46
24.15 25.56 26.76 25.12 25.99
30.77 24.99 30.22 26.13 26.5
29.73 29.71 27.19 29.4 22.89
24.51 27.1 27.98 23.54 26.39
22.45 22.01 26.32 24.21 28.73
22.51 26.89 23.54 22.67 30.8
25.1 24.78 31.2 25.1 28.15
45.05 25.15 25.3 25.57 24.86
28.53 24.46 31.76 34.87 23.97
28.63 25.14 24.05 26.71 24.38
40.76 21.48 24.11 25.38 26.02
28.24 27.79 29.84 27.73 27.43
25.77 32.73 26.55 29.84 22.5
23.81 25.69 21.9 25.23 24.4
21.64 21.73 23.22 23.49 24.41
26.62 26.78 25.53 24.83 25.34
23.63 26.37 24.71 23.75 25.88
25.73 27.77 24.96 27.35 25.18
25.98 24.26 25 29.58 28.26
25.65 28.16 29.33 26.16 26.98
28.58 27.51 25.46 27.07 25.06
30.09 24.4 28.1 33.17 30.05
29.13 29.9 30.8 28.55 32.74
29.04 27.97 28.3 37.11 32.76
38.65 36.79 35.24 36.65 42.19
42.56 44.98 56.93 62.48 62.92
65.38 61.06 54.82 61.09 57.15
51.63 47.32 49.88 41.25 34.73
33.39 34.07 32.44 33.47 31.18
31.25 25.06 26.72 25.38 25.54
27.98 25.64 27.87 24.44 29.83
26.94 27.21 27.88 26.05 28.66
24.99 26.47 25.36 27.53 28.6
40.46 28.31 39.83 34.53 34.94
35.01 34.54 33.39 32.54 30.97
27.39 25.48 27.1 27.39 36.34
32.28 33.37 37.5 29.5 31.24
30.34 28.74 29 30.45 27.57
30.8 32.36 25.94 31.34 29.01
28.44 25.03 29.81 28.78 37.64
48.89 28.58 31.39 23.86 28.78
28.32 29.11 28.21 31.37 45.41
23.61 27.27 29.14 35.45 28.75
27.67 33.66 26.99 30.36 28.5
27.24 29.46 26.5 29 23.92
25.56 26.09 26.11 26.49 25.04
29.48 23.82 37.21 31.31 25.61
25.33 24.74 26.76 27.77 26
25.64 24.7 28.6 26.4 24.76
28.62 26.67 28.26 26.4 27.62
25.27 27.31 29.64 24.54 25.48
22.97 22.9 29.88 23.07 21.75
22.33 28.16 26 23.38 24.19
43.44 22.3 23.24 22.75 21.9
22.8 27.12 23.64 24.29 27.95
27.8 26.62 30.27 29.76 27.92
24.18 24.58 24.81 26.13 27.05
27.83 24.34 26.66 22.58 25.93
24.48 29.08 24.33 32.34 26.43
24.87 26.37 27.38 25.72 24.57
22.7 24.8 25.59 26.48 25.34
27.53 31.04 26.52 35.02 29.24
35.14 38.92 39.96 47.46 49.96
54.46 62.82 74.79 80.01 86.51
88.53 83.47 84.3 89.47 87.38
79.97 79 78.53 78.24 80.79
81.56 78.34 83.26 87.72 85.7
82.98 87.24 90.69 88.88 89.04
87.89 90.87 91.07 92.47 91.81
93.78 94.24 92.14 93.71 95.35
92.78 90.96 91.98 91.41 89.81
86.82 86.84 84.33 82.94 82.85
80.28 79.02 76.25 78.54 83.37
81.7 83.74 86.73 87.92 87.59
91.83 91.37 90.77 95.12 94.31
93.22 94.08 96.23 92.6 94.88
94.77 94.09 93.35 93.38 92.58
91.07 90.84 90.36 85.76 86.01
83.33 80.12 76.1 77.99 75.99
72.37 70.85 67.1 65.14 47.22
49.15 49.8 54.07 43.08 58.48
63.4 67.93 76.22 81.99 81.32
82.14 87.09 88.04 89.93 91.37
93.28 93.27 93.8 92.97 94.35
94.16 93.11 90.71 87.5 87.27
82.22 75.39 65.27 48.48 41.45
38.42 36.49 31.01 31.41 30.53
25 25.68 24.96 26.57 49.21
31.47 24.89 25.2 25.83 23.6
28.33 23.32 25.63 25.21 29.28
27.6 23.64 29.77 27.26 30.2
25.1 28.21 25.18 24.97 26.48
22.58 24.96 24.56 26.84 24.66
27.72 28.52 27.73 23.3 26.8
27.66 23.92 27.01 28.83 27.46
24.41 40.31 24.9 24.71 22.21
25.15 22.32 23.25 21.79 27.53
22.93 22.45 26.78 21.33 23.8
22.3 23.25 23.22 23.95 27.34
22.8 28.66 22.81 26.65 23.43
29.29 25.06 30.7 27.37 35.57
30.4 31.61 24.06 23.95 31.69
22.11 24.21 27.63 44.47 24.12
23.52 32.34 26.27 24.9 26.3
25.43 26.48 23.16 29.94 24.59
28.65 25.24 27.19 31.13 27.8
35.39 34.86 39.61 37.05 49.06
52.32 46.42 56.68 57.74 61.89
70.64 71 67.47 71.31 73.61
70.93 69.99 63.8 68.57 71.79
65.8 67.85 64.17 59.72 59.72
61.56 57.34 54 43.32 44.71
50.81 50.08 48.48 44.04 47.95
40.44 43.22 34.01 52.88 56.91
45.91 51.37 60.29 59.65 62.3
68.87 76.54 78.66 80.29 80.61
83.29 83.64 86.05 87.28 88.77
85.39 86.31 85.91 83.56 85.34
81.37 78.36 75.41 71.36 71.84
67.63 57.85 59.8 52.73 47.25
46.55 43.6 45.4 46.82 45.46
45.28 60.08 58.06 63.75 67.08
74.82 79.93 79.39 83.22 86.16
89.3 87.22 89.11 86.08 91.42
90.29 90.7 92.41 92.44 89.8
93.69 93.55 94.46 93.99 93.63
94.05 93.57 94.06 95.04 94.53
93.21 95.28 92.46 92.31 94.67
93.41 89.22 93.1 91.79 92.04
89.03 91.25 91.75 90.55 89.31
89.14 90.39 89.77 89.65 91.2
91.8 92.51 93.01 92.2 93.96
94.21 94.4 94.94 94.9 95.36
95.37 95.89 93.8 94.84 95.6
94.07 94.64 94.97 94.82 95.17
94.83 95.03 94.43 95.13 94.97
94.85 94.65 95.45 92.68 94.83
93.77 91.84 92.13 93.51 92.85
92.25 90.99 94.47 93.57 92.35
92.51 93.45 94.84 93.24 92.56
92.58 92.79 94.1 94.88 92.11
93.14 93.64 94.9 93.58 94.17
95.21 94.7 93.47 94.65 93.86
92.33 94.16 92.62 90.21 91.26
92.51 90.74 91.98 91.67 93.14
92.96 93.49 93.21 92.82 92.32
93.47 92.96 91 90.35 92.46
95.35 91.81 93.39 92.75 92.51
91.68 92.5 92.72 92 90.35
91.34 91.97 93.4 93.88 92.63
95.1 94.46 95.4 94.38 94.03
94.34 94.6 94.43 95.05 94.72
94.31 95.15 94.62 95.96 96.84
96.35 95.87 96.32 95.57 95.59
95.46 94.08 96.09 94.42 95.33
94 96.58 95.45 94.79 96.4
95.51 94.34 96.03 95.75 95.43
93.87 94.34 94.72 95.35 93.91
92.19 93.08 92.58 93.89 93.06
93.19 93.38 91.78 91.7 90.18
90.49 85.46 84.49 85.73 80.44
80.88 74.63 73.1 70.46 58.05
56.46 50.35 46.78 38.64 32.14
35.75 29.28 30.48 31.65 29.49
27.34 25.18 29.79 30.57 33.75
32.03 31.32 31.7 35.28 38.48
41.08 34.42 37.45 41.99 39.65
45.83 63.66 70.25 72.85 73.02
72.39 67.69 71.04 72.28 69.95
67.05 69.52 65.7 59.41 65.1
69 75.65 78.12 81.87 83.4
86.85 85.95 87.83 89.01 93.42
93.27 93.53 92.79 91.36 94.18
93.58 94.91 94.75 94.69 94.43
95.63 95.78 95.43 95.62 94.59
95.21 95.99 95.34 93.94 94.71
93.83 94.98 94.83 94.85 95.49
95.2 94.72 96.59 96.84 96.54
95.91 97.08 96.51 96.12 97.18
96.61 95.08 97.15 96.22 95.58
95.1 96.22 95.24 94.73 94.74
95.89 96.01 93.39 95.87 95.09
95.6 94.38 95.99 95.37 94.66
94.33 94.77 95.92 94.73 95.46
95.54 95.53 96.65 94.15 94.18
88.18 94.3 96.15 94.4 94.78
95.85 95.08 88.71 90.13 94.14
92.82 88.95 94.53 93.58 93.69
91.14 92.73 94.48 94.57 93.18
94.21 92.28 94.28 95.55 94.95
93.3 95.33 94.97 93.38 95.73
93.24 94.02 94.44 94.32 94.1
96.45 96.93 96.64 94.08 96.87
96.1 95.19 95.06 96.12 95.04
95.69 94.65 96.21 93.86 94.9
95.13 94.89 94.54 93.49 95.32
96 96.46 97 96.16 95.36
94.98 95.94 95.87 95.5 95.93
97.14 96.82 97.31 97.05 97.14
95.73 97.26 97.73 96.27 95.98
96.11 96.3 95.35 94.97 95.56
96.2 94.97 96.02 94.56 93.88
96.29 94.75 94.49 95.51 95.66
95.81 96.97 95.37 94.32 96.12
93.64 91.34 91.97 89.44 89.52
88.86 89.03 80.63 79.98 72.1
68.1 57.87 45.9 39.9 40.92
38.86 31.59 32.48 30.12 37.79
29.55 39.9 29.78 28.26 36.73
26.36 31.03 27.04 29.64 38.32
40.38 30.02 28.39 40.41 37.15
28.53 35.06 31.19 30.53 30.7
36.42 30.86 31.89 36.84 33.75
43.62 37.35 38.12 34.36 31.95
28.7 28.31 33.54 39.63 44.04
32.94 29.89 30.53 32.72 50.58
48.84 30 30.78 42.04 28.41
26.62 29.32 26.32 30.65 27.76
32.62 29.73 33.61 42.47 48.3
32.15 29.2 28.98 30.96 27.69
28.83 33.5 28.39 31.74 39.41
30.53 31.94 26.61 35.48 27.6
29.77 31.25 30.86 27.23 32.13
29.19 31.69 31.01 42.85 25.95
44.95 33.21 29.48 38.12 29.68
34.15 31.44 32.5 27.1 26.56
27.72 32.32 27.09 31.58 28.19
30.52 29.1 26.13 31.73 32
49.76 30.59 29.18 35.88 31.22
38.76 30.22 30.88 28.03 33.04
28.92 30.46 31.08 39.96 32.07
30.23 37.56 35.24 33.46 29.52
34.03 26.37 29.36 32.13 28.78
31.63 28.55 30.09 35.25 31.13
31.48 31.9 42.11 36.73 37.88
39.08 39.39 37.41 32.72 39.85
33.54 46.3 40.5 34.88 32.05
28.92 31.81 43.62 39.23 30.08
44.22 38.29 29.48 41.03 33.63
39.85 43.56 37.94 30.19 30.22
42.41 31.89 31.59 35.43 36.45
42 29.72 27.7 27.61 30.39
30.2 34.29 31.92 40.91 31.61
33.79 40.18 37.66 28.55 31.55
29.64 33.31 33.51 42.65 27.74
32.67 49.88 31.66 38.24 32.08
36.35 50.94 37.56 29.45 31.19
45.84 28.91 32.94 34.09 28.38
29.55 31.06 31.4 31.38 39.61
29.87 31.81 36.19 29.91 29.36
46.87 28.05 28.83 28.72 31.78
43.04 50.59 36.69 28.93 35.56
32.22 43.5 32.22 33.14 33.26
38.58 42.53 50.36 35.92 29.77
32.85 26.99 33.45 33.79 30.92
45.1 31.35 29.55 31.56 36.6
30.99 31.49 46.51 44.5 39.18
31.26 29.6 33.84 30.86 31.13
32.95 32.44 34.2 28.71 34.22
31.66 37.83 33.15 32.62 34.21
32.74 44.31
