44.84 50.29 57.57 72.18 69.83
67.03 67.36 63.74 66.43 63.17
62.63 65.71 71.05 79.99 83.04
83.22 83.03 83.35 85.22 84.5
83.81 83.13 84.9 84.03 83.13
81.77 79.65 82.27 83.15 79.93
80.82 77.54 75 77.16 71.59
72.98 74.57 76.34 68.52 76.4
78.87 84.67 86.67 87.52 86.79
84.8 83.87 81.51 78.06 79.68
79.6 75.96 79.72 84.13 83.63
86.72 85.32 87.88 88.57 86.48
86.03 87.96 88.16 84.96 83.1
82.1 81.89 86.05 88.41 90.12
91.87 89.91 91.42 88.69 87.28
79.03 70.7 62.15 54.93 53.85
43.39 36.2 38.25 32.38 39.46
39.1 44.26 40.14 40.47 46.83
42.5 42.22 49.24 52.94 62.11
71.73 77.33 73.8 76.68 71.48
79.64 82.63 85.68 87.83 89.52
91.35 90.93 92.48 92.83 93.28
92.33 93.48 93.4 89.77 89.61
90.37 90.19 87.83 86.93 85.81
87.88 90.58 91.86 93.59 94.45
93.86 93.43 92.35 87.08 89.53
87.01 90.32 89.18 91.02 92.24
92.88 94.22 94.6 94.48 94.49
93.31 92.99 91.21 92.05 90.64
89.51 90.04 86.42 89.48 92.36
92.35 93.39 94.88 95.02 94.35
91.78 91.14 91.49 88.88 90.99
92.04 94.12 93.51 93.65 95.08
94.93 94.65 94.28 91.82 90.57
87.56 89.08 86.98 80.66 83.43
79.12 86.01 90.77 91.29 92.45
94.82 95.36 95.62 94.1 91.49
93.02 92.92 95.5 95.54 95.6
96.13 94.58 95.48 95.87 95.46
94.87 94.43 93.91 91.41 91.61
91.71 90.95 90.1 89.54 91.17
88.57 88.32 87.48 87.91 84.48
84.07 85.06 83.17 79.58 80.71
77.46 74.9 71.15 70.35 69.62
70.36 71.43 72.26 68.69 68.25
79.99 80.28 86.23 91.74 91.36
93.61 95.38 95.86 95.63 94.57
93.96 94.42 91.91 94.56 95.71
94.93 96.76 96.65 95.91 96.81
97.12 96.56 97.02 96.13 95.07
94.18 94.64 93.22 89.69 91.76
89.26 89.72 92.47 91.93 93.59
96.21 95.92 96.48 95.18 94.76
96.27 94.07 96.72 96.35 96.09
96.16 96.05 96.62 96.93 96.89
96.88 95.66 95.74 95.19 94.02
92.64 91.34 92.25 88.59 88.24
91.72 90.68 91.8 94.66 93.31
94.32 91.21 92.05 94.36 91.83
94.18 94.01 94.38 92.6 94.18
94.37 93.33 92.76 94.16 93.17
90.85 91.47 90.51 89.83 87.48
87.88 85.41 73.79 67.1 55.81
53.79 48.22 47.31 46.3 49.35
46.21 51.9 48 45.13 37.75
39.85 32.09 32.57 27.95 27
32.16 28.17 35.31 29.44 28.67
31.66 28.45 31.65 26.85 29.95
38.03 35.34 34.51 36.78 33.89
34 31.06 46.27 36.88 40.04
35.87 30.82 44.12 32.18 32.13
32.62 28.35 27.74 29.33 26.76
25.78 26.68 27.59 26.68 24.59
22.03 24.24 22.51 24.36 23.65
25.22 27.59 26.68 33.38 27.64
27.88 32.2 33.48 35.52 44.88
52.45 65.08 66.07 60.08 65.99
67.71 60.02 65.62 75.35 70.1
75.95 59.67 61.78 71.6 62.79
60.12 66.3 68.28 47.39 43.2
44.58 35.31 31.08 30.23 31.93
29.78 29.55 29.58 27.53 27.43
28.76 29.16 24.38 26.85 26.75
31.01 24.11 27.11 31.12 23.52
26.81 28.58 31.58 26.72 28.62
27.48 32.77 26.72 29.89 30.45
35.37 26.3 28 29.01 27.21
34.3 27.07 28.04 28.72 24.26
33.24 31.09 23.75 32.34 28.12
35.89 31.52 33.81 42.74 49.4
51.93 54.93 62.23 72.85 75.92
77.66 82.21 84.45 87.74 89.71
91.4 92.05 91.98 92.96 93.36
91.91 94.94 94.5 93.61 95.01
95.54 94.33 95.35 96.2 95.78
95.03 95.59 96.22 95.81 95.29
95.99 96.22 95.9 96.04 95.96
96.63 95.1 95.27 95.96 95.7
93.44 95.29 96.46 92.06 93.39
93.96 92.63 89.23 91.59 89.68
86.99 82.27 83 81.12 78.54
77.62 75.82 74.71 72.92 70.1
66.89 67.91 69.73 65.92 65.45
70.9 74.44 78.34 82.28 80.48
79.29 81.78 85.22 84.32 86.51
86.83 87.32 88 85.77 83.38
84.94 80.21 81.04 82.59 81.34
79.72 81.11 79.48 71.69 76.33
79.6 73.02 74.2 65.67 64.14
64.87 62.17 62.03 59.87 65.98
63.89 60.59 56.93 53.97 54.69
50.79 53.77 38.54 37.34 39.13
32.3 31.1 30.49 24.29 25.42
25.13 21.45 23.07 28.82 26.99
23.58 44.26 33.5 24.11 19.73
24.81 22.27 20.73 21.39 21.42
21.29 22.09 24.06 19.67 25.46
22.45 38.3 27.52 23.45 28.1
27.87 23.69 28.97 25.99 25.46
28.76 26.47 30.26 24.29 27.16
27.71 26.42 30.93 27.62 30.4
28.47 31.83 31.71 33.36 26.89
28.57 28 29.14 28.47 27.11
26.42 26.75 25.69 25.95 26.37
26.05 21.57 24.25 21.44 24.68
20.97 23.48 21.01 22.49 25.39
20.74 28.19 23.07 23.94 24.02
39.74 25.84 21.27 22.58 23.47
20.37 27.82 22.96 29.3 23.74
26.36 24.81 25.33 26.45 24.92
23.79 24.02 25.97 20.53 25.32
23.29 30.52 25.47 20.8 23.26
21.97 23.16 23.15 20.77 27.06
22.92 24.2 27.83 22.77 29.75
22.78 29.82 27.11 22.38 27.68
28 23.24 25.36 26.65 28.25
24.89 30.55 24.91 26 25.93
35.63 32.07 26.04 42.91
