30.95 28.61 35.26 31.48 38.64
37.42 36.72 36.04 31.37 37.06
30.86 30.67 34.79 35 34.46
32.48 39.01 36.72 33.74 40.19
41.78 46.09 46.18 46.37 44.98
46.06 46.69 45.42 53.2 48.53
52.53 52.94 48.61 45.73 50.54
50.3 49.44 42.48 48.09 54.93
66.03 77.38 85.28 85.14 91.9
91.11 93.86 95.95 95.92 96.72
97.12 97.71 97.89 97.72 97.31
97.99 96.41 96.04 96.31 97.85
97.78 97.34 98.12 97.38 98.05
98.28 97.93 97.43 97.73 98.26
98.03 98.01 97.94 97.02 96.77
96.05 95.65 93.73 91.39 90.19
84.2 86.22 90.04 88.95 92.05
95.19 97.3 97.92 98.52 98.08
98.72 98.42 97.8 96.8 95.86
96.67 97.84 97.69 98.24 97.19
97.43 98.42 98.24 97.7 97.54
98.22 97.87 97.2 97.33 96.5
95.46 92.04 92.97 95.45 95.48
95.67 95.46 95.28 96.11 97.83
98.02 97.89 98.05 95.51 94.9
93.59 94.96 96.55 95.54 94.35
93.92 87.08 93.01 95.27 94.29
96.24 97.45 97.43 97.33 97.41
97.63 97.73 95.65 95.95 97.28
95.3 92.93 92.87 94.38 92.09
89.72 89.46 89.55 88.8 92.39
95.39 97.93 98.43 98.59 98.25
96.76 95.76 96.2 93.93 93.94
94.99 92.63 90.1 91.01 94.88
95.42 93.64 94.28 94.43 91.42
89.81 91.98 93.88 87.58 81.26
69.5 64.62 60.22 57.61 57.16
58.99 64.24 72.31 85.04 90.33
92.15 95.21 97.78 98.38 98.7
98.33 98.43 97.6 96.73 96.52
95.88 97.08 96.56 97.83 98.27
97.61 97.2 98.16 97.94 97.07
97.04 97.46 96.56 96.36 96.71
96.26 97.3 95.32 95.39 96.31
96.94 98.11 97.11 96.47 96.35
97.28 98.18 95.21 95.36 96.85
96.36 93.66 94.23 95.39 93.42
90.91 91.93 91.89 89.05 88.31
92.29 89.41 92.03 85.82 82.89
87.89 88.62 92.51 89.67 87.94
89.13 90.76 93.55 95.4 96.2
96.3 96.92 98.43 98.46 98.69
98.49 98.14 98.25 97.47 96.98
96.78 98.11 97.84 98.04 97.75
97.68 97.99 97.75 96.08 96.34
96.8 95.52 93.1 94.01 94.8
94.37 93.16 92.44 94.53 95.02
95.27 95.1 97.1 97.27 96.86
96.6 96.3 95.74 94.95 94.85
95.3 96.56 96 94.32 90.21
90.68 91.6 93.98 94.51 97.46
96.95 95.35 94.66 95.8 96.96
95.42 94.65 95.85 94.95 95.09
95.2 94.97 94.08 94.38 93.01
88.29
