53.13 58.7 54.15 54.52 56.67
61.74 64.4 67.82 64.24 69.66
71.27 69.74 68.75 65.94 62.53
60.71 59.55 56.81 54.94 57.17
58.09 59.77 64.37 63.7 62.99
75.33 85.48 90.39 89.93 92.88
93.6 94.2 94.94 95.03 95.82
95.11 96.21 95.64 95.72 95.34
95.32 95.65 93.61 94.33 93.49
93.58 92.04 91.24 89.71 86.84
87.65 86.22 80.94 79.47 83.96
82 81.62 79.4 79.95 77.24
71.44 77.07 73.66 80.32 87.85
87.51 92.98 91.59 92.16 94.33
95.23 93.68 93.86 95.43 95.77
94 94.67 95.73 96.44 97.51
98.18 98.57 98.65 98.77 98.61
97.41 93.95 93.5 97.12 98.17
98.55 98.61 98.31 97.8 97.91
97.86 97.32 97.6 97.33 97.31
96.79 96.74 96.45 95.22 94.95
93.2 93.5 90.97 87.83 82.78
78.16 81.1 76.2 69.49 63.17
53.82 43.41 46.71 46.77 40.91
44.53 35.39 36.87 32.03 32.03
27.36 28.36 29.67 26.14 29.55
29.15 27.6 29.06 28.33 33.71
29.63 27.26 30.03 28.4 32.33
28.05 29.32 29.8 25.73 25.27
30.47 28.61 27.58 30.52 26.05
27.74 26.31 31.04 29.84 28.43
29.11 26.9 27.33 34.02 52.35
60.35 64.94 70.6 74.9 76.52
77.49 83.86 92.92 96.1 97.62
98.1 98.31 96.32 95.43 93.12
94.39 95.64 96.84 95.68 97.4
98.12 97.12 97.81 98.15 97.77
96.78 96.35 95.38 94.43 93.63
92.44 94.78 96.18 97.98 98.36
97.93 94.27 88.3 87.25 78.8
80.01 83.87 84.14 80.76 80.7
87.96 91.71 88.69 90.46 95.54
94.2 91.73 93.31 94.07 95.63
95.24 95.48 96.38 96.81 95.09
93.15 91.12 89.65 89.79 88.83
87.74 84.55 88.18 89.31 87.96
89.63 91.2 91.89 92.86 92.6
90.5 92.43 92.57 90.74 91.82
91.31 93.56 94.18 93.75 91.96
80.91 70.53 70.05 75.08 82.87
82.21 83.11 84.37 89.82 88.41
90.96 92.89 91.42 90.48 90.92
92.8 92.29 91.52 93.56 93.75
93.06 92.19 90.62 91.16 89.25
87.97 88.11 89.07 90.61 88.67
88.85 87.97 90.06 89.83 92.63
93.7 95.14 95.71 97.79 98.09
96.66 90.98 82.1 69.14 59.83
55.24 59.06 57.96 69.83 80.06
86.68 93.33 95.15 96.8 97.23
95.61 94.33 93.73 95.35 95.71
94.92 94.72 96.44 96.92 96.17
97.43 97.86 96.48 96.4 96.2
95.03 97.6 95.71 96.73 97.32
98.33 98.69 98.83 98.63 98.37
95.52 93.31 91.52 96.42 94.02
91.44 94.72 92.48 95.58 97.71
97.67 97.2 98 98.51 98.36
98.17 98.39 97.55 96.62 96.51
97.53 98.28 98.8 98.81 98.75
98.54 96.53 91.81 88.32 90.67
93.34 90.04 92.8 94.38 96.51
96.42 95.33 95.68 96.67 95.52
95.28 96.16 96.45 98.09 98.3
98.57 97.58 97.67 94.09 86.69
82.39 79.93 88.33 90.55 83.77
84.88 92.71 90.23 85.54 89.33
89.74 91.54 90.16 91.91 91.95
93.28 87.65 85.34 93.36 95.17
97.39 96.79 97.39 97.07 96.89
93.91 90.52 85.42 86.41 79.47
79.25 77.62 82.89 89.97 88.3
89.23 92.16 92.82 92.63 93.8
94.26 79.23 84.15 93.5 94.35
94.89 95.49 94.8 95.2 95.13
93.19 92.42 90.57 89.15 86.85
92.52 94.49 94 95.78 95.56
95.46 93.81 93.23 91.24 91.95
89.39 84.96 93.22 94.39 95.3
94.12 93.37 91.94 90.36 91.31
93.35 93.69 92.34 91.67 93.81
95.02 96.7 97.1 97.7 97.86
96.57 91.72 85.95 75.38 70.92
80.41 81.99 88.42 93.53 95.51
96.29 96.21 95.94 93.66 94.67
97.07 97.45 97.23 96.37 96.58
94.07 91.98 93 93.93 92.16
95.58 95.96 97.37 97.72 97.39
97.23 96.05 93.13 88.1 85.2
90.56 93.59 94.15 93.26 93.35
93.31 92.82 86.62 82.65 83.45
85.63 83.08 85.13 81.86 82.83
91.51 94.3 95.3 95.37 96.2
97.33 96.89 95.92 95.73 95.01
96.64 96.31 97.35 96.6 95.23
93.97 91.23 92.41 93.52 95.41
95.2 95.76 93.57 90.94 90.56
92.95 95.39 96.18 94.57 91.58
88.78 85.55 84.52 78.64 75.11
76.25 75.79 81.58 79.51 84.62
78.85 70.95 79.54 75.18 80.69
83.71 89.69 83.77 84.92 91.67
90.87 86.35 90.61 94.62 88.21
88.96 92.72 90.93 94.17 93.68
89.75 90.19 92.16 91.78 93.02
92.11 90.34 92.18 89.33 88.51
84.53 80.13 80.68 74.54 81.74
86.94 92.17 93.8 96.15 96.77
96 96.38 94.82 94.65 90.01
86.73 89.46 90.62 93.06 95.32
95.97 96.94 95.57 96.28 96.7
96.03 95.25 95.14 93.72 92.44
93.76 90.85 90.19 85.66 89.76
86.26 89.07 94.61 95.63 95.45
96.96 97.59 96.62 96.18 93.56
89.09 85.96 83.37 74.34 72.95
70.39 64.55 63.26 70.48 68.88
72.38 74.63 79.92 76.71 82.68
87.27 86.26 85.73 89.81 90.6
93.53 92.75 93.27 90.01 89.23
90.18 90.86 93.11 95.66 97.34
97.27 96.38 94.8 90.77 82.14
84.18 87.8 90.47 94.56 96.27
95.51 96.1 96 93.92 92.6
92.77 93.36 93.23 92.09 90.49
89.7 88.27 87.13 79.68 81.14
78.96 77.58 76.4
