35.88 37.15 34.65 34.87 35.03
35.41 32.41 30.55 31.69 30.05
29.03 26.75 26.87 29.1 27.75
36.53 31.31 32.19 36.37 31.37
31.27 32.7 36.45 38.33 42.16
46.12 47.91 52.59 59.8 70.5
80.35 88.25 92.23 94.59 95.19
95.35 95.73 93.23 94.76 96.98
96.36 98.43 97.69 95.67 95.85
98.35 98.42 98.01 98.24 98.38
98.23 97.44 97.21 97.66 96.24
96.91 97.84 97.84 98.08 97.96
97.73 97.3 96.11 96.55 94.81
96.08 96.98 96.38 96.94 96.49
95.94 97.03 96.63 94.78 95.31
95.31 96.37 97.8 97.87 97.79
96.51 97.16 97.23 93.42 93.37
95.56 93.68 90.75 91.87 96.25
95.83 95.58 87.39 85.1 90.64
92 94.98 92.13 92.64 89.76
87.87 83.45 86.09 83.73 90.76
89.87 93.94 92.69 91.65 94.3
95.15 94.6 94.25 95.4 95.79
95.9 95.03 94.61 95.53 96.66
97.82 96.43 96.62 97.03 97.63
96.21 96.7 97.28 97.69 97.61
98.12 98.07 98.64 98.72 98.67
98.63 98.25 95.91 95.2 91.05
93.86 98.13 98.76 98.71 98.88
98.81 98.84 98.29 97.52 97.99
98.04 97.45 98.45 98.89 98.76
98.83 98.8 98.67 98.76 98.8
98.49 98.47 97.7 96.95 91.46
89.22 87.67 93.67 92.08 93.75
94.86 95.1 95.44 93.91 91.1
88.49 93.1 94.33 93.86 94.61
96.47 97.56 98.29 98.53 98.61
98.65 98.64 98.58 98.63 98.42
97.4 97.81 98.16 98.3 96.52
97.36 97.45 96.03 94.66 92.74
95.35 95.19 95.01 96.29 96.34
97.58 98.17 98.14 97.12 96.12
97.91 96.72 95.51 98.44 98.51
98.49 98.52 97.13 97.55 98.11
97.65 97.7 96.65 97.62 97.22
97.57 98.45 98.51 98.38 98.74
98.71 98.4 98.15 98.8 98.95
98.94 98.92 98.64 98.05 97.51
95.96 95.95 96.5 94.93 95.48
96.82 96.78 96.68 97.94 98.24
97.85 98.38 98.8 98.58 98.61
98.83 98.87 98.69 98.83 98.74
98.65 98.28 97.91 97.18 97.55
98.13 97.59 98.05 98.03 98.75
98.88 98.91 98.85 98.6 97.94
97.17 96.55 96.24 93.88 93.11
91.48 94.34 94.65 96.48 96.5
97.31 96.99 97.83 98.78 98.8
98.53 98.73 98.82 98.77 97.99
98.59 98.3 98.6 98.59 97.94
97.82 96.18 97.13 97.93 96.96
97.3 98.55 98.66 98.79 98.86
98.83 98.6 98.69 98.88 98.94
98.87 98.74 98.41 97.99 96.99
95.79 94.41 89.37 88.39 92.5
92.09 86.77 87.94 84.19 90.47
87.85 92.39 94.12 91.92 92.36
96.15 96.22 95.54 96.92 96.84
98.19 98.22 97.86 98.61 98.79
98.77 98.69 98.85 98.91 98.84
98.68 98.52 98.57 97.99 98.62
96.81 95.17 94.48 92.38 92.07
89.18 82.54 85.43 95.04 97.68
98.37 98.81 98.8 98.58 97.38
94.08 88.16 84.73 85.53 84.41
90.56 91.91 93.53 94.95 95.88
96.56 96.73 96.53 98.14 98.34
98.24 98.44 98.61 98.65 98.26
97.96 98.15 95.53 96.04 98.42
97.91 98.51 97.89 97.56 96.94
94.83 94.78 89.12 82.81 84.75
90.53 93.43 95.71 97.4 98.21
98.07 98.21 98.68 98.63 98.69
98.71 98.43 98.29 98.71 98.62
98.82 98.86 98.68 97.09 95.32
94.86 94.18 94.32 95.8 97.66
98.23 98.66 98.69 98.71 98.85
98.74 97.85 95.62 96.11 98.22
98.61 98.72 98.48 97.7 95.13
94.88 92.4 90.48 87.5 89.23
88.91 90.65 92.81 95.91 95.68
96.05 96.94 97.57 96.9 97.38
97.07 96.07 97.19 97.72 97.84
97.31 96.02 89.73 85.36 88.63
85.7 91.86 93.75 93.69 95.36
93.93 93.17 88.88 82.73 83.38
80.09 81.11 76.12 80.71 77.66
83.22 85.11 84.06 86.52 88.2
90.03 91.63 94.33 95.66 96.78
97.19 98.01 97.9 96.96 97.1
98.01 98.2 97.73 97.99 98.56
98.4 97.71 98.28 97.77 96.08
95.79 95.91 93.47 92.82 93.26
89.83 88.51 85.57 69.88 59.4
49.69 44.85 44.97 42.31 48.56
45.83 38.48
