45.35 42.73 41.35 42.68 40.48
38.32 38.31 41.92 48.5 55.53
49.75 55.55 54.65 58.9 57.28
69.58 65.37 61.9 68.6 76.01
63.44 61.04 75.67 72.86 70.79
71.65 72.52 67.64 70.82 74.94
75.11 65.62 70.22 65.12 57.28
63.18 56.91 54.65 51.74 41.68
42.48 32.95 30.65 32.9 38.73
31.43 35.84 33.5 30.56 48.05
28.36 28.96 32.93 29.57 54.75
37.23 34.3 30.78 37.59 27.84
39.95 36.33 43.71 48.33 50.39
44.08 52.61 41.57 49.55 42.28
41.37 44.4 36.68 46.3 48.13
62.66 75.64 88.69 95.33 97.23
96.05 96.49 96.72 95.49 95.63
95.19 93.88 93.22 92.14 92.93
93.97 95.66 96.48 96.55 96.61
96.55 96.77 95.81 96.26 93.07
91.8 90.63 94.11 94.85 96.54
97.43 97.78 97.14 96.32 97.5
97.16 96.26 96.2 96.08 95.72
93.61 95.5 95.09 93.98 95.84
95.76 96.76 96.92 95.64 95.84
96.19 96.35 96.87 96.99 97.15
96.17 95.46 94.19 93.97 92.88
93.63 91.05 91.19 89.25 89.85
90.38 92.7 91.25 89.64 89.14
87.79 89.46 92.29 93.51 93.9
91.95 92.09 94.89 93.27 92.68
93.2 93.72 93.41 93.86 94.05
94.35 93.5 93.44 95.43 91.86
90.68 94.82 93.69 89.27 90.52
94.78 90.34 88.5 91.81 90.63
86.77 86.36 86.61 85.68 82.85
81.97 82.46 78.89 77.04 79
78.89 69.76 67.32 67.82 72.32
69.6 64.91 61.98 74.48 77.25
80.5 82.24 83.77 87.26 86.39
86.01 90.36 89.23 89.12 90.5
92.32 90.01 90.71 93.59 92.02
92.07 93.21 94.2 92.54 92.44
94.36 93.56 91.45 94.1 94.45
92.17 93.64 94.93 93.84 92.9
93.53 95.28 93.75 93.87 94.52
93.3 92.21 94.01 93.23 92.31
92.83 94.75 96.01 94.63 95.49
93.19 89.67 80.14 64.37 47.9
47.45 39.31 41.52 52.99 44.56
39.38 34.97 32.27 39.12 31.96
32.3 27.3 30.86 23.58 33.84
26.05 22.72 28.3 24.19 27.29
24.11 27.51 26.04 23.54 29.45
29.76 29.81 27.84 26.3 35.13
31.28 29.95 36.14 32.9 26.29
37.11 31.68 28 35.93 30.81
35.36 34.14 31.95 36.5 24.42
41.83
