38.98 52.42 60.36 64.9 64.86
72.22 80.85 85.58 87.12 87.38
90.38 93.03 92.65 93.94 91.4
91.1 92.87 91.97 93.16 92.87
94.23 92.47 89.59 88.71 90.41
93 94.22 95.3 95.2 95.55
94.41 92.41 92.25 92.56 93.49
94.85 94.48 94.98 93.99 94.1
94.11 92.69 91.39 91.58 86.01
82.51 85.68 86.98 90.26 89.77
86.38 87.8 90.01 88.51 89.85
91.19 88.96 81.31 85.36 86.42
87.12 86.15 88.13 91.3 93
93.64 94.71 93.5 93.56 93.66
92.11 89.18 88.98 87.33 79
73.9 66.04 62.79 58.06 54.82
55.2 54.57 59.8 66.49 63.99
71.82 69.1 72.88 78.99 86.99
88.91 92.02 91.03 93.93 96.23
95.85 94.93 96.74 97.45 96.35
96.43 97.88 97.5 95.92 96.09
96.82 94.74 93.59 93.55 92.37
87.2 81.06 70.82 66.36 59.69
55.45 53.88 42.89 43.09 37.06
38.72 42.53 45.37 46.87 53.51
64.58 75.43 85.86 92.52 92.05
91.88 93.26 95.92 95.43 94.33
96.75 97.19 96.13 96.52 97.73
96.97 95.87 96.7 95.7 95.71
93.67 92.85 93.67 93.2 94.45
96.51 96.68 96.28 97.87 98.13
96.98 97.59 98.44 97.96 97.09
98.14 97.97 96.65 96.05 97.28
95.93 93.18 93.49 94.02 91.9
90.01 87.87 87.12 85.81 83.76
86.02 86.26 87.81 90.32 93.18
93.8 93.68 96.85 97.83 96.74
96.44 98.32 98.24 97.69 97.59
97.66 98.53 97.64 98.43 97.41
95.81 97.43 97.28 97.49 98.17
98.16 98.05 98.38 98.58 98.4
98.42 98.42 97.9 98 97.94
98.08 96.24 96.55 96.02 97.51
97.38 97.97 97.72 98.07 97.59
98.15 98.3 98.34 97.54 98.27
98.08 97.77 97.28 97.65 96.46
94.74 95.38 94.96 95.17 93.85
88.48 93.71 96.21 97.45 97.06
96.63 98.12 98.21 98.37 98.57
98.47 98.51 98.57 98.65 98.47
98.03 98.04 98.08 98.48 98.46
97.48 97.45 96.4 95.56 94.73
92.15 89.37 92.18 94.09 96.47
97.46 98.09 97.62 98.2 98.2
97.67 97.54 98.11 98.08 98.14
98.39 97.84 98.2 98.54 98.64
98.36 98.32 98.6 98.64 98.4
98.51 98.63 97.88 96.14 96.29
94.57 90.52 89.28 88.73 86.49
90.1 91.13 93.38 91.86 94.77
94.23 95.29 98.11 97.83 97.18
97.72 98.41 98.28 96.06 96.96
96.67 97.09 97.71 96.79 97.13
97.8 98.26 96.59 97.4 97.93
95.17 93.18 94.15 93.07 89.06
89.77 87.34 91.48 92.06 94.96
95.17 93.01 93.37 95.01 92.57
91.34 92.21 92.18 89.97 88.03
90.13 88.91 85.41 85.03 88.12
91.13 90.25 92.4 94.15 95
94.14 95.98 97.18 96.84 97.71
98.38 98.23 97.69 97.89 98.35
97.33 96.8 96.39 93.44 92.75
91.34 89.39 89.7 92.09 94.73
95.37 96.82 96.68 97.07 96.96
97.8 98.04 98.16 98.29 98.26
98.58 98.61 98.57 98.56 98.43
98.35 98.25 97.85 96.4 96.25
96.22 95.23 94.04 94.1 91.45
89.49 89.87 87.12 76.92 62
55.66 42.69 34.3 31.07 37.23
32.72 34.61 36.53 42.1 54.37
55.79 60.09 63.85 75.91 84.26
83.52 89.41 90.56 90.13 91.4
89.16 90.53 86.75 85.51 83.22
82.72 84.68 87.83 85.33 82.9
83.47 80.76 80.87 86.45 88.73
88.26 89.68 90.76 88.84 87.93
87.39 88.79 89.09 87.04 85.52
82.72 86.11 80.68 76.49 68.67
69.62 58.61 51.72 43.43 38.16
37.77 39.58 39.37 37.87 36.56
40.12 38.64 37.32 39.5 39.13
39.44 35.36 41.74 40.08 36.16
35.56 39.2 33.7 32.48 32.17
38 39.74 38.66 39.01 36.5
37.66 40.08 42.98 35.55 38.88
39.82 34.55 38.37 33.89 48.98
48.97 37.63 41.52 50.53 35.23
38.25 35.5 36.26 36.9 35.96
37.67 36.26 38.05 36.43 35.5
34.73 31.79 35.14 35.42 35.44
30.44 35.47 31.88 38.17 34.82
34.74 30.56 34.63 34.77 35.33
38.32 38.95 34.71 35.08 36.33
32.85 33.61 31.17 31.91 32.02
33.67 31.58 37.67 31.51 31.68
41.69 41.21 30.87 33.45 35.38
32.23 35.49 40.64 35.73 33.86
32.8 33.37 36.53 38.17 41.09
42.15 41.67 36.96 43.1 38.23
35.18 38.65 48.15 46.33 37.87
38.45 48.76 39.86 38.38 41.72
43.73 41.42 41.19 40.88 39.08
39.02 33.96 38.66 35.31 34.7
39.16 39.77 41.49 37.54 35.63
39.2 38.05 35.49 32 35.92
31.62 35.3 31.39 32.31 31.09
37.76 30.19 32.37 32.32 31.7
42.53 33.44 32.08 32.02 31.16
37.69 37.76 34.13 34.94 37.3
35.02 40.51 34.41 36.85 38.04
40.38 37.77 37.38 36.69 37.8
45.28 58.09 48.25 41.04 34.45
38.1 35.6 36.54 35.03 38.81
31.46 39.3 49.64 42.19 37.65
40.74 44.96 41.61 43.24 41.01
41.72 45.12 38.6 38.69 38.27
36.44 40.72 42.88 52.82 38.55
39.52 36.98 40.65 39.16 40.56
37.04 33.5 34.06 35.98 31.73
35.79 36.4 32.15 37.79 34.54
36.07 31.37 40.19 40.91 34.37
31.95 39.04 37 39.23 38.86
37.5 39.42 36.84 37.68 34.15
35.27 37.14 37.63 37.57 31.53
29.72 30.7 32.14 31.77 31.99
34.42 33.72 33.87 35.75 37
44.22 36.45 41.89 40.48 40.77
40.66 45.26 55.45 40.95 48.07
40.54 45.09 38.74 42.05 39.47
46.49 38.28 37.84 32.54 36.62
32.9 27.23 27.52 27.46 28.48
31.59 30.18 35.34 34.88 39.46
36.69 35.32 37.87 32.92 38.09
29.3 31.81 31.4 30.34 36.96
31.62 31.22 33.47 34.43 38.17
38.64 39.79 36.55 36.23 33.82
44.19 44.44 49.08 48.86 47.72
46.21 59.27 61.56 77.59 84.31
86.34 86.61 89.44 91.82 90.63
93.13 93.4 94.51 92.25 91.56
91.53 86.55 89.35 85.01 85.98
74.87 61.59 40.89 45.1 35.44
36.75 35.42 38.18 37.48 41.04
35.69 36.24 34.46 34.85 34.54
30.74 35.99 33.12 34.71 34.98
34.13 33.01 36.12 35.02 32.51
34.41 35.38 36.57 33.92 36.62
39.57 30.76 34.74 30.53 33.1
33.17 27.13 34.93 28.38 31.78
33.8 30.84 32.21 32.61 30.95
30.82 34.58 31.54 31.9 34.55
33.1 33.65 35.23 30.67 35.59
28.92 36.63 29.8 35.18 35.53
31.98 41.29 31.92 37.37 42.12
34.15 38.75 35.7 35.03 34.45
32.56 30.19 34.39 33.84 32.19
38.11 29.69 37.04 29.5 33.6
30.77 36.48 34.47 30.82 34.38
36.57 27.65 33.58 33.62 29.39
32.28 32.93 27.44 27.54 32.44
28.77 28.47 31.42 34.96 32.73
37.57 36.19 38.5 35.88 37.25
37.74 41.14 36.67 40.61 40.84
41.07 43.21 52.26 44.6 41.7
39.64 39.53 32.45 39.03 35.8
32.28 35.32 33.08 34.14 31.82
35.76 32.98 33.57 34.38 37.73
35.94 38.02 33.38 38.72 35.09
42.88 36.29 33.81 33.38 41.9
37.46 36.85 33.46 39.46 31.82
41.95 38.09 36.96 35.17 33.99
41.45 33.86 35.73 29.61 35.86
31.8 30.11 34.3 32.19 28.57
32.98 31.87 26.24 32.23 32.12
26.71 30.68 28.2 29.77 29.96
29.66 30.09 31.15 28.38 32.02
29.9 29.58 27.77 31.32 28.04
34.21 26.34 33.43 28.53 28.63
38.9 29.34 31.6 30.25 32.66
40.86 44.92 55.48 68.27 68.47
77.41 78.59 81.89 83.53 87.89
91.55 88.52 91.19 92.35 93.78
91.72 91.93 92.73 90.88 90.51
89.95 91.27 86.18 86.13 85.94
84.54 79.77 79.23 77.25 70.6
72.56 67.07 61.98 65.89 64.6
62.7 59.05 57.41 62.13 55.91
50.98 48.94 48.91 45.57 43.99
43.16 47.03 37.96 31.21 33.55
36.42 35.36 44.09 58.3 48.09
47.25 61.49 45.82 37.16 35.88
34.55 36.89 33.84 44.53 57.25
68 63.49 74.57 75.54 70.38
75.62 83.51 81.74 81.28 85.18
86.84 85.48 84.16 84.87 84.63
81.88 86.54 86.45 81.63 85.35
80.41 81.43 76.46 76.61 72.19
71.18 65.29 62.12 56.37 50.97
54.47 49.94 51.37 48.4 44.91
45.01 43.21 40.68 39.39 33.15
35.57 33.21 33.54 36.16 36.55
32.88 32.97 38.74 36.98 37.79
35.78 34.56 36.43 38.62 41.77
37.8 37.98 36.55 38.26 32.79
34.81 31.56 33.74 30.87 35.04
34.38 44.17 34.65 34.49 35.81
34.59 34.84 37.36 36.15 36.71
34.19 37.49 34.06 32.9 36.01
35.07 37.99 34.64 37.91 39.38
36.79 40.9 32.94 36.03 35.58
35.86 39.73 43.51 36.19 37.71
35.48 38.33 38.97 39.72 40.65
40.24 41.68 40.41 40.22 40.33
36.98 42.95 41.64 49.26 40.8
45.94 42.17 55.19
