88.84 92.68 93.5 94.95 94.95
93.47 91.37 84.85 83.41 77.01
77.81 74.81 80.27 84.79 87.16
92.22 92.9 94.11 92.62 93.12
92.76 90.04 85.46 89.01 92.74
91.73 90.88 90.14 89.05 93.77
90.81 88.58 90.48 91.2 89.97
86.43 88.28 87.86 84.56 85.57
84.38 81.4 80.15 85.04 87.51
90.28 92.37 92.09 90.87 84.29
79.72 85.57 88.55 90.01 86.95
88.51 87.67 87.14 90.7 91.15
91.86 88.07 89.9 89.57 88.39
91.16 90.78 91.07 88.09 93.4
91.66 94.11 93.25 93.16 88.94
87.31 79.31 67.91 55.61 45.66
41.61 38.12 29.68 33.41 33.93
35.63 27.6 37.06 34.34 33.54
33.77 35.06 39.57 37.05 36.97
37.85 43.41 39.74 36.7 33.99
30.19 28.27 29.25 29.97 31.44
33.09 34.78 35.9 34.81 30.45
30.82 33.29 34.26 32.17 28.18
34.11 29.42 27.51 30.83 26.02
26.16 28.27 25.91 27.79 27.4
29.64 29.42 35.22 41.45 41.84
44.37 49.71 57.77 75.77 77.49
83.16 82.5 81.75 84.14 83.36
85.04 85.48 86.86 85.93 86.33
85.8 83.79 81.15 85.41 81.66
83.94 83.31 83.95 82.19 79.58
85.99 87.37 87.7 88.63 87.97
89.97 89.22 89.43 89.73 90.58
86.27 89.82 87.13 90.31 88.39
90.29 88.45 89.67 88.5 87.4
84.41 86.58 85.56 81.55 82.41
80.64 76.24 76.51 80.86 75.97
70.12 74.41 71.93 68.92 65.05
70.73 64.32 61.31 66.18 61.85
70.25 65.2 69.32 78.06 79.29
79.67 75.76 77.86 84.03 83.65
79.02 86.91 88.57 86.55 87.67
94.01 92.08 90.96 94.56 93.57
91.27 93.64 94.93 91.69 89.44
93.76 94.23 91.33 90.12 94.11
92.75 88.1 88.3 87.53 83.87
80.2 80.61 87.57 90.79 94.32
96.87 98.11 98.35 98.26 98.24
98.58 98.29 96.5 95.6 98.05
97.92 98.09 97.36 98.02 97.86
98.33 96.44 96.35 94.35 93.31
94.43 94.83 97.6 97.02 98.12
97 97.27 96.96 98.05 98.05
98 97.52 98.21 97.32 97.78
97.47 97.26 97.93 98.18 98.4
97.65 96.73 96.28 95.75 93.97
91.7 86.6 83.26 78.38 74.36
84.11 86.01 90.09 95.1 96.25
96.83 97.97 98.11 98.54 97.95
97.32 97.52 97.26 98.37 98.41
97.86 95.8 93.33 96.22 97.71
97.61 97.82 98.21 97.03 97.72
97.84 97.98 96.72 93.93 88.74
87.9 88.22 92.97 95.74 97.59
97.42 98.14 97.48 98.09 97.82
97.98 98.55 98.4 98.11 98.28
98.08 98.48 98.45 98.56 98.14
97.33 97.51 97.81 97.44 98.57
98.67 98.61 98.01 96.37 96.08
95.76 94.3 95.79 97.58 98.09
98.28 98.5 97.43 94.56 90.36
91.68 93.38 93.22 90.94 87.08
83.04 83.46 78.33 60.83 56.65
51.35 45.06 46.13 42.09 44.51
45.67 45.9 43.69 51.11 48.91
51.21 56.22 54.76 60.01 65.96
65.6 70.66 68.37 72.44 72.88
72.27 77.52 77.51 71.88 71.92
77.03 75.99 73.32 72.37 71.33
65.6 59.5 52.64 47.89
