33.78 30.81 22.32 30.28 24.08
26.02 26.35 25.51 36.82 40.52
38.27 43.56 37.9 42.18 36.83
36.68 34.98 38.56 31.09 35.52
31.54 33.1 29.24 29.64 27.59
27.71 27.64 22.58 25.49 32.33
28.75 32.83 29.28 34.57 34.1
35 33.5 34.44 34.91 42.63
42.62 47.15 42.91 41.1 49.87
35.14 40.97 42.48 41.46 41.49
41.68 41.89 50.49 42.52 51.16
54.49 49.61 57.58 70.05 73.51
82.59 74.47 73.19 77.29 74.56
79.43 80.67 82.79 82.13 84.8
87.1 87.26 88.4 91.26 90.57
89 90.87 92.36 91.93 90.9
92.51 92.77 85.25 86.69 86.02
84.42 80.38 79.21 78.31 74.31
68.4 64.91 67.31 65.92 70.36
70.51 75.64 81.75 88.24 95.27
95.33 96.74 95.98 95.03 93.29
92.26 93.29 91.76 87.66 84.64
87.76 92.66 94.37 95.44 94.99
95.93 97.75 98.09 97.72 97.97
98.37 98.26 98.14 98.32 98.43
97.98 97.85 97.51 96.13 94.56
93.58 92.33 94.7 94.15 94.35
93.05 91.8 85.52 84.64 89.43
92.51 92.89 90.4 91.83 90.98
91.19 93.8 97.34 97.48 96.34
94.9 94.27 90.76 87.45 93.56
94.96 96.49 95.91 93.31 96.18
95.94 97 97.54 97.54 97.12
97.14 96.64 95.89 95.9 95.04
94.35 92.95 92.75 95.02 96.19
96.19 94.38 93.04 96.01 96.02
97.01 97.23 96.94 96.86 98.13
97.75 97.89 98.02 98.53 98.61
98.53 98.32 98.47 98.76 98.18
97.57 98.32 98.61 98.42 98.21
98.23 97.83 97.33 97.71 97.28
96.7 96.23 95.52 95.08 93.92
93.43 91.82 91.32 92.56 90.86
90.22 90.53 88.64 80.18 71.7
60.43 58.73 60.44 73.31 75.16
78.41 81.46 84.31 86.98 86.72
87.14 88.96 90.65 89.69 92.35
92.35 94.48 93.84 95.94 96.08
95.83 96.47 96.93 97.59 97.03
97.46 97.02 97.32 96.29 96.79
96.27 95.83 96.79 97.11 97.34
96.44 97.96 98.16 98.21 98.29
98.34 98.44 98.48 98.39 98.59
98.63 98.76 98.6 98.6 98.73
98.51 98.19 97.83 98.33 96.96
96.86 97.14 97.04 97.81 97.67
96.27 93.78 94.31 95.14 96.17
97.25 97.83 98.38 98.54 98.54
98.59 98.7 98.67 98.25 98.63
98.5 97.59 97.28 96.83 95.43
94.9 93.82 92.29 90.53 91.25
95.28 95.14 97.17 96.9 97.41
97.85 97.84 96.05 95.17 97.7
98.18 97.43 98.03 98.42 97.83
97.56 98.41 97.88 96.6 96.94
97.62 96.57 95.48 96.27 97.07
96.32 92.18 89.61 91.31 80.4
71.58 65.2 56.26 51.95 35.53
33.6 29.03 27.88 26.61 30.48
27.09 29.52 31.86 31.34 27.5
30.91 29.98 31.15 26.7 28.67
29.62 30.2 36.15 36.01 43.78
56.28 64.22 62.24 71.15 50.51
45.9 32.38 33.92 30.94 30.92
31.62 37.27 29.8 33.11 30.59
26.87 29.23 24.26 28.34 27.62
25.69 31.09 37.72 34.51 33.24
33.61 49.65 51.88 37.2 33.39
37.41 42.11 36.68 34.64 39.37
36.93 37.8 36.85 36.18 36.74
37.21 37.25 37.62 38.72 34.3
39.44 29.22 39.18 38.68
