36.14 36.82 41.96 42.4 46.86
56.12 64.42 67.88 81.52 80.02
83.26 85.81 85.65 86.31 87.83
88.31 87.69 86.2 78.19 82.29
81.9 86.54 85.68 86.21 87.66
90.57 90.67 91.27 91.78 92.79
90.64 89.77 89.34 88.9 87.74
86.31 84.91 83.39 82.19 75.54
74.56 79.02 80.32 81.28 82.63
85 83.43 83.46 85.18 83.61
84.34 84.11 85.21 83.89 87.22
87.4 88.33 87.35 90.21 89.95
88.37 88.01 91.58 90.92 85.92
86.75 85.41 87.95 88.95 89.35
91.46 91.9 91.37 92.12 92.79
93.5 92.07 91.35 92.08 90.6
90.4 89.18 90.2 88.23 86.23
83.82 83.22 84.65 85.27 82.9
82.93 83.84 86.29 86.55 88.3
89.1 88.85 89.5 89.67 90.72
90.42 90.58 89.77 91.09 90.35
88.15 88.96 86.5 82.96 82.09
81.39 85.97 86.15 87.3 90.31
89.31 90.69 91.88 92.73 93.2
94.06 94.06 93.82 93.52 91.93
92.4 89.83 91.26 87.32 89.3
87.53 89.98 91.08 90.06 91.16
91.98 92.38 93.24 92.4 93.08
93.38 91.86 90.34 90.97 89.97
86.2 85.04 82.24 77.37 64.39
56.25 54.7 54.63 64.29 84.76
87.16 89.84 89.9 90.76 93.24
93.47 92.51 94.07 95.31 94.74
94.8 94.88 94.72 94.94 94.52
92.82 91.52 92.07 92.41 90.31
92.77 94.5 91.19 91.1 92.93
93.15 93.27 93.54 94.19 93.32
92.15 91.82 93.79 93.28 91.31
92.59 92.76 90.75 90.66 87.22
89.06 89 91.4 92.74 91.78
92.48 93.96 94.01 93.39 93.53
94.45 94.54 92.75 92.52 92.75
93.24 92.04 93.22 93.6 91.12
90.29 89.82 91 89.21 91.39
92.66 90.82 89.57 90.33 91.39
89.58 89.52 89.82 88.46 85.07
85.97 86.9 89.62 90.84 90.22
91.38 91.31 90.92 89.86 89.62
90.9 87.77 87.43 83.75 88.32
91.62 91.87 92.11 92.61 92.11
91.87 92.45 94.05 93.23 93.47
93.57 93.57 92.86 92.65 92.4
91.01 90.3 88.38 89.12 89.21
83.87 76.58 80.44 84.68 88.24
89.4 87.86 87.98 89.22 90.76
88.43 87.87 86.85 89.5 89.99
90.46 91.5 90.67 88.13 85.44
89.83 90.3 91.7 93.14 93.11
93.32 94.03 93.93 94.58 94.87
93.08 95.09 95.58 94.29 94.26
94.86 94.57 93.58 94.06 92.84
91.35 89.22 87.65 88.63 90.41
90.06 88.21 89.35 88.55 89.55
91.36 91.59 91.45 92.44 94.12
93.63 91.99 90.78 93.1 90.48
88.25 87.2 85.19 85.02 82.09
87.26 90.32 91.61 92.23 91.6
92.83 94.2 94.26 93.66 94.79
95.86 96.11 95.01 95.45 95.21
93.75 92.24 93.66 91.81 88.62
88.07 90.08 90.72 90.02 89.38
91.22 92.87 92.21 90.9 93.52
93.68 92.96 92.73 93.95 92.83
89.79 87.59 89.78 86.1 70.82
60.63 50.59 31.2 29.43 28.52
27.03 27.44 29.88 26.48 29.19
27.32 24.83 29.44 30.21 28.03
31.01 29.14 35.68 26.47 30.94
27.25 26.63 28.3 30.13 29.13
29.62 32.09 28.09 25.24 25.95
28.93 28.01 36.44 31.57 29.2
32.32 35.79 31.95 34.54 31.61
31.25 29.54 31.18 29.59 27.17
25 26.24 27.77 29.19 30.47
46.64 51.47 69.19 84.94 85.62
89.73 91.66 90.82 90.95 92.17
92.77 93.06 93.67 94.44 94.2
93.99 93.82 94.33 93.86 91.5
88.67 88 89.11 89.74 88.3
89.22 91.33 90.61 89.94 91.37
90.52 88.35 88.13 88.18 88.65
89.03 91.76 89.32 86.54 88.15
84.71 85.55 87.89 90.53 89.93
83.13 85.29 86.81 86.59 91.44
92.68 89.34 90.22 92.12 92.53
92.54 93.68 94.67 94.78 93.5
93.84 94.42 93.71 92.33 91.75
93.74 91.17 87.82 87.25 85.12
82.99 84.33 85.89 89.27 88.85
91.28 92.81 92.7 92.53 93.53
95.42 96.08 94.83 93.75 94.75
94.08 92.66 92.54 91.7 91.57
89.16 87.44 85.43 83.83 73.08
59.75 57.31 55.21 52.99 53.61
61.77 68.34 80.61 81.63 84.89
88.88 89.95 88.2 89.43 92.9
91.66 89.8 91.93 92.28 90.92
89.13 90.9 88.89 88.01 85.93
84.52 85.48 87.25 85.82 85.23
84.46 86.79 88.23 89.26 90.7
91.8 89.83 91.71 93.03 93.41
91.97 91.18 88.6 90.87 87.65
86.99 83.74 85.33 85.94 82.19
81.55 77.98 74.26 76.11 68.48
67.71 60.5 62.83 63.54 60.22
54.01 50.24 58.83 65.14 83.71
86.69 89.4 88.18 88.89 90.79
90.21 88.23 87.88 88.21 86.79
84.44 81.23 78.98 76.71 69.57
69.15 73.39 81.62 79.74 84.33
88.93 88.77 91.19 91.7 91.34
91.14 91.86 92.23 90.36 90.75
90.2 87.05 85.03 83.4 83.92
78.82 72.99 66.18 69.01 78.89
84.77 88.45 85.67 88.05 89.57
90.66 88.62 89.72 91.98 90.11
89.19 91.4 90.38 87.9 88.37
87.35 82.91 80.58 81.72 78.05
83.4 88.26 88.52 89.92 90.41
92.16 92.24 92.75 94.76 93.5
93.04 92.4 93.28 92.59 91.51
90.4 92.98 90.99 88.18 91.13
91.35 88.72 87.57 90.65 88.47
91.16 90.24 86.06 84.44 82.67
79.45 82.29 84.98 89.49 90.65
94.09 91.38 90.96 94.43 94.26
91.54 93.86 95.03 92.89 92.75
92.6 91.09 89.21 89.33 90.87
89.87 84.67 82.91 79.69 78.56
86.1 88.04 86.24 89.4 89.93
91.46 92.09 92.37 93.04 93.37
94.81 93.8 96.42 95.34 94.96
95.33 96.28 95.51 93.7 94.79
93.13 92.17 92.58 91.69 88.59
88.47 88.17 83.76 86.37 86.73
85.2 84.17 90.07 91.63 91.77
92.56 92.92 92.17 93.28 93.37
91.58 91.11 90.74 87.08 84.98
76.72 77.94 68.92 66.77 67.96
66.66 78.28 78.67 82.65 86.6
86.61 88.49 88.99 90.03 91.53
92.23 92.69 93.26 93.91 94.26
93.88 93.86 94.22 92.27 91.8
92.14 91.18 88.03 87.48 84.24
81.22 82.1 79.65 75.33 72.78
67.52 58.3 58.08 50.46 50.51
34.95 39.91 35.86 40.92 38.07
35.87 41.79 45.73 33.07 43.82
48.52 47.65 47.07 53.06 64.9
64.2 76.93 79.5 86.08 88.85
89.39 91.73 91.92 91.64 91.13
91.27 92.36 91.87 90.12 90.68
91.18 90.55 89.42 90.57 89.3
87.21 86.44 85.64 82.43 80.47
68.49 60.74 58.22 70.38 81.58
82.62 85.28 87.64 87.52 88.71
88.3 90.55 91.47 91.88 89.91
90.51 92.21 90.7 90.11 88.89
88.22 87.37 84.35 85.02 84.58
82.36 83.29 82.49 83.87 84.53
85.85 86.71 86.61 87.38 89.42
87.74 87.97 89.92 89.71 89.97
89.03 89.91 89.13 88.89 87.95
88.27 86.04 83.25 80.75 69.09
63.02 61.55 63.01 61.56 70.81
74.11 81.13 83.71 79.69 82.39
83.77 84.2 85.4 87.25 86.46
86.73 88.57 88.83 89.1 87.95
86.84 88.23 89.34 87.18 86.4
86.26 85.91 82.92 79.77 83.85
81.45 79.34 84.11 86.35 86.78
86.93 85.03 86.83 89.4 87.8
85.96 89.58 90.03 89.04 89.93
89.9 88.73 88.61 89.64 89.44
86 85.5 82.63 83.2 86
86.53 86.73 89.18 87.6 88.25
89.49 88.93 88.45 90.98 91.11
90.18 88.58 89.54 90.18 86.32
84.21 83.44 79.58 81.06 82.48
84.96 84.94 85.88 82.87 82.93
86.96 86.17 85.45 86.44 85.3
83.08 85.21 83.24 81.52 79.49
76.29 77.44 78.34 80.22 81.18
81.41 77.64 70.36 66.27 56.34
41.43 36.95 32.51 31.24 33.46
35.54 32.53 32.87 34.21 40.25
39.88 32.63 35.88 33.54 41.07
36.68 31.31 30.07 30.87 31.78
28.97 28.51 33.02 28.56 32.61
34.2 33.32 29.01 32.25 30.62
36.02 36.81 28.04 29.23 28.1
28.59 26.26 35.9 38.57 31.07
29.71 26.2 28.5 27.8 28.27
31.26 30.61 32.27 31.59 35.3
34.19 40.48 30.39 28.65 30.57
31.15 27.09 35.82 25.34 31.5
25.37 27.86 25.9 26 27.23
26.06 36.42 22.41 23.66 28.34
28.21 31.67 29.52 31.97 35.1
37.88 34.17 34.91 38.97 29.47
33.87 28.59 34.19 28.11 32.89
32.14 28.24 31.35 29.75 32.66
35.71 37.24 37.31 34.89 48.73
49.23 55.11 55.28 57.27 56.33
57.64 50.28 52.3 50.02 38.53
33.22 29.86 32.69 42.76 40.05
32.98 34.42 34.99 41.43 35.11
34.6 45.09 33.74 40.59 29.76
36.85 29.97 30.91 29.58 29.19
28.27 30.01 28.66 27.05 25.52
26.25 37.18 24.64 26.67 41.86
30.24 30.16 31.36 26.66 29.58
27.85 27.46 23.52 25.51 26.36
27.94 27.34 29.37 27.19 33.08
29.59 30.3 28.56 29 28.78
32.86 27.74 32.4 28.57 29.75
30.73 30.26 27.83 29.6 26.36
34.75 22.66 24.44 22.4 25.07
32.69 31.79 24.71 24.35 23.67
27.52 27.2 26.42 30.61 34.75
36.53 33.25 31.33 32.4 26.74
29.43 31.01 29.82 30.14 36.54
31.28 34.63 36.56 28.34 29.07
26.03 26.38 26.53 29.06 33.39
36.28 37.31 39.5 36.6 36.09
30.76 31.11 35.02 33.61 32.4
31.7 34.71 32 28.98 28.97
27.46 28.04 28.76 26.31 29.44
28.54 27.81 30.3 25.45 25.54
27.15 23.12 25.52 20.69 26.88
19.8 30.63 20.84 21.17 21.36
22.51 26.72 24.56 26.41 26.21
25.72 26.32 28.43 25.65 24.51
27.31 28.16 26.19 27.92 26.45
26.16 34.06 29.27 26.71 29.55
26.5 29.36 27.78 25.69 29.45
26.64 26.08 25.52 27.58 26.5
25.88 27.02 25.8 24.96 28.81
27.68 26.9 25.16 25.64 24.79
24.14 27.33 28.12 25.78 31.78
28.87 28.26 30.22 27.6 29.34
28.92 31.51 29.58 27.82 29.55
29.83 27.76 29.4 28.81 28.16
26.31 25.39 22.95 23.31 27.72
24.51 26.05 25.94 26.49 23.85
26.38 25.44 27 26.23 25.85
27.28 28.1 28.86 30.21 27.57
29.14 28.1 26.11 31.85 29.13
31.59 29.9 26.85 27.05 25.66
27.57 25.71 26.91 27.82 28.31
30.29 26.94 28.97 33.21 25.44
25.67 26.83 24.81 26.55 30.81
24.21 24.38 24.46 23.52 23.92
23.44 22.31 23.84 24.46 25.93
32.18 29.88 35.17 30.1 26.48
28.47 30.29 46.85 41.86 33
31.63 31.44 31.22 35.02 30.04
29.31 29.19 29.82 26.53 28.51
28 30.88 30.11 30 29.81
32.58 30 25.73 24.83 24.95
25.25 25.78 25.61 27.7 30.52
29.36 27.73 30.63 25 28.14
24.9 29.69 24.52 25.53 28.57
27.75 24.36 36.6 25.04 32.45
24.09 32.2 24.76 26.16 27.76
29.75 28.47 26.43 25.81 25.37
25.84 28.28 30.18 29.86 29.58
27.27 31.68 30.72 44.06 40.26
24.85 35.19 27.99 28.64 29.15
28.87 30.82 30.03 28.13 31.26
28.19 34.58 33.9 34.27 28.78
28.74 26.82 28.04 36.97 28.34
29.52 26.06 27.91 31.71 31.68
26.52 27.54 26.27 27.04 28.96
26.7 22.72 26.86 24.95 25.54
26.6 24.98 26.92 27.95 25.9
29.35 29.38 30.75 32.56 32.12
31.06 31.39 33.03 31.65 30.42
30.81 30.17 32.75 32.87 33.65
28.1 31.43 26.54 25.93 30.86
24.48 26.01 28.66 34.84 32.16
24.18 27.5 27.88 26.32 26.5
26.57 26.76 33.78 29.39 27.52
24.55 24.46 29.66 26.69 27.51
26.15 28.46 24.75 26.08 26.55
24.19 29.12 32.45 26.8 27.39
28.36 27.77 25.19 30.8 27.09
26.65 25.34 26.06 25.24 23.87
28.44 27.2 27.57 25.66 28.47
31.58 30.21 32.66 32.34 30.25
33.69 32.18 31.92 31.52 29.45
30.02 28.98 37.91 27.7 28.86
32.24 31.25 29.25 29.5 30
27.99 30.15 29.73 31.73 27.85
29.77 31.14 31.27 30.6 30.11
28.94 28.34 30.59 26.88 29.13
26.64 26.94 30.43 28.22 28.08
28.06 33.18 28.46 28.85 28.12
25.01 25.62 26.38 28.04 28.28
29.08 28.69 26.24 30.35 28.19
26.46 28.78 25.06 24.7 28.99
24.41 27.25 23.89 28.59 27.03
26.37 26.57 28.27 26.65 30.29
29.06 29.47 30.67 26.01 30.46
27.34 30.12 28.3 30.29 29.47
28.61 26.46 28.64 25.37 27.5
28.53 31.38 27.43 31.96 29.6
25.11 25.31 26.38 25.94 27.62
27.55 24.52 23.5 30.78 24.93
25.69 25.27 25.72 25.42 27.9
25.51 28.32 26.2 30.4 26.8
29.04 23.36 24.58 25.91 27.99
25.89 27.79 27.25 27.78 25.58
28.18 31.89 26.3 26.54 30.9
27.44 26.73 26.74 31.47 25.38
25.09 25.12 24.36 26.13 25.91
28.56 28.44 31.63 32.86 34.86
36.63 38.11 27.57 27.21 27.53
34.31 40.84 39.21 35.15 42.11
41.65 36.91 32.56 34.38 26.36
27.64 29.32 28.59 26.9 26.63
25.32 25.56 27.05 28.23 25.17
24.34 26.41 26.99 22.58 26.18
23.06 24.77 27.57 24.89 24.31
25.69 23.77 23.76 25.27 30.06
27.73 28.93 28.24 30.4 26.81
28.81 25.49 26.26 29.84 26.78
27.9 30.13 24.85 28.96 29.32
26.96 25.42 25.91 25.08 25.52
26.01 23.73 23.65 25.27 25.23
25.71 25.24 25.08 24.76 25.55
24.53 24.8 26.85 29.05 26.6
30.78 28.74 27.55 29.75 29.22
28.8 29.8 28.36 31.27 30.34
29.54 28.25 27.93 29.79 30.97
33.2 34.03 33.53 30.89 29.53
28.43 35.55 26.06 26.66 37.21
25.73 29.09 25.81 24.23 35.61
32.35 24.31 25.12 26.75 25.74
27.6 30.13 28.21 31.03 28.08
26.8 25.16 24.91 26.15 23.82
26.59 27.68 26.26 29.21 26.73
28.58 29.05 28.94 30.34 33.9
32.41 31.71 32.54 32.67 35.49
31.32 32.29 38.89 32.13 34.54
33.5 29.98 30.82 32.77 32.73
33.31 27.12 26.44 25.6 28.94
26.08 27.31 25.54 28.17 26.76
25.75 27.1 23.92 25.43 23.65
23.06 25.43 26.07 26.65 24.26
29.22 25.27 29.66 25.08 29.56
26.85 31.78 27.45 30.48 25.98
28.09 29.98 29.86 27.55 25.34
29.71 26.48 27.83 26.64 27.92
28.86 26.84 29.44 29.47 29.39
30.5 34.57 34.54 27.37 33.75
33.29 28.85 34.16 29.57 29.76
29.15 29.31 30.4 28.19 29.36
31.71 30.89 30.9 28.51 32.02
33.21 33.06 28.19 29.36 32.56
30.21 30.73 32.02 27.47 35.37
34.37 32.77 32.66 26.91 27.72
26.36 26.99 29.32 33.9 30.05
29.5 32.87 32.53 31.74 31.3
31.04 31.49 30.01 26.3 28.56
27.64 24.19 26.21 23.79 29.18
24.18 26.89 28.67 30.58 28.84
26.08 26.67 28.35 24.93 28.2
24.67 26.21 26.1 24.76 25.22
24.81 24.15 26.49 25.25 26.47
26.46 27.69 27.49 26.71 27.96
29.89 27.38 26.57 30.54 32.8
25.16 25.65 29.39 26.96 27.08
25.94 26.11 29.23 29.74 28.42
28.48 31.04 26.03 24.38 26
26.77 26.29 28.04 28.73 26.53
25.56 31.59 25.89 26.96 26.73
29.74 29.37 26.88 29.11 30.12
31.58 32.41 34.51 31.93 30.22
32.38 30.37 30.16 30.15 31.52
30.41 28.47 31.93 31.06 32.14
28.68 29.65 28.7 28.33 28.81
28.48 28.56 26.42 28.23 28.85
27.27 27.14 27.34 26.49 29.27
27.29 26.23 26.83 25.39 27.3
25.29 26.82 28.02 27.27 29.83
31.94 26.71 29.97 25.63 27.07
26.83 27.68 25.01 24.61 27.87
26.18 27.36 27.44 25.54 26.18
25.74 27.16 27.36 27.8 26.43
31.64 31.16 29.47 31.91 37.3
32.48 29.65 31.7 27.45 30.31
24.89 29.32 29.95 26.23 33.17
34.31 33.87 31.61 34.55 34.2
31.97 29.63 29.77 29.6 32.29
32.66 36.07 28.75 32.21 29.59
30.94 26.41 27.34 28.17 31.63
29.37 33.9 31.46 30.79 30.86
29.46 31.4 29.54 30.97 28.96
25.54 27.22 25.64 28.23 27.34
33.98 27.47 28.49 31.15 30.07
30.13 27.74 26.37 27.02 27.87
27.98 29 25.42 26.19 24.78
24.91 25.36 24.16 27.26 24.26
27.56 27.09 25.49 25.32 27.66
28.15 29.93 29.02 31.46 32.68
33.75 33.97 35.41 35.07 34.36
33.7 33.35 31.6 31.64 27.92
25.21 24.22 24.79 22.78 24.42
26.3 27.56 27.37 30.09 29.89
34.81 30.26 29.2 30.28 32.14
33.59 32.43 35.97 35.3 36.69
32.64 33.09 34.05 30.83 31.25
31.48 29.63 31.53 30.64 27.34
28.99 36.6 27.53 26.51 23.48
23.08 24.65 27 31.29 26.04
32.93 27.8 29.54 33.71 27.63
28.28 30.17 33.39 27.76 33.75
30.44 31.19 30.47 27.27 39.1
26.04 25.49 25.82 25.13 25.99
28.36 40.26 31.4 27.89 28.82
25.02 26.58 31.34 26.18 29.07
29.27 31.14 30.96 25.11 25.62
26.01 25.54 25.17 28.21 24.79
31.18 25.73 29.67 26.84 31.83
36.43 33.1 27.89 27.72 32.67
33.31 29.76 32.99 32.02 30.46
30.81 34.96 31.77 30.41 30.54
31.68 33.03 32.85 39.31 28.06
38.92 45.82 34.68 39.28 34.48
36.65 38.94 36.74 31.89 36.49
29.71 35.53 37.1 36.85 33.75
31.2 32.08 32.18 31.76 32.79
34.1 32.88 32.74 33.23 43.42
33.56 37.05 30.63 31.33 31.17
29.53 32.48 30.53 36.47 34.52
32.17 32.33 31.04 31.68 36.74
34.92 35.25 34.34 29.36 30.37
28.16 37.16 36.89 36.09 32.51
34.24 32.04 33.99 30.84 32.52
35.53 35.6 29.94 28.86 27.89
28.37 30.82 31.5 31.92 30.19
33.54 30.46 37.2 35.46 34.01
31.45 30.77 30.16 34.27 30.89
33.53 29.09 31.07 30.83 33.58
44.3 30.25 35.12 34.51 35.17
32.52 30.17 32.18 32.06 36.25
37.38 51.94 59.94 67.24 78.08
80.62 88.69 83.18 84.77 86.77
87.07 83.89 87.61 89.94 88.89
90.64 91 88.21 89.5 90.56
89.24 86.75 85.23 85.38 83.67
80.37 77.79 78.01 80.59 85.55
83.52 83.05 85.2 87.22 84.64
84.63 84.64 86.89 85.33 84.56
85.16 91.09 89.01 94.33 93.1
91.03 92.34 91.88 92.12 90.42
89.07 88.72 86.31 84.42 87.41
89.08 85.99 84.98 84.1 83.76
85.47 79.82 84.48 82.97 89.06
89.76 87.96 89.37 91.89 91.62
90.82 91.4 93.75 90.89 88.25
92.19 91.93 86.77 82.04 79.14
76.44 76.75 63.78 53.09 41.71
42.9 29.74 31.91 29.51 30.76
28.24 29.81 32.24 31.23 30.5
26.39 29.82 32.18 33.96 31.48
31.24 35.36 31.5 30.02 30.76
25.5 27.33 26.62 36.91 28.7
30.2 28.75 28.39 28.1 28.21
28.52 29.88 31.48 30.59 28.5
30.69 30.34 29.66 31.13 32.93
35.95 34.37 37.49 45.69 53.34
67.83 74.39 76.79 78.65 75.81
76.85 79.18 79.04 77.82 77.71
77.28 69.8 67.91 69.05 58.48
66.26 66.91 65.93 71.62 76.91
74.13 75.48 74.45 67.38 74.67
74.4 74.19 77.28 79.86 78.72
80.49 78.82 81.83 74.46 77.22
82.69 79.67 79.57 76.28 79.15
80.04 76.11 75.1 74.15 76.08
74.29 71.51 63.37 70.79 46.84
44.49 37.79 40.76 36.2 38.36
33.9 34.49
