56.62 54.77 54.78 57.33 64.03
64.9 68.69 72.1 71.63 76.33
75.89 76.14 79.75 79.61 77.56
74.94 74.65 76.87 68.88 66.59
60.17 59.38 49.05 48.56 46.11
41.75 42.19 40.2 36.32 28.13
31.31 30.73 29.01 27.85 26.35
27.64 26.57 26.82 27.29 32.21
27.98 32.78 27.34 29.12 28.6
29.53 30.61 25.06 29.76 25.26
30.5 30.24 31.4 30.07 33.95
36.24 34.88 36.36 34.56 33.29
38.42 39.06 40.01 44.73 45.16
47.71 56.7 60.36 61.2 62.91
64.82 64.58 61.23 61.32 52.69
51.77 44.54 44.78 47.21 40.95
35.82 36.75 46.26 48.19 49.2
46.55 46.96 42.46 44.37 42.74
41.34 37.33 41.08 38.53 36.36
43.16 46.18 67.53 80.08 92.18
96.16 96.87 96.18 96.02 98.3
98.87 98.95 98.96 98.96 98.85
98.58 98.29 98.65 98.33 97.73
96.82 94.58 92.66 95.36 96.5
97.23 98.07 98.21 98.31 98.39
97.58 98.03 96.25 95.16 94.65
93.57 93.41 91.25 91.89 91.53
92.27 89.92 89.89 91.39 92.39
91.5 89.07 90.44 93.44 95.46
97.08 96.43 97.38 96.64 96.2
97.03 97.95 97.86 98.52 98.59
98.81 98.79 98.84 98.78 98.64
98.35 98.29 98.72 98.54 98.53
97.77 98.21 98.09 98.37 98.65
98.67 98.82 98.78 98.88 98.73
98.6 98.82 98.79 97.87 98.22
98.58 98.23 98.66 98.4 98.89
98.82 98.97 98.95 98.87 98.85
98.69 98.56 98.21 97.32 97.76
97 95.13 93.11 93.24 94.12
96.42 97.61 96.97 98.47 97.46
98.02 98.85 98.8 98.71 98.88
98.93 98.82 98.78 98.75 98.33
98.01 97.71 97.21 98.56 98.78
98.95 98.92 98.93 98.92 98.87
98.56 97.38 97.78 95.99 96.5
98.29 98.25 98.33 98.6 98.52
98.73 98.68 98.64 98.76 98.86
98.79 98.88 98.92 98.82 98.8
98.82 98.8 98.57 98.32 98.75
98.15 98.7 98.86 98.76 98.48
97.39 94.61 85.91 81.8 84.02
87.71 90.97 95.9 97.65 98.53
98.74 98.93 98.95 98.91 98.76
98.42 98.67 98.29 98.06 98.25
98.1 98.47 98.59 98.57 98.79
98.79 98.78 98.81 98.85 98.64
97.91 97.14 98.21 97.79 97.71
98.62 98.26 98.04 96.14 97.75
97.64 98.39 98.1 98.07 98.5
98.82 98.91 98.95 98.9 98.87
98.68 98.52 98.16 97.25 98.55
98.45 98.47 98.59 98.81 98.57
98.39 98.7 98.69 98.83 98.34
98.65 98.79 98.92 98.91 98.89
98.78 98.71 98.7 98.63 98.11
98.16 98.49 98.73 98.61 98.7
98.83 98.67 98.45 98.76 98.81
98.59 98.6 98.77 98.65 98.61
98.72 98.69 97.8 98.48 98.14
96.49 97.91 97.61 98.72 98.84
98.87 98.94 98.89 98.8 98.88
98.88 98.92 98.81 98.49 97.45
97.21 97.61 97.29 95.95 95.55
96.4 95.88 96.22 97.98 98.7
98.68 98.48 98.77 98.35 98.15
98.6 98.73 98.84 98.89 98.78
98.74 98.73 98.65 98.35 98.52
98.45 96.73 96.83 97.6 97.12
97.07 95.07 97.74 98.63 98.93
98.95 98.94 98.94 98.96 98.91
98.85 98.91 98.71 98.81 98.81
98.94 98.92 98.94 98.93 98.92
98.88 98.62 98.47 98.37 97.86
95.47 93.8 88.61 94.2 97.43
98.63 98.69 98.59 98.67 98.05
97.97 98.58 98.38 98.7 98.57
98.75 98.91 98.86 98.68 98.7
98.8 98.45 98.2 98.22 97.36
96.82 96.68 95.51 94.06 94.76
94.2 91.96 89.75 90.05 86.46
71.82 62.21
