32.95 33.95 29.54 33.6 28.99
34.13 30.97 38.01 37.96 30.14
36.76 32.54 33.18 26.96 36.1
32.13 38.55 34.62 34.12 35.99
40.21 37.99 38.54 37.91 40.72
39.12 35.87 38.2 34.15 36.8
33.66 34.64 32.6 39.2 29.81
37.67 30.77 41.02 37.32 33.56
35.19 30.28 33.02 28.35 26.55
26.06 28.1 31.77 30.59 32.17
27.13 32.35 29.79 28.65 31.53
28.43 29.68 31.89 31.81 31.22
31.49 31.29 31.56 30.99 33.79
32.72 35.69 35.05 30.85 31.07
31.37 33.11 32.68 33.64 33.68
30.56 35.23 31.46 33.69 35.44
40.05 32.03 33.41 34.26 30.45
30.41 30.13 28.73 31.1 27.48
31.6 27.28 29.49 26.76 31.1
28.75 30.98 31.07 29.52 32.03
27.22 27.54 31.28 24.17 25.85
29.05 25.11 27.67 28.09 33.6
43.94 36.3 43.25 32.53 38.23
36.68 38.69 34.52 37.34 35.68
33.46 36.79 35.89 33.45 31.94
36.59 51.9 52.94 76.04 86.26
92.15 94.26 96.52 95.48 97.26
95.92 95.3 87.52 63.29 37.15
35.62 36.06 35.85 35.09 36.03
37.18 40.03 45.21 41.38 34
38.34 42.04 35.55 41.59 38.72
39.68 35.45 33.6 37.87 46.45
52.84 65.65 84.21 90.45 94.21
95.99 98.17 98.76 98.91 98.92
98.92 98.9 98.77 98.61 98.46
98.54 98.6 98.23 97.76 98.15
97.9 97 96.74 96.43 96.46
96.63 97.89 96.29 96.79 97.14
95.87 95.64 97.52 97.75 98.23
98.33 98.61 98.2 98.42 98.72
98.69 98.51 98.43 98.64 98.63
98.3 97.21 98.38 98.39 97.57
97.73 98.57 98.79 98.82 98.91
98.93 98.95 98.91 98.88 98.74
98.76 98.73 98.51 98.15 98.61
98.68 98.3 98.36 98.32 98.64
98.67 98.67 98.65 98.67 98.51
98.46 98.55 98.59 98.83 98.73
98.75 98.82 98.8 98.72 98.61
98.55 97.79 96.68 96.59 97.12
97.24 98.55 98.62 98.84 98.89
98.92 98.9 98.89 98.76 97.42
97.61 97.51 98.29 97.82 98.55
98.15 98.55 98.81 98.82 98.73
98.79 98.69 98.67 98.46 98.05
97.02 97.03 97.65 97.31 97.42
98.13 97.47 98.11 98.31 98.74
98.77 98.81 98.9 98.91 98.88
98.63 98.45 96.99 96.7 94.81
88.9 74.27 65.67 64.4 79.21
86.21 92 95.69 97.62 98.47
98.86 98.92 98.92 98.88 98.81
98.66 98.36 96.96 95.3 94.62
94.57 96.52 97.39 97.89 98.46
98.58 98.6 98.68 98.79 98.83
98.72 98.77 98.86 98.74 98.66
98.72 98.5 97.85 97.88 97.8
96.99 95.27 91.89 90.68 89.91
90.42 91.65 94.25 95.29 96.55
98.15 98.67 98.8 98.91 98.71
98.83 98.78 98.48 98.39 98.19
97.91 96.39 97.77 98.23 98.57
98.6 98.17 98.58 98.33 96.7
96.77 97.26 97.74 98.2 97.98
97.21 96.61 95.04 96.24 96.24
96.07 95.07 96.09 97.48 97.35
95.91 92.67 77.97 70.15 78.91
68.58 81.04 82.26 87.5 93.94
95.51 96.77 96.64 96.65 95.9
97.45 97.42 96.35 94.68 95.43
97.01 97.23 97.79 96.93 96.86
97.31 97.7 97.78 97.62 95.01
89.65 80.04 74.31 69.55 65.49
48.31 47 41.39 40.43 41.31
41.87 46.67 42.72 47.28 49
48.84 46.03 46.78 43.88 39.4
39.35 35.63 33.8 35.97 33.28
34.34 32.53 37.1 49.04 61.16
77.45 87.58 94.5 97.07 97.79
98.02 97.41 95.03 95.38 95.19
96.83 96.74 97.77 98.15 98.15
96.1 97.75 97.29 95.01 91.43
92.92 93.7 94.88 96.65 97.41
98.06 98.15 98.53 98.44 97.95
95.95 94.97 93.91 93.91 97.08
97.68 98.57 98.58 98.88 98.87
98.81 98.64 98.16 96.28 92.23
81.73 65.1 52.81 39.6 36.01
31 29.85 35.35 29.96 34.21
33.14 33.39 42.89 37.42 48.98
49.66 57.64 80.3 93.82 95.04
96.67 97.01 97.73 98.38 98.29
97.85 98.26 98.05 97.84 97.79
97.01 97.15 97.74 97.25 96.62
95.03 96.27 97.18 98.45 98.37
97.43 95.62 94.67 97.52 98.37
98.6 98.47 98.77 98.63 98.68
98.84 98.77 98.64 98.42 97.64
95.1 92.8 87.85 85.25
