46.71 50.3 52.19 57.82 54.07
59.04 50.43 49.72 51.61 44.37
46.4 40.84 39.49 45.02 39.57
42.84 42.16 41.34 40.43 40.09
40.45 39.63 38.4 42.2 40.46
38.66 40.02 36.95 35.25 31.36
26.62 28.74 27.29 39.39 41.99
41.05 43.4 47.88 56.35 48.35
41.37 48.22 60.54 60.95 74.92
75.56 77.92 79.33 81.64 81.57
79.58 79.94 77.5 76.43 80.62
82.11 83.29 84.9 84.49 83.84
82.96 86.26 86.96 87.02 87.2
88.8 87.84 87.33 86.11 86.63
88.94 87.61 87.2 86.46 84.59
85.55 84.13 87.41 86.83 85.37
90.58 90.11 91.13 92.44 91.92
92.65 92.84 92.02 92.59 93.11
91.87 89.96 90.78 87.47 89.38
88.69 87.07 85.15 85.67 82.32
74.77 66.24 64.33 61.87 53.81
52.94 47.01 49.19 44.69 43.71
47.12 46.48 50.34 46.16 33.84
41.54 40.05 35.55 43.95 47.77
51.1 56.48 66.34 81.66 86.81
89.55 90.62 92.15 91.37 91.5
92.57 92.38 91.53 90.57 90.64
88.44 87.45 86.46 83.85 86.73
90.28 86.48 88.96 91.48 91.24
90.55 90.76 91.73 91.89 91.05
89 86.39 86 88.57 92.17
92.73 93.35 92.37 92.85 92.85
92.81 92.99 91.47 92.21 92.06
90.6 89.32 86.97 87.45 87.21
86.61 85.91 88.17 88.72 89.26
89.45 90.48 90.13 87.53 86.69
88.48 85.41 82.57 86.38 85.97
87.43 89.17 89.05 88.33 84.51
82.73 76.45 67.72 75.19 73.17
79.51 85.46 85.54 91.03 90.59
89.09 88.5 89.19 91.11 87.77
88.13 89.58 87.96 85.67 86.37
87.22 86.6 84.61 76.37 73.98
82.21 84.93 86.29 85.82 85.4
87.51 89.25 87.41 89.01 87.51
88.12 89.3 89.03 87.94 87.97
88.16 84.72 83.72 81.34 77.18
67.06 61.36 58.17 51.98 51.25
47.18 40.67 39.75 36.24 41.18
34.89 38.19 42.83 43.95 43.64
49.66 45.94 46.1 39.84 45.6
45.94 40.46 38.91 38.89 46.21
40.43 42.3 46.18 42.06 40.33
47.39 46.52 49.05 46.97 44.9
37.93 48.33 44.12 36.14 31.08
37.48 31.8 34.26 34.43 32.7
38.25 41 35.06 35.1 41.66
36.16 40.83 41.75 58.43 60.3
55.82 67.27 67.12 72.12 73.64
74.79 75.61 77.44 81.34 82.67
83.86 82.55 85.98 87.21 82.25
82.29 83.39 82.4 81.08 76.77
74.58 73.51 71.12 64.73 59.83
57.9 52.98 52.14 45.64 46.13
47.14 45.9 45.72 41.54 44.71
43.49 38.53 36.12 30.98 34.75
33.62 35.64 36.75 34.72 34.36
35.31 32.79 36.38 31.38 35.87
32.62 36.21 38.07 42.04 38.75
44.08 44.22 47.19 50.5 48.89
50.29 48.27 53.18 51.36 54.4
53.89 55.98 55.88 56.59 56.13
55 49.73 54.43 50.95 53.6
48.64 51.85 48.17 52.5 49.8
53.94 50.07 50.12 50.09 56.01
54.57 55.66 53.08 58.48 61.85
58.94 59.16 62.97 58 61.3
62.61 61.67 51.7 61.63 61.1
59.28 56.33 57.16 58.68 57.9
58.71 59.1 64.12 60.26 60.58
66.9 66.82 65.92 69.34 68.15
69.84 71.73 72.07 71.13 69.7
70.32 70.94 67.47 69.73 69.81
68.8 68.05 61.69 61.61 59.9
58.07 56.64 56.58 54.38 48.18
49.27 41.37 39.21 37.55 43.14
39.41 40.27 40.33 40.5 42.08
37.73 41.02 39.41 43.52 41.55
50.18 47.65 45.23 39.79 39.02
42.88 37.66 36.11 40.76 37.83
40.67 40.96 42.5 43.01 40.53
42.8 45.91 40.01 42.84 42.38
35.81 38.21 37.57 41.31 39.63
39.56 45.61 41.48 41.41 39.11
45.03 41.09 43.38 36.98 43.96
42.05 37.49 34.43 44.63 34.92
39.35 42.24 39.87 38.85 39.15
41.58 39.77 39.5 37.01 38.1
44.55 38.51 45.34 38.98 41.4
37.89 39.6 41.86 40.03 39.5
42.41 35.72 43.91 41.19 34.59
37.01 34.08 40.43 39.09 35.62
39.36 38.78 39.93 36.66 41.61
38.16 46.69 42.48 42.46 40.99
46.58 37.12 39.62 40.96 39.51
33.95 39.05 41.39 34.87 39.7
42.71 36.43 36.56 40.08 44.04
37.81 39.79 42.15 41.4 45.95
46.56 43.94 47.32 48.49 49.89
46.31
