51.5 67.58 73.86 74.35 75.18
75.03 76.08 77.31 76.99 75.43
77.56 76.56 75.88 72.98 70.13
68.55 62.36 65.4 58.09 57.51
53.25 50.1 48.68 44.32 34.18
35.37 42.78 41.31 54.09 67.11
81.12 85.55 90.13 90.79 92.68
94.14 96.14 97.09 97.38 97.86
97.03 96.1 93.11 90.41 94.02
94.05 96.42 97.03 96.91 97.13
97.04 97.5 97.38 97.45 96.63
95.45 93.4 89.6 83.76 83.41
89.74 92.08 93.8 94.83 96.14
96.5 97.77 97.59 96.85 96.48
95.89 96.46 97.43 97.09 96.19
95.3 93.7 93.1 91.63 89.31
88 85.67 81.5 85.07 85.58
91.15 92.64 95.25 96.48 97.07
95.89 95.33 91.84 90.78 95.01
95.45 96.11 95.87 95.01 93.77
92.04 91.82 87.23 85.31 81.9
83.8 83.09 78.1 74.24 81
89.87 93.05 94.18 95.32 96.47
95.96 96.96 95.23 94.41 93.35
92.77 92.62 93.69 93.07 93.64
92.96 91.99 92.8 90.66 92.35
93.62 94.41 94.67 95.04 93.64
88.77 75.49 56.65 56.57 61.34
57.07 69.77 79.32 88.22 93.55
94.24 96.23 95.43 96.07 94.93
92.16 90.78 90.24 88.47 83.94
83.71 80.79 75.21 76.16 81.22
86.17 88.77 87.18 89.87 92.61
93.07 94.49 95 95.72 94.53
94.57 92.64 87.62 82 81.78
82.64 87.63 90.1 88.4 90.33
94.48 94.4 91.98 89.94 86.71
82.57 80.01 72.65 62.36 55.64
48.39 42.52 42.38 50.55 54.63
60.77 71.46 74.11 84.74 89.25
89.49 91.18 91.76 94.12 95.68
96.01 95.47 95.48 94.05 93.82
92.62 91.11 87.74 85.85 85.61
88.2 89.2 90.46 90.76 92.05
84.03 77.05 92.93 96.03 96.41
96.29 95.33 94.34 92.83 91.7
86.72 81.12 76.33 81.55 81.76
86.62 86.82 90.25 90.52 91.92
92.88 92.86 93.97 94.58 94.71
94.69 94.9 91.99 90.86 90.93
89.45 89.27 90.55 93.15 91.49
91.33 90.66 91.82 93.82 94.25
94.84 94.42 92.22 89.63 81.92
80.74 81.83 86.2 91.86 93.21
95.28 95.87 96.34 96.67 95.71
93.54 93.9 94.26 94.33 95.34
96.31 95.5 94.94 93.11 88.29
74.36 68.38 58.02 46.44 37.93
33.01 38.65 40.8 42.31 42.59
48.36 51.1 55.2 62.63 72.04
75.26 78.28 84.26 85.29 87.34
91.02 93.37 92.22 93.85 94.9
95.31 96.13 95.68 95.31 96.57
96.17 96.03 96.3 95.59 95.43
94.95 94.92 94.24 92.45 93.42
92.27 89.45 88.71 87.57 83.63
72.22 65.86 55.15 51.63 46.42
43.07 45.8 38.58 42.61 36.61
37.43 42.4 39.64 40.61 44.1
38.8 45.53 48.55 40.1 46.13
49.47 44.83 47.93 50.41 48.49
46.56 47.34 41.91 42.38 40.9
34.06 37.69 35.56 32.59 29.69
32.42 31.99 32.61 31.99 31.73
36.51 35.19 35.56 39.77 30.25
37.67 32.35 35.81 36.69 37.81
37.76 38.79 39.92 40.54 55.31
42.75 39.43 55.13 39.89 35.05
36.09 34.59 33.47 35.57 29.71
35.8 39.97 32.4 38.87 36.1
37.21 34.87 36.27 45.39 33.14
40.64 33.09 42.76 35.55 38.59
45.48 38.61 39.64 35.81 31.62
32.5 27.81 32.57 29.14 30.64
29.01 30.87 30.09 33 29.34
28.03 31.18 31.96 33.17 36.42
28.29 37.26 25.93 31.97 30.54
37.36 33.8 38.9 34.07 38.38
30.76 35.61 27.44 33.82 29.92
31.13 36.64 30.21 36.36 28.95
33.65 30.69 33.81 34.07 37.45
34.27 36.05 35.42 36.59 34.31
36.26 33.81 38.04 31.96 37.74
39.21 33.82 30.63 35.87 30.56
31.46 38.62 31.81 46.05 33.32
42.68 39.29 37.11 37.87 37.05
39.45 41.92 40.68 43.84 38.35
37.4 36.95 33.42 40.52 33.73
32.64 36.58 36.16 32.39 32.2
34.07 32.42 34.76 32.61 42.07
32.81 39.61 38.07 36.99 34.98
36.81 35.6 36.02 38.61 35.45
35.2 33.1 36.05 28.16 35.26
31.44 30.72 35.79 34.09 32.54
43.88 32.41 46.87 34.17 30.64
39.14 33.3 34.39 34.03 31.32
33.21 36.8 29.87 35.31 33.21
36.14 38.09 37.1 29.5 35.6
33.85 34.66 33.9 36.68 38.28
40.71 38.07 39.48 38.68 34.85
36.26 39.77 35.83 41.67 36.7
41.52 40.6 45.05 52.19 51.77
54.12 54.97 50.53 52.37 49.25
50.67 50.09 47.91 46.57 48.53
46.49 56.53 55.23 48.5 49.62
48.45 45.34 48.77 46.31 51.7
59.86 57.31 61.46 63.54 58.24
70.11 60.65 49.56 50.97 56.23
42.09 46.26 35.27 38.25 36.5
33.52 34.21 30.9 30.32 30.76
31.07 34.89 33.2 35.28 31.76
36.86 37.63 35.94 41.73 39.76
45.55 46.03 43.99 42.02 42.52
42.37 41.57 41.56 35.01 32.9
36.4 35.23 30.36 29.5 35.02
36.57 39.21 36.94 39.05 36.95
37.21 35.16 36.98 30.38 35.57
28.83 37.68 35.19 27.39 33.31
33.81 30.02 33.81 28.86 28.34
28.72 31.01 33.97 31.39 33.31
34.25 34.49 30.97 36.68 32.91
29.11 29.17 38.23 33.27 31.41
33.12 30.37 34.71 26.88 32.88
24.91 31.04 28.62 27.42 29.58
33.24 33.96 36 46.38 42.55
46.93 40.8 46.42 53.85 48.34
41.96 47.82 51.84 50.13 58.38
59.16 58.35 60.46 65.45 60.74
66.86 64.6 60.31 60.63 67.1
58.12 54.39 54.76 54.5 53.62
52.71 53.93 56.85 47.53 44.37
47.6 47.89 53.41 52.98 55.01
52.64 52.37 53.87 46.68 53.87
54 49.12 53.69 51.25 49.63
40.24 45.18 37.7 36.21 46.44
42.92 45.5 52.08 45.82 41.88
41.31 45.46 39.9 38.66 46.15
43.54 41.47 37.31 48.13 38.2
39.31 39.1 38.8 42.22 57.36
47.58 47.97 39.31 49.29 34.75
42.55 38.18 41.13 36.62 34.39
36.12 32.49 36.28 33.02 38.31
35.36 38.49 35.91 38.58 36.61
37.12 45.92 43.33 39.06 39.2
37.44 36.49 36.49 36.81 34.61
38.78 37.05 32.45 36.28 39.5
32.86 34.1 37.17 35.16 27.6
36.87 35.52 34.28 40 30.63
54.51 36.46 39.02 47.08 40.58
39.58 38.43 37.54 41.77 43.29
40.8 39.49 39.55 37.19 36.91
32.67 33.61 43.95 35.06 33.51
39.46 31.81 37.34 36.35 27.31
31.94 37 28.28 30.58 33.11
32.29 35.17 37.91 29.69 32.08
35.09 31.47 32.67 35.14 28.21
39.38 35.02 36.19 40.13 35.59
37.64 34.94 37.23 38.1 40.42
40.27 40.65 40.83 38.48 39.31
45.9 37.1 37.48 39.01 49.12
39.98 37.55 37.46 36.16 37.77
36.32 41.58 42.37 39.32 43.04
39.55 41.96 44.06 40.98 46.75
40.05 49.32 40.5 45.96 44.89
49.96 52.25 64.67 54.84 61.24
45.42 60.53 62.18 62.4 62.31
58.97 54.88 50.99 54.68 47.48
44.42 50.66 41.6 55.36 45.28
