51.24 61.88 76.34 77.07 78.46
78.06 80.99 83.53 80.93 81.47
82.56 84 81.51 86.65 84.39
83.91 86.22 85.76 85.44 85.06
86.81 86.14 83.05 86.25 84.98
88.09 83.7 86.57 88.18 86.08
85.87 88.79 89.68 84.2 89.5
90.97 88.23 84.08 89.53 89.32
86.34 86.23 90.93 84.74 85.16
84.88 88.36 83.67 85.68 86.32
82.24 85.59 84.79 85.34 80.53
81.41 81.25 78.55 72.71 66.09
65.11 70.81 75.33 78.47 82.16
81.63 83.72 83.27 84.67 86.47
85.94 84.42 86.41 89.26 84.7
85.13 86.6 88.42 85.55 85.19
90.03 86.68 87.27 86.47 92.62
86.15 86.45 89.03 84.53 81.9
83.23 82.57 78.51 76.3 76.3
72.42 68.26 62.51 57.62 55.68
49.13 41.54 38.23 42.64 33.83
29.81 42.33 38.62 35.66 30.32
32.08 39.37 30.25 29.94 29.82
37.82 27.47 38.98 28.18 43.48
29.47 31.89 29.69 28 30.7
26.69 31.34 26.82 37.87 27.51
35.84 29.51 29.26 29.27 33.79
32.81 30.55 34.48 29.13 32.2
28.34 32.09 33.28 35.11 30.6
32.29 33.36 33.56 35.72 31.55
33.39 31.01 33.67 37.91 32.5
32.33 30.3 31.11 37.71 29.19
29.12 30.05 30.32 30.89 32.06
30.96 33.05 31.2 44.92 40.97
41.64 31.88 42.77 36.47 35.74
32.6 38.48 31.27 36.67 36.47
31.87 35.9 33.24 36.09 30.08
30.01 28.28 34.93 39.38 42.83
53.31 61.72 63.26 64.02 67.94
76.13 76.37 72.29 76.94 74.37
74.81 61.09 73.62 69.55 67.39
62.66 65.14 65.19 53.25 58.88
53.32 50.98 38.78 35.41 46.87
42.52 46.46 42.81 50.25 48.07
45.15 50.67 41.94 31.92 45.19
36.73 44.43 35.02 42.67 34.99
36.33 41.58 47.39 32.83 42.75
52.7 51.12 47.44 50.34 58.18
70.39 58.37 71.89 70.84 80.94
78.13 81.71 78.35 80.16 82.39
79.54 84.29 82.05 85.1 84.09
85.09 81.02 85.23 86.39 85.14
85.37 86.34 86.64 85.36 85.14
87.81 86.61 87.31 86.5 87.42
87.96 87.53 89.88 90.36 92.32
86.42 91.25 91.18 92.05 91.32
89.8 89.03 90.33 91.68 94.58
92.49 93.67 89.31 90.12 89.5
93.21 92 88.33 92.91 90.78
92.61 87.97 87.67 87.74 82.46
89.84 91.05 92.05 86.52 88.91
86.98 86.48 88.54 83.68 88.96
88.18 91.33 92.09 86.46 91.6
89.23 93.69 88.47 89.48 86.59
86.29 89.13 85.72 86.66 86.73
85.97 87.84 86.17 84.79 88.36
86.2 84.32 84.84 81.81 84.31
80.24 83.67 80.71 81.58 68.42
80.36 79.79 69.48 66.71 71.67
75.56 67.39 72.39 66.55 65.73
60.32 61.06 65.14 64.05 69.19
63.35 70.65 64.23 56.98 62.99
63.05 62.07 61.05 59.42 59.58
60.64 54.6 65.58 61.17 59.81
60.51 62.13 66.84 69.11 73.39
77.35 75.27 80.27 85.22 85.04
89.94 88.09 90.41 88.09 93.7
93.18 93.26 92.45 93.99 92.95
95.63 93.78 93.71 94.71 96.23
93.93 95.37 95.91 96.45 94.8
96.26 95.35 94.69 96.34 96.27
96.36 96.52 96.52 96.78 96.05
96.46 96.47 96.94 97.04 96.49
96.11 97.79 97.63 97.16 97.9
97.38 98.08 97.08 97.72 98.16
97.16 96.65 97.39 97.07 97.78
97.46 97.69 97.3 97.01 96.77
96.93 97.65 97.61 98.14 97.55
98.42 97 97.98 97.83 97.56
97.79 97.02 98.32 97.69 97.2
97.5 97.42 97.37 96.47 95.52
97.03 97.32 96.36 94.84 96.78
95.63 96.97 95.96 97.34 97.03
95.76 96.57 97.4 97.5 97.05
95.75 98.07 97.49 97.81 96.74
97.98 97.85 97.54 97.33 96.52
97.04 97.63 97.47 97.57 95.96
95.89 97.97 96.62 97.7 97.67
97.52 95.98 97.07 97.3 96.86
96.41 97.29 96.69 96.95 97.53
97.61 96.63 96.77 96.81 97.39
97.25 97.6 97.21 97.73 97.46
97.22 97.74 97.21 97.45 97.72
97.69 96.82 97.28 97.53 97.41
97.01 97.26 97.65 96.97 97.07
97.51 97.73 97.28 98.46 96.83
97.39 97.97 97.88 97.4 97
97.8 97.42 97.8 97.75 97.86
98.04 97.3 97.53 97.14 97.06
96.25 96.99 96.51 97.36 97.22
96.26 96.77 97.62 97.19 95.96
97.3 96.49 95.34 96.72 97.02
97.17 97.13 96.94 95.97 96.48
96.99 96.82 96.98 97.3 96.24
96.09 96.97 95.31 95.69 93.59
94.22 94.17 94.78 94.78 95.12
94.57 95.18 94.96 94.79 93.74
94.44 93.38 94.01 94.39 93.19
93.57 95.37 94.05 93.03 92.72
92.11 89.46 91.66 89.44 88.77
92.2 91.64 90.5 89.05 88.12
91.78 90.22 85.55 87.88 84.88
82.15 81.25 85.19 83.82 79.87
81.5 81.05 78 76.25 78.16
77.4 71.33 67.69 69.14 57.63
55.99 59.15 58.13 51.03 48.85
46.07 43.11 39.1 35.82 41.1
41.2 40.94 39.79 46.49 47.9
42.58 43.8 38.2 40.33 37.81
36.51 32.74 35.73 33.54 36.78
35.3 35.5 35.27 38.99 34.6
37.25 36.48 37.37 40.44 37.22
39.28 38.47 38.67 36.36 36.44
38.08 39.41 38.41 38.73 34.25
37.39 35.02 42.1 35.87 35.84
36.04 36.25 38.44 41.51 36.72
38.16 39.68 41.08 40.16 43.69
39.14 41.07 39.35 42.87 41.31
36.71 37.89 44.15 45.13 39.3
38.65 38.32 40.81 36.84 34.45
43.7 39.06 35.8 37.01 41.18
36.11 32.8 37.78 40.6 33.83
36.8 35.71 36.47 34.61 34.07
40.04 32.56 39.4 31.97 35.77
31.52 35.26 37.65 34.2 36.66
35.38 37.42 35.34 31 39.36
35.2 34.31 40.52 37.9 39.33
34.09 35.26 32.74 35.72 33.19
34.13 35.4 28.9 32.49 38.12
31.03 35.35 33.27 44.73 35.08
29.83 35.62 32.53 32.94 36.63
32.09 36.53 39.03 32.67 38.65
34.66 39.38 38.27 35.67 42.39
39.98 41.25 36.74 38.19 33.77
37.18 42.32 37.84 44.17 39.75
39.67 42.34 41.79 43.71 42.22
44.98 36.57 36.11
