29.58 27.21 24.26 23.53 34.89
31.82 27.3 32.9 32.2 24.9
34.85 31.02 34.78 34.17 30.61
33.43 34.19 29.92 32.39 30.38
31.33 28.22 26.9 28.25 27.33
32.57 32.31 29.19 45.51 51.23
57.03 69.76 79.79 89.52 91.89
94.18 93.51 93.01 90.41 88.86
90.74 86.48 85.1 86.72 90.41
90.83 92.94 93.71 93.04 94.25
94.47 93.95 93.48 95.19 94.1
93.6 94.35 90.8 92.46 91.01
90.85 93.67 91.26 92.7 87.64
83.49 69.66 73.38 69.38 76.5
83.13 92.97 94.2 94.88 94.78
93.9 94.33 90.63 90.56 91.42
91.82 94.19 93.17 93.28 94.98
95 93.34 94.06 94.43 94.74
90.59 85.45 91.63 85.91 87.45
84.76 83.38 84.75 86.2 90.4
89.06 92.82 90.92 87.85 75.42
67.93 46.74 35.12 29.33 26.32
30.9 30.92 31.24 28.54 33.04
30.13 31.43 24.36 25.03 26.89
22.48 26.37 24.14 29.08 25.73
28.49 24.34 29.87 27.02 28.11
28.68 24.42 30 27.19 34.18
35.29 42.07 43.64 45.5 46.34
45.03 47.34 40 39.7 34.6
36.91 30.71 35.42 28.59 29.99
29.52 28.87 33.1 36.38 36.16
49.2 53.59 64.71 81.53 87.97
90.86 89.1 88.02 85.79 83.28
81.4 84.09 83.21 78.22 80.33
86.02 90.89 90.14 92.01 94.19
94.06 92.34 92.76 94.55 94.12
91.28 88.4 88.87 86.93 89.96
86.22 84.67 84.3 84.19 80.51
80.5 84.84 79.96 83.55 90.25
91.4 93.36 94.98 94.53 94.13
94.57 92.56 91.17 88.82 81.65
81.91 88.89 90.88 93.06 94.57
95.14 95.89 95.59 93.65 93.31
92.59 91.24 92.36 93.91 90.34
93.64 94.67 92.84 87.67 92.86
94.29 90.92 89.64 91.97 92.03
88.01 88.49 89.53 87.96 85.21
89.85 93.48 95.11 96.25 95.24
93.52 90.8 91.69 93.05 96.1
94.5 94.7 94.57 96.5 97.1
97.29 96.92 96.26 94.16 91.51
89.09 85.36 81.69 80.99 79.22
87.41 87.26 87.01 92.45 95.82
97.63 97.16 97.02 96.71 94.7
94.74 94.51 90.08 91.78 94.64
96.26 96.58 96.79 96.71 96.02
96.84 95.74 96.48 94.84 93.59
92.35 93.53 94.41 96.23 95.56
96.99 96.58 95.05 95.52 96.88
96.88 95.84 95.75 91.6 93.34
92.56 92.09 93.8 94.94 94
94.22 94.04 95.52 95.75 95.46
93.77 94.56 93.6 92.43 90.96
86.2 80.4 81.08 83.75 80.08
73.64 81.45 81.97 81.44 85.46
87.88 87.75 90.04 91.86 91.91
92.57 91.3 91.95 90.31 85.85
72.69 61.09 48.46 39.71 34.53
27.82 31.76 28.63 30.36 34
31.73 37.55 32.54 36.7 38.64
37.4 39.07 37.65 40.76 42.7
39.55 35.69 34.78 33.68 34.58
32.7 36.24 36.86 36.17 32.41
41.81
