37.41 39.74 35.08 39.38 37.08
41.37 41.7 38.26 40.34 37.04
38.56 41.02 31.4 42.84 35.18
40.35 38.3 40.62 37.29 40.01
38.57 36.55 39.38 32.86 39.97
47.82 55.57 73.44 85.73 89.43
93.03 93.23 94 92.32 91.77
93.12 94.21 95.43 96.19 96.59
96.74 95.65 93.99 95.76 95.96
95.86 96.71 96.72 96.67 96.4
96.07 93.56 90.6 85.6 84.26
81.59 79.73 86.5 88.94 90.25
90.02 90.62 92.83 93.78 94.81
95.26 96.41 94.73 95.01 94.41
93.13 92.75 92.58 92.08 93.22
93.4 94.74 93.97 93.88 92.86
89.52 86.57 88.95 88.39 85.37
77.33 81.69 75.76 77.66 73.03
80.15 93.01 94.27 93.36 93.85
93.19 87 88.35 92.93 92.28
89.68 90.72 92.72 95.02 95.41
96.81 95.4 95.79 95.73 95.12
93.94 95.19 94.7 94.67 92.75
93.37 95.16 94.71 96.55 96.59
97.31 96.88 96.35 95.27 93.32
88.71 86 88 90.92 93.1
95.56 95.73 96.64 96.67 96.89
96.49 96.64 96.98 97.34 96.67
96.3 96.26 96.02 95.53 96.63
96.25 95.3 94.66 92.17 90.95
89.34 85.77 84.18 79.8 83.01
76.8 75.48 69.85 79.77 82.74
88.74 91.98 94 96.43 97.05
97.37 97.3 96.41 95.02 96.19
96.92 95.95 95.91 96.4 95.89
95.63 95.44 94.9 93.1 89.26
86.96 85.74 87.47 85.69 90.38
88.85 83.66 78.41 72.97 88.14
92.08 94.58 95.23 96.02 94.22
94.63 92.85 92.43 91.24 93.23
96.66 97.12 96.61 96.31 96.29
96.42 95.04 92.48 88.62 86.39
79.81 81.68 72.88 70.56 76.98
84.21 92.29 93.11 95.36 96.46
95.76 96.67 96.49 96.14 95.02
94.19 93.71 90.44 88.69 92.05
93.09 94.15 96.06 95.19 93.46
91.55 88.72 83.89 76.73 68.32
61.62 54.56 51.64 48.91 57.36
65.38 79.48 85.29 91.52 93.14
94.08 92.72 91.19 92.88 94.06
95.48 95.69 96.34 96.17 95.36
93.58 95.61 95.89 95.86 96.56
96.89 96.59 96.39 95.28 92.7
89.36 85.68 82.74 78.72 76.86
83.3 86.91 87.12 86.3 85.07
88.13 88.67 91.34 91.88 93.58
90.96 90.99 90.09 85.76 83.54
82.57 84.6 87.59 91.02 92.21
90.6 91.02 87.29 83.2 82.92
86.59 86.85 82.23 77.06 80.35
73.23 79.82 76.25 81.01 93.39
94.01 93.61 93.84 92.71 85.89
87.21 92.18 91.85 88.54 90.13
91.89 94.57 94.98 96.61 95.83
95.89 96.07 94.88 93.76 95.16
94.56 94.14 92.3 93.39 94.74
94.2 94.59 94.73 94.04 94.47
91.18 90.65 86.26 82.13 76.24
76.39 81.53 85.76 91.17 92.9
94.69 96.29 96.5 96.47 96.13
96.64 97.03 96.37 95.75 95.54
95.16 94.77 95.82 95.46 94.86
93.57 91.47 90.67 87.53 84.43
82.5 78.44 81.92 78.96 82.06
82.06 86.29 89.38 90.11 92.94
93.29 95.67 95.86 96.91 96.74
95.58 94.3 95.53 96.4 95.99
95.12 95.76 94.94 94.91 94.78
94.89 93.34 89.99 86.77 85.75
86.23 88.69 91.36 88.34 78.95
78.8 77.37 89.26 92.43 94.39
95.22 95.4 93.92 94.36 92.16
91.92 90.39 92.17 95.89 96.53
96.1 95.88 95.91 95.89 95.4
93.98 90.95 89.28 87.64 83.56
79.28 73 79.32 84.54 91.44
92.44 94.4 95.15 94.63 95.9
95.59 95.57 93.84 93.21 93.11
90.91 89.54 91.85 92.08 92.45
93.18 93.68 91.41 89.08 84.89
77.93 63.81 58.28 56.53 51.49
54.29 55.57 68.22 71.34 71.69
72.79 80.07 84.16 86.11 83.82
89.75 89.41 93.04 92.73 94.8
93.39 94.54 95.16 93.73 94.42
94.83 94.2 91.88 93.42 91.97
92.38 91.01 89.68 87.95 89.16
86.74 84.69 83.92 81.41 73.62
73.55 71.58 66.51 62.39 59.19
61.11 59.97 58.26 53.44 49.52
44.59 44.28 41.09 38.69 39.38
38.09 39.82 42.22 43.39 40.8
40.66 43.46 44.05 39.84 41.01
39.37 43.49 46.52 47.42 43.08
49.37 46.19 51.66 52.57 47.98
44.62 53.22 54.85 40.38
