42.56 45.83 40.59 47.47 47.8
49.34 47.24 48.91 47.26 44.17
50.76 52.13 49.96 58 52.94
51.56 65.01 63.45 67.42 72.62
71.79 71.55 73.18 74.98 74.17
70.17 66.92 71.29 68.96 71.55
68.08 70.07 73.72 72.37 69.69
71.15 69.9 69.83 62.71 63.09
56.6 52.44 50.9 42.13 48.67
44.72 46.75 45.24 56.97 63.87
84.59 92.81 94.84 94.96 94.57
91.5 90.19 85.79 81.63 72.78
64.48 61.18 56.58 54.36 59.31
62.07 73.47 88.2 89.99 91.44
92.65 92.64 94.12 91.18 91.47
90.02 92.66 94.65 95.75 95.91
95.73 94.53 93.73 91.45 92.44
89.79 91.03 93.76 94.43 94.24
95.06 92.39 92.63 88.17 85.9
83 79.63 74.33 74.26 77.77
73.64 78.85 81.73 87.43 90.15
92.15 93.56 93.75 92.31 92.7
91.41 87.83 87.93 91.66 92.68
93.45 94.69 95.38 95.83 96.42
96.17 95.33 93.18 91.06 89.1
94.13 95.44 95.98 94.57 92.61
92.23 92.69 91.94 80.68 72.12
59.61 66.77 66.27 69.71 77.44
86.79 88.88 91.41 90.4 89.81
89.24 88.25 89.26 90.46 92.65
96.52 96.66 96.06 95.31 94.25
93.09 87.37 81.14 79.19 85.42
81.35 87.45 91.04 92.48 93.64
94.2 94.14 94.71 95.59 94.77
93.93 91.69 85.31 79.92 66.03
52.51 43.02 34.25 39.7 45.54
38.1 35.47 48.28 50.88 50.56
64.47 74.96 87.76 90.05 90.57
92.88 92.91 93.7 93 93.69
95.27 95.4 94.92 94.85 95.57
94.66 93.46 94.47 93.99 96.82
97.32 97.26 97.27 96.33 96.37
96.69 93.92 94.74 96.99 96.45
96.01 92.84 90.56 86.13 84.08
89.04 91.22 95.19 96.21 97
96.91 96.63 95.55 96.34 94.74
95.2 94.72 94.82 94.71 94.51
90.58 86.84 91.35 93.19 96.06
94.56 93.36 91.26 82.18 77.96
69.88 79.04 85.62 91.67 95.11
95.44 95.92 96.16 96.42 94.84
94.14 92.25 92.94 92.6 93.33
92.46 92.8 89.34 86.93 81.45
89.1 94.14 95.86 97.06 97.5
97.11 96.92 94.73 92.36 91.11
89.38 89.93 88.92 90.47 94.88
93.75 94.91 93.67 95.05 96.01
95.95 96.09 96.92 96.16 96.59
96.96 96.57 96.4 95.26 96.75
95.89 96 96.03 95.4 95.3
95.89 94.17 94.21 92.85 93.19
95.56 93.56 91.01 86.53 80.08
72.09
