39.04 35.46 38.11 37.6 38.6
36.26 35.49 37.6 31.19 42.02
37.38 37.55 35.35 34.83 41.78
42.71 48.28 54.75 73.53 89.34
95.5 97.23 98.01 98.05 97.72
95.01 93.5 92.4 91.81 93.64
94.98 93.17 92.66 94.59 94.86
92.9 92.11 94.14 93.39 91.19
91.79 93.01 95.08 95.33 96.15
96.74 96.95 96.51 94.48 91.1
89.88 87.62 85.87 79.93 75.4
74.07 77.64 79.61 79.17 81.37
84.28 89.7 91.79 93.78 95.5
95.75 96.47 95.42 96.75 96.68
96.87 97.2 96.23 96.09 96.36
98.21 98.5 98.53 98.39 97.48
96.65 95.85 96.2 95.32 96.27
97.13 95.03 95.59 97.09 96.04
95.74 96.44 96.2 96.15 97.2
97.92 97.7 97.56 98.23 98.65
98.62 98.75 98.55 97.69 96.81
95.52 95.07 93.07 93.2 89.83
88.79 93.63 94.94 92.78 94.93
97.11 98.04 98.06 97.71 97.76
98.01 97.55 96.85 97.2 97.11
95.61 96.55 98.12 98.49 98.66
98.78 98.66 98.21 96.47 95.18
92.03 91.31 87.81 89.12 84.64
85.11 87.99 84.58 77.81 65.11
57.88 57.8 57.28 62.37 69.99
80.24 89.61 94.9 97 98.43
98.44 98.27 97.9 98 97.4
97.61 98.05 97.91 98.07 97.44
98.19 98.23 97.26 96.47 95.72
94.73 93.56 92.19 89.89 91.73
92.18 96.33 96 97.64 96.99
96.95 97.81 97.56 96.5 97.18
97.4 95.23 94.36 95.67 95.93
93.95 90.48 89.52 91.27 89.61
85.68 86.29 83.91 84.84 91.8
91.03 91.87 94.83 95.67 95.56
96.52 97.38 97.57 97.97 97.3
97.96 97.82 97.79 97.69 97.38
97.04 96.62 95.87 96.18 95.22
93.3 92.06 94.6 94.77 93.69
93 94.76 94.49 92 91.54
93.11 91.95 93.63 93.1 94.66
94.07 94.24 94.45 94.19 94.93
95.03 96.27 97.38 96.86 95.82
97.76 97.91 97.66 97.91 98.22
98.47 98.4 98.26 98.27 98.24
98.42 97.83 97.45 97.67 97.76
97 95.63 96.69 97.36 96.28
96.16 96.55 95.87 95.67 95.04
94.56 93.26 93.6 92.24 91.53
90.65 90.41 92.28 94.48 95.31
94.05 94.86 95.61 93 91.21
94.31 92.8 90.09 92.02 94.74
92.98 94.88 96.41 96.65 96.45
97.4 98.22 98.22 98 98.58
98.39 98.12 98.09 97.92 97.83
97.39 96.88 96.34 96.12 95.54
93.21 94.38 94.87 94.53 95.28
93.14 94.6 96.56 96.73 95.5
94.96 96.36 96.71 94.76 94.76
95.77 96.32 94.39 94.24 95.9
96.25 94.77 93.55 90.86 88.63
93.13 94.01 93.83 95.55 92.76
90.94 94.94 95.23 93.3 92.59
96.42 96.45 94.66 96.28 98.03
98.29 97.71 98.13 98.29 98.35
98.27 98.37 98.32 98.26 98.2
96.87 96.95 95.95 95.56 94.47
91.77 90.68 84.86 85.02 91.48
89.71 86.97 90.91 90.84 94.02
90.27 95.07 95.42 93.32 93.47
96.88 95.95 94.83 93.42 95.95
97.28 97.17 97.73 98.15 98.48
98.43 98.42 98.5 98.3 98
97.51 97.33 95.99 95.06 94.51
92.79 87.82 84.9 80.19 80.55
78.04 69.89 77.41 73.57 75.51
77.33 81.95 82.41 87.64 84.54
88.59 91.25 91.02 92.61 92.74
93.14 92.86 94.41 96.3 96.05
97.59 98.18 97.91 97.87 98.28
98.19 98 97.7 96.82 96.42
96.62 95.52 94.06 95.77 93.8
92.98 94.72 94.92 95.34 94.05
94.95 94.43 94.96 94.26 92.93
93.99 90.7 91.12 91.08 85.06
79.71 66.65 58.35 41.34
