37.29 36.88 33.23 34.82 34.5
36.28 35.71 32.18 35.14 35.47
34.01 31.98 35.58 30.02 32.31
30.43 35.28 32.52 35.73 34.87
32.67 39.18 39.9 49.58 52.92
62.43 77.92 78.71 86.08 87.62
86.66 85.55 82.52 74.62 65.52
69.03 76.12 80.05 83.77 90.08
91.15 92.82 92.78 94.15 90.88
91.14 87.82 88.36 87.76 83.42
77.16 73.16 77.28 82.03 82.81
85.29 87.98 88.51 87.71 89.47
90.02 88.46 89.2 91.2 93.79
95.2 96.25 94.68 93.71 91.3
86.39 88.71 84.54 89.51 93.1
93.83 95.2 95.08 94.48 94.89
95.34 94.37 93.31 93.98 93.16
94.73 94.13 95.89 94.79 92.45
88.6 88.32 91.16 90.01 89.84
93.23 94.64 96.03 95.6 95.61
93.75 88.36 85.81 86.87 89.38
89.39 90.07 90.59 90.77 92
92.67 91.8 92.21 91.72 88.88
88.96 94.33 95.6 95.83 95.88
95.85 95.56 95.11 94.85 94.28
93.66 95.86 94.96 93.45 92.55
92.9 93.33 95.16 95.84 94.61
95.54 96.98 96.7 94.9 96.25
96.87 96.33 95.51 95.36 94.76
94.07 94.05 94.05 94.04 96.2
95.9 96.7 95.31 94.57 93.73
94.55 94.66 94.03 93.2 92.71
91.78 93.6 92.75 92.81 93.43
93.89 92.8 93.16 91.89 90.77
91.01 90.76 85.79 85.06 84.54
91.35 93.44 93.88 93.4 92.22
90.08 86.28 79.03 78.25 75.57
73.92 73.41 79.27 83.94 88.37
89.75 91.15 90.75 88.37 86.94
88.18 86.75 84.69 86.63 83.57
83.86 82.51 82.49 88.75 92.2
92.87 94.42 94.83 94.7 95.09
94.84 92.78 94.58 96.96 97.06
96.53 94.78 91.9 93.89 95.24
97.03 97.17 97.36 97.43 97.38
97.88 98.17 98.46 98.25 98.01
97.05 96.24 95.77 92.08 94.66
96.98 97.44 98.4 98.45 98.23
97.65 95.31 94.5 95.11 94.71
95.71 94.65 95.53 95.02 92.34
92.8 93.25 93.97 91.6 84.53
81.64 78.07 83.02 84.12 84.57
84.45 88.09 88.47 89.12 90.76
91.94 91.95 92.22 89.32 84.94
84.43 85.82 89.56 87.14 86.78
86.92 82.47 86.55 87 85.44
81.1 79.02 79.26 78.36 72.95
77.46 80.4 82.16 83 82.62
85.17 90.05 91.36 93.61 93.72
95.34 94.51 93.77 95.74 96.14
94.11 94.65 95.33 93.97 93.91
93.65 93.7 94.93 95.14 95.06
95.68 95.95 96.89 96.81 96.31
96.87 98.01 97.9 97.59 98.25
98.57 98.37 98.24 98.38 98.31
97.57 97.46 97.19 97.11 96.34
96.49 96.61 96.01 95.69 95.09
94.79 93.21 93.59 93.12 93.16
90.9 90.5 88.03 88.01 93.37
95.81 96.85 96.86 97.36 97.31
97.12 97.8 97.24 98.07 98.03
98.02 97.08 96.23 96.31 96.17
97 98.02 98.09 97.8 94.46
94.26 95.77 93.21 89.51 83.33
88.48 86.35 88.59 88.45 87.84
85.45 86.22 87.48 88.75 91.36
91.73 90.61 92.82 94.85 94.78
94.28 96.03 96.61 95.73 96.23
97.31 96.75 96.02 95.58 94.76
92.88 93.28 90.33 87.43 80.12
72.07 66.08 60.55 62.63 60.62
50.84 48.38 48.54 34.96 31.47
29.52 31.12 32.01 31.44 35.32
33.13 32.98 37.3 37.55 36.61
40.53 36.31 40.14 41.82 31.74
38.57 38.44 30.38 32.9 32.34
33.63 37.58 31.75 36.34 32.61
34.91 38.24 34.47 33.69 35.38
33.82 38.87 37.73 37.2 36.77
37.61 36.2 36.69 37.56 35.92
34.77 34.37 31.54 34.9 33.78
41.48 44.86 60.12 58.29 77.42
84.11 88.94 87.84 88.64 91.44
89.85 89.78 91.71 92.65 90.37
91.06 93.56 92.91 91.97 93.97
93.13 91.61 92.49 92.83 92
93.34 97.05 96.56 97.04 97.1
97.01 95.49 92.75 90.57 89.56
93.82 93.74 93.13 93.39 95.49
93 93.09 95.13 94.59 92.03
90.7 84.57 85.56 89.32 91.68
92.51 91.11 93 92.06 90.55
88.87 90.56 88.91 87.02 69.29
57.23 50.85 44.22 44.58 43.6
39.68 38.25 40.77 50.4 39.04
45.89 47.73 46.92 44.09 56.6
59.33 67.86 79.07 85.18 88.43
89.51 91.68 94.02 92.05 92.02
92.56 94.28 92.12 87.5 83.44
77.79 76.82 77.74 76.91 73.72
75.71 73.88 73.07 70.33 72.39
65.7 61.93 54.81 56.7 55.3
46.56 41.99 42.53 37.09 31.32
32.2 36.35 31.74 35.51 37.68
33.95 33.41 30.81 31.97 33.15
34.64 28.47 30.01 29.71 27.92
27.51 27.95 30.04 27.45 29.51
31.36 34.74 37.49 29.01 33.42
36.71 30.58 32.03 37.7 35.91
34.08 35.71 45.24 36.38 33.66
36.23 32.82 33.44 34.34 35.08
35.64 31.98 32.1 29.45 28.19
26.77 27.81 29.91 28.9 27.79
27.32 30.24 28.8 28.31 34.25
31.09 28.68 28.69 30.54 31
30.24 28.73 30.91 28.95 38.28
30.52 31.09 30.78 31.67 32.04
33.95 33.11 31.53 32.91 35.08
31.93 34.06 35.7 31.6 34.5
32.07 27.63 29.27 28.65 27.66
26.28 26.78 27.51 26.47 32.09
33.28 45.31 56.31 67.82 75.57
78.94 78.09 76.68 77.25 78.17
78.93 75.81 64.62 67.48 78.05
82.14 85.98 84.94 86.23 89.51
89.73 91.3 91.04 92.04 93.85
92.79 92.91 94.09 92.74 92.18
91.92 90.12 91.37 89.41 88.96
85.47 82.34 79.85 58.95 58.29
40.35 46.5 48.53 45.9 56.64
66.27 70.25 69.99 78.14 72.65
73.51 75.32 79.79 79.35 80.28
80.44 83.83 82.75 84.61 85.94
84.39 82.64 88.14 84.52 80.68
76.86 80.61 78.11 71.95 70.38
70.65 63.63 63.93 59.34 68.57
64.43 69.44 66.71 72.48 75.44
77.09 78 77.49 82.07 82.73
80.27 81.32 83.5 87.91 88.03
86.74 87.56 88.79 89.92 88.82
87.67 90.19 90.1 88.22 90.02
90.18 87.87 86.67 89.73 89.5
86.49 85.66 86.99 85.25 82.44
75.1 71.55 70.45 64.69 57.5
51.19 52.6 45.38 36.06 33.09
32.42 37.8 43.12 43.13 55.39
57.77 66.81 77.04 80.64 80.57
79.52 81.31 87.77 86.01 85.14
89.93 90.52 86.97 86.36 87.44
90.37 87.9 85.2 88.72 90.12
86.81 87.2 86.98 89.11 84.67
85.36 83.96 83.58 82.18 80.63
77.78 76.29 73.12 76.44 76.67
80.96 84.4 69.57 59.97 55.01
49.47 39.25 35.44 30.99 28.44
27.7 28.62 26.84 30.61 27.13
33.29 29 30.48 30.84 29.8
34.38 32.03 30.5 32.92 34.35
36.86 31.52 33.85 34.57 35.24
33.35 35.28 32.14 33.45 30.93
32.43 32.36 37.72 32.42 29.9
34.02 30.93 30.07 32.53 30.41
37.56 33.6 36.17 34.76 36.74
31.83 27.41 30.75 27.23 27.27
26.26 30.29 29.72 31.64 30.93
31.81 28.21 30.13 28.43 26.4
30.46 27.23 31.1 27.71 33.61
33.46 30.71 36.65 27.8 34.96
32.26 29.29 33.49 32.7 36.26
35.3 29.84 30.63 34.6 35.05
34.22 34.42 34.19 33.06 35.35
37.55 35.87 36.99 39.1 45.11
39.45 39.69 35.04 39.61 39.52
37.06 36.34 33.09 34.28 33.67
37.93 35.14 30.72 34.8 36.83
37.08 35.87 36.33 36.66 37.81
31.62 35 31.59 29.51 32.81
29.81 31.27 30.76 36.25 35.02
38.68 37.63 36.82 36.2 38.97
30.23 30.04 34.18 38.65 32.84
28.88 36.6 28.97 32.54 36.88
36.82 39.56 32.49 30.83 36.62
34.7 28.91 32.37 30.56 30.14
27.27 25.04 27.39 25.13 30.52
27.15 30.1 29.93 42.41 42.49
37.8 41.22 38.29 32.83 37.39
36.75 37.53 34.95 37.34 30.1
29.47 30.83 28.52 28.25 29.4
26.48 28.79 29.24 27.01 26.3
27.46 25.05 26.23 25.69 29.25
25.93 30.8 29.29 33.89 28.28
32.94 30.54 33.86 29.81 36.08
32.59 33.22 32.14 33.28 31.88
30.87 32.42 26.34 28.17 30.58
27.44 33.86 36.01 33.74 44.27
47.27 54.45 60.23 58.81 67.64
70.35 65.2 70.67 72.23 64.08
62.79 61.43 64.13 59.35 49.49
45.32 41.96 41.4 43.25 38.26
30.96 34.55 35.54 37.95 37.8
39.86 36.5 40.05 36.18 39.7
37.51 40.39 42.77 38.81 39.16
38.43 38.37 33.62 32.53 32.71
31.99 31.07 37.78 34.58 31.68
33.03 33.36 33.58 32.74 33.16
31.97 38.43 33.29 29.5 30
32.85 29.78 32.16 35.62 36.93
33.39 33.34 37.19 30.24 28.82
34.28 28.46 32.61 36.25 33.71
40.36 35.59 31.63 40.48 32.62
27.08 30.13 26.27 31.49 33.51
39.24 31.26 30.16 32.57 30.77
29.92 30.91 28.03 29.38 26.53
26.91 29.03 29.63 28.44 30.17
28.6 29.92 28.66 30.12 31.39
32.95 35.52 33.85 35.95 36.35
37.96 30.7 35.04 31.84 41.43
29.7 29.59 29.12 27.35 30.49
34.07 35.22 39.13 40.47 42.7
38.81 51.23 49.2 55.75 70.8
58.91 71.78 77.97 76.28 73.47
77.1 80.2 76.58 75.43 78.95
77.89 72.38 78.16 79.46 77.84
75.58 77.97 79.06 71.51 75.76
73.37 70.71 68.31 67.58 64.28
55.24 48.26 42.49 37.05 35.2
35.4 38.85 39.2 34.32 35.8
35.87 33.77 32.92 33.25 30.94
32.86 32.05 32.15 31.9 33.39
34.08 36.19 40.35 38.07 38.98
39.54 39.88 38.2 38.27 36.74
38.61 36.46 41.25 38.21 37.46
38.08 43 38.83 34.34 39.73
40.22 38.08 48.75 44.42 40.94
41.61 36.49 39.76 38.5 35.61
41.18 41.68 35.42 40.79 43.87
39.9 36.28 36.52 32.97 36.69
34.61 36 35.7 38.79 37.27
38.7 38.84 40.56 38.08 38.28
38.17 36.02 40.41 34.8 36
37.67 37.86 38.75 37.45 38.56
36.03 35.62 34.91 35.61 32.79
35.03 36.63 30.21 43.14 34.51
37.04 36.46 38.58 44.45 39.01
39.11 38.17 36.82 37.14 33.03
44.06 38.49 38.51 37.31 39.74
42.79
