29.35 33.83 37.54 39.62 41.15
47.89 50.62 57.97 64.31 79.33
79.72 82.67 88.17 85.78 86.15
88.93 87.83 88.48 87.01 82.64
84.09 87.23 87.13 84.59 83.58
87.64 90.9 87 87.36 89.42
89.5 86.69 86.27 87.55 87.46
83.81 85.3 83.9 81.65 77.36
82.33 85.1 88.55 89.34 88.78
92.43 93.71 89.8 92.52 92.5
93.17 89.42 89.62 93.02 94.02
91.59 91.25 94.39 92.76 91.93
92.78 93.39 88.83 87.88 87.65
86.2 82.91 81.99 82.32 74.8
72.35 64.32 56.7 66.77 72.07
76.26 77.07 77.34 77.1 81.74
87.13 84.37 82.8 90.63 92.11
89.96 90.2 94.68 94 93.29
93.09 93.68 92.78 92.77 93.52
93.18 92.45 92.28 93.61 93.08
92.91 91.93 93.87 92.55 91.68
89 91.17 94.42 92.11 90.66
93.13 94.79 93.69 92.93 93.51
93.98 92.72 88.63 87.38 90.6
87.36 86.73 84.55 87.72 91.06
90.69 91.31 93.09 93.49 94.54
94.41 95.6 94.41 92.61 95.09
94.21 91.87 92.46 93.95 92.44
88.62 91.65 91.52 89.18 85.58
87.61 92.94 91.71 89.54 91.62
93.74 90.92 91.78 92.68 92.05
86.91 83.73 87.58 80 78.32
78.81 77.02 74.39 73.42 69.76
76.94 79.6 81.72 85.48 87.21
85.26 83.95 85.38 87.28 83.37
72.86 67.74 60.94 59.28 53.12
51.79 46.27 44.41 46.6 52.77
55.4 61.51 71.09 79.78 85.79
86.59 85.61 87.06 85.34 79.91
76.89 75.6 67.6 67.45 65.17
62.84 65.32 77.22 73.52 83.83
86.81 89.86 89.69 90.28 92.62
93.79 91.61 89.52 93.93 92.9
89.82 90.93 90.08 87.53 82.03
82.09 80.82 80.6 83.58 87.26
86.52 87.48 84.41 85.83 82.07
82.12 86.23 87.41 87.44 86.32
88.7 92.25 89.73 92.3 93.29
92.84 90.87 92.57 93.78 90.86
88.9 90.03 93.19 90.44 87.94
87.29 91.7 90.48 81.66 79.87
82.94 78.06 73.92 75.19 78.4
85.29 87.94 87.44 84.42 84.63
82.99 83.75 86.32 88.3 88.43
88.35 88.95 93.39 88.95 86.82
88.17 86.23 89.64 84.73 81.03
74.33 74.11 69.34 66.24 72.47
68.66 71.51 67.83 70.36 77.93
78.79 83.94 83.37 85.97 77.87
81.43 80.71 86.48 88.3 88.03
91.1 92.92 93.06 93.24 93.7
94.27 92.15 92.92 91.97 90.7
87.65 88.12 86 81.56 66.57
56.52 45.68 44.22 39.45 39.05
37.36 40.42 30.52 30.1 28.72
33.06 30.81 28.1 27.69 29.37
31.47 29.83 32.55 39.49 38.93
37.23 36.76 43.18 39.7 39.19
41.31 38.7 36.04 35.96 33.54
29.97 28.63 27.63 28.27 30.81
29.03 28.33 28.27 27.94 27.1
28.27 26.76 24.95 30.03 25.4
26.31 26.16 37.27 23.67 24.41
22.7 26.51 25.79 26.5 24.84
26.17 28.31 27.48 31.56 28.36
27.54 26.61 27.49 24.78 26.33
26.46 29.52 27.4 31.31 30.48
34.75 41.12 46.42 48.88 54.04
54 68.53 73.23 79.27 80.72
82.16 86.64 86.2 83.6 87.44
89.67 85.88 83.4 86.3 88.52
86.51 89.92 90.95 90.68 91.4
91.66 91.01 91.79 93.72 94.57
92.64 92.15 94.66 94.49 92.78
93.19 92.67 93.97 90.52 92.95
92.23 90.42 91.07 94.11 94.38
93.05 95.62 95.2 93.54 93.05
94.18 93.64 90.5 91.68 90.87
89.03 81.94 75.43 78.36 81.97
86.1 82.53 89.69 89.51 85.4
81.69 76.77 71.53 53.68 51.38
40.52 41.6 34.53 34.13 28.17
27.96 31.87 32.86 23.81 32.13
25.62 25.7 30.63 25.91 24.57
26.92 23.46 28.66 23.34 27.89
23.14 24.42 26.17 23.26 22.92
28.13 24.01 23.28 25.14 23.65
28.78 25.99 24 24.26 22.73
22.42 23.36 25.67 23.7 25.75
26.11 24.95 27.68 26.29 29.68
29.86 30.96 30.64 38.24 39.95
45.86 47.49 42.19 47.74 49.69
51.89 55.34 58.97 63.78 66.42
72.6 76.7 74 79.94 86.27
86.95 87.39 89.5 90.53 92.84
91.34 92.07 94.08 94.47 92.63
95.44 95.55 94.31 92.89 95.88
95.17 94.32 95.73 95.52 94.43
93.8 90.32 89.54 88.87 86.94
86.07 89.44 87.38 86.81 90.91
92.69 92.33 93.11 95.31 95.06
95.02 95.3 96.72 95.99 94.64
96.88 95.89 94.27 95.41 96.88
95.74 94.59 95.01 94.14 91.38
90.78 91.47 88.64 93.34 90.84
89.71 89.49 94.07 94.2 92.25
92.76 95.25 95.62 94.63 95.6
96.32 94.73 94.08 95.12 94.43
94.04 91.41 91.82 91.47 85.02
76.82 72.75 67.47 68.16 69.87
69.22 67.89 67.36 65.49 61.42
65.92 71.37 74.99 80.52 85.26
89.1 90.91 90.86 89.29 92.73
94.63 93.77 93.76 95.1 96.58
96.72 95.48 96.35 96.5 95.08
94.22 95.61 94.67 93.5 93.68
93.66 90.76 91.33 89.97 90.96
85.87 88.01 86.58 86.16 88.65
90.15 90.61 92.29 93.38 94.53
93.35 93.25 93.81 94.41 92.38
91.01 93.26 92.16 87.59 90.36
91.03 92.91 95.09 93.94 94.27
94.67 96.25 96.13 95.23 94.99
95.27 94.01 93.99 94.94 94.54
93.75 93.78 92.79 91.54 90.36
88.81 88.54 87.97 86.66 88.12
87.8 84.26 84.11 83.14 85.63
80.91 78.91 79.53 76.75 69.31
67 63.86 60.54 54.23 53.96
50.96 48.94 45.75 43.63 34.97
35.57 30.25 30.21 31.48 30.64
29.93 29.2 29.57 28.27 26.5
27.58 27.81 27.82 29.85 25.63
24.67 24.36 25.54 24.62 23.22
23.44 24.95 24.77 24.97 30.69
24.1 26.39 24.45 28.34 29.11
23.44 24.7 23.98 25.36 25
24.83 27.86 26.63 25.67 26.5
29.76 26.01 27.55 27.49 31.58
31.17 30.53 32.41 33.43 28.3
25.49 29.38 25.63 26.34 30.54
26.05 31.01 26.2 23.63 26.8
23.36 25.58 25.2 25.45 23.23
23.85 25.37 23.45 24.42 24.15
25.4 21.06 22.6 23.34 25.91
22.63 28.37 23.57 25.06 21.82
28.16 24.55 25.99 25.68 22.81
26.58 26.73 24.41 24.61 23.24
24.9 22.6 24.61 23.18 23.52
24.85 24.71 23.11 25.43 26.16
28.31 27.33 25.24 25.41 25.79
26.11 28.17 23.49 29.91 27.29
26.37 27.68 25.55 27.64 25.21
26.45 26.53 24.62 24 22.67
25.13 27.94 40.74 25.5 21.76
23.8 25.46 26.67 23.6 24.76
23.91 24.04 23.79 25.12 24.29
27.01 28.68 34.43 28.03 31.25
34.42 32.68 31.53 36.89 30.32
30.84 31.66 29.12 25.9 24.32
26.63 22.66 24.22 24.42 21.33
22.85 22.12 22.48 19.7 22.51
22.59 26.42 22.02 20.14 23.14
21.98 25.21 26.46 24.71 23.56
23.65 45.04 23.6 27.38 22.11
23.94 28.54 24.64 21.98 25.46
24.15 29.26 43.5 27.28 26.82
28.57 29.89 27.59 26.98 26.43
26.19 25.62 23.29 24.97 24.9
33.58 26.27 25.18 26.05 24.44
25.75 24 28.08 27.85 26.09
24.84 23.6 23.75 24.78 25.02
24.62 29.22 25.52 26.97 28.08
29.06 27.54 26.21 25.3 25.45
25.68 24.56 26.14 25.11 24.97
25.49 23.31 26.48 25.54 26.37
24.4 26.26 23.53 25.18 25.79
25.36 23.7 25.33 25.07 26.12
29.32 25.71 24.92 23.65 22.51
22.29 22.95 21.13 24.16 22.41
24.52 24.37 23.15 25.46 25.96
30.24 29.14 25.17 25.8 26.05
24.78 24.91 23.92 25.01 23.28
24.69 24.49 25.78 23.51 25.45
24.05 26.05 23.99 25.17 23.03
22.81 23.03 23.82 23.17 22.73
23.31 21.89 22.2 23.39 22.76
22.12 22.23 24.12 22.76 22.28
26.03 24.06 24.67 25.33 31.25
27.14 25.42 26.83 24.19 24.83
24.48 24 24.47 25.22 27.6
24.5 25.21 26.44 26.35 29.17
24.06 25.57 25.69 25.93 25.28
27.17 25.77 28.45 25.19 30.57
31.14 33.54 29.27 33.38 29.95
28.3 29.27 32.95 26.17 22.81
27.27 31.27 30.48 29.45 29.27
31.51 32.82 34.63 36.44 35.28
44.72 53.02 54.9 59.62 75.18
84.79 83.88 81.31 78.81 77.38
83.58 80.12 81.79 88.06 89.01
90.11 86.62 83.97 85.69 90.14
90.65 90.39 89.95 92.42 94.67
93.34 92.12 94.55 93.84 92.81
94.04 93.13 91.87 91.12 93.26
94.52 92.68 92.24 87.06 89.07
92.27 91.32 92.82 95.6 95.53
94.84 96.07 95.69 94.44 94.8
94.85 92.62 92.53 93.83 93.91
91.67 91.21 91.7 89.2 88.71
89.53 86.25 84.04 86.66 83.31
76.07 77.13 71.86 67.59 66.07
67.97 65.62 64.94 65.78 67.15
63.93 64.09 68.42 73.14 80.96
82.57 88.25 84.49 86.7 87.74
89.35 92.09 89.56 91.27 94.47
94.53 94.12 93.71 94.88 93.12
91.36 92.85 92.28 89.07 91.47
94.3 94.11 93.49 93.65 94.41
94.69 94 95.26 94.77 93.44
92.24 91.96 90.73 88.39 86.85
84.93 79.56 76.91 70.45 72.91
67.38 71.42 71.98 81.66 83.47
86.15 85.71 86.65 88.38 88.95
88.17 91.16 90.73 89.32 91.24
91.41 92.46 91.53 92.52 92.3
90.63 91.77 90.14 91.51 92.59
92.58 93.2 93.42 93.83 94
94.09 93.47 92.37 90.17 85.08
70.02 68.4 70.58 84.5 86.92
82.45 80.58 75.47 84.2 84.13
84.85 87.56 85.84 88.54 90.78
90.09 90.74 91.71 92.85 92.35
92.23 93.43 94.11 93.7 92.68
93.45 90.81 89.95 90.05 83.55
83.67 81.41 82.69 89.29 92.72
92.21 92.91 93.97 94.67 95.18
95.28 93.74 94.34 94.82 93.59
93.04 93.56 92.05 89.1 87.95
86.78 82.94 78.77 71.15 79.18
81.88 83.97 86.53 87.23 85.51
82.76 77.65 75.33 66.91 74.98
78.54 83.86 84.97 87.05 86.55
85.11 84.86 85.91 89.14 91.02
91.91 91.24 92.8 94.33 94.43
94.07 96.07 95.74 94.92 94.56
95.46 94.5 93.35 93.28 92.46
91.99 92.27 92.5 94.33 96.22
97.16 97.11 97.66 98.06 98.06
97.77 97.58 96.77 96.62 96.41
96.04 95.36 95.08 94.61 94.03
92.79 90.66 89.25 86.18 85.19
91.2 88.57 92.01 92.13 90.45
91.94 94.85 93.87 93.92 96.3
96.63 96.26 95.26 96.26 95.75
91.49 92.86 89.29 91.67 91.92
91.99 95.23 96.23 95.15 96.45
97.58 97.61 96.49 97.28 96.7
95.37 94.77 95.66 94.51 92.48
93.8 92.54 90.14 92.72 91.41
90.46 88.8 88.25 87.06 85.93
84.86 89.36 92.14 89.82 89.84
93.85 93.52 91.77 93.7 95.02
92.89 91.96 93.92 94.1 91.82
90.67 92.1 91.27 89.2 88.71
89.22 85.85 83.63 84.62 77.85
80.55 82.02 84.42 87.78 90
88.72 93.39 94.03 92.62 93.63
96.58 95.75 93.98 95.95 96.3
94.83 93.7 95.03 93.8 90.1
90.26 89.07 84.47 84.33 83.34
86.94 88.18 86.44 80.34 73.57
67.45 65.84 59.53 54.86 52.98
51.11 52.61 52.82 51.41 53.4
57.31 58.03 73.07 85.06 86.28
89.19 87.6 87.93 91.6 90.85
89.27 90.94 92.42 88.85 88.76
91.94 89.44 86.7 85.23 82.94
81.36 74.09 79.06 75.08 72.74
66.78 67.15 68.1 69.59 70.16
79.27 80.72 83.98 83.64 81.95
85.15 85.71 84.25 79.08 78.74
86.92 89.86 86.14 87.7 88.45
86.42 90.59 88.09 88.22 89.96
85.71 69.23 59.6 47.52 44.59
40.44 30.65 29.07 37.86 31.24
33.31 32.1 32.62 34.48 30.46
28.86 29.82 24.24 34.36 32.1
32.86 36.85 32.94 33.91 40.8
43.34 45.96 50.83 53.66 76.07
85.77 89.92 90.89 90.29 91.9
93.62 92.19 91.41 93.26 92.21
88.16 88.61 89.44 84.91 79.14
80.28 83.75 70.31 66.54 50.16
48.26 47.74 44.76 47.27 49.16
46.48 53.2 62.03 69.75 77.37
79.09 79.05 83.9 87.54 89
87.33 85.02 83.68 84.85 81.35
80.49 79.68 75.61 78.45 76.62
78.52 80.22 83.71 82.64 83.45
86.28 87.31 84.69 87.73 89.04
91.14 91.97 92.39 93.77 93.87
92.53 86.52 77.73 80.49 83.7
90.28 93.82 93.08 93.46 93.72
92.73 92.19 88.66 83.34 77.73
73.33 62.91 61.19 62.38 55.56
60.37 59.51 65.4 65.76 68.16
70.29 66.62 70.98 72.2 78.45
80.28 81.22 85.93 87.19 90.17
90.66 90.52 91.03 90.3 92.25
90.21 88.96 83.36 88.17 88.33
83.69 84.2 80.95 83.42 83.82
82.35 80.76 76.06 75.69 70.1
68.79 61.71 57.81 45.38 40.01
38.87 35.45 34.05 33.36 40.29
28.23 31.24 30.08 27.53 31.7
26.8 29.82 31.3 29.18 28.21
24.62 28.83 30.06 26.48 27.72
47.17 33.17 25.76 27.11 27.65
28.12 24.19 26.97 27.64 28.29
32.51 28.56 29.24 27.64 30.97
28.18 30.43 28.04 34.06 29.61
35.01 35.49 41.66 39.99 48.64
52.76 58.02 63.41 65.06 59.93
60.95 66.24 63.81 57.23 64.2
63.94 61.36 59.06 67.59 69.08
71.28 74.05 73.82 73.9 75.99
77.5 75.59 68.99 68.83 68.5
68.49 67.64 63.81 59.85 62.49
60.15 60.2 58.71 61.5 67.85
68.36 71.92 74.91 76.95 76.23
68.56 65.74 64.97 62.85 63.15
70.61 68.96 68.06 76.94 76.6
81.49 80.78 76.41 83.62 85.75
78.47 80.18 86.18 86.77 81.95
85.6 88.63 85.62 82.35 84.4
85.86 79.96 79.95 82.91 80.56
74.25 77.43 78.53 75.5 66.39
67.37 67.43 66.91 68.44 65.53
61.15 56.83 65.92 56.23 51.55
56.38 57.73 56.6 62.13 57.82
61.56 65.91 67.94 69.76 81.01
84.32 90.11 88.95 89.4 90.82
89.08 87.56 88.44 88.91 85.67
84.62 84.08 84.24 84.15 79.87
80.75 81.43 81.25 81.49 84.6
81.63 83.07 89.67 90.18 92.34
91.82 90.33 89.65 89.12 90.36
91.63 91.95 90.04 90.44 92.24
90.75 89.14 90.53 91.23 88.07
85.87 88.45 85.31 84.67 89.06
91.61 92.91 95.17 95.57 97.81
97.41 97.74 96.27 97.29 95.76
92.69 86.99 81.14 87.47 81.95
82.65 86.62 86.38 88.07 90.82
91.54 91.67 93.32 90.85 91.68
92.39 94.99 94.55 93.92 96.78
96.82 95.15 97.09 97.38 95.67
95.52 96.69 94.3 93.72 94.79
93.44 93.66 92.27 90.86 86.22
88.54 82.76 85.42 89.7 90.71
91.16 91.45 92.95 90.07 88.54
87.15 85.03 84.99 89.54 90.21
92.71 94.77 95.8 97.07 96.31
94.97 91.81 87.77 82.62 86.87
91.61 93.78 96.65 96.91 98.01
97.32 96.73 94.9 95.06 94.06
93.64 89.75 85.94 84.29 86.59
84.54 86.62 87.41 87.37 87.5
87.53 91.12 89.17 90.14 90.31
91.46 86.4 90.6 93.52 92.98
96.78 96.88 98.15 97.1 97.85
95.48 93.45 88.19 74.8 79.69
82.74 88.26 84.85 81.39 78.6
82.54 83.46 74.17 80.02 74.36
80.68 79.28 87.25 94.94 95.49
97.7 96.78 97.46 94.15 93.15
88.8 82.39 84.12 89.48 92.05
94.73 93.89 95.65 94.36 95.16
92.69 93.18 88.03 83.4 85.59
90.8 90.5 93.61 94.98 92.94
96.12 97.51 95.43 94.21 92.13
95.53 94.47 95.04 93.12 92.59
91.13 94.47 96.81 97.04 95.35
96.51 98.21 97.47 97.34 98.2
98.07 96.76 95.96 96.62 94.93
92.94 92.12 91.78 89.17 83.68
85.14 82.49 72.76 72.98 77.4
74.84 84.63 86.16 87.52 89.21
88.86 91.23 90.73 89.23 91.26
91.9 90.12 91.1 93.62 90.92
90.08 92.16 93.34 91.1 89.25
84.83 87.87 89.03 87.41 87.94
87.75 89.6 86.85 87.61 87.57
87.37 84.1 83.5 86.23 81.59
67.76 57.03 57.25 50.77 44.97
42.67 44.61 41.53 39.39 32.08
34.55
