34.34 36.12 34.76 36.71 37.04
35.73 35.74 33.05 41.68 42.35
37.24 38.69 36.36 37.57 38.6
35.92 35.51 37.06 34.1 31.24
31.61 30.38 28.37 27.77 27.35
26.46 25.79 27.06 24.03 24.01
30 27.59 25.73 26.3 24.58
29.27 26.89 31.43 48.04 57.63
81.93 92.58 93.18 96.31 97.82
98.17 98.18 97.4 95.61 91.6
90.55 96.02 95.32 93 89.42
89.64 86.82 86.72 87.08 89.41
89.49 87.57 86.16 91.34 91.99
87.43 87.55 88.78 86.3 87.01
86.72 88.03 86.58 88.61 90.93
87.68 88.02 89.06 88.81 85.73
86.19 82.65 84.83 83.4 87.88
89.69 90.93 92 92.39 94.05
94.47 94.55 94.16 92.56 93.07
93.03 92.38 90.28 91.08 91.67
93.23 92.05 92.29 93.39 92.28
90.84 91.28 92.05 90.46 90.34
90.3 89.51 87.23 86.15 87.47
86.27 87.28 86.92 89.26 89.71
90.71 89.89 90.46 89.65 88.75
89.02 89.64 87.84 79.18 76.11
79.68 81.55 83.78 88.62 87.8
80.76 82.84 91.13 86.03 82.18
89.35 92.46 84.44 84.96 90.47
87.46 76.58 82.62 86.12 92.06
95.15 97.27 97.64 98.05 97.44
95.66 94.78 93.8 94.24 93.42
91.01 85.1 87.02 83.1 91.01
92.37 93.43 92.82 91.88 91.93
88.55 91.25 88.77 89.27 96.11
95.43 96.61 97.49 96.71 97.36
95.94 94.53 93.93 94.07 92.53
93.44 94.04 95.57 93.53 93.72
93.93 96.18 96.65 97.32 96.14
96.41 97.31 96.7 95.76 96.7
95.53 94.15 93.61 93.44 93.89
93.97 95.45 96.37 97.72 98.23
98.27 97.44 93.86 90.89 87.77
91.41 95.25 95.85 95.45 95.45
95.65 94.86 95.23 94.69 94.64
96.88 97.24 97.46 97.01 96.86
94.94 87.57 85.72 87.06 84.07
85 90.64 88.89 84.47 91.49
92.76 88.56 87.14 90.47 89.86
82.59 78.71 77.3 81.37 67.57
56.47 61.52 67.77 65.08 69.2
77.96 77.17 80 83.79 80.4
76.72 76.94 82.83 83.69 87.57
88.21 86.68 87.61 90.43 91.47
89.46 89.78 92.82 91.52 88.68
89.45 90.61 88.24 85.29 81.32
72.5 62.4 59.67 64.21 71.3
82.66 84.29 89 88.41 86.69
84.14 70.55 65.72 56.69 63.4
72.53 84.49 87.67 92.47 92.35
92.14 91.77 86.39 84.67 79.01
77.39 84.1 90.2 94.02 94.38
94.75 93.87 91.66 89.36 84.81
79.16 75.85 70.15 68.44 67.74
62.39 64.74 64.55 76.18 84.23
90.65 92.06 92.45 94.03 95.26
95.58 96.09 96.76 96.05 96.31
97.14 95.59 92.96 94.85 94.18
97.44 97.2 97.02 95.36 94.24
96.03 94.99 96.13 96.27 95.4
92.88 91.81 90.16 89.96 90.04
91.38 88.37 90.71 92.47 94.93
96.23 96.15 95.78 94.07 92.52
90.66 84.43 87.3 86.72 89.31
90.01 86.36 88.71 94.06 92.44
91.21 84.41 82.48 86.22 88
91.47 92.58 91.68 95.59 96.81
96.96 97.29 97.89 97.93 97.98
98.26 98.26 98.02 98.08 98.32
98.17 97.79 98.06 97.95 96.78
96.85 95.5 94.1 93.17 93.57
93.98 93.08 94.45 92.56 92.26
92.8 90.46 90.1 87.03 87.41
89.26 94.08 94.84 94.43 94.35
95.01 95.72 96.27 94.11 95.66
96.41 96.24 93.5 95.47 96.51
92.17 91.9 91.79 88.36 90.42
91.76 93.88 94.98 95.09 97.17
97.44 96.61 97.45 97.32 95.33
96.17 96.35 93.85 92.38 92.8
92.17 89.94 83.57 81.81 85.46
91.01 94.39 96.28 97.3 97.08
97.42 93.02 93.08 97.28 94.61
94.39 90.91 94.42 96.8 94.88
93.35 90.23 83.51 82.34 87.21
90.5 95.1 97.71 96.2 96.54
97.29 93.65 90.28 93.65 89.41
91.07 94.95 95.12 96.35 95.61
95.71 96.4 96.07 96.11 97.61
97.79 97.38 97.51 97.11 97.39
96.77 95.61 96.87 95.9 95.06
91.83 87.41 84.06 85.97 76.39
78.55 81.22 85.85 92.16 94.4
93.09 90 89.9 89.81 92.1
87.62 88.25 91.41 93.02 96.58
96.69 95.38 95.68 93.82 95.38
97.36 97.05 96.21 97.16 98.2
96.43 96.48 96.03 96.16 93.14
89.77 88.83 88.05 88.39 85.85
90.57 93.9 94.81 96.21 96.52
97.54 97.45 97.6 97.61 97.84
97.86 95.56 94.9 95.52 94.64
90.86 91.57 92.46 88.65 84.38
86.69 85.62 80.25 76.54 78.26
76.4 63.04 57.75 51.56 49.56
51.39 50.35 53.18 54.61 59.26
68.09 76.06 79.91 84.34 89.45
91.58 91.98 93.54 95.65 96.35
95.91 95.87 97.35 97.22 95.27
96.58 93.97 90.35 89.16 86.97
78.72 70.94 76.55 67.56 59.55
58.81 59.65 48.25 43.15 36.09
33.84 33.71 37.1 31.28 27.79
28.59 27.35 29.22 30.95 27.91
27.87 23.97 26.07 45.72 24.44
26.25 26.51 22.64 26.53 48.63
29.41 29.21 34.02 28.5 32.46
27.06 35.54 29.51 32.05 29.7
26.69 27.84 25.96 37.97 32.64
26.77 33.31 31.67 40.06 55.79
73.14 83.38 85.85 90.11 90.25
87.23 90.07 90.26 92.47 91.18
93.4 93.24 95.1 96.8 97.11
97.66 98.18 98.01 98.19 98.55
98.31 98.37 98.66 98.51 97.97
98.11 98.16 98.14 97.05 97.73
97.73 96.38 94.5 95.7 95.21
93.08 93.74 94.54 91.53 90.76
95.19 94.08 94.89 95.53 96.21
96.16 94.56 95.99 96.23 97.43
97.49 97.22 98.01 98.45 98.38
98.12 98.37 98.28 97.47 97.5
97.26 96.4 98.11 97.85 97.24
96.97 95.15 92.99 89.53 87.93
86.33 87.4 91.64 88.51 89.8
90.59 92.67 94.5 91.79 93.05
90.57 94.5 93.76 94.59 95.51
95.8 96.49 97.31 97.63 98.17
97.46 98.39 98.04 98.51 97.98
98.16 97.78 94.76 96.57 98.07
97.69 97.03 98.23 98.26 97.95
97.7 95.53 94.39 95.68 97.18
95.82 94.33 96.47 96.58 94.57
95.16 96.7 95.36 92.77 95.86
96.53 97.81 97.36 97.89 98.33
98.12 97.84 98.1 98.37 98.28
97.99 98.28 98.45 98.06 96.93
95.98 96 97.66 98.15 98.56
98.48 97.36 98.1 96.16 97.36
98.26 96.94 96.88 96.82 94.36
94.38 90.16 91.21 89.55 93.11
95.66 96.88 97.01 98.04 97.77
98.09 96.81 94.92 92.48 87.76
90.99 96.86 97.84 98.24 98.17
98.61 97.78 98.67 98.57 97.94
97.24 98.2 97.37 97.27 98.18
97.6 97.24 96.8 97.34 98.34
98.41 98.68 98.68 98.36 98.55
97.99 97.93 97.54 96.6 94.42
92.96 93.94 94.02 93.42 90.49
91.66 94.95 96.91 97.38 97.92
98.2 98.47 98.67 98.65 98.52
98.05 97.3 98.31 98.31 98.08
98.6 98.22 97.98 98.22 97.65
97.28 97.75 96.38 94.82 92.96
92.27 91.76 91.36 91.87 93.68
94.53 91.84 93.9 97.52 97.87
98.59 98.64 98.67 98.73 98.34
97.91 98.48 98.11 97.85 97.28
96.46 96.47 98.09 98.04 97.97
96.79 95.96 95.7 96 96.78
95.05 90.97 90.92 93.12 88.08
82.53 81.26 84.86 81.26 78.63
86.5 91.47 94.38 95.11 95.59
96.89 98.22 98.26 98.39 98.75
98.79 98.65 98.66 98.87 98.68
98.48 98.74 98.7 98.34 98.11
98.18 98.02 97.26 97.02 96.86
94.81 94.07 95.27 92.99 87.93
90.43 89.33 91.49 92.93 93.75
94.03 91.14 87.72 89.97 92.56
93.83 94.69 97.02 97.97 97.95
98.28 98.47 98.69 98.64 98.62
98.68 98.69 98.49 98.48 98.56
98.41 98.27 98.15 98.12 97.82
96.74 96.3 95.63 95.48 94.35
92.55 92.77 91.88 90.36 87.82
86.4 85.28 88.21 91.71 90.44
94.18 95.71 94.37 95.24 97.87
97.98 96.78 97.03 98.32 98.63
98.48 98.34 98.64 98.82 98.56
98.77 98.85 98.73 98.57 98.52
98.44 98.47 96.99 96.47 97.13
95.22 96.05 96.27 96.39 96.14
92.79 89.33 90.82 94.29 95.6
97.86 95.77 95.28 97.98 97.96
96.57 96 97.89 97.17 96.52
96.5 97.2 95.15 92.73 89.89
90.25 94.43 95.95 96.05 93.66
95.13 97.08 95.61 92.11 95.57
95.52 93.94 91.88 90 90.76
85.92 72.66 47.27 38.07
