86.09 86.66 87.45 87.1 84.55
82.35 81.57 83.18 85.31 87.97
87.69 88.39 90.88 92 94.74
97.54 97.78 96.93 97.27 97.65
98.6 98.1 97.7 94.79 92.27
93.3 91.89 89.44 85.83 78.45
73.7 76.04 81.11 87.33 89.64
93.35 96.12 97.72 98.08 98.62
98.6 98.62 98.71 98.85 98.77
98.69 98.86 98.81 98.68 98.53
98.72 98.62 98.3 98.07 97.85
98.02 98.36 98.3 98.32 98.12
98.31 98.54 97.46 98.58 98.54
98.7 98.75 98.46 98.57 98.34
98.28 98.45 98.11 97.25 95.7
96.09 95.45 94.61 92.18 85.96
82.3 87.86 88.13 91.64 94.18
93.39 93.53 96.77 97.81
