57.79 63.78 72.19 86.46 93.48
94.49 96.3 95.88 96.2 97.63
97.44 97.68 98.09 98.32 97.55
98.21 97.92 97.54 97.14 96.23
96.6 95.33 95.7 97.64 97.04
96.63 96.09 95.74 95.03 96.24
97.35 98.23 97.87 97.9 97.23
96.76 93.84 89.73 84.56 84.05
88.91 87.89 91.97 94.65 95.97
96.96 97.74 98.09 98.31 97.67
97.66 95.52 93.55 94.03 96.56
96.01 94.22 94.62 96.76 97.7
97.59 97.68 96.58 96.35 93.41
93.46 92.53 92.29 93.93 91.08
89.01 92.36 91.79 92.74 93.28
94.56 95.45 95.88 95.87 96.71
97.25 96.64 96.77 97.8 97.14
96.84 96.87 97.98 96.95 96.82
96.71 96.3 95.04 95.33 96.41
97.6 98.15 98.02 97.7 98.38
97.92 97.53 97.9 97.63 96.64
96.92 96.61 94.98 93.27 93.95
94.35 93.02 89.03 85.24 84.11
73.62 64.44 56.91 46.51 40.26
35.97 32.55 36.94 40.85 37.31
38.84 48.79 47.35 37.36 49.36
42.59 39.7 42.4 39.9 40.86
45.55 39.51 47.98 47.21 43.29
44.89 39.39 46.8 37.66 48.1
55.06 53.96 60.76 71.89 75.2
71.83 71.48 71.27 65.94 65.9
60.58 60.51 60.57 63.13 63.92
65.68 69.31 66.95 65.43 65.79
69.4 71.23 66.11 68.97 76.45
75.41 79.09 67.37 79.36 75.64
73.99 72.41 74.87 70.11 74.91
66.73 63.53 59.98 58.66 57.1
54.69 55.53 39.18
