32.32 32.57 36.5 42.52 45.85
40.71 49.68 52.7 62.76 70.94
74.61 77.56 80.72 79.26 72.64
77.11 77.68 75.61 73.87 68.53
64.69 63.19 64.06 76.85 81.63
81.32 81.35 79.55 75.82 68.58
75.1 79.43 84.25 85.96 86.52
84.66 87.9 87.75 88.23 89.02
91 91.73 90.84 91.97 92.03
92.5 91.74 92.98 92.93 92.26
92.33 91.55 90.52 89.92 91.6
92.87 92.25 91.55 91.75 94.22
94.19 93.02 94.21 95.1 95.64
94.38 94.68 93.19 93.64 93.22
91.99 89.84 89.65 86.32 83.97
82.35 79.44 82.18 85.33 86.84
88.6 90.88 91.84 92.4 94.08
94.11 93.98 95.41 95.11 94.44
93.62 93.6 92.64 92.52 91.41
90.67 89.9 87.92 88.89 90.11
90.2 89.87 89.77 91.02 90.73
88.1 89.17 87.89 86.49 84.29
80.91 71.71 61.07 56.78 54.47
49.49 51.27 43.31 53.55 52.59
54.81 63.25 69.31 75.28 81.35
82.41 86.28 86.54 89.23 89.19
88.56 89.77 90.49 90.08 91.48
91.81 91.1 92.15 92.57 92.02
91.2 93 92.72 91.22 92.63
93.6 92.65 92.29 94.29 94.51
92.51 93.63 94.72 92.95 92.29
93.73 94.09 90.76 90.07 90.56
88.96 85.24 84.04 85.75 77.41
75.74 76.93 77.67 83.08 87.02
90.11 90.17 90.48 92.73 93.76
92.51 93.44 94.91 95.65 95.17
95.65 95.39 95.1 95.26 93.73
94.04 93.83 93.04 91.97 93.33
93.06 92.12 92.06 93.02 91.86
91.63 92.91 92.99 91.26 91.05
91.49 91.49 90.21 89.59 90.39
90.74 87.74 87.04 88.01 87.28
82.91 82.83 84.06 83.47 83.51
82.84 82.77 79.37 79.77 82.74
84.41 85.83 87.37 82.79 83.82
85.12 83.23 83.19 83.83 82.65
83.33 79.91 75.06 76.54 73.95
72.9 70.98 70.54 60.63 53.63
36.81 35.13 35.38 43.07 43.58
42.06 46.73 44.1 41.03 37.87
49.48 46.22 54.81 45.1 44.57
52.91 58.81 44.4 47.54 39.29
34.43 34.38 28.84 31.32 27.33
33.96 30.55 25.41 33.23 28.97
31.82 27.04 32.34 29.04 28.44
30.9 29.24 35.66 33.7 30.02
33.51 31.68 30.09 31.39 35.79
33.81 35.19 39.51 43.89 50.85
55.78 63.5 58.01 59.93 66.74
60.67 59.19 52.12 46.71 38.91
39.18 29.85 33.63 31.77 33.88
28.33 34.04 37.52 43.96 47.34
65.3 61.65 71.06 69.88 60.14
62.29 68.28 64.41 56.51 56.75
55.2 54.11 44.72 47.77 49.3
45.18 38.78 37.89 33.89 32.26
37.68 28.8 29.35 30.88 30.04
37.66 32.62 30.28 36.87 32.36
33.67 34.43 30.92 28.37 35.37
28.99 30.63 30.64 33.09 45.12
58.03 65.26 71.4 74.72 80.21
85.87 87.46 87.14 88.06 88.78
89.84 88.11 88.43 87.52 85.35
89.35 88.83 87.49 89.48 91.8
89.68 90.56 90.77 90.67 90.73
89.44 90.23 88.78 88.76 89.96
87.33 87.67 86.66 86.16 83.77
85 85.83 85.32 85.69 86.59
85.73 89.21 90.36 87.11 86.17
89.41 88.66 85.75 85.97 87.63
86.04 81.77 85.74 86.49 80.71
80.44 85.08 81.58 77.81 79.5
78.16 81.11 82.7 83.03 84.24
85.82 87.9 87.35 87.86 86.88
91.06 88.06 87.53 88.23 87.08
84.49 82.86 80.78 76.14 68.06
56.69 50.2 35.43 35.52 34.35
32 38.54 33.35 33.22 34.11
36.69 31.68 33.28 32.82 32.07
34.14 37.4 33.18 34.88 34.52
37.11 31.33 35.22 34.78 34.09
38.06 34.63 37.32 33.66 31.55
32.56 34.76 42.34 35.8 35.66
40.68 38.71 37.06 41.94 40.62
39.8 37 40.49 34.15 30.13
33.34 29.44 36.24 33.62 35.72
36.18 34.99 35.56 31.42 36.45
35.02 28.35 29.61 30.26 33.6
29.79 30.62 29.52 32.95 26.75
30.35 29.59 32.46 34.72 30.82
33.47 25.32 29.87 33.9 31.22
33.37 29.31 31.22 28.71 31.05
33.16 34.14 28.71 38.41 34.56
32.93 36.72 28.5 36.64 29.66
33.22 31.79 26.76 33.56 29.33
32.82 28.76 33.53 29.4 34.4
33.84 30.38 32.82 30.82 33.49
27.48 33.77 26.23 34.03 29.35
32.88 27.63 27.27 29.44 28.4
31.15 27.24 33.5 30.56 32.51
29.95 36.15 37.49 39.05 37.47
44.77 54.51 58.1 56.08 56.87
57.05 57.46 56.29 48.55 48.06
37.9 40.5
