36.47 42.44 39.18 41.91 36.81
39.23 39.13 39.71 45 45.93
49.52 47.26 44.17 46.59 43.92
44.18 42.1 40.12 45.08 45.55
41.51 41.24 40.69 42.59 37.9
37.64 39.64 35.67 40.22 34.08
40.85 41.67 42.43 41.74 40.88
41.12 41.27 43.74 41.41 44.52
50.68 51.85 56.84 58 72.32
81.26 84.83 89.56 89.45 89.05
91.45 93.38 92.99 93.09 94.4
93.89 93.36 93.54 94.67 92.96
91.36 91.32 92.34 89.46 83.65
85.82 84.25 81.58 77.01 80.8
79.83 74.51 77.23 80.23 79.37
77.43 75.35 77.04 72.85 72.12
71.82 68.32 68.8 65.06 65.39
64.46 68.21 68.56 67.92 67.49
72.67 74.73 81.67 82.67 84
86.4 88.35 85.55 85.78 81
78.68 73.14 78.59 81.35 81.35
79.47 83.94 86.66 84.46 86.47
91.13 88.76 87.82 90.15 92.5
90.1 87.3 89.97 88.29 86.87
87.49 87.18 82.64 82.64 84.82
79.43 73.49 73.77 71.01 68.17
61.72 58.96 54.71 55.48 53.77
55.81 58.18 62.72 59.33 64.72
70.38 62.31 69.51 67.59 69.98
66.58 63.99 59.73 52.39 49.3
44.41 35.85 39.54 31.99 31.29
34.63 30.91 33.36 38.2 39.99
35.65 42.24 54.08 55.83 55.88
65.76 70.69 75.97 74.95 80.66
85.49 87.61 83.98 86.09 85.14
80.34 81.18 85.46 84.7 81.38
83.82 78.91 76.74 75.33 72.45
70.89 68.85 68.96 74.17 71.09
71.4 73.39 75.81 74.08 70.59
72.24 69.22 72.74 74.83 74.8
78.83 77.84 74.59 73.44 69.48
70.44 72.02 67.86 72.14 73.1
73.98 72.48 73.24 78.11 71.87
74.83 68.16 73.38 68.51 66.38
62.25 62.01 62.99 61.24 67.95
70.31 75.8 82.85 90.12 87.07
88.96 87.93 83.45 84.61 85.03
85.45 87.58 86.38 82.94 83.52
86.46 89.51 90.18 84.97 86.56
85.78 88.1 88.66 88.87 87.22
88.82 87.96 88.92 86.06 86.01
85.03 84.77 83.08 79.77 77.29
73.49 67.36 57.38 54.72 53.2
47.72 51.31 53.51 53.46 55.17
56.7 54.6 57.36 57.58 61.6
64.73 67.75 68.69 69.64 73.71
76.1 76.29 81.11 80.98 82.26
89.59 88.74 88.2 87.96 90.06
89.33 89.73 88.76 91.1 89.93
89.54 91.16 91.44 88.64 85.75
87.71 85.94 83.4 85.74 89.79
90.88 92.38 89.88 92.33 94.13
94.22 92.82 94.07 93.18 91.6
91.88 92.23 93.9 94.56 91.23
90.95 92.98 89.71 88.54 87.64
87.93 88.32 80.58 69.82 61.27
59.5 62.86 60.84 66.63 63.49
59.83 66.84 54.14 50.92 46.82
47.41 49.62 43.22 42.91 43.13
44.87 39.53 39.68 36.36 37.85
42.23 44.96 47.63 48.33 54.92
61.9 75.69 84 87.72 88.56
89.15 89.13 91.11 92.7 94.34
94.6 95.08 92.47 90.98 94.59
93.45 93.45 90.68 88.78 87.07
84.44 84.5 88.76 88.24 89.51
90.47 91.06 92.23 88.17 87.43
88.44 90.85 92.01 91.27 88.95
91.16 91.48 89.74 91.2 93.36
93.23 93.61 93.41 93.27 91.63
90.84 90.46 88.43 87.18 85.88
81.85 75.83 65.11 55.22 50.62
47.26 46.23 39.97 41.18 36.81
39.13 37.06 35.29 31.58 35
26.98 35.55 23.67 27.25 29.71
24 30.38 28.58 30.77 32.14
32.2 28.69 30.87 29.49 33.87
27.9 33.82 31.51 29.5 32.73
36.08 37.63 40.47 52.45 34.5
45.51 38.38 41.58 33.21 38.95
30.33 35.77 36.13 29.05 33.24
30.68 28.87 32.29 29.22 33.66
32.22 33.77 34.87 34.7 33.68
37.81 36.92 34.53 45.34 39.99
32.64 36.48 41.24 38.14 35.08
40.94 33.95 33.93 35.29 37.51
39.15 35.79 35.2 31.1 32.17
33.16 35.3 29.54 39.36 31.02
35.21 27.86 35.44 34.53 31.25
30.57 27.11 30.05 25.38 29.38
35.42 35.85 24.29 31.43 24.59
33.05 28.83 35 33.04 48.71
43.36 56.67 56.72 60.42 75.5
86.36 77.93 89.35 93.66 90.52
92.34 93.42 95 94.8 94.75
95.51 94.05 89.02 91.89 90.77
81.8 85.46 80.24 71.87 59.06
55.85 49.63 37.72 33.74 29.09
32.49 28.25 33.09 28.64 28.73
30.43 32.47 27.88 30.51 32.94
29.47 24.36 27.67 24.73 27.22
27.11 28.5 30.7 27.13 31.53
28.59 30.8 31.72 25.81 31.31
25.35 30.9 32.54 24.7 26.93
30.39 23.23 31.6 28.35 24.5
29.17 25.02 32.14 29.58 28.24
33.99 26.46 28.7 30.26 25.65
25.44 24.7 24.85 30.14 21.97
28.82 27.26 26.19 28.25 24.14
30.41 25.76 22.04 31.65 23.63
32.61 27.46 29.95 24.16 27.48
24.08 20.23 30.34 24.35 28.93
24.01 29.12 25.97 26.24 29.99
30.02 26.4 26.19 31.6 28.05
28.35 25.78 29.63 31.6 27.04
27.17 30.51 24.41 30.95 28.03
33.08 23.37 27.43 28.68 25.52
31.9 23.13 28.21 22.99 26.48
30.94 25.66 28.66 24.8 28.22
24.46 24.13 30.25 28.25 31.72
32.17 29.1 36.53 34.2 37.92
41.32 46.4 57.29 54.55 56.95
67.79 70.42 69.2 71.05 76.82
70.56 68.16 67.88 67.41 64.04
63.96 65.11 62.41 55.44 53.23
60.32 60.92 54.25 58.63 60.15
59.12 64.23 73.17 73.96 77.5
82.34 77.38 82.64 84.02 81.48
82.45 82.82 81.68 80.94 84.34
78.44 74.02 76.8 74.13 71.45
69.37 63.88 58.36 56.44 56.35
53.7 44.83
