44.94 52.79 50.9 53.03 45.77
45.25 44.81 47.19 52.99 43.79
57.3 59.8 60.19 70.1 76.72
82.4 86.91 86.78 89.18 90.17
91.82 91.87 93.94 94.77 93.93
95.24 95.22 95.81 95.66 95.26
95.85 94.74 94.8 94.3 92.45
92.15 90.6 93.98 93.64 91.97
93.18 93.62 93.03 93.63 94.46
95.17 92.94 94.37 94.84 94.49
90.62 94.08 94.83 94.27 93
93.67 95.12 93.57 93.84 96.28
94.62 94.59 95.97 96.24 96.06
96.54 97.2 96.52 97.24 97.92
97.65 97.4 97.87 98.32 98.08
97.87 98.42 98.44 98.18 98.09
98.21 98.29 98.08 98.25 98.3
98.06 98.36 98.1 98.23 98.01
98.23 98.32 97.97 98.19 97.94
97.88 97.49 97.79 97.73 96.29
96.63 97.33 97.6 96.76 97.78
98.08 98.17 98.12 98.43 98.21
98.24 98.33 98.3 97.84 98.38
98.25 98.39 98.22 98.47 98.39
98.28 98.35 98.42 98.49 98.39
98.58 98.38 98.25 98.4 98.33
98.16 97.89 98.34 98.26 98.37
97.92 98.03 97.78 97.8 98.2
97.71 97.81 97.58 98.06 97.47
97.01 96.93 97.75 97.22 97.07
97.41 97.32 97.17 97.79 97.91
97.91 97.81 97.91 97.59 97.83
97.28 96.74 97.49 96.88 96.24
97.23 96.66 96.89 96.45 96.56
95.39 95.55 96.27 94.84 93.54
94 94.41 91.03 92.97 91.88
92.66 90.47 87.38 87.21 87.41
86.61 82.01 80.49 77.02 73.15
65.43 62.87 58.41 56.25 50.84
53.14 46.86 50.57 42.58 39.15
35.65 32.17 36.14 37.52 36.74
43.97 32.52 40.5 36.32 37.2
38.28 41.05 38.34 37.1 31.29
29.3 34.7 34.71 34.63 32.46
29.58 29.74 28.19 32.72 34.89
33.67 44.91 37.09 39.19 43.03
43.17 45.99 51.65 51.64 38.81
46.89 43.84 37.54 40 40.71
41.38 41.47 44.12 45.22 44.28
36.74 46.66 50.51 44.17 45.31
49.59 47.01 47.31 49.41 54.22
44.84 43.93 38.86 39.38 38.36
39.22 46.78 39.76 46.46 41.5
43.36 38.95 35.22 43.49 43.93
34.2 41.62 37.13 42.13 42.08
29.87 46.79 34.16 33.17 31.15
38.02 34.93 37.14 34.62 34.16
37.69 42.5 36.78 45.36 40.6
41.06 39.88 39.69 42.54 41.73
45.26 39.08 48.16 49.09 43.82
33.2 38.09 43.24 42.16 38.68
42.81 38.09 41.95 36.82 47.65
40.48 44.78 44.45 44.65 45.27
41.54 41.47 46.48 37.25 42.44
41.38 42.67 39.45 41.92 41.72
42.85 36.57 37.19 34.05 45.03
38.38 44.91 39.04 45.7 35.27
46.05 42.9 38.38 44.36 47.91
42.88 44.62 42.36 39.99 40.45
46.3 41.77 45.28 45.94 43.98
45.9 45.51 46.57 48.87 47.99
46.48 41.45 38.63 52.73 46.07
45.8 58.61 58.3 55.57 49.89
54.79 47.59 52.78 49.44 53.99
47.08 44.18 35.88 48.92 45.34
53.52 48.11 55.64 47.61 60.26
51.9 52.38 56.78 59.43 57.67
68.56 69.38 69.23 71.91 68.66
69.97 68.2 68.9 68.51 68.17
64.47 65 65.7 62.99 60.41
57.89 57.94 54.78 56.56 51.76
50.3 50.53 48.23 49.73 44.47
52.81 48.47 49.34 44.96 55
49.73 46.54 48.75 47.96 48.13
40.06 44.38 44.72 50.54 44.18
50.99 47.97 45.09 49.18 49.47
58.02 51.11 47.87 50.21 54.96
46.31
