46.05 45.04 41.7 38.09 37.37
36.18 39.02 47.09 38.08 41.5
36.46 36.49 33.43 36.43 32.5
37.08 36.53 35.37 37.98 36.43
41.73 38.37 39.9 41.41 39.98
44.65 42.88 42.71 44.6 46.82
51.51 53.76 53.2 59.3 63.55
68.71 80.94 83.26 82.63 85.6
86.77 90.64 91.82 94.07 93.15
95.04 95.83 96.03 96.11 95.81
95.55 94.66 94.28 94 90.09
85.1 80.04 83.37 80.14 73.8
65.19 67.74 67.63 66.4 58.1
59.82 60.91 65.02 72.83 76.02
80.8 83.39 86.34 92.02 92.37
94.26 93.64 95.2 96.19 96.51
96.56 96.22 95.85 95.36 95.6
92.34 89.67 93.8 92.04 93.08
97.11 98.49 98.21 97.37 94.91
90.52 92.98 92.59 93.12 96.68
96.39 96.48 98.27 98.37 97.47
97.86 97.97 96.76 96.15 95.73
97.66 97.85 98.5 98.51 97.88
96.24 92.72 91.07 90.69 93.06
94.27 94.09 96.94 97.73 97.03
98.07 98.48 98.32 98.08 98.47
98.18 98.07 97.56 97.66 98.17
96.47 96.9 97.85 98.51 98.4
98.52 97.59 94.6 91.72 89.78
88.85 90.1 91.18 94.25 95.33
96.77 95.31 95.38 97.75 97.15
98.41 98.24 97.8 95.25 89.83
79.88 85.08 82.74 82.65 87.42
91.58 90.63 91.04 93.78 93.79
93.45 95.22 96.16 93.37 93.47
95.71 95.83 94.08 90.78 91.62
96.12 97.4 97.82 97.81 96.56
94.75 90.43 92.26 94.52 94.94
91.73 92.37 93.73 93.52 94.88
94.15 95.31 96.68 96 93.37
92.32 92.43 90.31 93.11 95.04
96.8 97.16 97.5 96.34 95.01
92.19 88.49 85.32 80.63 77.73
68.66 62.43 55.77 53.81 54.76
51.76 50.58 44.84 39.96 43.09
39.41 41.33 38.64 34.73 42.23
50.17 48.06 51.83
