91.13 93.72 95.31 95.76 95.39
95.35 93.91 93.58 93.21 92.74
92.81 94.51 95.39 97.25 97.92
98.15 97.78 97.3 95.69 92.76
92.66 95.1 96.4 96.66 97.74
98.2 98.5 98.69 98.38 97.84
97.25 97.46 97.23 96.87 96.87
97.98 97.89 97.69 97.69 97.93
97.64 97.39 97.06 97.22 97.59
96.73 97.91 96.16 97.97 98.48
98.75 98.75 98.76 98.56 98.31
98.09 97.39 97.37 98.08 97.86
97.31 97.57 98.08 97.75 97.89
97.15 96.04 97 96.62 95.72
94.41 93.85 96.74 97.75 98.41
98.66 98.56 98.31 97.95 96.92
97.88 98.18 93.93 97.06 98.14
97.89 97.65 98.13 98.46 98.2
98.3 98.3 98.38 98.24 97.58
96.62 94.53 92.38 94.68 97.03
97.85 98.38 98.64 98.64 98.67
98.4 97.82 97.4 94.43 96.33
97.85 97.03 97.45 98.52 98.63
98.65 98.75 98.43 98.03 96.93
95.85 93.64 87.47 86.46 87.14
86.8 91.16 95.01 96.15 97.78
98.27 97.43 97.42 96.92 95.5
94.43 91.45 88.96 88.67 90.56
93.05 90.07 90.94 90.84 92.43
95.36 91.55 93.01 92.02 94.03
95.14 94.49 93.18 95.89 95.96
94.83 94.09 94.96 95.14 92.03
94.81 94.26 92.08 87.42 89.18
93.23 93.47 93.79 95.96 95.35
94.25 93.22 91.36 91.34 89.15
91.42 92.16 91.92 91.69 93.43
90.45 89.43 92.08 93.87 90.02
86.42 90.88 92.12 88.75 92.53
89.82 88.18 91.28 93.1 89.41
91.62 93.69 90.49 89.29 91.25
89.6 79.53 65.26 54.8 45.14
51.25 52.03 41.62 30.49 30.5
30.32 28.85 27.94 33.07 30.52
30.14 29.67 35.25 36.91 42.01
30.09 30.44 32.9 33.67 38.38
31.1 29.39 34.45 35.23 45.6
34.81 30.95 28.52 32.04 24.99
28.76 26.76 23.79 26.3 23.43
25.62 21.94 26.47 26.18 27.05
29.67 32.08 31.78 29.02 29.53
26.98 29.41 29.79 25.44 30.12
30.12 31.64 35.64 32.71 36.61
27.94 27.58 24.58 25.94 27.16
30.85 34.27 30.13 29.51 32.37
30.03 32.12 31.86 27.42 31.63
33.34 33.35 38.25 35.89 35.23
32.9 32.92 27.5 33.27 26.58
26.82 21.61 26.64 22.33 29.72
