92.86 93.66 92.24 92.02 93.68
97.38 97.36 97.85 97.17 96.3
93.68 92.6 93.51 93.73 94.03
92.2 92 92.62 91.29 92.07
93.66 94.77 96.62 97.12 96.89
97.61 96.93 97.01 94.55 91.59
94.47 96.49 96.22 97.4 97.7
97 96.72 95.08 93.3 90.09
83.21 81.69 73.94 76.78 83.91
90.16 94.2 95.33 97.05 96.84
96.32 95.92 94.35 90 88.33
91.1 94.72 96.97 96.95 97.33
96.91 96.89 95.78 91.2 87.94
92.14 92.31 92.7 91.36 90.9
92.61 93.4 94.44 96.12 96.36
96.66 97.16 97.4 97.02 96.88
95.72 94.07 93.69 90.73 94.05
94.58 94.94 96.39 96.03 94.81
95.31 96.96 96.26 96.87 97.28
96.7 95.3 94.57 92.05 88.15
