90.54 91.28 90.47 90.23 91.51
92.26 91.8 91.22 92.41 93.09
92.99 92.86 92 91.6 90.81
89.72 88.21 82.76 76.86 77.57
77.59 74.2 71.72 71.69 70.79
67.52 69.3 66.29 66.8 61.8
54.39 48.33 48.22 46.64 43.45
45.83 47.81 45.4 42.45 46.14
44.31 44.2 50.23 53.07 50.89
59.87 71.91 81.8 85.27 89.68
86.25 88.96 89.56 92.33 93.06
92.36 93.27 94.26 92.31 91.82
92.83 91.23 90.18 88.39 88.5
88.72 87.4 86.45 89.04 90.6
86.48 86.11 85.98 86.65 86.53
85.5 86.39 85.93 84.53 82.17
80.74 83.23 84.83 83.27 84.65
86.33 86.83 85.93 88.39 88.11
87.36 86.58 90.16 89.07 87.28
87.35 88.22 88.61 86.38 81.02
78.08 77.32 74.64 75.16 75.89
79.07
