34.27 35.31 32.39 34.1 27.27
29.21 33.33 30.94 39.14 39.38
48.68 67.8 85.66 92.61 94.48
97.93 98.7 98.92 98.92 98.84
98.1 98.44 98.53 98.84 98.85
98.71 98.49 98.75 98.61 96.43
95.45 96.9 93.59 83.52 90.34
88.95 91.08 94.1 92.18 93.93
97.6 98.28 98.86 98.87 98.65
98.61 97.64 96.75 95.3 96.2
96.47 96.51 96.53 97.12 95.79
95.05 92.34 89.94 88.19 85.44
83.26 86.49 89.61 92.56 94.79
95.89 95.42 94.49 91.59 93.05
94.38 92.73 93.35 93.78 94.55
93.01 92.65 96.98 96.97 97.35
96.64 95.98 95.44 95 94.86
95 95 94.2 93.92 92.86
90.41 91.47 90.59 90.5 92.63
94.8 94.03 94.52 93.36 94.47
94.71 93.02 90.84 87.67 87.04
86.46 91.35 88.1 88.59 95.46
96.98 97.3 98.15 98.65 98.46
98.22 97.09 96.95 97.2 96.54
96.7 98.27 97.73 97.29 98.26
98.35 98.73 98.62 98.27 98.48
98.52 98.15 98.46 98.61 97.66
97.56 98.35 97.4 95.82 96.13
96.72 93.91 93.19 95.35 91.97
89.06 90.82 88.05 90.4 94.13
95.67 97.79 97.14 98.49 98.66
98.34 98.26 98.65 98.68 98.46
98 98.47 98.59 97.6 97.17
96.56 96.03 93.61 94.08 96.05
95.41 93.61 95.4 94.1 94.79
96.11 96.81 96.43 98.08 98.5
98.38 97.91 98.7 98.66 97.92
97.97 98.48 98.12 97.71 97.9
97.74 98.12 97.41 95.81 95.76
94.69 98.07 96.71 97.1 98.03
97.59 98.33 98.62 98.27 98.25
96.19 96.28 96.01 94.69 94.66
94.92 94.47 93.14 95.26 95.07
94.17 92.83 93.07 91.08 87.45
85.28 74.24 81.59 89.9 93.75
94.64 94.37 95.67 96.09 96.01
96.43 96.31 96.08 95.54 93.3
96.52 94.67 89.55 91.02 97.27
98.33 98.48 98.39 98.21 98.66
98.62 98.85 98.7 98.87 98.89
98.63 96.93 93.46 92.71 92.83
93.73 86.96 81.18 77.53 73.18
70.82 73.41 78.31 84.33 90.31
93.97 94.72 97.7 98.04 98.73
98.63 98.75 98.48 97.87 95.95
96.72 96.55 96.34 96.04 95.93
94.68 97.14 98.77 98.91 98.93
98.89 98.69 98.49 98.67 98.27
98.57 98.53 97.62 97.69 98.45
98.38 97.93 98.41 98.78 98.84
98.54 97.45 98.04 97.76 96.22
97.43 96.9 97.75 98.44 98.52
98.59 98.69 98.21 98.43 98.61
98.31 98.04 96.18 97.66 97.46
98.38 98.32 98.64 97.89 97.69
95.69 95.12 91.98 92.34 94.21
95.25 95.14 93.54 91.23 91.49
95.36 94.25 96.42 98.31 98.55
98.61 98.57 97.11 95.25 91.3
94.79 95.88 95.53 95.74 88.36
71.02 68.57 73.64 83.15 90.24
93.69 93.42 92.21 94.01 96.89
96.94 96.19 96.47 97.64 96.86
97.61 98.16 95.76 94.88 91.87
83.23 70.69 69.19 65.88 71.79
84.99 93.33 95.39 96.88 97.38
98.35 97.99 98.29 97.82 96.95
96.7 97.62 98.01 98.09 98.47
98.47 98.52 98.28 98.55 98.26
98.15 98.19 98.27 98.51 98.02
97.97 98.51 98.51 98.59 98.35
98.03 98.47 98.4 98.03 97.8
96.92 97.05 97.22 96.59 96.94
97.52 97.44 97.49 96.98 94.47
94.98 97.21 97.59 97.99 98.2
97.94 97.66 97.89 97.86 97.23
96.61 97.35 94.92 97.43 97.09
96.66 96.5 98.21 98.07 97.9
98.4 98.44 96.63 96.94 95.73
94.86 97.29 98.51 98.49 98.26
97.63 98.53 98.25 96.27 96.86
96.06 93.09 82.12 68.51 54.42
53.24 53.05 57.31 78.86 92.91
96.26 98.37 98.45 98.81 98.88
98.72 98.34 98.38 98.7 98.29
96.57 96.72 97.05 97.13 96.55
97.28 97.88 97.99 98.39 98.77
98.74 98.67 98.87 98.87 98.66
98.24 98.19 98.11 96.3 94.76
95.03 94.26 91.72 91.15 90.02
84.52 74.53 64.69 55.1 48.97
42.74 43.92 47.87 39.76 40.49
36.94
