98.76 98.61 98.11 97.98 98.44
98.06 98.09 98.41 97.37 97.03
97.85 97.94 94.54 97.59 98.48
98.48 98.5 98.62 98.87 98.86
98.88 98.85 98.91 98.82 98.81
98.58 98.48 98.59 98.55 98.49
97.85 98.1 97.91 95.96 95.03
97.31 97.89 97.92 97.3 98.02
98.57 98.25 98.38 98.6 98.75
98.73 98.31 98.67 98.81 98.69
98.7 98.82 98.78 98.63 98.8
98.89 98.69 98.66 98.79 98.85
98.66 98.37 98.72 98.44 98.21
98.21 98.06 98.13 98.23 96.49
94.21 96.03 97.04 96.41 97.8
98.44 98.65 98.51 98.76 98.85
98.89 98.9 98.88 98.91 98.87
98.84 98.7 98.47 97.76 97.97
97.7 96.19 98.65 98.5 98.11
98.46 98.12 96.28 98.37 98.04
97.07 96.67 98.03 98.32 96.09
96.48 98.11 97.81 97.58 96.88
96.04 96.46 97.67 97.56 97.3
98.12 98.12 97.83 96.57 96.49
98.01 96.88 96.12 97.25 97.71
95.36 96.77 97.56 97.91 98.22
98.42 98.47 98.47 98.41 98.48
98.59 98.19 97.68 96.96 96.74
97.48 95.64 94.41 95.95 97.4
97.72 95.72 95.39 96.37 96.34
96.66 95.86 97.29 97.42 97.46
98.08 97.77 98.5 98.8 98.79
98.82 98.84 98.89 98.89 98.83
98.81 98.87 98.73 98.8 98.79
98.74 98.63 98.58 98.56 97.82
97.65 97.72 97.85 98.37 98.65
98.69 98.65 98.84 98.78 98.61
98.68 98.82 98.59 98.25 98.31
98.25 97.99 97.03 97.09 98.36
97.88 98.15 97.64 98.3 98.31
97.12 98.07 98.13 98.58 98.53
98.24 96.94 97.15 95.7 92.45
92.45 96.69 96.88 98.66 98.74
98.78 98.72 98.19 97.65 97.14
97.82 98.46 96.35 96.38 98.24
98.14 98.61 98.49 98.7 98.81
98.84 98.85 98.8 98.82 98.73
98.78 98.66 98.01 96.64 98.57
98.31 98.12 96.71 98.5 98.74
98.57 98.59
