44.96 44.73 48.24 47.98 52.27
49.82 49.36 53.65 59.4 58.59
57.44 56.42 60.06 62.58 60.12
60.92 61.57 62.18 60.08 60.1
60.5 60.37 59.87 57.78 56.76
53.67 55.94 64.67 73.33 84.75
90 92.42 94.66 95.55 95.45
94.65 92.99 92.92 90.03 85.53
83.83 88.18 87.02 80.21 87.13
91.87 94.41 96.57 95.46 95.51
96.05 96.07 94.63 95.18 95.69
94.31 93.19 95.79 94.47 94.38
93.08 94.14 95.81 96.36 96.41
96.33 94.83 91.75 92.63 92.71
95.21 97.16 97.75 97.76 97.8
97.31 96.4 94.89 94.64 94.92
94.96 94.84 94.08 93.24 92.67
91.51 91.43 93.81 95.62 94.85
95.66 96.69 96.54 97.37 97.67
98.15 98.34 98.09 97.34 96.64
95.28 94.75 95.74 95.7 95.15
84.77 75.28 85.11 91.23 85.52
91.99 94.48 95.74 95.53 95.7
97.24 96.18 96.66 97.85 97.67
98.38 98.05 97.59 96.82 95.88
93.07 91.68 94.63 94.27 95.92
95.85 93.32 93.39 92.68 90.81
94.43 96.43 96.94 97.79 97.41
97.5 95.93 95.58 94.09 93.13
95.31 95.5 97.57 97.86 98.2
96.63 95.37 93.85 91.12 87.94
88.6 83.73 64.46 59.62 55.09
59.49 60.63 68.98 82.38 89.1
90.09 88.05 90.69 91.07 90.11
91.83 92.63 93.5 95.3 95.42
95.35 92.45 93.47 92.48 92.3
92.59 92.45 92.94 91.01 89.81
89.64 92.35 90.11 86.22 87.54
89.15 92.57 91.84 90.68 90.13
84.82 79.88 79.02 85.2 87.02
91.58 90.7 90.95 95.05 95.39
95.65 96.72 96.87 96.91 97.12
97.12 97.44 97.07 96.45 96.1
95.84 94.65 94.04 92.7 91.38
89.28 86.86 79.23 70.75 68.57
70.3 69.18 60.74 49.98
