44.85 46.99 49.21 48.44 43.52
48.02 51 47.21 55.93 51.34
54.94 56.54 61.71 58.97 61.02
58.55 57.26 59.37 59.38 60.65
59.09 58.11 56.24 57.53 58.14
61.57 60.38 63.89 66.91 72.11
84.52 91.33 92.99 95.24 96.13
97.48 97.77 98.03 98.29 98.4
97.37 96.39 96.18 96.47 95.68
95.71 97.49 97.98 98.23 98.54
98.34 98.03 97.48 95.2 93.88
91.76 89.03 89.92 91.81 92.78
91.92 93.4 93.67 95.46 96.8
97.2 97.48 98.23 97.52 97.79
97.21 96.19 94.71 93.01 91.99
91.73 94.52 95.14 95.75 96.76
97.62 98.23 97.94 97.93 96.56
94.59 96.29 96.8 97.2 96.71
94.78 92.64 92.72 92.55 91.96
96.07 95.62 95.21 97.34 97.88
97.37 97.81 97.85 97.01 97.08
96.62 94.93 96.36 96.07 97.96
97.7 98.54 98.54 98.18 98.27
97.85 96.97 97.38 96.96 96.51
95.41 96.76 97.49 97.31 98.05
98.09 97.69 97.3 96.22 95.74
94.31 93.28 89.64 89.06 81.47
70.94 71.56 68.29 86.37 93.7
95.85 96.98 98.36 98.21 98.39
98.03 97.56 96.34 94.16 88.35
82.01 73.94 68.7 68.94 72.4
76.36 78.63 81.36 82.42 87.84
86.95 89.77 91.09 91.34 91.49
94.18 94.36 94.98 95.7 95.45
96.14 97.02 96.8 96.68 96.69
96.91 95.95 95.67 95.37 93.33
91.52 90.15 90.23 85.29 82.9
79.98 73.33 70.94 64.68 59.62
58.32 54.42 57.76 56.55 56.11
56.51 51.59 53.91 58.27 49.68
58.04 59.34 49.96 53.15 53.04
52.87 52.87 46.41 47.66 48
47.75 51.14 54.02 55.42 46.96
57.05 56.52 56.04 54.4 58.91
60.49 55.76 59.46 56.53 53.44
53 49.77 48.49 46.19 48.87
67.06 57.21 55.81 62.06 44.12
