33.67 36.44 44.13 47.09 45.29
42.48 48.73 41.66 43.96 45.97
42.63 46.82 48.59 43.5 42.61
44.41 44.36 39.04 43.73 31.53
31.44 37.83 27.08 29.36 31.38
27.9 29.71 32.9 29.74 36.67
26.52 26.66 25 27.39 23.64
21.15 27.4 20.77 24.33 22.25
23.23 30.7 23.09 23.4 21.84
24.82 28.22 22.99 23.84 23.56
26.21 29.01 33.39 32.12 30.98
30.83 30.08 29.14 31.99 33
34.58 36.12 34.94 37.82 32.75
38.45 34.3 41.27 31.31 37.83
44.96 40.01 39.64 30.53 30.5
29.27 29.4 25.03 24.97 27.51
21.17 36.07 26.62 37.44 29.57
23.43 26.71 23.07 32.17 25.68
22.83 32.6 26.15 31.55 27.4
29.98 26.74 30.97 31.83 32.51
35.79 31.57 34.54 36.42 34.54
37.06 34.41 37.1 35.35 33.54
38.87 40.91 41.22 45.66 46.43
54.74 56.14 60.25 67.44 70.96
78.54 81.57 85.57 87.22 87.39
87.89 88.28 88.5 88.73 86.85
86.8 85.78 83.87 83.87 81.58
78.48 77.67 78.78 78.07 74.69
74.56 76.58 74.12 70.24 72.57
74.97 71.46 70.65 73.44 75.4
73.84 70.28 77.01 79.67 82.41
80.09 85.94 86.99 87.58 90.47
91.44 90.86 91.73 94.46 93.45
92.85 95.35 94.93 93.23 93.78
94.29 92.93 86.69 83.03 79.52
84.44 87.29 90.45 90.39 89.73
91.57 93.49 91.49 90.81 92.45
92.18 88.81 88.39 89.36 89.66
90.7 94.25 92.7 93.39 94.39
95.42 94.66 95.26 95.67 95.66
96.23 96.04 96.29 96.35 96.42
95.61 96.22 95.57 94.51 94.38
93.91 93.36 91.97 90.85 90.1
89.4 85.55 82.32 80.77 80.44
73.39 72.05 77.58 75.02 66.87
64.81 73.22 78.69 84.04 83.4
83.27 83.87 85.57 85.33 87.39
85.65 86.09 87.62 87.03 83.43
78.65 81.64 85.7 89.51 88.74
89.77 92.49 92.09 87.03 89.2
92.45 86.48 84.88 82.57 86.93
89.52 91.34 92.54 91.43 92.26
93.74 91.36 90.98 91.73 92.42
90.48 89.44 86.67 88.66 90.93
91.05 93.46 92.95 93.59 95.45
94.75 93.99 94.66 94.86 92.92
91.98 93.48 92.4 90.67 89.75
93.58 92.68 90.58 91.93 92.14
90.12 88.65 89.34 88.14 85.86
83.73 81.28 80.75 75.54 73
75.57 70.39 67.73 69.76 70.84
69.63 71.29 75.3 77.62 74.34
79.05 82.1 82.06 80.08 83.08
85.18 84.12 84.27 87.64 88.77
83.49 85.89 89.14 87.88 86.73
87.92 89.19 86.82 85 87
88.31 85.4 85.37 89.29 86.56
81.29 87.15 88.05 83.99 84.92
88.03 86.02 82.99 85 87.1
84.14 81.97 85.33 86.33 80.43
81.92 85.52 79.84 74.73 65.07
47.72 49.3 43.48 40.41 39.51
32.82 30.65 30.22 34.16 29.1
29.36 28.71 32.68 30.16 28.89
30.84 28.43 29.28 28.01 29.57
29.72 39.44 28.04 45.59 46.67
