37.1 44.01 52.39 46.51 45.97
51.62 51.07 48.53 50.78 52.11
52.82 46.75 55.62 50.04 51.26
46.68 53.51 52.1 50.95 39.47
47.59 47.63 40.9 43.82 36.67
40.46 35.44 54.53 59.79 71.41
74.65 82.75 86.64 90.59 95.4
95.39 94.65 96.81 97.25 97.39
97.88 97.82 97.5 98.21 98.57
97.25 98.38 98.29 98.46 98.61
98.57 98.54 98.72 98.6 98.41
98.36 98.59 98.5 98.35 97.65
97.48 98.32 98.43 97.73 96.89
96.62 95.8 96.49 96.01 96.19
97.97 98.41 98.45 97.95 97.55
97.96 97.75 96.88 97.71 97.71
96.48 97.19 96.83 96.29 97.47
96.26 95.18 95.16 97.36 98.12
97.8 97.7 98.28 98.62 98.41
98.11 98.35 98.68 98.56 97.67
98.27 98.32 97.65 97.35 98.4
97.9 97.2 97.72 97.93 97.44
96.66 97.6 98.49 98.35 98.55
98.54 98.27 98.66 98.66 98.37
98.46 98.64 98.29 98.17 97.95
98.32 97.75 95.76 95.77 95.82
94.1 91.25 93.91 91.91 91.89
93.75 94.51 95.18 96.42 97.09
96.19 96.73 96.9 96.05 95.84
95.82 95.7 94.55 94.75 92.03
91.07 87.28 78.23 81 82.59
93.65 96.09 97.71 98.23 98.47
98.65 98.64 98.58 98.65 98.61
98.72 98.66 98.64 98.59 98.21
98.34 98.13 97.08 96.74 96.64
96.35 95.57 92.22 91.72 95.2
93.17 88.03 90.96 92.83 92.77
94.02 94.68 96.21 92.14 93.78
95.13 89.83 80.67 74.81 57.18
48.46 38.39 27.12 26.02 26.25
31.48 32.29 33.42 31.13 37.47
35.16 36.63 37.12 40.32 38.74
43.46 43.23 48.63 59.51 56.21
56.11 56.5 39.27 49.85 43.89
43.93 44.44 47.54 49.55 45.92
41.11 41.82 39.18 40.12 45.19
43.14 47.23 51.17 46.76 50.3
51.52 45.72 50.18 47.15 51.53
42.71 63.48
