66.83 86.15 90.46 93.27 92.52
94.55 92.78 92.8 91.84 89.58
88.6 87.92 87.16 90.51 91.34
91.89 92.07 94.02 93.65 94.63
94.17 93.35 93.83 94.41 93.38
92.96 94.36 93.03 93.97 94.96
94.16 91.5 91.37 92.95 92.24
90.73 92.59 93.1 90.75 92.46
92.28 90.36 90.31 91.49 89.37
89.73 91.23 89.68 91.17 91.06
91.19 89.79 93.6 93.55 92.29
89.56 87.77 87.2 86.18 83.63
85.44 83.38 83.53 81.66 82.24
82.48 79.66 77.96 77.09 72.53
65.51 63.6 61.56 61.66 57.09
54.28 53.24 51.83 52.29 53.22
53.94 55.41 59.36 61.57 67.19
63.6 71.31 67.89 70.21 67.23
67.49 67.06 57.56 53.78 49.54
49.35 49.97 44.72 42.15 34.91
31.06 35.3 31.16 30.79 31.15
32.07 29.91 35.15 30.16 32.01
33.95 27.75 33.8 31.7 33.71
33.52 35.33 33.3 33.13 38.4
32.44 37.39 34.15 32.59 40.94
41.67 49.05 58.47 64.45 68.16
83.66 87.6 84.03 85.31 79.98
73.83 66.89 65.23 61.37 61.73
58.74 61.18 62.8 64.73 72.68
75.49 82.93 89.45 91.99 92.59
92.56 92.11 92.56 92.91 91.52
91.47 91.09 91.66 90.65 88.87
88 87.93 82.94 84.97 89.24
92.43 93.68 95.73 97.26 96.01
95.44 93.27 90.51 90.41 90.19
86.66 76.94 81.72 88.14 89.74
91.41 90.69 92.02 93.73 93.96
92.18 93.7 94.07 91.15 91
90.39 87.35 84.63 83.03 79.57
82.37 83.98 81.49 80.72 88.31
92.19 94.05 94.07 93.59 91.13
88.36 86.03 89.47 90.7 94.22
94.78 95.75 95.89 95.26 92.36
91.08 91.3 88.8 89.59 92.3
93.18 91.59 92.76 94 92.97
92.62 94.58 93.88 92.56 92.16
93.66 92.12 93.6 89.11 90.26
93.14 95.15 96.62 96.33 95.63
91.89 83.27 87.05 88.94 92.7
93.93 93.39 94.43 94.12 90.97
