38.26 39.95 39.39 41.72 36.04
35.4 36.95 35.26 38.94 30.09
34.45 33.42 30.06 28.53 32.11
36.56 41.8 37.88 36.19 34.37
31.66 31.72 30.69 29.36 28.61
28.93 30.95 30.34 29.29 29.4
36.37 30.24 34.58 35.6 32.9
42.55 54.24 67.75 70.59 77.45
71.69 73.74 80.23 76.69 69.39
71.75 74.75 68.71 73.42 82.2
84.21 82.29 78.47 75.43 77.26
79.36 77.43 78.6 77.24 81.97
82.34 76.35 77.38 78.61 77.23
71.23 75.75 71.61 77.06 74.89
81.53 87.8 88.49 88.39 86.13
80.48 77.12 71.99 68.73 73.79
87.69 88.83 89.95 88.64 88.08
83.97 81.06 74.48 63.85 66.12
53.73 61.72 77.69 82.93 84.84
87.81 88.69 89.53 88.4 84.25
82.71 80.08 74.13 70.08 83.76
86.17 86.15 86.5 83.49 79.13
83.65 80.13 79.17 83.1 84.84
81.9 85.14 88.05 86.32 85.69
88.11 88.44 84.55 84.06 84.65
84.42 79 79.05 77.55 83.37
82.79 83.34 78.54 82.51 83.16
85.3 81.02 79.66 69.46 60.27
50.35 42.38 37.9 31.14 28.28
31.44 32.03 28.26 32.87 28.49
31.42 30.31 34.23 28.06 30.99
26.61 25.87 28.83 26.44 28.03
29.74 32.37 30.67 31.03 28.95
28.22 27.73 27.04 31.77 35.06
36.16 37.45 32.31 39.26 39.31
42.86 35.81 42.9 41.17 38.74
35.03 29.82 30.22 27.48 29.14
25.63 30.27 28.37 29.62 29.83
30.85 36.34 29.02 35.45 36.65
32 35.01 37.21 29.32 36.3
31.01 38.18 34.44 30.17 34.84
29.41 38.77 29.39 33.51 27.04
32.36 34.22 33.25 32.36 33.38
33.28 28.05 36.2 33.35 30.39
34.97 28.02 32.26 34.2 35.54
38.04 29.69 30.98 32.96 29.82
27.32 31.07 31.72 35.73 32.01
32.2 35.73 32.59 40.55 34.56
36.13 36.17 34.11 35.63 29.59
37.29 35.5 40.3 41.97 44.61
48.29 51.09 54.95 65.64 68.03
69.4 79.83 86.32 87.73 89.84
91.13 91.72 91.9 93.38 92.13
92.91 92.35 91.96 92.78 85.65
88.22 92.07 92.81 92.85 93.45
93.92 93.58 93.51 93.64 92.26
92.45 94.01 92.58 90.43 91.74
90.64 85.76 70.4 63.76 59.96
58.25 57.18 52.79 52.81 60.14
71.79 85.72 89.28 90.52 90.07
89.53 92.55 93.35 90.79 91.4
94.02 91.72 91.13 92.84 92.5
91.33 92.57 93.18 91.11 89.9
90.91 90.1 86.87 87.12 86.91
80.84 83.23 80.87 80.58 79.31
78.04 69.26 64.43 56.19 51.02
42.39 38.34 51.27 43.69 42.56
45.17 45.41 47.8 57.46 68.94
76.52 82.97 84.66 86.7 90.08
90.89 91.63 92.09 93.43 93.47
93.15 92.97 94.25 94.16 94.2
94.4 94.61 94.29 94.81 94.98
95.07 95.25 95.24 94.52 94.98
95.72 94.37 93.54 93.98 94.15
93.39 92.44 94.85 93.94 92.43
93.49 94.04 91.27 90.21 93.14
89.92 87.16 86.82 87.99 80.18
73.02 67.59 53.92 53.45 48.49
45.96 41.24 37.77 32.57 32.83
33.59 35.3 32.85 40.53 41.98
49.03 56.49 61.86 72.35 79.66
85.25 88.84 89.55 92.66 92.8
93.37 94.45 94.99 95.95 95.93
96.21 96.28 95.64 94.68 94.7
92.15 92.46 92.79 90.39 93
94.83 93.15 92.85 95.65 94.51
93.31 94.79 94.79 92.55 91.72
91.91 90.41 88.44 87.28 83.66
82.15 70.58 61.37 57.64 47.93
52.16 56.22 58.49 60.21 73.06
77.78 78.58 79.81 83.62 87.44
87.09 86.27 88.22 91.82 89.97
89.58 91.09 93.07 91.69 91.44
91.83 90.67 92.9 95.1 95.4
95.73 96.81 96.14 96.66 96.65
95.35 93.98 95.05 94.05 90.58
90.83 91.66 86.15 81.77 79.75
78.12 76.69 74.34 72.36 81.5
86.07 83.1 83.2 85.85 90.99
90.56 86.7 90.83 93.81 91.37
89.51 92.13 93.95 89.99 88.11
90.61 89.33 84.3 79.15 69.32
62.88 50.65 48.44 38.54 46.47
50.27 53.63 54.45 60.71 62.33
70.68 70.35 76.18 74.14 77.02
77.83 80.37 79.64 80.4 82.03
81.09 80.04 81.07 81.06 78.6
70.11 56.71 46.75 40.76 30.93
28.91 28.17 26.79 29.77 27.75
32.2 30.9 30.9 34.3 30.42
30.71 32.41 36.27 36.76 44.84
35.46 32.77 38.04 39.23 42.45
42.91 41.77 47.74 37.33 49.85
41.62
