38.69 47.9 43.84 43.28 50.42
38.95 43.12 46.16 36.67 43.14
38.91 36.18 42.32 36.94 44.42
39.15 39.68 39.38 35.2 40.45
36.2 41.86 35.7 30.91 38.97
31.75 36.07 32.64 40.24 35.18
40.91 40.23 37.01 40.2 38.03
43.3 50.38 57.61 67.77 86.02
91.91 94.78 96.14 96 95.3
94.04 92.94 94.61 94.81 95.36
95.32 95.95 96.48 96.2 96.14
96.69 95.44 94.97 95.25 92.75
92.67 93.25 93.37 94.24 94.07
93.37 92.05 90.04 89.67 89.36
90.96 93.21 94.47 96.19 96.38
96.64 95.5 93.84 90.8 88.91
90.9 90.97 91.38 91.68 91.73
92.86 92.23 91.86 92.14 90.26
89.03 90.33 93.92 95.35 96.24
96.66 96.98 96.01 94.61 92.04
94.69 92.71 93.77 95.08 93.38
90.87 91.32 90.48 92.93 94.98
93.75 92.65 94.14 95.49 93.08
92.27 93.77 95.41 92.66 91.71
93.38 93.9 94.24 95 96.34
95.88 96.81 95.98 95 93.93
94.98 93.78 92.27 90.49 89.13
88.71 90.29 90 90.27 91.45
92.33 90.38 92.21 92.59 90.84
89.87 91.67 90.75 87.96 91.15
91.81 87.22 87.6 84.09 90.38
92.04 93.18 91.72 90.87 89.31
84.62 74.55 71.39 67.83 63.08
65.77 65.38 70.18 78.92 85.22
86.23 88.89 88.64 84.9 74.94
68.61 68.27 66.05 76.2 73.42
72.04 74.11 79.11 84.77 88.81
91.47 92.56 94.26 94.26 94.32
94.66 92.19 94.76 96.19 96.34
94.81 90.75 88.14 91.71 91.72
94.54 94.42 95.2 96.38 96.4
97.42 98.16 98.31 97.99 97.52
95.55 93.81 92.5 87.98 88.92
93.64 94.73 97.69 97.75 97.75
97.79 95.17 95.5 95.46 94.4
94.39 91.18 89.67 86.73 86.1
87.95 91.06 93.42 92.69 90.71
88.29 85.95 82.05 86.04 88.08
83.79 83.25 83.93 82.19 80.45
84.29 86.97 86.84 84.84 82.75
76.68 71.95 76.01 81.49 77.35
76.49 79.44 74.4 76.44 74.45
73.54 67 64.94 58.12 60.01
61.52 64.53 66.46 72.61 79.71
86.78 90.76 93.37 95.62 94.22
93.36 94.72 95.21 94.85 93.85
95.12 95.4 95.42 94.1 94.29
94.48 95.71 96.27 95.9 96.4
96.74 97.01 96.78 97.29 97.71
97.53 97.09 97.97 98.3 98.15
97.86 97.93 97.75 96.59 95.69
95.8 94.72 92.39 92.71 94.7
92.2 90.41 91.69 92.5 89.37
88.87 89.32 86.21 79.96 69.42
71.25 70.15 67.14 68.46 77.42
84.25 91.53 93.36 95.68 97.02
97.43 97.53 97.47 96.79 97.54
96 97.37 96.94 97.47 96.1
95.39 95.08 94.94 96.84 97.87
97.99 97.65 93.02 93.08 95.4
92.91 91.19 87.74 90.8 89.45
93.08 90.72 89.22 85.92 84.76
88.92 90.3 91.5 93.66 93.76
95.12 96.32 96.91 96.11 97.14
97.05 96.27 96.1 96.23 94.94
93.86 92.82 91.84 90.9 90.61
87.51 81.27 82.43 84.54 84.76
85.79 84.11 83.45 83.52 85.07
82.42 81.15 85.49 83.13 79.93
82.65 82.86 78.14 78.95 78.95
72.08 55.06 54.55 45.37 49.72
50.53 48.89 50.71 54.47 56.67
49.98 60.29 64.5 74.08 75.58
76.2 74.8 75.94 78.76 79
77.37 82.01 82.47 81.38 80.56
81.21 82.18 82.02 81.12 82.24
83.93 81.84 78.6 82.64 82.74
81.11 80.52 83.54 82.2 81.99
83.11 84.49 83.58 85.16 86.89
86.46 88.36 87.19 88.17 87.52
86.51 90.32 93.72 96.45 94.7
95.77 96.17 96.08 93.72 93.59
90.14 92.09 91.27 94.16 93.91
94 93.3 94.62 95.98 93.18
93.16 94.16 92.83 90.21 91.9
92.16 89.63 88 87.37 86.57
82.09 74.49 57.26 56.11 47.48
48.32 53.02 52.87 52.23 51.21
52.81 50.93 46.83 52.56 49.2
49.96 58.69 58.47 62.29 72.46
77.1 75.6 80.28 73.65 77.97
81.43 80.97 79.87 82.24 81.32
81.43 80.93 79.93 79.27 80.98
80.92 78.78 73.11 66.21 59.46
48.57 41.34 41.47 38.02 38.13
37.75 37.38 34.34 37.99 37.26
31.41 33.28 35.81 35.6 41.93
35.98 31.1 35.16 31.42 29.97
32.4 31.4 29.15 32.55 32.24
35 28.04 37.49 36.82 35.97
36.42 34.33 38.29 32.35 31.56
29.29 31.21 35.09 33.65 30.84
37.08 32.74 37.31 33.71 35.52
33.35 37.08 34.13 29.89 34.74
31.9 31.91 31.56 36.34 29.06
31.22 32.56 27.07 30.43 25.64
32.03 26.09 31.99 26.08 33.24
31.72 26.2 34.64 26.97 31.48
27.56 32.37 31.3 25.84 30.3
28.68 26.33 33.16 26.54 31.62
28.37 33.32 33.32 31.24 36.26
33.96 32.72 30.8 31.83 31.12
31.21 30.93 37.66 32.17 32.8
34.66 31.16 36.77 28.22 40.88
34.74 36.73 36.66 36.36 33.3
36.57 35.67 33.93 38 32.03
32.33 34.79 38.16 37.66 36.72
36.43 36.47 37.16 33.74 36.48
35.09 32.74 33.91 28.73 31.77
32.34 32.96 31.83 33.86 36.1
28.71 44.2 35.4 37.96 33.4
35.39 35.49 32.07 33.66 32.47
32.34 33.36 32.96 34.89 30.86
31.85 31.44 30.71 32.97 37.66
45.69 57.99 65.66 72.58 76.47
80.32 82.3 84.34 87.64 89.4
89.34 90.34 89.93 90.88 91.31
90.04 89.24 89.58 89.24 86.65
84.91 83.25 81.69 72.56 75.86
74.77 73.03 78.43 79.37 75.21
79.7 80.17 80.04 81.97 85.01
83.99 85.61 87.1 87.78 86.37
85.29 86.45 86.88 87.11 82.96
85.98 87.59 88.13 87.21 89.11
90.36 89.26 88.09 91.34 92.39
88.39 85.94 87.28 86.48 86.09
86.49 86.96 89.39 90.42 92.28
90.86 90.31 92.04 91.57 89.56
91.58 91.93 90.04 88.39 89.3
87.51 86 86 86.66 84.76
84.33 86.82 88.51 82.18 78.1
71.61 79.75 81.67 81.16 77.53
84.05 85.82 89.11 90.28 87.93
89.29 92.36 90.27 89.26 91.15
92.38 90.03 88.52 89.78 88.42
84.74 82.54 80.31 82.64 85.23
86.75 89.05 89.28 86.03 84.82
83.27 68.77 55.88 55.65 60.96
70.19 72.27 80.44 82.8 79.85
79.93 80.34 73.35 65.92 65.63
62.87 66.92 73.05 82.36 86.57
86.75 89.04 90.46 90.08 90.92
92.33 91.63 91.1 92.63 92.87
92.04 91.16 92.17 92.66 91.56
90.86 92.31 91.76 91.91 89.98
89.32 90.35 87.16 86.22 84.06
81.71 77.95 65.24 53.92 43.87
41.29 33.23 30.1 29.01 33.76
27.87 34.97 27.12 30.84 26.75
32.59 32.08 30.87 32.86 31.95
33.94 35.89 32.75 35.32 36.1
35.71 34.36 37.7 39.31 37.25
34.47 30.95 30.93 30.84 25.77
30.37 25.58 30.31 27.63 27.99
30.4 31 31.94 31.97 28.88
29.66 25.94 29.72 28.17 29.32
31.09 28.84 30.81 34.39 32.81
35.4 33.83
