33.93 29.97 33.95 38.14 33.85
34.66 43.62 50.96 63.76 81.83
88.86 92.44 94.31 95.26 94.31
94.8 92.99 91.89 93.14 92.89
93.1 93.46 95.34 94.61 93.65
95.07 94.42 92.57 92.66 92.81
92.37 88.81 88.45 87.61 81.91
77.61 79.46 78.26 79.04 84
87.36 90.01 91.06 92.19 90.21
91.02 86.63 78.87 69.94 65.01
59.31 65.07 70.99 75.57 76.04
78 81.65 82.19 83.15 85.93
86.32 85.4 84.96 89.13 89.3
92.37 94.58 95.49 95.61 96.38
94.52 93.95 91.88 91.53 91.59
91.39 90.02 87.69 90.22 87.45
86.61 83.05 83.52 85.13 88.21
87.88 88.13 89.29 90.38 88.36
87.96 91.52 87.19 90.61 90.45
89.7 92.3 94.39 95.33 95.46
96.41 94.73 91.67 86.47 89.9
88.53 88.97 87.17 86.98 88.25
90.97 90.58 89.33 91.03 92.47
89.59 90.3 91.29 89.46 90.39
93.39 92.43 94.31 94.93 93.88
91.48 91.21 93.22 91.16 91.84
90.91 93.47 94.28 93.16 92.25
93.03 92.43 90.25 90.82 90.09
87.63 81.18 65.01 55.59 48.45
42.55 39.73 30.71 41.62 36.37
42.38 36.19 40.22 35.65 38.6
34.59 37.45 33.26 29.89 29.67
28.99 28.9 32.4 35.81 37.13
33.88 36.15 34.78 30.53 30.93
28.1 31.43 31.24 31.79 32.13
35.75 42.83 51.76 75.56 87.22
91.46 91.28 94.04 92.34 94.47
95.38 94.75 92.11 90.37 92.6
93.1 94.47 95.74 95.15 95.17
93.56 92.74 90.39 85.15 83.51
88.24 87.81 87.04 85.53 86.56
89.93 91.81 92.6 94.6 93.97
95.28 95.46 94.11 92.29 86.84
84.89 86.29 91.87 92.8 93.93
93.9 93.09 93.12 93.51 93.6
93.24 92.98 91.81 91.29 91.27
93.31 93.74 94.61 94.97 95.4
94.65 93.87 92.83 91.85 92.17
92.79 92.08 93.71 94.63 93.7
93.94 93.18 92.47 91.93 89.65
87.75 86.99 88.97 90.24 88.47
87.35 91.28 91.26 93.23 93.91
94.93 95.09 94.53 94.57 92.65
89.22 90.69 90.55 88.41 86.2
86.79 85.9 83.67 80.95 78.49
75.32 68.83 78.97 83.38 84.07
83.38 86.24 86.1 86.9 85.96
86.89 85.94 85.31 82.51 79.44
79.22 79.1 83.61 86.11 87.35
87.68 90.8 91.96 90.74 90.39
90.72 89.76 89.43 88.4 87.99
86.67 85 82.8 79.81 72.7
63.09 56.03 61.61 68.22 61.82
55.92 58.39 52.89 57.15 52.52
52.09 53.15 50.37 52.46 46.39
48.38 50.65 50.95 58.76 62.99
68.96 75.2 77.72 82.89 82.38
85.99 86.13 88.75 90.63 91.7
91.84 91.87 92.9 92.85 90.95
90.21 90.52 92.21 90.56 89.46
91.91 92.15 89.79 88.15 89.63
87.27 83.76 81.8 78.38 77.2
84.06 81.08 80.21 85.56 86.37
85.08 85.82 87.75 88.28 88.27
85.56 85.99 89.91 91.03 91.63
91.79 90.96 92.2 92.77 91.84
91.3 89.79 89.26 91.43 89.97
89.52 91.07 90.85 90.32 89.93
90.13 89.38 88.21 83.89 83.19
82.69 80.79 74.64 75.54 76.62
72.29 72.85 71.55 72.2 73.06
72.52 70.15 65.5 62.78 59.88
55.15 50.8 44.97 43.71 44.62
49.16 39.36 63.38 60.16 58.74
60.54 53.52 52.45 55.38 48.04
51.04 52.58 51.87 50.77 52.94
55.86 50.64 42.38 41.75 43.78
45.55 40.49 39.01 36.95 44.76
44.99 53.43 47 52.09 54.44
55.11 47.83 51.31 53.73 44.82
40.29 45.53 41.44 42.28 42.01
43.57 45.17 45.1 48.49 54.23
47.31 43.26 56.6 52.6 37.51
42.62 39.19 39.13 38.43 42.62
42.29 41.36 37.59 36.89 34.19
34.69 35.29 40.31 43.1 42.76
45.35 42.85 51.94 45.85 53.54
52.93 54.35 46 53.74 46.99
34.91 35.53 31.89 40.88 33.87
31.87 32.45 30.35 37.96 34.26
33.4 33.8 31.07 31.44 32.73
36.44 35.41 34.91 39.33 40.35
43.46 48.67 41.31 48.75 42.32
49.31 43.11 38.63 39.97 40.88
37.44 40.73 35.52 45.99 39.05
40.22 44.62 50.36 48.98 44.11
55.14 52.46 47.42 51.01 48.28
44.8 51.67 31.48 39.47 36.13
39.7 39.93 36.45 33.37 37.36
37.36 37.79 40.43 44.03 39.48
52.09 50.26 41.44 51 55.75
58.46 51.08 50.97 43.57 35.64
40.18 32.31 34.9 34.03 39.28
41.95 36.44 33.17 35.58 38.45
34.91 39.31 39.27 34.81 39.68
38.23 39.21 39.97 34.86 35.75
40.35 36.1 39.32 38.04 35.52
37.56 37.58 35.25 37.34 34.72
35.58 42.79 46.79 56.31 61.4
61.87 61.19 54.85 61.52 58.8
62.82 73.47 74.04 81.14 79.96
82.93 84.37 86.44 84.04 86.22
87.37 86.04 87.3 89.1 89.7
89.48 87.36 83.01 86.01 84.52
87.81 86.56 86.18 87.58 89.15
88.4 88.96 86.78 89.87 88.96
87.06 87.03 86.89 84.74 83.34
81.72 81.49 80.72 78.21 73.49
76.31 82.56 81.83 81.87 80.93
83.67 85.47 85.1 82.73 86.2
89.15 87.6 90.05 89.2 89.08
86.89 85.22 85.29 87.91 83.57
82.19 81.41 78.45 73.32 69.3
68.68 57.42 49.94 50.06 43.89
50.63 44.21 52.78 42.68 48.48
44.41 43.31 45.39 39.84 42.23
39.76 35.15 41.1 39.49 38.26
35.87 29.73 33.44 34.74 37.15
34.75 37.34 40.24 42.87 40.35
35.43 40.86 37.02 38.43 40.69
35.32 37.69 41.27 49.27 41.53
39.18 44.35 40.22 40.41 42.62
37.96 49.43 49.6 36.88 41.32
35.99 34.89 36.48 37.12 36.18
34.27 31.87 36.47 33.45 34.58
35.38 37.85 38.21 41.42 37.81
38.08 40.51 37.44 40.47 35.14
41.07 31.64 37.93 34.34 34.58
38.05 40.04 43.13 41.42 47.38
36.01 46.02 47.25 45.14 41.86
39.94 42.35 39.25 40.73 38.95
38.58 38.21 37.26 34.98 38.75
33.6 49.43 43.06 36.95 42.16
40.37 38.6 38.89 39.46 36.31
36.49 34.16 40.28 37.44 39.9
42.74 42.84 32.86 43.81 42.79
38.65 36.23 35.55 31.21 41.33
33.77 35.43 36.17 37.75 38.57
36.63 34.01 37.52 36.58 46.21
49.27 57.18 59.75 57.62 63.35
65.49 65.14 43.92 51.58 39.39
