35.47 32.13 36.47 38.5 34.51
33.64 35.85 38.24 35.14 34.69
33.29 34.06 32.6 33.54 45.5
35.02 32.15 32.43 36.6 37.32
34.76 33.38 30.94 33.79 32.36
29.96 46 53.88 65 86
94.6 96.73 97.71 96.59 94.79
90.87 88.47 88.4 92.24 94.12
96.8 97.26 97.52 97.92 97.87
97.97 97.68 97.49 96.89 96.13
96.14 95.39 94.1 94.66 92.64
94.35 95.92 94.4 93.36 94.97
95.57 94 91.08 92.78 89.93
89.9 93.5 92.92 94.37 93.38
93.58 93.36 95.05 96.67 96.89
96.76 97.36 97.66 97.3 95.95
96.06 96.88 95.89 94.5 95.05
94.24 91.74 91.36 92.47 92.16
93.37 94.18 96.54 96.84 96.55
96.44 95.57 96.72 97.26 97.17
97.1 97.45 96.96 96.84 96.2
94.89 94.07 92.92 90.7 90.77
87.46 92.28 95 95.42 94.42
93.18 93.37 92.46 95.23 94.23
96.99 95.66 94.75 97.52 97.7
95.38 95.01 97.08 95.75 93.33
94.05 94.36 93.62 93.01 93.2
92.35 85.89 69.27 64.78 60.84
68.12 72.97 71.87 77 88.55
86.4 89.1 90.15 91.36 93.61
95.19 94.89 93.61 93.92 95.66
96.33 95.01 95.74 94.6 94.23
92.42 92.33 90.39 89.88 90.29
92.21 90.69 91.9 93.15 91.78
92.34 92.45 91.74 91.64 90.25
90.41 91.73 92.17 92.43 92.93
94.43 95.72 94.86 94.46 93.67
91.87 92.24 89.02 90.44 91.1
89.63 88.36 89.15 87.23 86.3
85.39 85.34 77.99 83.37 78.57
63.75 64.12 56.63 59.44 59.18
59.68 68.78 79.17 90.41 92.07
90.56 91.94 93.4 92.65 89.16
90.77 87.55 78.32 69.24 66.01
73.19 81.77 83.88 86.82 89.7
88.68 89.2 87.44 91.96 86.3
87.6 87.01 86.37 86.8 87.58
89.58 92.4 94.31 96.01 94.32
94.59 94.55 95 95.83 97.53
97.43 98.08 97.62 97.2 96.14
93.55 93.09 85.81 84.41 78.5
78.32 83.97 83.6 86.18 89.56
90.35 87.37 91.68 91.63 86.67
87.49 91.45 91.64 93.28 93.94
94.22 92.91 91.88 90.81 91.8
92.32 92.7 90.88 92.56 94.58
94.68 93.95 93.58 93.06 93.16
92.16 87.92 91.86 92.79 95.57
95.46 96.73 96.44 96.94 98.1
98.22 97.19 95.86 93.33 88.65
90.52 95.15 97.52 97.47 98.31
97.85 96.93 95.28 90.26 84.28
83.61 86.54 91.23 94.78 96.71
96.09 97.31 97.37 96.52 96.89
96.35 95.16 95.68 95.19 95.16
94.9 93.64 94.36 93.31 94
94.45 95.7 96.4 95.63 95.38
95.49 95.27 93.69 93.83 91.86
91.83 94.4 94.8 96.55 96.37
98.11 98.13 98.1 97.66 97.12
94.14 87.76 88.46 90.54 92.49
92.67 91.74 85.93 80.16 61.26
52.62 52.37 40.05 38.11 38.64
31.03 30.79 31.5 28.81 29.53
28.4 30.63 31.36 28.85 31.36
32.32 34.91 35.29 38.81 33.12
40.06 39.3 36.73 36.35 37.73
31.54 35.19 31.83 38.38 43.33
39.91 46.72 47.45 40.61 33.58
32.23 36.77 34.72 31.41 32.61
37.73 28.77 33.66 30.57 35.38
32.79 38.85 31.37 33.2 32.35
31.43 36.94 33.26 34.7 32.7
31.96 32.13 30.47 27.67 27.13
26.33 31.21 27.65 24.85 29.12
28.61 28.19 29.01 28.9 28.66
31.16 28.95 32.23 28.68 32.02
32.35 32.73 29.77 32.18 30.6
34.55 31 30.46 28.22 28.8
26.41 28.03 28.94 28.7 31.79
29.06 31.41 34.43 32.97 31.54
32.26 33.14 33.41 30.35 34.36
31.38 33.99 31.27 28.49 31.57
25.59 31.6 29.11 35.43 32.94
32.75 33.67 36.24 35.95 32.86
35.35 33.64 31.64 33.47 35.02
36.48 35.45 36.17 33.66 35.89
37.52 38.91 33.84 35.55 30.79
30.81 35.46 29.38 33.03 34.15
31.38 32.54 30.18 27.23 32.21
29.75 35.6 36.76 40.92 41.32
45.01 47.11 42.42 49.57 47.26
48.67 41.49 43.1 40.7 42.88
40.68 39.19 29.49 29.53 29.13
29.3 29.92 31.49 28.9 32.4
28.09 30.58 33.82 31 31.23
32.95 30.52 35.67 33.53 35.65
35.59 36.03 37.11 40.29 38.47
35.16 36.87 33.25 38.75 35.46
33.52 33.88 31.51 30.74 26.77
30.14 27.75 25.36 28.91 29.73
30.02 30.54 32.43 34.95 26.96
27.57 26.13 31.52 28.28 29.58
27.81 27.43 26.7 27.82 27.69
29.12 25.96 32.07 29.98 31.35
26.85 30.4 36.86 31.84 39.5
36.25 36.89 37.28 37.62 46.14
35.94 41.25 48.4 40.39 33.29
36.53 36.88 32.68 32.48 35.86
32.73 31.26 29.51 30.8 31.98
29.24 33.8 28.82 36.69 35.61
34.18 36.15 34.47 31.39 36.11
35.15 30.9 33.78 33.86 36.6
33.54 33.76 36.28 34.05 30.16
39.11 37.11 28.29 36.42 30.72
38.93 32.9 37.57 32.99 29.86
37.29 32.11 39.98 37.48 33.57
34.53 29.05 32.15 33.33 36.69
31.82 33.11 34.04 29.51 32.27
32.66 35.06 32.11 31.6 31.55
28.15 35.85 33.02 35.3 35.68
33.71 34.96 33.83 38.78 33.44
35.06 34.15 38.28 39.4 39.74
37.05 40.72 36.2 31.14 34.7
32.21 36.03 36.65 34.48 38.37
37.05 37.64 35.95 35.79 39.9
35.04 36.4 34.69 34.28 36.97
34.78 37.16 37.04 40.6 36.48
41.13 39.71 38.96 37.67 35.14
35.75 36.37 33.89 36.11 35.8
34.03 34.8 33.4 36.16 35.01
31.5 34.01 33.1 31.62 29.68
30.88 35.03 38.37 35.47 36.91
38.19 37.58 32.08 35.32 35.53
36.29 36.62 36.02 34.77 36.16
32.72 34.99 32.15 34.51 31.62
28.4 30.75 28.99 36.63 37.59
40.09 50.17 54.82 72.76 73.59
72.16 85.42 84.34 83.92 86.59
88.43 85.55 86.44 90.26 90.3
89.14 89.94 89.23 90.49 86.35
84.65 88.54 86.59 86.08 87.75
85.1 79.25 83.2 78.95 78.21
69.57 74.81 73.89 55.81 39.34
29.67 34.89 36.99 37.5 37.6
41.67 41.77 39.13 41.97 45.52
49.99 53.23 54.41 46.28 53.25
50.64 44.47 44.2 51.62 53.78
58.46 74 80.16 80.97 83.7
84.48 89.09 89.39 90.04 92.98
92.36 93.52 94.23 96.37 93.58
92.05 94.55 92.64 91.5 90.58
90.44 88.15 88.82 85.88 90.18
90.06 91.18 92.56 94.31 94.89
94.08 94.88 95.78 95.17 95.35
95.73 95.62 93.53 92.65 93.99
92.3 87.39 87.38 85.39 79.39
71.85 49.2 59.44 65.5 74.59
73.84 79.44 82.9 85.11 86.32
88.73 91.32 90.69 92.05 92.96
94.61 93.37 92.53 94.02 95.45
92.57 93.29 95.46 92.72 91.53
92.82 91.78 88.54 85.56 84.54
82.16 74.97 63.18 55.13 34.54
35.2 33.94 29.5 36.34 32.21
34.47 34.37 31.51 31.27 30.08
32.48 35.66 27.14 30.02 28.11
29.25 29.77 29.98 33.84 32.68
37.93 31.64 30.47 35.35 29.57
30.18 30.8 35.68 26.62 26.83
27.54 28.42 29.38 27.34 27.4
27.42 27.06 27.56 26.76 28.77
25.66 30.6 28.88 30.58 30.29
31.28 29.46 30.01 31.65 31.96
29.2 30.57 27.47 28.43 26.58
34.75 26.59 28.4 28.57 34.31
30.25 30.74 29.2 28.86 27.2
26.92 27.17 39.31 30.14 31.1
33.2 30.56 33.86 29.94 28.88
26.01 35.2 32.22 30.96 24.17
31.24 23.39 26.33 23.58 25.01
28.95 31.77 31.69 34.66 35.18
37.99 35.54 36.06 35.59 34.92
32.72 29.23 27.74 29.81 26.64
28.66 26.41 25.03 31.16 35.06
28.8 40.53 41.87 44.66 38.68
30.4 29.5 27.92 25.93 24.12
25.62 24.82 22.82 23.99 30.04
25.51 32.69 27.44 35.67 32.48
27.74 28.39 27.47 27.34 28.61
28.72 27.88 27 24.77 27.61
25.38 25.61 25.69 24.66 25.15
24.17 30.75 31.75 35.13 25.43
25.77 29.87 30.49 31.84 35.4
35.88 31.06 33.08 31.86 31.18
29.33 27.75 27.5 27.8 30.79
30.96 40.5 32.86 30.09 37.65
30.81 37.51 33.18 32.65 37.71
31.38 30.49 31.69 28.88 31.01
27.79 33.17 31.44 29.34 29.57
30.7 28.84 33.85 28.17 36.05
29.08 39.55 32.51 26.91 30.31
27.57 30.3 29.62 29.16 34.17
29.99 36.99 34.42 26.38 33.24
27.56 32.26 30.53 29.01 31.48
31.21 31.2 33.05 28.02 28.71
26.92 29.8 27.49 27.55 27.63
25.97 31.79 32.55 35.08 28.28
28.74 32.65 29.26 28.31 32.29
29.31 31.66 31.21 32.37 35.29
31.72 33.29 32.79 30.9 30.41
29.24 29.96 28.34 29.15 26.99
28.27 27.28 27.64 29.11 26.18
28.32 25.54 27.61 28.9 33.19
28.26 29.05 36.14 35.04 36.23
42.76 48.67 47.8 51.42 51.67
48.22 43.75 51.67 53.86 47.83
43.93 54.24 50.78 34.64 47.01
38.72 33.31 30.49 33.03 31.53
31.33 25.06 31.73 27.5 31.41
31.77 30.76 32.2 33.39 33.74
32.44 34.42 32.09 34.6 32.79
35.03 31.1 33.01 27.13 39.13
33.4 33.51 32.13 32.65 50.07
39.31 33.56 34.03 35.18 31.02
32.21 31.37 32.26 33.08 32.97
28.61 34.21 25.63 25.97 26.97
25.71 26.06 25.51 32.26 29.87
32.22 35.21 38.27 32.79 32.27
33.41 32.16 31.04 32.16 31.78
35.73 35.63 33.15 35.91 32.06
31.71 28.72 29.47 29.84 33.61
34.17 31.12 33.92 36.17 40.04
34.83 34.73 30.14 31.74 32.13
30.09 31.57 30.95 28.78 33.94
28.57 27.56 32.12 28.87 34.85
26.51 33.14 29.97 28.69 27.26
29.56 28.27 26.62 29.02 28.72
30.34 28.77 30.13 29.23 28.41
29.64 30.61 27.64 26.26 25.08
27.14 26.93 26.27 26.89 24.93
26.64 27.46 31.15 34.01 28.61
27.91 28.65 29.76 29.48 29.72
29.12 28.19 31.94 28.76 27.54
29.78 30.86 31.93 33.5 33.26
34.89 33.03 34.32 33.74 34.05
35.18 32.19 35.12 33.85 33.65
31.9 35.99 33.13 32.38 25.79
32.86 29.18 25.15 29.77 25.92
27.07 33.93 26.41 30.09 26.54
30.8 31.2 30.07 34.88 43.14
35.54 43.6 44.4 46.49 47.53
53.55 57.07 65.51 71.15 62.67
64.78 77.46 77.69 70.37 77.87
80.48 75.47 69.46 76.83 76.22
69.8 68.21 70.18 63.1 50.88
48.91 48.55 44.02 33.57 35.33
32.9 31.13 30.97 34.96 31.22
30.03 32.51 31.18 29.85 30.66
35.67 30.41 29.02 35.58 29.92
30.97 30.87 34.84 36.47 34.3
32.27 30.79 34.64 29.92 29.51
30.4 27.32 28.09 29.07 29.91
36.98 28.69 33.46 30.6 32.1
32.44 27.89 27.73 30.3 29.75
29.57 33.01 35.76 41.08 30.14
27.11 26.73 27.24 26.73 27.23
27.21 25.66 27.46 26.99 27.53
27.78 25.34 27.98 24.75 23.75
23.6 25.52 25.2 27.05 25.34
26.69 26.92 31.37 28.99 36.05
31.31 34.36 36.72 35.59 42.7
36.23 42.96 47.52 47.68 44.16
35.94 47.66 45.3 40.52 33.86
30.7 30.12 27.05 28.4 29
26.25 26.84 26.9 27.81 27.01
26.87 27.13 26.99 28.24 28.3
31.97 28.86 32.94 28.86 29.22
28.78 34.57 31.41 34.18 34.43
33.38 31.85 35.77 30.16 37.75
31.81 26.51 26.6 28.06 31.52
28.56 32.4 34.54 38.57 35.79
32.66 37.63 36.19 36.77 33.85
34.17 35.48 33.67 35.1 37.24
38.97 35.32 32.88 32.64 40.81
37.42 41.58 35.42 38.87 34.04
35.49 40.79 44.93 37.54 31.34
35.87 35.87 38.64 31.71 35.28
33.98 33.51 33.6 37.22 30.08
27.63 30.03 39.22 27.49 29.85
28.57 28.67 30.48 29.97 30.25
28.72 26.83 27.36 26.98 27.61
28.48 28.52 27.28 28.47 29.95
32.52 31.17 32.91 31.28 37.07
30.98 38.41 33 30.38 31.24
28.99 35.85 29.9 34.3 28.52
31.96 29.27 34.11 29.13 28.17
28.48 27.47 28.62 30.77 28.21
27.07 28.72 30.68 37.11 35.14
29.44 34.39 34.22 30.02 35.89
29.85 31.01 29.64 31.17 30.58
28.13 30.43 27.94 29.94 34.75
28.09 27.52 28.92 34.96 28.01
29.53 27.69 27.38 27.03 27
27.47 28.51 30.73 28.24 27.09
29.58 32.79 28.89 29.94 30.29
31.87 36.38 33.26 31.87 36.78
30.04 31.49 28.69 33.89 31.06
31.63 32.73 31.76 37.25 32.63
33.92 37.68 35.26 33.9 33.4
33.16 35.86 29.23 31.91 34.52
39.09 31.99 33.09 33.9 31.82
36.27 37.44 31.69 31.55 31.46
30.84 31.85 28.82 31.5 29.37
28.04 34.74 35.67 35.69 27.61
33.69 30.58 33.21 39.92 38.01
35.02 43.33 37.21 35.79 44.45
44.54 45.64 45.7 54.78 50.9
52.56 47.69 48.87 44.7 33.52
37.53 35.47 31.67 35.07 30.82
33.54 32.26 33.06 31.74 33.95
34.71 33.39 31.32 33.52 32.08
33.56 33.24 32.64 34.35 33.77
35.24 34.55 34.68 36.02 35.21
36.72 33.23 35.3 35.28 35.56
31.67 35.85 33.65 37.15 35.82
34.41 35.3 33 30.75
