94.08 93.2 94.32 95.32 96.52
96.3 95.39 93.61 89.33 88.79
81.32 78.38 75.51 72.12 76.98
85.46 87.21 90.98 92.6 94.73
95.49 95.64 96.08 94.85 93.85
95.75 95.41 94.8 93.78 94.66
93.86 94.18 94.74 94.95 94.32
89.84 87.45 87.46 86 89.32
91.22 89.46 87.7 86.62 86.25
84.28 89.74 91.95 90.89 90.66
92.65 87.91 87.42 86.4 90.05
94.55 95.09 95.36 95.24 95.39
95.12 94.05 93.23 89.59 87.86
85.12 82.65 77.33 79.9 82.92
84.77 90 91.9 95.12 95.61
95 95.19 93.75 94.42 91.47
90.41 90.65 91.09 93 93.99
95.86 94.68 95.81 95 92.6
90.19 84.77 78.46
