38.8 41.55 42.44 38.04 40.49
40.42 42.51 38.67 38.83 40.79
40.89 41.09 43.24 43.16 39.58
31.79 38.16 37.92 35.97 36.48
38.94 42.29 37.24 40.25 43.29
41.55 44.65 46.39 46.72 40.88
46.08 44.91 42.78 40.38 39.7
45.8 41.29 34.87 36.19 33.56
40.01 34.56 33.19 31.16 34.13
39.4 36.25 34.21 32.75 32.71
33.35 31.69 32.48 27.98 36.49
34.58 37.66 37.7 36.12 42.24
38.69 43.38 38.38 36.65 34.93
37.97 33.09 40.75 38.25 38.67
39.19 41.92 42.83 41.7 45.55
44.28 46.32 43.47 41.01 41.03
38.97 47.63 48.31 35.27 38.97
38.29 42.47 39.28 43.67 40.55
43.71 42.33 40.52 37.59 40.92
47.98 51.97 63.69 71.66 69.48
70.95 76.47 83.41 82.35 87.61
92.52 93.68 90.95 90.36 88.29
87.9 88.1 89.7 90.52 87.53
88.54 90.89 91.71 88.05 89.17
90.62 90.05 86.35 88.98 88.77
86.17 85.11 83.89 80.5 81.67
79.6 85.77 84.72 90.17 91.51
91 91.42 92.23 93.53 91.9
93.03 93.69 93.73 91.34 93.7
93.77 93.03 89.7 87.7 91.28
92.45 88.66 90.23 91.55 89.77
89.14 89.81 88.45 88.13 87.87
87.63 87.01 88.39 90.08 90.02
89.67 91.69 91.47 92.02 91.21
92.72 92.32 91.6 90.31 90.65
90.95 88.49 87.55 86.45 82.28
80.24 64.85 69.82 67.85 65.32
58.91 57.63 55.43 51.59 44.11
48.36 48.45 40.61 29.93 33.35
36.88 33.27 37.19 31.12 37.73
31.54 35.63 42.17 42.92 43.88
45.88 46.17 49.91 50.91 58.28
60.49 54.85 66.02 67.79 69.86
69.44 71.96 72.8 59.44 66.22
68.03 56.2 55.32 52.24 54.61
50.59 45.28 40.33 42.01 42.54
48.8 47.49 41.12 47.18 39.52
42.89 42.43 40.54 36.31 43.13
36.59 42.36 39.21 32.38 34.91
42.98 33.55 39.27 34.87 40.91
40.24 32.92 38.11 36.79 37.39
35.33 36.26 39.32 37.64 34.32
48.71 37.49 41.81 38.73 47.74
44.22 41.2 53.01 47.83 51.6
48.34 44.87 44.39 48.43 34.2
50.83 38.12 46.11 37.88 46.72
42.58 47.35 41.81 43.27 55.36
38.76 43.15 40.08 35.46 42.33
37.63 41.99 43.69 36.07 44.62
43.13 36.06 47.61 38.89 39.52
42.26 40.79 32.54 43.22 34.76
39.46 41.54 35.96 49.66 38.03
37.72 40.01 38.13 50.8 41.74
56.19 44.42 43.28 52.89 39.59
34.55 46.32 39.83 48.07 42.91
37.67 50.82 41.74 42.99 39.77
38.41 44.63 39.62 47.74 40.76
45.73 40.43 48.59 42.92 44.44
48.49 41.31 45.05 38.6 43.69
41.73 42.21 44.26 53.42 40.65
46.54 51.04 48.88 50.57 50.88
51.1 52.37 56.49 54.42 49.68
58.67 57.33 61.51 59.59
