88.68 91.9 91.66 92.33 91.34
91.2 90.88 88.48 86.09 87.47
85.7 86.73 89.18 87.16 90.61
89.46 90.87 91.08 88.6 89.69
89.74 88.87 86.55 91.27 88.5
90.94 88.23 88.92 88.54 87.37
90.38 90.55 88.68 87.36 87.2
90.34 91.92 92.37 92.14 90.54
86.41 80.62 64.15 53.7 45.02
41.33 40.03 30.57 34.69 34.84
41.61 38.31 36.99 49.58 47.29
46.13 50.01 48.02 52.9 53.78
55.17 50.23 54.25 56.36 72.02
81.9 88 91.6 92.29 92.61
92.23 90 91.16 92.23 89.91
87.21 85.98 87.53 83.93 83.03
84.37 83.08 79.28 77.06 75.93
72.71 65.73 63.89 64.47 69.32
69.15 75.81 73.4 67.9 61.48
56.27 51.19 35.97 37.32 40.51
36.61 37.02 32.68 34.08 31.75
38.82 35.42 38.29 39.08 35.87
37.27 31.49 33.04 33.36 25.88
31.37 32.05 32.77 33.74 33.28
30.83 39.65 34.19 32.98 36.58
33.61 34.97 33.69 34.66 42.64
43.79 46.96 61.85 74.33 72.19
76.17 78.76 76.17 77.1 79.21
82.3 75.58 77.98 74.74 71.96
62.56 49.88 44.84 38.3 38.49
34.87 34.78 34.84 34.01 33.37
36.86 36.64 40.22 42.59 38.41
53.92 38.92 40.76 45.49 45.47
42.23 44.52 46.08 48.43 49.48
44.83 50.83 49.22 46.93 53.41
58.22 69.27 74.55 83.68 82.7
85.67 88.66 89.17 91.87 92.66
93.98 93.75 93.71 93.05 94.76
95.19 95.76 93.79 94.58 94.89
94.33 93.15 94.41 95.58 95.59
94.47 95.09 94.18 93.42 93.48
93.1 92.82 92.24 92.99 94.58
94.19 94.53 93.79 92.8 92.49
92.97 93.09 93.86 93.88 93.03
93.46 93.04 94.58 95.04 94.72
94.13 95.59 95.21 96 96.18
96.85 96.25 95.7 96.9 95.3
94.85 94.98 94.97 93.68 91.55
92.03 90.72 88.36 86.26 86.75
79.04 64.68 58.41 45.45 46.83
38.56 51.36 37.64 47.61 37.08
37.06 39.85 33.46 41.74 31.09
32.04 36.55 39.8 42.1 45.36
40.21 36.31 40.14 31.77 34.8
34.35 36.01 42.23 41.85 43.9
39.35 46.25 36.8 46.89 36.49
39.63 39.43 49.82 45.07 45.71
42.16 48.27 50.59 52.84 55.72
71.37 81.71 81.62 83.09 83.49
83.98 87.21 90.36 90.82 92.36
89.3 85.44 81.67 84.36 89.89
92.52 92.53 92.39 90.91 91.37
92.15 93.02 91.03 91.63 93.25
91.15 91.12 93.35 91.75 94.07
96.05 96.59 95.99 96.99 97.35
96.97 96.51 96.56 96.55 95.92
94.44 94.79 94.47 94.03 94.06
92.13 93.53 94.47 92.39 91.92
92.42 91.48 89.81 87.49 86.13
85.01 81.05 79.82 80.43 81.05
79.15 72.74 76.18 76.29 76.31
82.43 87.27 89.78 91.65 91.87
90.95 90.68 91.17 93.11 93.77
93.31 93.44 95.5 95.52 94.44
94.15 95.48 95.5 92.45 92.36
94.05 92.45 89.53 90.61 90.11
90.69 93.44 92.89 94.61 94.69
95.88 95.85 96.12 96.25 96.86
96.34 96.67 96.96 95.27 96.17
97.47 96.54 95.1 96.5 97.01
95.21 93.01 95.69 95.04 92.79
93.95 93.1 90.49 90.54 91.2
89.5 88.19 89.78 89.21 86.62
87.24 86.19 80.45 77.5 73.06
53.24
