36.4 34.87 35.84 34.82 33.52
37.08 36.86 42.24 50.12 56.71
71.81 88.37 93.19 96.48 96.07
96.81 95.09 94.21 93.34 92.54
89.22 88.23 86.5 84.46 80.98
86.72 92.16 91.01 90.56 93.69
92.64 92.45 89.85 85.78 86.05
85.52 88.26 92.24 95.85 96.13
96.86 94.84 96.17 97.58 96.53
94.64 96.34 96.98 94.5 90.14
92.89 88.04 89.33 90.9 88.04
85.53 81.05 86.12 88.1 88.98
90.94 89.06 92.38 94.51 94.24
93.94 93.61 95.14 96.26 95.05
96.27 97.42 96.8 96.77 97.56
97.17 96.52 96.34 97.04 97.98
98.4 97.45 97.27 97.14 97.44
97.8 97.45 96.91 97.79 97.73
98.26 97.53 98.28 96.92 96.15
94.64 94.57 97.76 95.98 97.94
98.07 98.45 98.42 97.88 96.8
97.9 97.65 95.05 94.54 96.78
96.3 98.11 97.94 97.83 96.97
93.55 91.21 89.92 89.62 93.71
96.16 97.97 98.25 97.91 96.13
96.2 97.84 95.89 96.5 94.68
93.2 84.11 79 70.46 57.01
54.82 55.37 59.82 58.29 76.09
84.09 89.41 92.96 95.75 94.67
94.63 92.61 93.75 92.05 91.75
90.25 87.68 88.51 87.49 90.63
92.81 94.89 95.6 96.19 96.84
94.52 95.09 94.21 93.14 91.96
85.44 86.68 92.98 94.73 97.6
96.8 96.63 94.09 97.09 96.9
95.18 93.98 94.78 95.44 92.25
90.95 92.39 91.32 89.23 86.85
91.43 95.51 95.21 95.96 92.19
92 90.77 91.15 92.15 91.92
91.23 95.47 96.81 97.31 96.88
97.28 97.84 97.45 97.33 97.71
96.78 97.08 95.51 94.78 91.03
88.14 83.61 81.47 85.47 84.18
78.99 78.66 77.65 76.94 75.4
74.46 69.94 74.32 77.48 75.43
76.68 77.04 77.25 81.46 85.24
89.01 94.04 95.49 94.7 92.03
89.32 91.66 95.25 92.89 93.94
92.86 93.79 93.82 96.75 94.96
96.06 93.07 91.94 88.61 86.48
92.41 92.89 94.24 93.52 93.97
92.13 92.58 92.98 91.18 89.51
90.2 90.11 89.94 93.66 94.14
95.25 96.2 93.65 93.05 94.76
92.45 89.94 89.59 85.79 78.57
76.43 77.33 76.62 85.13 90.99
92.69 93.15 89.54 90.17 91.21
88.72 87.64 85.92 81.14 78.92
59.74 50.57 43.99 40.68 37.68
36.54 33.16 35.71 29.4 30.15
31.9 25.71 31.57 29.18 27.34
32.4 28.3 25.29 31.07 23.51
26.23 23.3 26.54 27.05 24.67
27.34 24.89 23.77 23.6 26.41
39.76 24.19 26.63 31.69 26.8
22.69 29.3 36.68 26.43 32.58
32.15 31.81 27.55 29.39 30.84
28.02 28.98 29.61 29.53 34.27
40.15 44.03 50.63 65.64 82.09
89.43 89.36 89.36 91.14 93.9
90.93 90.07 92.29 92.24 89.06
90.53 91.38 89.6 86.38 90.63
92.13 93.13 92.55 93.41 91.54
92.46 89.74 86.17 84.73 89.46
92.43 94.14 93.73 93.83 95.71
95.44 93.73 93.78 94.49 93.78
90.9 85.64 87.54 92.48 92.79
95.79 94.8 94.87 93.43 93.55
92.14 92.67 91.27 88.48 86.18
77.02 64.9 58.52 52.54 51.88
53.28 53.35 63.11 66.82 75.33
76.48 81.92 88.19 91.89 92.25
92.44 94.59 95.7 94.32 94.03
95.98 95.35 93.85 95.28 95.64
95.05 94.26 95.65 95.84 97.8
97.69 95.86 92.99 85.22 83.95
93.35 96.62 96.88 97.93 97.15
96.96 97.03 95.34 97.08 97.33
95.41 95.28 95.72 95.81 98.11
98.5 98.32 97.87 98.36 98.38
98.11 97.99 98.16 98.13 97.59
97.26 96.86 96.67 95.33 93.61
95.02 95.09 94.48 95.07 95.27
95.79 97.8 96.74 95.5 96.47
98.11 97.94 94.64 96.54 96.24
91.86 88.23 86.59 91.42 87.51
87.36 91.62 90.7 95.43 93.52
93.98 92.9 95.1 95.64 93.69
94.01 94.91 95.67 95.97 96.43
97.06 96.36 97.24 97.44 96.85
96.23 95.38 95.82 95.9 95.26
96.06 94.63 94.57 95.49 95.67
95.07 95.54 95.14 94.73 94.38
94.55 94.18 93.97 94.59 95.04
95.68 94.95 94.21 94.3 92.92
93.82 90.35 89.3 89.43 90.04
91.7 93.66 90.88 93.08 92.33
94.05 94.05 93.8 95.46 96.84
95.5 95.34 97.19 97.48 96.23
96.38 95.77 96.82 96.94 96.09
95.58 96.56 96.99 97.37 98.46
98.45 97.39 97.6 98.68 97.67
96.89 97.44 98.3 96.38 96.6
95.23 93.95 96.42 94.97 92.49
89.42 90.58 89.78 83.57 86.43
86.08 86.69 89.02 94.6 94.03
91.08 95.21 96.91 95.12 91.36
87.33 86.14 83.97 86.67 92.59
93.61 92.79 92.72 92.71 92.78
91.78 91.27 92.75 92.53 88.59
84.58 68.41 64.3 60.96 61.93
79.21 84.38 89.89 89.86 90.24
91.01 94.66 94.55 94.02 94.36
96.62 96.3 96.01 94.75 95.63
94.72 93.77 90.99 89.95 90.05
88.53 93.2 93.73 94.19 93.94
94.86 95.35 95.28 94.03 94.68
93.92 93.29 91.54 92.4 91.46
93.86 94.01 94.56 93.18 92.23
91.13 91.12 86.04 88.49 90.8
94.54 93.64 93.36 91.35 89.04
86.48 85 85.56 85.36 92.11
93.28 92.07 91.5 90.62 90.65
87.04 88.74 92.35 92.95 94.11
92.99 93.67 92.03 90.04 90.98
89.71 93.17 93.56 93.51 93.58
94.26 94.28 93.66 93.8 95.25
94.33 93.27 93.89 93.74 90.71
89.28 87.49 86.23 82.49 77.49
75.72 68.82 59.54 55.58 49.91
38.29 31.65 37.74 29.33 25.68
29.38
