24.85 27.2 26.92 30.41 36.81
34.69 30.42 30.24 29.15 27.84
26.11 30.65 40.23 32.16 33.4
34.92 33.6 35.44 31.78 35.51
34.74 31.75 34.49 29.48 30.62
27.8 38.51 31.58 33.76 31.85
37.17 33.04 36.83 40.43 39.4
37.75 35.73 31.46 32.2 31.23
32.54 29.98 29.1 23.58 27.03
22.75 35.66 36.15 37.61 33.87
28.81 28.93 32.84 34.38 31.74
35.56 32.62 30.22 28.29 28.7
25.81 27.22 30.83 29.67 27.5
32.34 27.13 29.04 25.61 28.31
31.91 37.52 36.68 40.36 43.29
51.06 53.54 54.82 55.65 71.82
77.13 81.5 86.08 86.97 87
90.62 91.6 90.74 90.98 91.04
90.42 87.76 86.97 82.58 82.83
75.98 79.96 72.88 64.86 45.41
44.16 40.76 44.54 39.9 31.65
34.68 32.14 26.07 29.02 32.36
27.27 27.14 30.45 26.39 26.12
26.56 26.35 26.99 24.76 26.88
24.12 28.65 25.57 23.81 28.46
22.84 27.2 37.06 24.08 27.8
22.45 25.61 26.48 25.11 29.56
30.21 28.48 37.98 39.07 41.58
45.23 44.77 49.19 55.22 50.95
56.79 62.07 78.66 89.75 92.52
93.07 95.6 96.11 97.06 97.58
98.1 98.11 98.1 98.25 98.15
97.86 97.68 98.2 96.66 96.38
91.49 89.52 90.99 90.53 93.99
93.2 94.59 95.61 95.82 94.17
95 95.56 94.06 91.99 92.73
95.21 96.38 96.17 97.2 96.96
97.37 97.86 96.7 93.06 94.62
96.99 95.05 91.54 88.23 92.27
93.65 96.13 97.05 97.65 97.5
96.82 96.58 96.6 96.47 94.19
91.45 90.68 88.46 89.66 93.68
94.13 94.62 95.09 92.49 92.83
94.11 93.03 91.57 89.55 87.96
82.35 80.52 81.15 80.83 82.39
84.81 88.3 89.3 91.71 92.13
92.39 93.84 94.07 93.92 93.3
95.26 94.46 93.08 94.23 95.49
93.92 93.64 92.94 92.76 92.08
95.86 96.04 96.66 96.44 97.13
97.93 97.96 98.22 98.34 98.07
98.66 98.72 98.57 97.77 90.32
96.01 96.31 96.73 97.65 96.66
96.93 96.32 96.86 97.26 97.69
96.94 96.98 96.55 95.23 95.44
96.11 94.51 96.06 97.7 97.31
97.34 95.19 92.76 92.27 91.16
94.44 95.04 94.96 96.24 96.1
94.36 92.23 93.16 93.65 91.85
90.1 85.76 77.97 70.48 65.59
69.62 75.54 77.56 82.7 85.32
89.33 91.71 94.38 95.87 97.5
97.61 96.42 97.58 98.1 97.17
96.69 97.63 96.96 94.14 95.36
96.28 94.7 92.7 94.47 94.12
91.26 88.98 88.4 85.99 85.28
81.7 85.98 83.17 83.11 80.79
80.85 82.64 83.52 82.13 83.54
91.32 95.98 97.66 98.26 98.37
98.27 98 97.63 96.78 95.47
97.69 97.68 96.08 94.45 92.23
87.23 88.46 86.98 85.41 83.44
82.69 81.86 68.24 62.93 66.33
68.92 78.88 86.5 91.9 92.51
91.99 93.24 95.11 96.07 97.43
97.22 97.05 97.87 97.96 97.59
97.21 97.08 96.96 96.58 98.13
98.64 98.83 98.82 98.65 97.96
98.41 97.76 98.53 98.55 98.54
97.37 97.88 98.29 97.72 96.68
96.74 96.79 95.79 94 91.07
87.48 73.64 81.39 88.31 94.29
95.39 95.66 94.26 95.37 97.28
96.73 95.23 96.76 97.9 96.8
96.85 98.23 98.45 97.81 98.41
98.46 98.14 98.02 97.78 97
96.28 94.62 95.52 95.33 97.03
95.17 94.6 96.21 96.65 94.46
93.3 90.21 91.6 94.49 94.06
90.86 93.45 95.29 95.03 97.11
96.71 97.01 97.24 97.76 98.24
98.31 98.6 98.18 97.77 97.93
97.92 97.86 96.95 98.13 97.78
97.2 97.64 98.33 97.89 97.43
97.8 98.46 98.65 98.62 98.49
98.41 97.78 97.52 97.01 97.25
97.04 95.33 96.03 96.88 96.86
96.38 96.88 97.62 97.65 97.51
98.21 98.38 97.9 98.25 98.58
98.17 96.78 96.55 93.78 94.05
93.61 94.17 93.94 93.89 93.64
95.47 94.54 93.8 92.73 92.82
91.15 90.41 91.68 91.75 92.38
89.16 89.26 89.42 89.46 89.62
90.47 91.32 89.2 92.28 92.73
94.14 95.62 96.11 95.79 96.18
95.67 97.04 97.18 96.46 97.75
98.3 97.89 97.4 98.41 98.66
98.16 98.14 98.52 98.57 98.4
98.29 98.44 98.44 98.23 97.43
97.72 97.96 97.65 97.59 97.43
98.07 97.89 97.45 90.71 71.91
58.49
