51.88 49.26 57.25 52.67 58.45
61.9 61.4 68.77 52.62 51.24
65.55 60.06 60.84 50.96 61.05
51.95 50.73 61.9 48.79 52.66
55.12 49.93 52.93 45.72 54.66
55.16 49.79 55.39 51.42 54.17
48.76 52.5 49.05 62.36 51.33
50.43 49.79 53.6 53.22 44.21
51.18 45.88 54.13 47.19 46.15
39.2 45.92 53.58 50.88 53.32
48.49 50.29 54.3 47.2 54.71
49.55 46.15 49.5 45.07 50.8
54.42 59.89 45.09 58.85 52.75
58.26 59.9 46.27 58.13 47.66
57.69 46.12 53.03 53.72 45.89
48.05 43.62 41.8 43.98 52.28
46.28 43.57 37.14 47.66 41.45
47.4 55.23 45.1 57.07 48.07
58.74 49.87 50.86 43.85 45.65
38.55 47.42 54.35 56.94 42.55
49.7 49.62 49.38 52.16 61.66
54.87 59.93 66.34 67.03 77
73.91 64.82 69.83 61.44 54.88
55.5 42.37 45.53 43.32 39.29
40.56 38.2 36.83 39.46 35.05
36.71 40.89 51.83 44.59 56.71
55.48 59.78 58.16 66.75 69.91
81.28 85.24 87.28 84.4 91.78
91.93 89.65 89.59 91.46 91.3
88.33 84.42 87.94 86.36 81.71
80.84 71.46 59.9 60.86 47.78
43.71 39.41 47.42 50.53 57.87
59.35 63 66.41 57.16 71.06
67.25 64.6 53 66.85 64.27
49.55 54.19 44.14 45.03 40.54
39.12 41.07 43.6 41.27 39.58
39.2 38.06 42.01 40.36 45.5
41.49 47.91 53.8 56.92 66.13
56.01 62.5 60.85 71.37 74.91
73.73 67.46 61.3 61.39 65.05
61.26 71.66 60.98 61.27 58.95
57.97 54.98 54.09 58.75 61.9
64.07 61.74 69.25 70.57 63.79
59.17 61.54 64.61 61.76 64.14
63.15 52.4 54.5 60.73 59.31
57.96 71.15 57.59 60.32 61.22
65.32 53.63 60.32 46.93 46.85
48.58 44.94 38.62 51.79 43.68
47 45.97 39.59 44.3 47.6
50.43 43.1 44.19 43.48 47.93
50.12 40.45 49.88 39.48 39.35
40.04 40.93 44.96 37.59 49.84
45.48 41.37 48.33 39.71 50.95
46.6 49.06 43.2 44.15 60.57
52.04 53.03 46.98 43.12 46.89
41.91 49.68 33.37 50.07 40.34
41.87 43.12 40.73 43.21 41.11
51.45 43.36 36.34 49.44 49.08
46.61 46.39 50.1 48.33 49.73
41.18 50.42 51.4 42.65 39.45
38.95 37.23 36.88 40.74 32.13
38.17 40.07 35.65 45.43 52.57
57.55 69.64 78.01 83.78 82.3
85.66 87.45 87.71 86.5 88.76
89.87 91.38 93.02 94.7 93.92
93.23 93.18 93.87 94.56 95.02
95.45 94.9 95.45 95.58 94.73
93.43 93.69 93.33 90.84 90.7
92.04 92.68 91.43 94.16 94.89
95.19 95.35 95.3 95.01 92.99
90.42 87.49 90.46 87.8 90.64
93.85 95.32 95.39 94.75 94.93
94.01 93.77 90.6 89.15 87.13
91.43 93.11 91.08 92.75 91.56
93.48 94.13 93.82 92.58 91.61
91.06 91.83 89.66 92.64 93.23
93.24 90.91 86.24 78.77 79.6
84.82 88.38 92.01 92.73 92.21
92.57 93.61 93.5 92.87 92.74
93.03 91.72 90.65 90.58 90.15
85.37 84.32 84.34 82.69 77.68
76.76 67.3 68.42 68.36 74.31
79.77 82.84 89.6 91.59 90.36
92.03 92.75 93.19 90.7 84.6
70.79 53.44 35.82
