34.5 31.44 26.92 25.36 26.91
30.62 29.2 30.48 30.73 27.21
29.83 27.11 26.38 29.31 24.71
26.35 23.32 30.3 26.5 24.21
23.78 25.35 26.56 30.81 32.14
29.06 33.19 38.59 32.41 35.28
38.7 42.75 39.22 40.14 46.35
40.78 42.65 42.39 41.6 39.66
41.08 42.98 44.55 42.7 40.28
42.1 45.44 42.01 42.95 44.81
46.87 44.18 43.68 46.35 45.82
38.28 45.93 38.26 40.77 39.97
40.6 43.01 45.96 41.31 42.33
42.13 43.02 41.86 43.5 42.11
53.98 41.71 49.38 58.52 46.5
45.62 34.31 45.2 38.46 46.62
38.75 42.31 32.59 40.06 34.25
31.06 35.33 51.06 76.43 84.96
92.25 93.38 94.69 94.58 95.64
94.77 94.86 94.9 93.83 91.27
78.62 71.87 61.62 57.71 55.77
62.27 64.87 69.4 76.14 82.96
88.07 89.27 90.57 92.19 93.62
93.34 93.43 94.13 93.19 92.49
90.69 87.44 86.4 83.68 76.58
64.35 54.08 55.83 54.77 56.57
69.33 78.55 91.07 94.83 95.13
96.71 95.12 93.07 89.54 82.96
86.15 93.21 95.3 96.75 97.05
95.81 94.62 93.09 90.03 84.74
83.76 82.18 82.5 87.58 92.57
93.77 93.35 94.82 95.98 95.95
94.85 92.62 90.31 87.87 90.61
90.54 87.9 88.34 92.08 92.65
92.73 82.11 88.51 87.19 92.08
92.39 92.67 94.37 95.09 95.42
95.39 94.43 92.31 92.79 90.89
90.62 89.3 88.2 89.57 90.8
86.33 87.24 85.34 88.94 89.77
93.18 93.88 96.31 96.72 96.38
95.2 94.25 92.39 93.44 93.56
93.45 93.56 93.63 93 93.37
94.22 92.22 90.14 92.18 91.33
86.37 87.81 86.88 84.19 81.84
81.41 75.21 71.98 75.24 67.28
61.58 59.81 62.21 56.62 42.61
42.58 47.12 39.79 40.32 33.16
39.44 35.67 44.94 39.43 45.27
38.22 47.19 37.42 42.37 50.56
46.9 53.09 56.36 56.25 51.97
