54.13 61.98 65.57 69.49 69.73
76.96 77.7 75.96 79.92 75.09
77.42 78.5 76.78 78.19 75.4
73.84 75.96 71.56 67.17 65.34
64.27 46.37 41.27 41.91 34.91
31.69 32.35 31.61 30.05 28.62
28.16 31.69 27.33 26.9 31.48
29.99 27.08 28.93 31.44 31.29
26.68 27.66 29.96 29.57 32.01
30.66 29.71 29.4 28.05 27.77
27.5 26.84 25.79 26.73 27.96
30.32 37.78 31.06 32.49 32.63
33.11 31.08 32.71 31.7 31.42
27.47 31.53 31.54 32.11 31.34
29.94 30.66 29.68 31.64 29.67
31.31 28.77 31.89 25.79 31.3
27.66 27.99 27.4 25.48 28.47
24.99 26.19 29.58 25.27 27.05
28.72 31.52 30.26 35.14 32.17
34.92 34.11 31.43 34.7 35.59
33.07 33.55 30.62 28.09 33.28
33.85 31.49 32.99 30.94 30.34
30.55 33.44 31.58 32 29.15
30.49 29.39 27.18 30.81 27.94
31.04 26.43 33.14 31.46 32.56
34.24 29.23 31.85 34.35 31.58
27.74 29.39 32.36 30.82 29.12
32.79 28.97 31.46 28.65 30.71
27.66 33.45 29.52 33.36 33.77
30.5 28.92 33.79 34.29 33.92
36.58 34.65 35.66 36.23 36.42
33.87 32.33 35.49 34.9 29.86
30.51 27.08 28.62 25.01 24.01
28.05 23 23.64 25.57 23.83
28.99 25.74 31.9 22.36 31.11
25.18 26.68 27.3 26.98 26.35
28.12 24.7 26.87 27.08 24.37
24.41 22.85 23.31 24.63 26.78
24.59 29.12 24.52 27.27 27.97
25.82 26.32 24.1 24.29 28.85
25.63 25.6 26.58 30.98 34.02
28.98 32.11 27.43 29.47 24.4
32.34 25.94 27.06 27.84 27.65
26.29 27.12 27.78 25.54 25.93
28.9 26.73 30.31 28.64 30.1
28.34 34.13 33.22 33.38 35.83
32.73 32.98 30.42 25.78 32.54
30.93 25.86 26.22 28.86 31.82
28.18 31.84 29.7 32.48 29.6
33.22 30.91 31.95 29.65 31.93
29.92 31.34 30.72 32.91 27.37
30.11 27.71 31.78 28.09 32.59
30.27 31.54 29.55 32.23 29.77
29.17 29.12 30.45 26.45 27.79
27.25 28.99 31.97 31.13 32
30.27 25.8 28.35 28.9 32.47
26.17 32.8 29.43 28.93 28.28
27.48 29.66 27.32 27.39 32.78
31.53 29.43 33.55 31.96 32.44
31.43 30.07 30.12 31.86 31.94
25.66 30.3 25.9 22.06 24.53
22.85 29.68 24.35 27.44 25.54
26.75 29.88 24.06 34.38 23.62
31.31 25.8 29.61 25 29.82
26.32 31.53 28.18 27.74 27.94
33.71 27.75 28.38 31.09 26.56
27.54 27.67 29.52 30.28 31.03
31.59 28.48 25.7 24.48 24.49
23.32 24.55 25.92 25.9 26.79
27.73 27.68 28.69 30.02 31.71
33.73 33.88 33.29 32.35 33.65
31.95 32.87 28.88 29.31 29.06
29.54 32.3 24.72 25.81 24.61
27.94 25.29 27.42 30.58 29.88
35.78 32.2 28.1 31.34 30.08
28.15 28.66 37.72 32 30.03
31.43 29.77 34.23 29.23 27.64
30.37 26.4 28.44 26.74 26.47
28.93 27.6 28.6 27.46 26.03
27.07 28.4 32.18 33.26 27.79
28.77 31.47 35.77 34.67 35.33
35.1 34.65 35.65 32.64 33.73
30.24 31.99 26.22 29.31 31.17
30.27 30.48 28.7 29.49 27.76
29.99 31.77 32.85 31.13 31.71
29.56 32.35 33.14 32.31 37.01
32.09 34.23 33.9 29.51 32.17
31.4 30.66 28.41 28.69 26.51
27.11 31.38 28.41 25.5 26.49
29.39 30.05 27.97 28.19 31.64
28.12 31.7 31.73 34.06 31.01
34.02 32.46 35.19 33.99 34.14
29.53 31.93 29.96 30.05 29.01
29.98 30.86 31.52 31.75 31.65
30.8 33.49 32.37 34.43 32.49
26.76 32.44 29.65 31.17 31.16
31.25 27.87 29.54 29.93 27.44
30.55 27.3 30.19 28.15 32.39
28.4 29.45 31.85 32.24 25.18
28.66 27.18 25.94 27.75 26.63
25.8 24.56 28.95 26.62 28.36
28.01 32.53 33.52 29.7 31.12
33.62 31.1 33.04 30.37 30.25
30.23 31.34 31.19 33.04 31.55
27.51 32.07 32.9 31.16 37.09
41.31 44.49 54.55 64.18 55.74
68.25 69.24 64.61 72.74 72.21
70.53 63.92 69.02 65.86 48.3
44.08 45.8 43.79 38.95 35.65
30.63 31.64 27.88 30.16 27.15
32.88 33.25 29.26 32.87 30.2
34.37 34.46 35.68 35.78 36.32
30.75 33.73 32.27 33.7 32.77
36.13 31.81 30.24 31.7 33.05
32.82 33.02 30.3 31.29 30.59
30.03 33.81 28.38 28.75 30.2
32.52 27.84 28.51 26.7 30.85
28.89 26.33 27.62 27.97 26.77
27.19 32.79 28.88 31.16 29.19
28.6 27.76 33.03 32.23 30.51
34.07 29.87 31.69 26.95 29.98
31.51 27.46 30.15 24.63 25.79
26.81 28.59 32.85 30.48 28.58
27.96 31.28 34.56 30.69 30.78
28.99 27.33 30.69 32.4 25.37
26.56 26.87 25.98 25.97 27.22
24.47 25.65 26.13 26.58 24.77
29.47 26.69 28.58 32.02 29.57
31.87 30.38 29.19 31.41 27.29
28.75 33.26 36.55 32.24 31.58
32.76 34.22 29.94 33.53 31.99
34.79 28.84 26.8 26.5 27.53
26.07 28.98 26.82 32.72 27.56
30.7 28.29 36.63 31.25 34.71
36.17 33.09 27.24 34.19 25.18
34.91 30.32 36.12 32.41 27.21
31.21 32.34 28.82 35.95 34.73
29.71 27.07 25.64 23.9 24.41
25.15 25.19 26.5 25.57 26.37
26.78 31.02 26.85 27.78 25.38
27.83 24.85 27.36 26.81 26.62
28.72 26.58 31.41 26.78 28.89
30.12 30.32 29.41 31.49 31.68
31.76 35.21 30.72 33.46 32.1
29.99 34.47 29.9 35.85 28.08
32.53 31.72 27.31 30.73 29.29
28 29.75 34.84 36.23 49.69
67.41 79.12 80.57 83.4 88.95
91.94 92.02 91.69 94.58 93.43
93.71 92.34 90.39 91.03 90.75
93.38 96.75 97.25 96.5 94.97
96.24 95.68 93.44 95.14 95.54
90.99 83.48 87.35 91.13 92.82
95.53 95.98 96.99 96.97 95.34
94.38 95.76 95.28 96.64 97.27
97.61 97.11 94.84 95.47 97.09
96.13 93.63 95.42 94.62 90.47
89.94 90.95 85.47 89.19 83.88
78.53 83.24 90.07 91.65 95.78
96.71 97.44 94.99 94.85 96.66
95.62 93.83 93.22 92.59 89.48
87.84 85.09 84.03 78.75 79.81
76.9 76.99 71.2 66.14 43.33
44.63 35.9 35.51 37.11 33.04
39.61 37.14 34.73 36.92 40.12
35.55 37.52 36.22 33.34 39.4
39.31 40.02 40.92 40.46 36.57
37.5 37.56 34.38 36.9 33.56
35.78 35.05 36.09 36.59 31.36
37.44 33.49 38.41 33.79 34.58
34.19 29.16 34.38 28.46 32.66
30.08 34.48 31.6 32.19 30.97
31.27 30.74 27.82 31.24 32.34
31 30.85 33.33 39.06 39.48
41.11 43.15 43.6 61.86 46.21
60.21 60.08 45.71 56.54 52.02
63.52 51.86 50.49 46.67 44.33
39.28 39.71 31.2 32.28 34.74
32.16 34.78 35.59 30.95 30.07
31.54 34.8 32.75 31.9 31.68
36.03 31.64 32.64 39.22 36.45
39.04 38.15 36.03 33.98 33.44
33.37 30.05 34.82 32.25 35.04
32 35.1 30.42 29.1 28.87
30.16 33.16 32.08 35.61 32.42
31.65 34.05 31.84 32.53 32.29
32.35 30.61 35.07 31.31 32.5
32.56 30.9 30.36 30.84 35.2
28.86 32.67 30.63 32 32.03
27.7 35.71 28.3 31.17 27.31
28.55 25.44 28.7 28.64 31.98
31.85 32.15 31.54 34.59 33.56
30.7 34.38 34.64 31.76 31.29
29.57 33.68 33.85 35.43 34.31
33.14 29.95 29.99 31.45 26.78
32.52 31.28 35.77 32.57 33.05
36.31 29.94 27.85 32.76 26.95
30.96 25.84 25.8 24.56 26.19
26.66 30.05 43.85 55.81 60.68
62 73.08 79.59 81.3 80.3
82.46 79.85 77.06 81.64 78.8
80.73 78.92 81.44 80.63 82
86.19 87.91 90.75 89.65 88.37
86.1 80.77 80.05 73.03 74.48
84.33 88.18 91 90.87 88.85
85.61 76.98 65.66 51.87 47.27
33.39 34.89 45.52 49.04 58.23
66.11 73.91 80.14 84.11 79.34
79.09 84.82 81.15 80.71 77.14
78.89 84.17 81.2 80.41 81.91
83.79 80.73 70.89 62.27 60.53
64.53 74.28 83.94 89.22 91.75
93.38 93.82 93.69 93.03 91.79
93.23 94.77 94.54 95.02 93.65
93.25 91.19 90.14 89 88.17
84.41 80.06 83.1 89.67 91.29
93.26 94.21 94.26 96.06 95.51
96.42 93.83 93.07 94.89 93.43
91.53 91.78 91.6 94.83 94.37
96.13 96.99 96.38 97.38 95.43
96.52 95.15 93.73 92.18 82.6
79.67 84.89 77.93 86.5 90.81
92.57 91.67 93.6 96.05 95.82
94.56 96.27 97.27 95.4 95.2
96.8 96.27 94.85 94.24 93.52
91.03 90.43 88.76 92.6 93.86
95.12 93.06 93.63 94.21 95.45
95.45 96.39 95.01 93.28 88.29
89.35 91 93.4 92.47 87.02
92.16 91.98 93.7 95.9 93.89
96.54 97.9 97.92 97.8 96.02
93.67 92.04 89.44 87.14 89.96
84.64 84.88 71.12 73.31 79.99
80.6 86.74 90.12 87.04 87.8
90.97 94.15 95.69 96.5 97.39
97.64 97.79 97.14 96.37 94.46
93.61 95.68 94.28 92.74 93.72
93.92 91.56 88.27 91.88 94.88
94.98 96.27 96.45 97.09 97.25
97.09 96.44 95.25 94.64 94.74
92.65 91.2 91.39 93.55 94.31
94.96 93.75 93.4 94.49 96.66
94.89 95.04 88.82 94.76 94.35
95.61 94.86 94.5 91.35 88.45
85.04 82.48 85.06 90.98 90.01
89.77 87.36 85.7 85.59 82.81
81.98 78.58 75.57 82.14 82.13
78.64 79.18 81.44 86.27 88.64
89.59 91.44 87.44 88.73 94.46
95.49 97.2 97.06 95.87 93.6
89.38 89.05 93.23 96.59 96.48
97.14 95.62 95.58 92.07 90.9
84.28 89.43 92.24 91.94 92.23
93.49 93.65 93.08 91.8 92.19
91.2 88.53 87.09 87.6 87.79
89.54 92.73 94 94.44 94.68
94.69 94.99 93.78 94.1 93.01
89.8 90.01 92.8 93.42 94.99
97.02 97.49 97.14 96.79 95.67
94.55 88.52 83.22 82.41 89.24
94.01 93.61 96.49 94.59 93.47
92.6 90.6 81.64 74.39 74.74
80.66 85.59 90.79 91.6 94.24
96.42 96.85 97.37 96.55 96.53
96.49 96.13 96.19 94.7 93.54
90.04 90 86.63 79.17 81.32
81.72 82.44 84.39 86.14 91.6
91.94 93.64 94.47 95.9 94.77
95.6 96.49 96.52 96.62 95.96
96.25 94.78 95.18 93.23 92.35
91.92 93.9 94.97 94.14 95.68
96.21 96.05 95.64 96.55 95.74
94.96 94.91 93 95.36 96.7
96.96 95.82 94.96 91.72 89.06
85.54 82.69 77.54 74.95 67.9
66 62.63 66.08 76.78 88.21
92.01 96.19 96.35 97.35 95.42
95.16 92.57 84.71 65.19 62.5
59.04 55.72 60.05 72.2 74.05
78.1 85.78 89.7 91.24 89.25
90.81 90.02 86.86 87.85 87.73
84.69 82.51 75.63 81.72 81.98
86.63 86 88.15 87.34 83.33
82.86 75.73 75.51 78.63 86.71
87.43 88.25 83.18 85.91 90.59
91.88 93.37 91.98 93.42 91.92
91.67 92.76 91.18 87.49 83.59
70.41 60.08 53.99 53.09 53.02
52.54 53.29 57.72 61.73 62.38
67.27 78.5 84.32 85.43 87.21
90.52 90.94 90.08 92.39 93.68
92.75 92.9 94.11 93.3 92.69
93.4 92.85 92.36 91.53 92.13
92.17 90.04 90.91 91.36 89.24
85.93 85.91 84.43 88.38 88.98
93.08 94.16 94.77 95.57 94.47
92.47 89.41 85.12 80.3 75.19
78.48 78.32 83.11 88.26 92.06
92.68 94.34 92.92 92.31 84.26
86.12 89.06 91.37 91.75 89.93
88.08 87.96 90.23 89.79 89.56
90.91 91.96 90.84 89.47 90.82
91.17 87.49 86.64 87.84 85.43
81.55 76.73 65.93 59.78 56.98
54.09 54.45 54.79 65.02 75.16
82.58 89.17 92.15 94.45 94.9
94.14 94.8 93.93 93.37 92.01
91.13 89.11 85.33 73.87
