33.07 38.71 39.63 45.01 39
36.54 36.92 35.51 41.14 37.7
44.54 35.78 48.29 33.33 42.77
36.37 39.12 42.12 27.54 34.9
37.68 35.88 34.78 40.77 36.1
42.23 39.03 32.47 36.27 39.3
43.68 43.75 42.35 35.09 39.83
39.98 38.15 49.34 36.99 50.93
32.06 42.47 36.01 41.3 35.99
42.99 43.86 40.51 38.35 39.04
42.65 39.46 38.14 39.35 33.1
48.62 42.86 44.89 45.02 43.83
43.3 45.51 45.81 43.69 47.58
47.59 57.43 51.64 55.09 52.87
49.06 42.56 53.56 37.68 45.78
40.39 41.48 43.25 40.02 41.61
40.85 40.59 41.52 41.31 43.73
46.9 41.31 53.49 44.63 39.64
48.7 48.91 49.25 43.69 45.39
40.56 47.93 49.11 44.48 49.2
44.75 40.53 46.01 36.82 48.06
48.82 37.69 46.27 32.96 48.94
46.13 43.88 45.7 52.94 53.09
55.25 59.91 51.59 58.79 49.35
56.28 48.95 50.22 48.48 38.13
61.83 50.53 51.23 57.01 55.4
53.68 50.93 46.67 53.28 51.05
46.41 38.76 44.33 52.09 53.89
45.86 46.44 38.75 59.44 45
51.42 54.96 44.61 49.51 51.31
55.37 47.88 44.26 39.03 40.37
42.17 39.42 39 43.77 34.24
35.59 41.64 35.77 34.55 38.54
37.69 32.78 40.76 36.29 43.69
48.51 39.38 51.88 42.82 43.11
43.46 39.46 42.58 40.94 45.44
41.02 40.19 43.23 46.44 44.16
55.82 37.15 58.88 38.88 35.95
43.71 39.25 40.26 35.73 39.98
45.73 41.93 46.52 44.81 44.82
49.19 42.82 50.48 49.51 45.55
49.35 40.55 37.16 37.91 34.76
45.69 41.96 46.06 45.62 49.04
49.97 53.26 45.78 43.44 55.33
51.98 52.66 44.57 53.74 43.44
51.95 40.27 43.51 42.12 47.63
36.73 35.65 41.77 37.34 46.73
46.86 44.87 55.8 43.82 58.84
56.13 64.71 65.46 70.71 71.66
79.35 80.8 80.99 79.97 74.08
77.04 72.51 64.36 54.32 55.67
58.06 57.88 55.81 57.93 52.47
64.18 58.37 59.22 54.96 51.9
54.74 57.82 62.2 56.24 64.6
68.94 59.72 56.91 54.85 52.79
42.08 45.58 45.03 38.04 38.92
41.87 44.59 40.91 45.59 40.39
40.07 42.25 41.98 41.62 43.55
46.33 47.08 46.45 47.43 41.37
46.45 37.83 36.75 36.41 38.19
38.82 39.05 37.28 42.69 42.37
54.6 44.8 37.3 56.6 46.18
54.64 43.69 47.75 48.13 51.83
46.93 43 44.39 44.84 43.91
49.93 55.26 38.08 48.39 51.31
40.61 48.44 46.4 43.55 46.42
43.81 50.08 38.09 43.68 43.26
46.97 41.94 39.52 40.74 39.45
41.62 36.48 39.53 34.17 36.09
37.47 40.6 37.53 37.56 40.97
34.5 38.62 41.34 38.69 40.7
38.53 40.23 40.22 36.9 36.58
36.45 41.43 31.12 43.65 31.04
39.88 33.78 35.73 38 36.49
40 41.89 44.33 46.5 41.57
39.46 41.61 47.2 52.42 55.29
42.47 45.51 40.23 40.83 41.92
40.97 44.95 40.27 37.67 40.43
30.83 34.99 37.55 35.53 38.56
38.85 46.28 43.13 40.14 50.6
53.36 51.24 55.31 58.08 58.4
63.08 68.89 64.34 62.78 60.91
71.96 55.16 62.54 61.94 55.84
63.87 53.31 59.08 59.64 50.91
59.8 57.36 46.9 43.54 39.34
44.56 37.49 34.68 39.81 40.57
34.3 38.95 44.46 41.57 33.19
40.46 39.09 39.57 35.92 35.87
46.62 43.35 38.33 42.48 36.13
38.37 35.19 44.58 35.7 37.98
41.11 34.31 38.88 37.58 33.45
35.18 37.68 42.62 41.8 48.13
41.17 40.09 44.76 39.26 39.97
43.15 46.09 42.4 48.81 43.42
47.86 38.75 46.2 48.51 42.43
47.66 42.12 42.96 34.73 52.61
41.14 40.1 42.36 37.66 38.48
44.84 44.95 41.42 36.88 36.81
38.37 36.41 38.99 42.75 37.36
38.17 36.19 40.93 32.41 40.18
32.74 39 37.14 32.03 36.85
39.53 36.57 35.54 41.04 36.42
40.6 38.36 39.73 31.91 37.31
39.86 36.47 46.47 59.85 54.5
57.95 52 51.99 49.23 44.46
42.27 40.94 47.75 38.3 41.29
40.66 34.11 35.54 36.36 37.85
32.61 40.28 44.59 40.04 46.81
42.66 48.42 42.67 40.78 44.64
47.96 45.82 40.1 40.86 40.43
46.61 46.13 38.32 51.67 48.68
52.36 45.88 52.04 57.81 56.47
70.84 79.96 87.83 92.12 94.01
94.71 94.83 96.21 96.8 97.16
98.05 97.51 97.72 97.84
