45.79 45.41 44.25 44.23 53.98
50.33 56.41 51.07 52.52 57.77
56.38 55.81 57.43 57.75 61.51
58.68 63.18 64.35 64.58 60.98
60.83 56.58 56.81 50.9 45
42.72 43.67 41.98 51.49 61.91
78.04 88.81 92.9 95.54 97.43
98.06 97.86 96.52 93.63 91.93
90.25 87.2 86.21 84.61 86.89
91.3 94.78 93.94 94.45 96.17
96.67 96.04 95.36 93.29 89.85
89.65 93.5 95.47 97.02 96.26
96.83 98.16 97.8 97.03 95.02
89.87 80 67.62 64.79 61.73
54.83 43.06 50.99 49.75 48.91
54.67 60.78 77.13 90.55 92.27
95.19 97.71 97.95 98.12 97.1
95.86 93.93 87.42 78.28 71.26
72.73 71.2 67.12 79.82 87.98
93.73 96.58 96.55 95.48 94.8
93.77 92.3 88.15 85.1 82.17
87.41 91.22 95.1 95.58 95.78
95.5 96.8 95.87 95.66 93.24
89.79 88.02 94.66 95.46 97.94
98.05 98.58 98.74 98.32 96.8
95.04 90.9 86.3 73 65.46
59.74 51.2 46.79 47.04 51.38
54.72 63.44 82.98 91.57 91.57
94.6 97.39 98.34 98.69 98.63
97.77 96.45 95.46 97.02 97.75
98.33 98.37 98.29 97.19 94.71
92.76 88.84 89.67 86.44 89.22
93.09 95.89 94.66 96.88 98.37
98.45 97.93 96.49 97.23 93.33
91.98 95.88 97.59 96.67 97.46
98 97.72 96.82 94.8 89.14
81.6 70.21 65.31 59.35 58.8
51.22 48.18 52.95 56.6 67.38
80.46 92 92.04 94.89 97.29
98.07 98.25 97.98 97.48 93.71
86.39 75.02
