43.34 37.48 44.3 40.65 42.18
38.94 43.92 42.7 42.78 44.38
45.56 54.59 58.73 58.57 67.81
78.89 80.02 84.15 87.69 87.4
89.15 88.82 88.08 86.37 87.08
85.99 83.23 83.68 78.1 76.99
70.16 70.2 69.3 66.78 63.01
63.03 56.89 67.94 71.5 71.93
79.39 73.55 77.1 81.1 83.93
85.78 85.33 91.21 91.46 88.38
88.99 89.26 91.04 87.1 89.1
89.46 88.83 86.54 87.73 90.51
87.38 85.73 88.44 86.67 84.57
84.59 86.06 83.04 82.22 83.67
86.22 87.62 86.92 85.96 86.49
87.21 92.53 95.38 95.67 96.33
96.25 95.46 93.42 89.7 89.71
87.62 90.3 92.51 95.08 95.46
95.55 92.98 92.32 89.56 85.77
86.44 88.21 91.21 92.84 90.4
91.57 92.44 93.3 92.86 92.53
91.07 88.76 88.63 92.08 94.66
95.02 95.52 95.02 95.59 95.3
95.95 95.97 96.16 95.96 95.42
94.5 92.22 90.53 90.37 92.09
95.04 95.05 95.88 95.9 94.4
91.36 90.75 94.2 92.97 94.05
91.45 91.61 92.28 93.61 94.43
94.16 93.08 92.66 93.07 92.6
86.7 78.18 76.77 79.75 89.76
92.78 93.45 93.34 95.04 95.75
95.17 96.33 96.59 95.22 94.84
95.53 94.02 92.25 92.26 92.62
95.4 95.22 95.96 94.09 94.19
93.77 89.29 85.53 81.91 81.67
81.58 76.94 76.92 72.25 76.66
81.68 77.27 78.2 82.42 77.09
74.36 65.91 56.07 52.17 52.67
48.04 43.39 46.03 45.31 42.59
39.08 38.71 38.71 35.13 34.77
33.83 30.8 32.81 34.97 29.58
26.13 43.22 23.49 31.32 27.42
23.95 32 20.58 20.03 25.55
19.28 28.05 21.38 22.75 20.13
27.05 19.94 26.16 20.95 23.27
21.87 22.72 23.28 24.46 20.75
30.26 29.41 26.84 24.59 24.26
26.3 35.46 29 20.74 20.68
32.62 21.85 22.43 20.15 26.3
22.54 19.57 23.21 21.2 38.51
22.57 20.92 20.46 31.22 20.99
23.38 33.09 24.5 24.58 22.27
20.6 23.39 23.77 26.78 22.22
39.68 23.77 34.02 19.04 31.54
22.57 27.52 22.67 25.8 29.77
23.96 28.42 25 22.99 25.63
28.16 27.67 27.36 28.89 30.82
30.22 34.48 33.99 35.94 38
43.43 44.17 48.19 60.72 67.47
75.04 75.01 73.19 75.05 73.66
74.66 71.42 75.37 72.3 73.88
72.69 68.25 65.51 72.09 63.84
61.93 70.2 73.35 77.25 78.34
80.67 79.95 80.83 81.03 79.45
81.86 82.22 82.56 82.53 80.41
83.36 83.1 81.96 79.15 81.28
84.25 81.59 82.94 80.65 78.88
80.19 78.14 72.57 71.94 78.34
74.96 73.78 66.63 72.58 68.95
76.35 78.33 79.24 85.69 85.88
84.41 86.03 83.34 87.09 80.3
77.89 81.46 80.03 76.78 74.73
73 71.03 63.58 67.11 72.42
74.32 76.76 78.32 82.29 86.81
85.97 87.37 83.68 85.59 86.86
84.22 86.38 85.87 89.16 88.72
89.29 89.06 91.74 90.54 88.1
86.38 88.28 85.77 79.75 78.28
77.49 69.47 63.37 62.63 61.98
63.34 67.59 67.93 74.71 71.66
75.47 75.06 79.77 83.88 84.85
82.97 82.96 81.89 81.46 77.92
73.07 73.86 73.52 75.31 77.58
82.67 84.37 83.79 83.44 85.7
85.1 83.12 82.59 85.07 81.34
80.75 80.26 77.64 80.72 81.56
84.94 83.18 74.6 79.19 74.47
72.92 72.03 74.68 75.38 70.25
64.6 63.67 59.34 70.08 82.44
89.16 91.95 94.31 94.83 96.79
96.26 96.4 95.53 94.07 90.24
89.37 83.04 83.43 83.01 85.88
89.24 89.95 89.06 86.46 86.29
86.5 88.12 89.97 93.93 94.61
95.71 95.91 96.43 95.77 95.4
93.71 93.51 91.28 91.11 91.44
91.12 89.63 90.86 89.22 87.44
88 90.06 90.62 89.62 89.67
91.49 90.99 87.97 88.91 90.65
86.26 86.21 91.9 93.5 94.52
96.38 95.83 96.57 95.75 94.73
91.56 85.01 80.95 88.25 93.7
94.51 95.73 94.45 92.56 88.75
84.3 82.47 78.86 78.9 79.69
80.42 75.88 76.48 70.41 64.84
47.67
