49.86 53.13 55.95 57.4 57.17
61.15 60.17 59.35 61.9 62.09
63.34 72.64 75.12 79.25 86.53
87.78 87.66 88.49 87.68 88.42
87.82 88.21 86.37 86.25 82.15
75.11 69.39 62.84 54.18 51.44
46.92 58.11 78.12 91.91 94.06
97.41 97.46 98.06 97.98 97.32
96.21 95.43 95.74 95.79 96.28
96.08 96.35 97.86 98.15 98.57
98.53 98.11 97.19 95.37 93.21
93.6 90.87 90.17 91.08 93.97
95.73 96.98 97.39 97.71 98.48
98.19 97.42 95.76 93.06 92.91
93.77 93.89 94.44 96.21 97.08
98.18 98.26 98.38 98.09 98.08
97.29 93.73 92.47 94.86 94.36
95.17 96.91 97.85 97.04 97.02
97.06 95.58 96.14 95.24 91.42
93.55 95.86 96.83 97.95 97.59
97.66 96.77 95.1 94.23 96.16
97.87 98.18 98.5 98.24 97.95
96.66 96.67 96.23 95.64 95.14
96.14 96.52 96.63 97.59 98.07
97.52 97.92 96.56 96.58 96.03
93.19 91.08 88.5 86.95 90.91
92.93 93.52 95.12 95.73 96.4
97.23 97.6 97.71 97.26 96.93
94.67 90.24 74.49 66.98 51.51
52.23 46.5 44.05 40.98 41.74
49.06 51.8 49.38 57.89 55.58
58.57 61.89 61.26 59.98 61.32
60.69 61.89 61.84 61.46 59.92
65.91 65.2 67.73 69.01 73.77
79.44 83.15 83.76 85.33 84.73
88.73 89.71 90.83 89.6 89.06
90.41 88.48 85.03 79.3 71.12
62.65 61.73 60.88 57.27 53.89
49.74 48.97 53.11 48.18 48.07
48.4 39.27 38.9 39.98 40.43
45.43 42.19 45.73 44.31 43.77
41.79 41.56 42.27 46.43 46.38
55.09 54.4 51.96 48.2 47.74
51.25 49.54 52.75 45.38 52
42.11 43.42 41.25 40.36 42.13
39.75 40.7 39.27 36.96 36.11
39.99 39.96 41.33 41.48 42.26
38.74 47.17 48.76 52.39 55.5
50.73 52.08 49.99 59.25 46.97
45.85 49.65 49.94 51.35 43.56
47.28 44.6 45.88 38.12 40.36
40.54 37.49 34.51 35.82 36.75
40.31 38.03 33.65 44.3 43.82
44.59 38.8 41.73 45.67 38.45
33.2 39.92 30.44 32.46 33.24
39.33 41.75 40.47 44.82 46.44
46.63 47.35 50.55 54.19 58.32
58.29 51.76 56.9 55.1 51.61
56.94 47.32 46.68 48.58 45.78
51.3 59.37 54.26 47.67 57.41
