40.23 42.77 46.12 51.28 64.64
69.42 71.09 72.35 71.82 74.91
75.01 77.53 79.58 77.91 80.7
81.84 78.75 79.8 78.92 80.55
76.35 74.49 74.97 71.47 65.5
68.75 68.29 59.17 52.06 46.61
47.63 37.27 34.42 39.15 35.33
37.13 32.27 34.94 31.63 29.64
33.01 30.29 26.84 29.96 33.67
34.23 34.24 35.78 34.96 37.09
31.82 38.89 29.23 28.42 25.8
30.13 26.67 30.09 26.49 28.4
29.44 29.21 27.34 27.85 27.03
28.4 24.87 26.02 26.95 24.62
25.64 26.69 24.98 29.37 26.06
26.97 26.89 27.42 29.11 31.58
36.65 42.46 41.62 47.51 49.74
45.95 48.61 51.6 46.67 43.16
43.26 43.47 39.04 36.47 38.24
35.88 29.85 30.43 32.01 29.01
33.2 30.5 35.44 35.87 36.27
40.58 41.41 39.68 45.68 56.19
69.54 81.06 91.53 94.49 97.16
97.46 97.5 97.71 97.41 97.34
97.7 98.32 97.72 97.18 98.19
98.36 98.46 98.19 96.46 95.72
97.92 97.24 84.99 97.61 98.36
98.08 95.87 92.63 93.44 93.27
95.62 96.46 97.76 97.58 97.9
96.69 92.9 95.35 97.51 97.57
97.77 96.96 98 98.07 98.38
98.29 97.74 97.07 92.81 96.61
97.88 98.06 96.85 97.81 98.32
98.29 97.58 97.86 97.86 97.78
97 96.25 96.99 97.26 97.99
98.44 98.7 98.62 98.61 98.8
98.63 98.45 98.83 98.68 98.76
98.67 98.67 98.35 98.37 98.02
98.3 98.1 98.04 97.3 97.79
98.02 98.57 98.49 98.64 98.76
98.77 98.72 98.04 98.06 98.18
98.69 98.75 98.88 98.93 98.95
98.94 98.92 98.92 98.7 98.53
97.54 97.27 98.26 98.08 98.82
98.86 98.82 98.88 98.86 98.86
98.93 98.91 98.86 98.89 98.91
98.81 98.54 98.71 98.85 98.61
98.43 98.44 98.83 98.87 98.83
98.81 98.92 98.93 98.93 98.86
98.78 98.07 97.22 97.32 95.75
96.85 98.32 98.32 98.65 97.79
97.36 98.53 98.68 98.26 98.61
98.7 98.49 98.36 98.45 98.66
97.98 97.49 98.65 98.81 98.5
98.74 98.73 98.56 98.21 96.88
95.28 95.11 95.76 94.42 94.86
96.28 97.77 98.35 98.44 98.46
98.74 98.67 98.61 98.57 98.6
98.45 96.42 98.2 98.55 98.78
98.92 98.95 98.95 98.9 98.84
98 98.62 98.71 98.88 98.93
98.92 98.81 98.62 98.66 98.89
98.94 98.85 98.89 98.92 98.94
98.87 98.86 98.89 98.71 98.47
98.72 98.74 98.85 98.93 98.93
98.95 98.92 98.88 98.62 98.56
98.38 98.36 98.78 98.54 98.15
98.31 98.52 98.73 98.55 98.82
98.05 97.29 93.81 89.91 84.9
89.77 95.65 94.96 93.87 94.66
98.28 98.05 98.45 98.37 98.38
98.48 96.48 97.55 96.22 97.32
95.72 96.6 96.2 97.47 97.24
98.36 98.41 98.12 98.05 98.02
98.35 98.16 98.12 97.68 97.92
97.17 97.48 97.35 98.48 98.18
98.8 98.82 98.88 98.88 98.82
98.71 98.49 95.61 90.83 89.47
98.23 98.88 98.95 98.89 98.88
98.78 98.65 98.8 98.71 98.65
98.51 98.55 98.02 98.14 98.52
98.46 97.7 96.52 96.33 94.17
91.76 91.65 91.56 94.65 98.09
98.09 98.74 98.8 98.74 98.87
98.85 98.73 98.85 98.84 98.86
98.63 97.96 98.65 98.91 98.94
98.94 98.86 98.89 98.69 98.79
98.92 98.83 98.91 98.68 98.78
98.6 95.29 94.44 95.87 92.45
90.28 93.59 87.74 84.16 77.65
78.7 80.17 82.89 80.43 82.31
77.47 74.21 74.83 80.22 90.37
92.04 92.41 94.88 97.15 97.95
97.75 98.27 98.77 98.69 98.57
98.77 98.85 98.78 98.62 98.38
98.65 98.38 98.02 98.12 98.1
97.48 96.72 96.19 94.73 95.09
91.39 93.06 91.51 88.39 89.83
91.21 93.38 94.27 97.27 98.3
98.51 97.84 98.21 98.37 97.83
98.16 98.25 97.52 97.1 97.39
97.19 98.45 98.62 98.79 98.83
98.76 98.82 98.88 98.77 98.54
98.39 98.65 98.6 98.54 98.28
98.04 97.09 95.44 94.15 95.55
95.46 96.46 96.16 96.55 97.23
97.47 97.51 97.56 97.6 97.28
97.71 98.63 98.5 98.35 97.75
95.93 97.12 96.81 98.22 98.37
98.58 97.75 96.99 95.63 93.49
95.2 93.6 93.78 93.92 95.03
96.78 97.33 97.51 98.03 96.24
97.15 97.09 94.83 93.37 89.98
90.44 90.44 95.51 97.04 96.62
98.08 98.04 98.28 96.12 96.96
96.79 98.17 98.18 98.33 98.07
96.34 92.01 91.64 96.26 97.64
97.81 97.46 96.55 91.26 82.94
78.62 78.27 91.87 96.49 97.67
96.91 97.35 96.56 93.79 91.69
91.85 90.76 92.48 95.45 96.26
97.41 97.35 98.39 97.77 98.38
97.78 96.63 96.04 96.69 98.02
98.45 98.65 98.25 98.02 97.3
95.52 95.29 95.96 97.37 98.23
98.5 98.25 97.93 96.37 91.58
90.78 92.85 95.72 95.24 97.87
97.72 97.99 97.14 97.7 97.83
97.94 94.71 95.86 97.22 96.92
98.03 98.39 98.54 98.66 98.03
98.03 96.59 95.18 88.6 77.91
64.56 52.47
