39.45 35.6 45.99 38.52 44.09
43.96 43.5 43.14 47.73 52.37
45.98 48.75 49.51 48.96 57.56
56.09 49.16 57.33 56.68 54.07
50.96 63.53 64.69 43.75 50.62
54.44 40.78 46.16 55.89 58.11
48.57 54.78 58.34 40.38 42.49
53.93 49.16 48.99 55.61 54.78
49.95 45.92 51.16 54.58 58.99
51.05 50.56 57.19 49.51 52.08
51.9 55.24 52.23 46.78 46.62
49.06 46.18 39.09 52.13 41.43
51.54 47.47 38.36 52.32 56.21
52.85 54.54 66.41 58.81 51.36
53.05 63.81 51.56 54.79 52.07
50.12 50.41 61.98 62.81 66.71
72.32 66.23 71.17 75.12 75.16
74.77 81.78 77.55 76.56 80.78
82.79 82.1 85.82 88.47 85.13
88.28 88.01 89.5 88 84.81
86.86 90.38 87.31 89.38 90.16
88.86 89.58 89.36 89.51 90.29
89.27 90.4 90.62 89.6 89.59
91.55 91.39 90.24 91.12 91.47
91.46 91.29 91.64 90.89 90.88
90.91 88.48 87.83 86.77 82.21
77.54 67.24 56.93 55.49 48.59
52.07 47.44 54.64 57.02 54.79
64.44 70.2 76.41 77.07 80.48
84.02 85.35 85.33 87.12 88.87
90.16 89.38 90.64 90.96 90.59
89.45 89.61 90.47 89.24 86.93
86.96 87.58 83.11 68.29 55.11
42.16 36.93 36.67 39.09 38.51
44.3 44.5 38.88 43.53 39.12
45.32 41.52 35.74 38.42 37.83
42.39 35.05 38.15 33.48 34.56
36.31 36.73 37.32 36.58 35.84
40.58 38.75 36.98 39.82 41.77
35.73 43.38 38.46 39.59 39.83
35.13 37.73 39.1 35.92 40.65
34.85 34.26 33.98 39.61 37.79
30.7 38.13 33.52 39.6 36.83
36.31 37.26 35.59 36.16 33.74
34.39 33.13 38.21 30.54 37.98
30.31 32.41 30.24 32.34 29.85
33.01 39.03 36.86 40.58 38.06
33.39 35.42 34.68 31.12 31.87
35.67 34.67 37.23 37.53 36.38
41.27 40.5 41.79 41.06 35.7
38.89 35.84 33.13 36.34 34.06
36.07 35.66 37.34 39.17 40.56
43.06 36.55 43.23 39.35 38.25
38.88 32.98 36.87 32.04 37.48
30.61 36.03 31.93 38.9 34.52
31.68 38.55 39.1 39.06 44.04
49.35 42.87 46.26 47.9 49.84
53.38 57.68 53.73 55 57.07
58.11 55.01 66.97 68.32 48.4
42.4 61.1 43.73 53.65 63.87
63.96 53.63 58.63 64.52 40.77
44.64 56.28 51.12 49.94 54.33
56.22 57.08 41.06 47.93 58.55
56.54 49.75 50.31 54.14 46.61
53.11 53.11 53.25 56.85 48.84
39.27 48.91 44.24 36.02 45.3
38.7 49.91 45.9 33.83 52.41
58.44 51.28 51.67 67.36 57.09
44.69 49.7 66.81 49.98 53.77
50.96 51.64 50.04 63.14 62.16
66.17 72.01 66.43 70.06 74.62
73.84 72.92 81.96 76.33 76.1
79.13 82.88 81.58 86.08 87.42
84.27 88.13 87.14 88.74 87.72
83.85 85.74 89.89 86.8 88.16
90.02 88.73 89.39 88.96 89.34
90.47 89.17 90.76 90.4 89.23
88.89 91.38 90.42 89.49 91.1
91.96 91.18 90.82 91.14 91.05
90.45 90.22 88.17 87.49 86.14
81.36 75.31 68.04 54.87 55.48
49.69 53.67 50.24 52.16 56.52
53.92 64.83 70.01 76.66 76.53
79.83 83.63 85.45 85.38 86.78
89.2 90.3 89.57 91.09 92.03
91.67 90.01 89.46 90.88 90.04
87.38 87.5 87.48 81.82 68.29
53.81 43.75 34.44 34.64 35.8
36.35 36.35 42.26 40.76 41.66
39.13 42.32 42.9 44.22 41.2
43.79 43 44.42 45.79 43.44
38.7 40.78 32.5 32.71 33.87
33.28 30.05 33.01 33.56 34.42
33.69 41.44 41.43 37.9 37.8
40.2 36.66 35.45 39.42 31.43
41.51 31.72 34.29 33.02 33.51
37.37 30.01 41.6 32.37 42.08
35.97 40.07 38.41 40.59 34.02
44.75 39.06 34.75 42.65 37.69
40.58 39.31 40.8 39.05 37.76
32.93 34.72 47.68 41.33 40.85
40.57 41.71 39.11 38.12 36.09
37 40.57 34.16 36.52 33.13
37.22 30.89 39.82 39.82 34.11
33.58 36.58 35.14 37.61 39.61
37.88 40.13 39.8 34.48 37.49
36.16 46.02 38.44 42.08 42.7
40.49 42.74 37.93 37.71 41.24
36.34 40.62 36.56 33.64 41.98
35.86 31 36.88 34.9 32.5
39.15 35.05 38.01 33.5 38.75
33.93 39.5 32.82 35.05 31.32
42.37 34.34 38 38.73 32.52
54.71 31.89 34.81 31.23 33.74
33.33 31.31 33.01 33.09 34.21
33.41 37.14 34.81 34.06 35.17
35.08 33.8 32.54 40.12 32.31
30.3 37.85 34.27 40.62 42.85
39.88 46.28 36.4 35.74 41.03
41.38 46.48 41.44 46.38 40.17
46.05 38.86 41.9 38.51 44.88
40.96 44.64 49.83 45.3 39.05
34.33 38.64 32.76 38.7 37.15
32.9 38.96 30.64 35.82 31.61
36.99 33.76 33.18 36.85 35.79
36.92 36.94 29.7 44.16 36.21
35.92 33.63 34.73 32.46 32.14
30.16 32.63 31.34 34.7 32.04
37.31 29.28 35.67 34.17 24.33
33.56 32.89 30.76 33.21 31.85
28.75 28.66 27.05 31.24 31.53
24.8 29.76 27.11 31.19 24.58
26.37 30.77 26.03 31.2 29.24
33.07 29.08 27.38 29.41 26.29
33.22 27.18 34.59 27.16 30.04
37.6 31.75 40.69 40.21 31.49
36.82 34.98 39.8 38.18 34.9
37.55 35.57 38.17 42.59 35.15
37.67 39.05 31.05 35.23 30.38
33.71 31.46 30.59 35.06 31.38
36.59 37.75 33.98 41.52 32.23
30.35 28.34 31.31 32.32 28.37
31.25 30.72 32.02 31.03 33.52
33.69 28.24 29.84 29.99 31.22
27.87 32.54 33.63 32.43 34.16
29.15 32.47 27.16 29.68 28.08
28.26 26.53 26.18 29.4 25.63
27.75 27.34 27.51 30.7 30.53
29.21 31.22 27.36 30.82 27.25
27.79 30.58 29.14 32.55 31.57
33.49 36.84 34.86 34.88 35.25
29.88 34.01 29.72 31.48 29.73
33.88 32.52 38.52 38.67 37.75
28.62 35.66 27.12 31.51 29.93
28.34 33.13 25.19 29.18 28.92
29.91 31.63 32.02 33.4 32.76
30.55 28.81 34.46 31.17 35.64
35.35 37.73 38.41 42.88 45.14
44.24 47.65 48.49 49.72 46.19
51.16 53.58 42.05 45.49 48.14
51.09 47.84 40.19 47.53 47.33
49.46 43.72 53.89 49.5 55.19
61.71 61.05 60.28 68.07 65.37
57.65 67.6 67.9 64.81 61.51
68.96 67.6 63.64 64.86 68.93
64.9 61.68 65.27 60.57 46.94
51.26 46.23 52.39 50.55 50.75
52 53.15 54.82 58.53 58.18
57.18 62.06 65.02 58.52 57.63
56.12 54.26 50.08 53.68 53.21
47.06 48.09 43.09 41.27 42.52
43.98 46.85 41.93 43.27 44.97
41.6 41.81 43.47 48.89 46.25
