94.66 93.99 91.6 76.29 66.91
52.86 48.76 37.58 34.85 29.64
32.46 37.2 33.25 34.92 35.96
35.34 36.81 39.75 39.95 38.87
41.64 39.66 40.54 44.66 47.84
44.65 40.89 44.69 36.44 34.77
39.23 40.23 42.07 41.3 38.93
47.47 58.87 67.29 83.73 84.97
87.53 92.15 93.24 92.5 93.75
94.56 96.18 96.67 96.24 97.46
97.96 97.44 98.08 98.5 97.7
97.87 95.89 95.54 94.75 97.25
97.64 98.51 97.86 97.68 98.01
97.69 98.19 97.96 97.53 97.3
96.89 96.24 93.99 94.03 95.21
95.91 95.78 96.33 94.21 95.09
93.13 96.85 96.65 97.86 97.44
97.61 98.55 98.67 98.32 98.49
98.63
