38 38.23 39.6 44.53 34.27
39.51 32.3 34.91 36.03 29.73
33.41 30.17 27.19 32.46 29.57
38.13 34.07 33.59 35.94 33.81
39.53 44.22 41.69 34.83 41.8
34.49 39.67 33.27 39 36.4
35.66 41.36 34.43 32.19 35.73
38.76 39.65 48.94 55.33 62.47
73.69 79.82 80.93 85.33 82.31
84.07 86.4 88.86 85.38 86.67
84.17 88.42 84.83 80.68 82.15
82.91 78.04 71.58 73.42 68.07
72.91 69.37 74.34 74.62 79.04
82.16 82.14 83.92 82.15 86.66
86 84.6 86.53 84.55 84.14
83.59 87 88.02 83.53 82.27
84.88 81.16 78.6 71.47 74.28
69.96 65.33 61.64 61.62 59.08
52.23 53.53 57.36 61.77 61.79
69.04 70.1 82.4 89.12 89.61
90.58 93.8 93.27 91.49 91.79
92.6 91.39 88.58 88.79 86.31
83.95 76.83 67.39 58.29 57.3
61.42 63.47 67.95 73.8 77.25
82.77 82.97 82.17 86.37 87.28
88.51 90.25 91.85 92.73 94.07
93.06 93.05 94.56 93.64 91.02
90.51 91.02 87.49 84.99 83.53
76.7 79.3 82.14 88.96 88.07
87.16 90.12 93.38 91.69 92.39
93.06 93.34 93.99 94.38 94.16
94.62 95.78 95.59 93.77 94.78
95.09 92.83 91.36 89.96 89.27
87.03 86.89 89.61 90.92 89.59
90.44 91.77 93.16 94.94 95.18
95.52 96.9 96.93 95.46 96.19
96 94.16 93 93.11 92.52
89.69 83.69 82.33 85.19 89.49
90.59 89.93 92.03 93.75 92.48
92.74 90.62 87.9 88.73 95.98
96.69 96.3 97.09 97.41 97.19
96.35 96.34 95.48 92.9 92.38
89.05 90.15 90.01 92.22 94.85
94.99 94.74 95.43 97.43 97.19
95.56 96.5 97.55 95.87 94.26
95.33 94.59 91.1 89.16 85.65
85.2 90.93 92.82 91.31 92.89
95.59 93.93 92.77 95.07 95.45
92.32 93.47 95.38 94.4 93.26
93.92 93.76 93.85 90.98 89.58
90.44 92.52 95.12 94.69 92.34
93.84 94 92.1 90.28 91.94
90.09 85 71.35 59.23 62.83
60.59 64.15 57.41 63.72 81.82
88.54 90 92.46 92.98 93.8
94.96 96.1 95.92 95.4 97.24
97.02 95.53 95.52 95.34 94.54
92.17 91.4 88.81 88.22 88.25
87.53 83.86 89.68 91.02 91.27
92.98 94.11 92.5 92.07 93.28
94.1 91.29 92.12 95.28 92.24
90.29 93.7 93.2 95.09 91.44
91.98 92.9 92.88 90.94 89.96
90.9 90.02 86.85 84.65 83.31
89.13 90.92 91.67 92.84 92.11
91.89 94.61 94.22 92.16 92.46
93.98 93.05 90.12 91.66 92.21
90.56 89.17 91.14 90.17 90.24
89.92 90.25 90.64 90.01 88.6
87.09 86.99 84.9 83.05 86.6
85.52 84.97 83.51 84.25 90.19
90.8 91.89 91.45 91.37 93.22
91.5 91.45 92.28 93 91.17
89.08 92.17 91.92 91.77 92.73
89.95 90.56 93.56 93.67 92.17
92.7 93.14 94.11 93.33 93.33
93.41 92.91 91.69 89.96 88.29
87.01 82.72 80.23 72.19 62.08
57.08 57.93 64.75 78.53 80.8
83.62 85.49 87.49 85.03 87.61
89.82 87.89 88.31 90.08 90.37
89.26 88.55 89.34 89.43 89.34
87.82 82.1 77.77 79.26 77.67
81.43 83.87 85.02 83.55 71.81
63.87 64.62 74.56 66.31 72.5
82.41 83.66 84.69 83.65 84.73
85.83 83 82.74 81.4 82.11
78.38 75.1 78.02 75.16 75.88
71.5 79.82 75.63 75.39 79.94
83.87 79.37 83.03 85.46 85.46
83.14 85.71 87.86 86.67 86.4
86.81 87.73 85.44 88.42 87.43
87.28 83.72 86.82 87.45 84.22
84.96 85.27 83.2 79.31 84.21
84.64 82.8 83.07 85.23 83.93
81.07 84.39 84.93 80.85 81.72
84.01 81.31 80.66 82.95 83.87
81.88 81.69 82.27 81.34 79.59
80.99 81.85 78.42 77.97 80.4
80.35 77.05 78.45 79.05 74.58
76.1 76.92 72.99 71.52 69.95
69.04 62.81 64.62 61.99 58.78
54.29 56 51.78 39.84 39.54
39.52 40.75 46.06 44.66 42.85
44.79 47.92 52.83 54.44 51.6
44.34 49.86 51.35 45.56 42.25
42.74 40.06 39.92 39.82 41.16
40.98 37.63 41.4 41.31 37.69
61.61 54.01 49.83 65.41 59.65
46.91 47.15 47.9 41.69 43.36
36.58 40.89 56.49 60.61 65.28
65.45 62.78 65.5 58.98 46.04
51.98 50.04 38.38 42.57 47.36
46.64 45.64 43.96 46.99 37.29
40.05 41.34 43.63 33.18 36.66
34.68 42.6 36.07 42.73 38.62
41.97 44.22 39.75 41.17 47.31
44.67 46.91 39.6 44.9 41.48
53.71 53.75 55.62 57.38 58.06
66.57 69.33 80.6 83.14 82.7
83.74 83.22 80.35 80.03 85.66
80.78 80.03 84.43 75.28 85.14
82.53 84.88 85.04 84.02 84.28
85.55 88.25 85.44 88.14 85.93
90.63 89.61 90.16 84.23 85.95
87.22 84.79 85.74 83.92 85.39
86.17 86.62 85.46 89.09 86.09
89.42 88.66 87.01 88.87 87.99
88.19 85.36 85.69 87.39 84.95
80.85 82.12 69.31 63.13 55.82
51.87 39.85 44.15 33.8 33.71
40.86 42.84 46.47 49.44 43.9
41.68 51.62 40.51 39.07 47.24
45.13 57.42 64.76 81.35 85.7
88.84 87 88.94 87.64 85.89
89.71 90.22 90.3 90.24 91.9
91.98 91.86 91.13 91.92 92.45
91.32 91.56 90.91 91.44 91.32
93.1 93.7 92.81 94.52 94.67
94.15 94.06 94.79 94.8 93.65
94.28 94.35 95.15 92.1 92.08
93.1 91.17 93.07 93.47 93.79
93.16 93.69 94.86 94.41 93.02
94.65 94.86 92.98 91.26 93.84
92.63 90.61 89.77 88.58 89.42
91.07 90.39 89.35 90.92 90.55
88.39 88.49 87.99 88.45 86.55
86.14 85.48 86.02 90.07 90.78
91.32 92.81 93.16 93.31 94.97
94.57 94.13 93.64 95.35 94
93.12 92.82 92.14 94.14 95.15
95.82 96.12 95.89 96.19 96.95
96.72 96.63 96.74 96.93 96.03
95.49 95.54 96.36 93.09 94.7
94.68 94.05 93.57 94.88 94.94
94.89 96.1 97.29 97.33 96.68
97.62 97.68 96.36 97.42 97.57
97.07 96.32 96.93 96.29 95.26
95.17 95.31 94.22 94.73 95.61
95.2 94.7 95.02 96.56 94.75
94.89 96.09 94.84 93.8 93.48
91.2 91.26 90.73 90.51 87.16
80.93 80.85 83.35 81.38 85.12
85.15 91.62 91.2 91.65 93.93
94.33 94.33 93.89 95.51 96.64
96.53 96.48 95.95 93.91 94.29
93.69 94.01 91.63 91.15 88.02
86.36 88.4 87.92 91.89 96.31
96.09 97.13 96.26 95.09 96.12
95.96 93.86 93.97 95.27 92.88
93.1 93.79 93.22 92.75 90.76
94.17 92.03 90.8 92.85 91.93
92.01 92.73 95.38 94.77 96.58
95.49 96.08 96.22 97.55 97.31
97.12 96.96 95.24 94.36 92.98
95.12 96.24 95.32 95.9 94.5
96.23 96.04 95.04 95.9 96.91
96.3 95.35 95.93 96.23 95.82
96.29 95.54 96.15 95.59 94.99
94.54 95.48 92.87 91.56 91.37
87.51 73.46 68.44 76.07 79.37
82.64 92.92 93.97 95.22 94.16
93.44 95.82 95.79 94.56 93.95
96.31 95.44 92.42 92.24 94.74
92.87 92.55 92.38 96.65 94.06
93.92 95.76 95.32 95.48 95.61
96.83 95.93 95.75 95.79 94.28
94.12 94.71 95.58 93.02 92.67
94.12 94.04 92.51 93.05 94.06
91.35 90.21 73.83 66.38 63.61
80.63 90.19 93.6 94.69 95.96
94.74 96.31 97.35 96.95 96.61
97.49 97.41 97.18 97.08 95.89
96 96.28 95.88 94.86 95.49
95.64 93.73 94.17 93.16 93.16
90.35 89.37 88.9 87.8 85.31
83.86 84.39 82.4 77.47 79.18
79.67 79.01 76.78 79.14 78.93
74.28 75.45 77.02 76.7 75.33
75.45 75.82 71.29 67.77 71.74
73.26 64.57 63.11 66.27 62.06
57.48 54.07 57.45 52.56 50.27
47.28 44.11 41.9 29.41 30.12
31.36 30.48 29.93 37.78 37.66
50.83 72.69 85.26 87.56 87.42
87.65 90.22 91.03 89.01 90.17
89.27 89.16 85.07 84.95 81.22
80.7 72.73 64.83 62.73 61.02
54.96 56.7 50.51 49.33 44.68
43.56 42.48 41.02 40.83 42.02
35.57 37.6 38.11 38.82 36.48
35.21 37.4 36.76 32.62 35.2
33.92 35.21 33.43 35.45 32.22
36.15 28.27 30.43
