39.46 45.9 51.33 61.58 69.06
85.19 91.34 92.83 93.57 94.23
94.36 91.92 91.29 91.67 91.01
89.3 88.4 90.71 88.47 81.13
80.18 78.83 79.31 75.18 75.87
83.7 86.39 86.69 88.5 92.07
90.75 93.82 94.84 95.47 95.86
96.22 96.81 97.47 97.12 97.19
97.32 97.54 95.75 94.65 93.56
95.81 96.08 96.6 97.25 97.87
97.26 97.53 97.07 97.24 96.43
95.96 96.01 96.09 96.21 96.03
96.6 96.53 96.89 96.08 96.17
96.07 96.44 96.51 96.2 95.34
95.67 94.5 93.55 92.84 91.68
87.69 80.52 75.64 68.56 55.52
53.65 46.68 47.4 40.73 39.89
36.94 34.99 37.88 39.34 39.37
36.87 36.9 40.41 36.09 38.29
39.23 33.45 35.96 41.47 40.02
34.94 42.76 44.92 51.1 51.58
58.27 51.8 50.93 42.1 45.22
47.48 46.2 44.54 46.14 52.07
51.81 53.25 53.62 48.24 51.29
56.41 56.25 60.13 57.73 73.92
86.47 91.59 92.65 90.66 89.74
90.76 94.22 96.48 97.1 98.12
98.17 98.15 97.74 96.32 92
90.34 85.1 73.91 77.66 87.45
94.77 97.39 97.69 97.19 97.74
98.54 98.51 98.28 98.41 98.69
98.45 98.02 97.95 95.49 93.12
95.21 97.79 98.11 98.75 98.7
98.73 98.34 98.53 98.66 98.71
98.59 98.57 98.39 98.72 98.63
98.5 98.77 98.73 98.43 98.46
98.11 97.39 96.96 97.68 96.94
94.84 96.36 96.2 97.45 97.68
98.48 98.45 98.65 98.25 96.27
94.04 96.31 97.77 97.48 98.15
98.49 97.86 98.29 98.45 97.98
97.58 98.08 97.47 97.03 96.97
93.93 92.77 94.12 95.61 95.4
93.98 94.65 97.21 96.75 97.74
98.11 97.87 97.81 96.24 94.1
91.77 93.24 94.56 94.31 93.67
91.48 91.46 92.68 93.67 95.03
94.45 95.18 95.39 95.53 97.41
97.3 97.88 98.62 98.76 98.84
98.32 97.8 95.9 95.79 95.58
97.72 98.69 98.7 98.72 98.2
98.12 98.47 98.69 98.76 98.68
98.38 98 97.11 95.26 94.72
94.7 95.66 96.17 97.02 97.63
98.28 98.45 98.61 98.59 98.02
96.24 94.57 95.96 97.28 95.12
96.57 97.88 95.54 95.1 96.35
96.03 94.48 94.08 96.32 95.28
94.26 92.93 96.18 95.76 95.84
95.48 93.5 90.92 79.79 76.6
61.43 52.41 45.09 40.34 42.46
30.65 35.2 35.32 31.45 41.43
36.67 33.41 40.5 38.97 34.41
40.95 35.29 35.42 41.61 37.54
35.97 41.27 37.89 36.87 38.9
34.77 41.72 39.73 38.07 38.29
42.86 39.27 45.45 52.43 48.65
43.71 39.43 36.86 40.47 37.71
36.99 38.99 37.38 39.63 37
35.43 37.08 32.74 42.93 34.35
39.35 40.22 37.93 37.39 39.73
35.73 48.69 41.61 41.14 47.25
52.45 48.84 56.21 60.86 58.75
54.99 52.46 37.94 38.38 39.4
40.77 34.76 35 35.78 37.13
35.85 34.07 36.37 35.3 37.4
35.85 32.15 33.56 32.42 34.25
33.67 34.49 31.36 32.88 39.4
38.26 35.46 40.14 38.73 29.06
32.59 31.24 31.49 34.39 28.07
39.34 32.44 37.14 36.59 39.06
42.54 42.98 45.51 41.04 48.62
44.74 46.75 46.88 49.32 37.83
49.57 45.98 41.46 36.42 39.77
35.45 39.34 37.61 33.12 33.24
39.9 36.84 38.49 36.18 38.02
35.89 48.7 39.94 41.82
