59.87 68.34 84.39 92.45 92.42
88.13 88.78 84.63 85.85 85.06
89.29 89.67 88.56 92.05 94.16
92.18 94.84 96.84 96.63 95.48
95.09 96.34 97.22 95.38 94.49
94.86 94.67 95.27 95.65 97.43
96.93 96.41 96.93 96.94 94.82
94.42 94.33 93.16 90.29 89.3
87.05 83.38 81.95 73.42 76.08
81.92 85.07 88.2 90.85 91.51
91.15 93.7 94.78 94.65 94.82
95.65 96.05 95.39 94.98 94.83
93.35 91.9 94.09 94.14 92.56
93.32 93.9 95.67 93.63 95.39
96.69 94.99 92.11 95.04 94.83
93.27 92.23 94.74 91.56 88.2
87 89.55 85.12 81.35 84.15
84.55 90.21 92.27 95.22 96.45
96.99 97.05 98.22 97.01 97.33
97.77 97.06 95.55 95.61 95.36
97.59 97.59 97.44 97.66 98.21
98.34 98.34 98.39 98.17 97.63
97.69 96.41 95.81 93.77 92.65
91.04 87.31 82.4 84.94 84.56
79.07 75.12 71.01 68.2 60.82
57.09 56.49 52.95 46.23 50.32
54.04 63.01 70.65 76.35 83.4
86.58 87.79 89.96 86.74 88.5
84.98 84.52 81.58 76.46 72.06
72.12 70.08 74.71 62.77 59.81
61.13 60.68 61.08 65.17 71.4
75.78 79.53 84.95 86.57 88.11
91.11 87.31 89.49 84.78 76.34
68.71 66.73 68.56 71.51 84.33
84.39 90.83 84.5 86.85 85.92
84.07 84.03 84.43 82.3 85.33
84.98 83.63 84.54 85.83 82.71
83.14 83.62 83.12 80.58 81.96
78.55 73.96 73.27 69.69 61.99
62.31 56.33 47.84 43.89 40.8
