48.15 56.36 52.07 57.42 55.09
56.27 48.52 51.55 51.95 53.31
44.89 41.66 41.33 42.65 41.1
49.32 51.93 49.81 55.26 57.67
60.88 57.68 63.08 62.15 57.48
63.54 68.01 68.33 63.7 67.66
74.47 75.05 69.74 74.31 70.47
70.67 74.06 75.65 73.96 75.26
69.09 74.83 71.91 72.65 68.91
66.32 68.66 63.72 57.83 52.29
52.42 39.39 42.86 41.61 41.61
49.74 51.18 56.09 54.98 58.39
55.9 55.83 56.98 56.41 57.27
56 57.27 59.95 55.13 51.55
51.37 51.67 49.8 54.43 50.04
42.27 42.98 48.11 48.28 47.81
51.34 49.98 45.43 45.96 44.81
47.16 50.11 51.92 56.94 55.31
56.62 54.07 57.16 57.32 54.88
56.33 59.42 55.05 54.8 56.47
53.52 51.09 48.11 49.63
