57.05 72.45 86.87 88.18 90.82
91.4 93.44 94.9 94.33 94
93.06 89.88 86.75 83.63 75.23
67.51 62.81 53.61 40.52 43.47
52.05 58.67 66.04 79.93 84.9
89.54 91.83 90.88 93.07 92.79
92.61 89.77 84.28 84.84 86.85
85.54 79.56 81.75 81.79 86.08
87.63 85.48 84.53 85.6 89.43
88.34 86.63 88.65 88.75 87.63
85.53 79.83 80.49 85.24 80.95
83.35 82.78 81.72 78.65 77.07
84.16 86.92 89.06 90.26 91.28
90.43 90.3 90.5 90.86 87.95
85.57 81.67 76.86 71.71 74.59
79 86.37 88.58 91.03 92.52
93.56 93.23 93.9 91.72 91.06
88.81 85.3 78.36 68.51 56.7
46.54 40.01 32.5 30.85 29.89
33.32 29.21 30 32.9 34.6
33.64 33.72 34.79 34.19 31.65
35.19 29.27 31.96 35.86 43.65
45.82 54.41 60.45 70.84 80.49
84.58 87.31 90.34 91.54 93.12
95.14 94.58 94.93 92.76 91.73
87.83 86.32 84.69 85.67 85.7
84.8 88.05 91.33 91.27 89.78
91.46 92.36 90.91 91.17 91.88
91.46 90.15 89.5 89.7 88.13
86.5 83.4 84.6 82.67 83.77
89.32 90.31 92.73 90.12 91.21
92.27 90.41 89.83 89.51 87.61
85.49 86.32 83.97 79.68 76.17
70.76 69.54 66.4 66.83 67.76
74.6 77.38 80.75 85.5 85.52
85.03 81.18 78.39 75.24 83.83
82.76 84.82 82.11 81.06 77.35
79.77 81.97 81.54 80.18 77.44
81.06 87.55 88.49 87.01 89.33
87.82 92.48 93.45 95.22 94.03
94.02 95.94 95.23 92.68 93.84
95.22 93.73 94.8 93.57 94.76
96.02 95.22 94.15 94.97 95.27
94.89 93.97 93.66 92.81 91.16
90.89 92.07 94 95.21 95.1
95.72 92.02 94.68 92.64 91.98
90.13 88.31 91.38 93.43 91.1
91.66 94.71 94.01 91.33 94.98
95.23 91.97 93.12 95.19 93.7
92.36 92.31 91.5 87.46 88.47
83.53 87.93 89.78 92.08 92.3
92.41 93.33 92.18 88.91 84.51
83.39 87.7 88.07 86.59 87.56
89.68 85.82 84.48 83.29 86.85
90.45 92.99 95.14 94.36 94.13
93.14 92.88 90.38 87.91 86.01
81.41 80.44 78.51 74.96 66.37
67.05 79.56 82.04 87.96 91.77
94.15 93.75 94.91 93.84 94.87
93.12 90.33 92.2 93.15 93.39
91.17 91.31 87.99 80.06 80.4
85.04 84.35 88.09 87.98 86.55
88.35 87.18 83.43 86.16 88.05
90.55 88.96 89.18 92.33 93.01
90.21 91.3 93.48 91.4 88
89.88 89.98 87.47 80.74 79.56
79.77 74.76 78.36 77.86 83.11
82.07 81.51 84.88 65.88 68.61
66.51 57.89 58 64.35 73.53
81.79 86.31 86.03 89.55 92.98
92.92 94.71 95.9 95.17 95.38
95.5 94.91 95.07 95.41 93.51
92.76 92.86 93.04 90.08 88.05
87.84 88.78 85.04 80.54 87.72
86.72 79.42 81.93 85.6 80.07
84.03 82.62 87.03 85.91 83.79
70.93 76.79 82.01 83.66 84.63
83.14 86.06 80.08 82.08 69.47
71.07 81.64 78.99 66.98 69.4
73.67 67.61 72.31 67.07 67.84
78.46 84.73 91.35 88.14 86.15
89.02 90.4 90.02 86.32 84.9
87.24 87.79 91.46 86.38 87.04
91.06 88.84 84.93 84.63 88.32
86.16 88.42 86.96 87.3 88.36
81.93 83.64 86.81 89.09 91.23
88.54 86.2 88.3 86.63 80.28
80.68 82.13 77.42 74.93 84.4
84.56 77.05 77.94 81.29 71.17
73.12 83.61 81.03 83.67 87.53
89.6 87.45 89.69 92.29 92.17
92.47 93.39 92.99 94.19 92.96
92.05 92 91.51 89.29 88.8
86.05 81.35 77.6 73.24 65.82
57.54 52.88 53.17 55.23 62.53
68.83 73.35 78.68 80.4 79.97
82.47 77.29 78.64 80.1 78.92
78.21 76.07 66.12 66.23 70
74.53 80.62 87.88 86.55 87.68
89.61 90.12 86.28 85.54 89.63
89.14 86.36 87.05 89.93 86.05
84.59 85.45 82.23 77.16 76.01
72.89 64.44 59.29 50.07 51.06
45.82 48.21 44.66 45.93 46.23
49.82 54.43 63.12 76.39 82.91
83.6 83.36 77.79 67.4 67.75
67.51 64.97 62.44 60.34 58.54
63.13 50.84 47.73 42.32 34.91
31.03 37.3 44.94 45.05 52.19
62.56 69.29 72.26 74.91 84.11
85.72 87.2 88.51 91.09 90.59
91.87 91.01 90.34 91.11 90.68
90.56 89 84.77 86.74 78.71
77.63 85.12 83.95 79.93 82.69
87.03 86.39 83.46 83.87 87.57
86.12 80.62 83.02 83.56 76.13
69.37 71.4 74.87 83.07 83.81
81.88 87.03 89.74 86.97 87.38
89.09 90.83 87.52 88.81 88.11
85.82 84.53 86.18 83.87 85.81
84 89.91 89.6 86.42 85.46
83.93 89.81 90.17 86.59 90.37
91.34 89.16 87.19 90.46 89.79
86.16 85.11 83.35 79.53 73.26
58.79 51.98 52.79 59.13 54.65
57.58 62.67 73.28 73.92 78.98
83.3 83.41 84.29 86.89 87.75
86.6 90.07 88.32 87.31 89.55
91.78 92.31 90.93 88.07 83.49
82.97 81.22 80.35 86.57 88.61
88.95 91.28 89.42 88.64 86.45
84.79 84.94 84.18 74.39 78.41
75.98 79.91 85.76 82.89 79.52
81.91 76.49 83.05 87.63 84.15
77.44 82.96 88.99 85.07 81.63
85.31 87.16 84.59 83.48 86.57
84.22 84.71 83.72 84.19 82.71
79.02 62.79 57.46 51.86 47.89
45.23 41.73 36.38 31.11 33.36
31.31 33.67 31.28 30.95 31.26
34.04 33.14 33 32.87 29.99
28.73 33.03 36.74 46.23 59.1
69.19 76.28 79.86 83.02 82.89
84.3 86.3 86.05 84.91 85.84
85.83 85.53 85.17 85.68 80.89
82.13 83.63 85.39 82.97 81.82
85.14 85.42 85.04 86.58 87.23
87.51 86.97 88.93 88.76 88.2
88.96 89.45 88 89.47 90.18
91.03 89.76 89.79 89.87 91
88.99 89.46 89.92 90.02 88.97
86.91 87.41 86.59 83.9 78.3
78.22 70.84 63.02 54.79 50.68
43.52 44.63 45.92 43.48 32.9
32.73 27.13 26.35 27.96 27.38
27.88 27.95 26.31 26.67 26.14
29.23 27.78 25.7 25.99 26.02
24.91 25.58 30.63 27.36 26.59
28.3 26.5 29.8 27.42 30.82
26.68 33.95 35.55 34.56 33.44
32.65 32.12 32.21 32.8 29.37
37.49 42.71 45.19 54.23 68.05
72.79 79.66 83.19 82.66 86.12
89.33 88.88 89.07 90.87 90.56
89.27 89.96 90.31 88.51 86.54
87.51 88.65 85.56 80.99 81.1
81.56 85.11 87.49 86.42 86.15
88.24 88.98 87.55 88.27 87.99
88.6 90.02 88.96 88.5 88.05
87.26 88.42 86.58 84.79 85.59
87.33 85.03 84.4 84.95 84.33
81.78 82.64 83.11 80.47 79.6
79.07 73.44 70.9 68.51 58.92
51.69 47.19 47.59 47.81 58.92
64.84 72.68 81.65 82.93 84.46
83.49 81.38 84.69 82.6 76.39
79.73 87.67 88.56 89.76 88.38
87.67 83.31 85.55 91.67 90.19
91.16 88.88 90.06 87.03 84.4
82.73 76.37 76.43 66.2 62.36
58.38 57.21 56.82 49.17 43.32
48.08 47.66 58.63 64.44 72.07
78.77 81.02 85.03 87 88.78
90.67 92.59 93.19 93.63 93.69
92.43 90.51 90.85 91.85 93.25
92.26 93.7 92.09 89.89 87.19
83.1 74.43 69.43 63.49 61.31
68.61 60.98 69.68 76.35 83.46
87.03 89.09 90.2 90.99 92.66
92.67 92.14 90.5 92.23 91.55
87.94 87.39 88.18 88.67 85.56
82.58 71.51 61.71 52.66 48.16
46.94 51.6 50.88 46.48 51.57
58.62 57.28 75.59 82.35 90.36
91.93 92.74 91.52 91.62 91.77
90.59 91.12 89.79 90.02 92.73
91.31 91.68 88.87 88.97 83.4
77.25 79.95 83.61 82.94 83.82
87.6 89.55 88.23 88.99 90.93
91.8 90.7 91.08 91.69 91.12
88.84 88.68 88.9 88.29 86.67
82.88 78.4 83.1 82.35 84.5
84.08 84.87 87.97 85.91 85.95
77.46 61.69 53.07 51.73 36.95
28.2 25.66 27.15 31.14 27.32
26.91 26.41 25.4 30.21 25.66
27.17 30.03 26.5 27.34 27.4
29.73 28.91 27.86 28.97 27.97
33.18 30.24 29.58 31.09 30.12
31.68 30.46 29.29 31.57 28.45
30.03 28.83 29.13 31.58 30.29
31.79 28.4 31.62 29.02 31.39
31.41 34.76 33.37 33.2 29.95
34.04 31.18 33.08 31.99 28.22
29.13 31.1 26.5 31.93 32.35
35.08 30.71 29.47 30.89 31.41
32.8 35.76 35.27 33.19 32.58
28.44 28.22 28.19 27.26 27.07
27.55 24.22 26.32 26.23 25.98
30.73 32.96 36.75 31.59 37.2
39.94 48.68 52.98 63.79 71.11
78.25 77.03 80.92 81.37 81.4
78.98 83.26 80.34 85.07 88
89.12 91.58 91.13 88.14 90.44
89.65 86.17 85.07 76.04 76.29
74.14 61.58 53.77 48.4 37.32
47.49 40.03 50.6 55.91 57.34
69.08 81.99 88.06 90 90.37
90.02 89.81 88.93 92.01 89.13
86.96 90.12 90.33 89.36 91.72
93.07 92.4 94.3 91.59 89.81
92.32 92.7 93.12 91.5 89.77
87.76 85.21 87.5 86.67 89.82
89.44 89.95 90.61 90.73 88.81
88.92 90.58 89.06 86.34 89.04
88.26 88.91 92.1 94.32 93.83
93.86 94.84 94.43 93.62 94.94
91.52 87.49 81.83 79.49 79.7
84.53 89.56 92.87 95.63 96.39
96.35 94.15 91.32 86.29 83.16
72.71 56.62 51.08 41.18 38.32
38.45 43.59 40.88 42.18 35.11
30.95 31.65 31.34 30.18 32.19
33.24 31.1 32.83 32.46 33.65
36.94 38.59 46.9 42.55 52.04
61.8 67.66 71.5 76.94 82.61
83.85 81.71 85.21 89.28 86.23
84.26 87.01 86.29 83.61 82.06
81.1 79.93 70.56 60.25 57.47
54.74 50.77 50.64 46.39 34.04
31.91 31.51 32.03 30 29.84
28.23 24.14 27.81 26.81 27.66
26.44 29.65 27.04 31.55 28.56
28.58 26.68 29.03 28.42 30.82
31.49 30.07 28.29 27.4 29.66
28.53 31.04 27.4 23.02 29.06
25.41 26.42 31.56 32.08 33.57
36.16 36.51 35.08 38.34 43
37.74 29.4 29.15 26.42 31.64
26.43 25.65 24.1 28.22 27.26
38.05 35.57 37.36 43.24 53.24
51.49 52.04 56.18 60 55.41
55.95 57.4 67.42 78.05 82.4
87.71 88.91 89.78 92.07 87.28
84.42 81.11 78.57 75.35 70.89
65.56 61.07 64.02 56.85 54.91
50.36 53.14 48.86 54.69 74.82
79.62 82.13 84.97 86.46 85.3
85.04 84.71 87.34 90.29 88.01
91.3 91.5 93.13 93.38 93.4
92.82 94.84 94.04 92.19 93.38
93.93 91.51 89.17 88.1 89.16
87.61 82.33 81.18 77.45 70.74
66.39 64.88 65.06 64.42 67.45
70.48 79.1 82.62 84.68 86.59
86.87 88.79 87.79 90.41 92.29
94 96 94.02 93.17 94.57
95.31 94.24 92.97 95.02 95.51
93.62 93.07 95.21 93.15 90.6
92.47 91.58 88.93 87.8 89.65
86.24 84.68 83.87 88.91 91.68
93.37 94.32 95.04 91.01 90.01
88.37 90.43 90.67 93.05 94.77
95.22 96.15 97.03 97.18 96.93
97.29 97.85 97.83 96.89 96.14
95.45 94.75 91.83 91.3 91.89
92.69 94.97 95.2 93.75 92.75
93.15 93.93 96.99 96.01 95.07
97.03 97.03 94.47 94.66 95.95
97.16 94.24 92.67 95.07 93.67
95.75 93.33 93.73 90.58 90.13
91.92 88.66 86.56 83.14 78.7
74.79 75.18 71.48 69.42 70.5
75.24 81.48 91.23 92.85 94.27
96.44 97.69 96.77 96.38 97.92
98.22 97.76 97.96 98.09 97.63
97.35 95.79 95.07 93.29 93.26
91.81 89.06 89.49 91.97 93.54
92.93 94.3 90.9 91.71 89.83
93.5 95.18 92.86 92.98 95.56
94.64 93.65 93.73 94 92.37
89.99 89.51 89.18 90.72 89.95
91.47 92.96 90.38 90.75 91.89
91.52 91.35 92.19 90.27 89.65
86.58 85.41 84.21 81.3 82.4
81.81 80.94 66.73 55.84 55.66
47.76 42.48 50.3 51.13 50.23
60.18 67.74 76.68 84.15 87.45
91.49 92.43 88.34 87.63 90.14
87.95 86.06 83.95 83.31 81.5
77.57 74.64 79.09 82.29 88.63
88.5 87.66 82.49 85.39 88.34
84.53 74.03 68.4 63.17 62.98
67.8 83.9 90.9 88.88 92.39
91.02 90.24 87.79 87.92 88.4
89.86 92.24 92.56 90.3 93.71
88.67 91.28 91.46 85.57 78.37
77.14 77.04 82.31 77.64 76.44
76.61 76.49 73.26 81.76 76.55
66.32 64.96 62.88 54.92 42.25
39.69 32.51 28.03 27.65 27.11
30.4 27.2 32.49 30.85 29.9
34.34 31.54 29.95 30.22 31.07
31.85 34.43 30.11 27.52 43.86
33.04 50.35 51.57 56.29 61.65
56.69 61.58 69.45 62.68 60.87
54.41 53.73 54.01 53.23 47.25
44.72 48.92 47.23 51.9 59.58
59.08 60.45 65.06 67.46 68.63
70.28 69.13 72.78 72.26 74.73
73.4 77.51 76.83 61.61 60.5
56.2 54.48 57.33 62.56 62.24
60.8 64.6 61.34 61.22 63.89
65.34 56.68 55.86 52.21 48.67
44.72 45.66 37.8 30.45 30.66
29.98 30.89 30.13 27.05 27.41
26.27 25.41 28.42 24.99 28.91
29.97 28.82 29.58 29.22 29.24
26.22 25.19 23.34 25.84 23.56
31.92 25.21 25.36 29.6 28.13
30.45 28.85 33.68 28.59 31.6
29.9 35.88 31.5 27.57 27.1
29.86 32.56 30.77 28.98 32.13
30.18 31.66 28.17 31.4 26.8
34.49 28.1 28.69 30.2 27.39
28.91 28.16 28.61 27.7 29.54
32.84 31.67 31.35 34.82 30.51
28.74 27.77 30.37 31.49 35.68
44.4 46.47 53.5 59.55 69.99
90.19 91.94 91.99 91.28 93.82
92.62 91.74 90.45 82.75 78.73
73.88 73.06 80.78 82.97 89.96
88.27 92.61 93.45 94.36 95.58
93.46 93.54 85.86 83.61 80.83
82.18 88.55 91.82 94.27 93.02
94.28 94.55 86.42 87.03 80.21
81.88 77.99 78.64 75.02 85.03
87.91 89.84 92.69 93.35 90.33
90.91 86.75 89.66 89.6 90.16
91.73 93.57 92.48 91.81 85.15
82.88 78.99 72.95 76.22 75.55
76.89 75.88 74.69 77.04 74.45
82.15 84.15 88.86 91.98 93.66
95.51 93.8 94.54 93.2 92.17
88.48 83.77 89.48 91.18 93.21
93.13 94.77 92.85 92.35 87.51
89.23 88.43 90.45 91.52 93.32
93.01 93.67 95.31 94.37 93
92.82 92.63 90.98 87.23 84.47
85.34 81.83 67.56 54.68
