39.2 41.63 40.13 38.67 37.48
37.94 38.45 38.43 41.52 41.61
41.35 44.05 46.3 49.79 50.24
44.41 50.02 54.18 50.03 44.62
44.3 43.36 36.3 39.32 35.08
35.57 37.89 40.2 39.46 36.74
34.51 37.43 36.91 37.83 34.78
38.97 39.75 41.98 45.29 41.87
46.1 45.7 44.99 47.7 48.19
54.39 60.38 74.51 90.25 92.02
91.1 94.58 95.47 96.32 97.37
97.79 97.63 98.48 98.31 98.27
98.32 98.27 97.66 96.8 95.08
92.02 91.71 93.09 96.18 97.59
98.32 98.24 97.84 96.47 93.34
93.74 92.4 95.8 97.5 98.54
98.36 98.2 97.39 96.16 97.28
95.23 93.54 91.65 83.68 67.14
57.71 48.15 44.97 43.78 34.95
39.94 40.71 42.11 42.46 38.25
42.33 42.77 41.99 44.98 45.57
49.03 52.87 62.74 84.07 92.13
94.2 95.66 96.66 97.94 98.41
98.24 96.76 96.28 98.22 97.78
98.33 97.79 98.48 98.29 97.37
96.83 96.28 95.76 94.28 93.07
90.56 89.19 90.28 88.76 90.1
89.43 91.41 93.22 90.43 90.97
94.68 95.43 97.12 95.76 95.46
94.58 86.21 80.38 73.09 76.43
76.33 78.03 81.47 83.37 88.97
90.13 93.53 95.27 93.71 95.07
95.78 95.98 97.02 97.65 98.03
96.99 96.21 96.49 96.97 95.05
93.92 95.31 95.71 92.02 90.35
87.96 90.14 94.28 95.6 97.4
95.61 96.06 92.63 91.5 88.26
80.44 71.77 71.1 73.95 80.43
79.93 85.33 87.65 90.87 91.82
95.21 92.33 94.69 93.74 93.58
95.34 94.59 96.21 96.48 96.81
97.2 96.34 96.83 97.23 97.88
97.35 96.71 98.12 98.03 97.52
98.05 98.28 97.57 97.89 97.96
98.02 97.15 97.52 97.75 96.65
95.87 94.96 95.06 93.52 92.84
92.12 89.75 85.81 83.31 69.03
66.87 69.43 59.62
