46.74 37.52 49.39 38.27 43.52
37.82 40.54 34.85 35.49 31.75
34.85 30.03 34.05 28.6 31.13
31.28 32.48 32.9 27.41 27.06
27.61 29.47 26.7 32.93 30.52
30.29 32.64 27.9 29.22 26.06
31.77 26.46 34.64 26.01 30.16
28.05 28.84 27.91 33.95 40.71
45.95 41.29 62.42 69.24 73.71
77.77 80.55 79.28 78.98 81.97
83.24 79.46 80.6 83.09 75.73
80.13 75.7 74.18 77.17 75.64
78.33 71.96 69.99 79.47 80.74
77.45 79.05 81.63 83.3 81.4
83.43 85.32 83.06 81.5 84.53
83.88 84.55 84.19 80.56 79.16
79.89 81.97 85.17 81.68 81.6
82.41 85.98 85.75 85.83 84.73
86.66 85.98 86.61 84.43 84.77
85.78 82.2 81.82 83.51 80.53
81.88 76.67 73.31 78.4 78.18
81.07 81.94 82.42 76.93 79.96
77.9 79.95 81.91 76.8 81.83
80.97 81.48 84.86 84.73 85.18
85.48 83.95 82.61 83.1 82.84
76.54 74.76 77.22 72.55 59.07
51.36 48.04 44.01 37.49 34.45
37.35 32.53 41.79 44.62 46.62
40.79 40.94 41.46 46.84 44.59
44.48 48.46 43.77 41.47 45.17
50.93 37.61 33.51 29.64 27.92
29.15 27.76 30.31 24.35 31.2
28.85 30.86 29.39 29.11 30.67
25.52 29.84 30 33.49 34.72
30.23 32.59 33.89 33.81 30.27
35.23 31.86 32.21 30.66 32.16
29.83 28.99 32.25 34.13 35.3
32.89 34.29 31.21 33.57 32.91
34.55 35.81 33.94 35.27 34.69
35.35 38.93 41.41 38.5 39.72
43.34 41.5 39.71 36.8 35.75
41.82 36.37 35.94 34.92 33.82
34.12 35.09 29.13 34.08 36.16
31.88 32.4 31.5 32.11 27.72
33.03 28.79 31.49 33.09 27.06
28.73 30.07 32.55 27.27 31.49
32.25 34 31.55 31.48 34.05
36.15 33.43 35.65 32.01 32.85
27.9 32.79 33.31 29.8 31.29
29.98 28.35 32.08 28.75 28.95
26.67 28.69 30.34 27.27 29.15
27.04 26.11 23.65 28.08 27.59
31.53 29.54 36.09 38.44 36.31
37.36 33.48 33.93 31.22 29.89
33.14 33.37 29.08 32.08 31.36
37.19 33.19 34.54 34.5 34.66
30.4 32.09 31.71 35.79 34.16
32.25 31.24 31.19 37.87 30.77
32.29 30.2 34.1 37.93 33.96
38.72 38.53 60.09 61.61 84.41
83.73 83.52 87.51 83.87 85.08
89.14 85.62 85.59 88.64 86.43
86.48 84.25 85.04 88.4 88.93
88.32 87.44 88.33 88.87 87.88
89.91 88.74 89.15 89.18 88.01
89.22 91.19 90.56 92.84 92.5
94.19 91.67 91.54 94.07 91.84
92.75 94.32 92.35 91.62 90.55
91.57 90.5 91.69 93.68 91.61
89.66 92.64 92.3 92.05 92.34
92.29 91.41 90.52 91.26 92.94
91 93.5 92.94 94.94 92.46
91.63 94.58 92.88 94.04 94.61
93.07 91.65 89.97 92.04 91.31
93.08 94.2 92.39 93.49 95.07
93.32 94.02 93.46 92.94 92.57
91.61 93.52 93.84 92.14 95.45
94.06 94.81 93.33 91.41 94.19
93 94.2 95.3 94.56 94.26
93.97 94.48 93.22 93.96 94.52
92.25 90.27 92.63 91.25 89.72
89.07 88.31 87.95 83.84 83.83
84.64 88.56 90.71 91.11 93.67
91.66 91.23 93.77 90.86 92.06
91.63 90.27 88.84 89.96 92.5
91.44 91.82 93.49 92.68 92.29
93.48 93.32 93.69 93.01 92.45
92.42 91.02 93.73 93.74 93.53
95.82 94.9 95.92 93.75 92.52
94.99 93.35 94.9 95.57 94.4
93.24 93.96 94.66 93.38 94.34
95.58 93.7 92.9 94.39 93.89
93.47 92.62 91.95 91.84 89.85
92 92.56 91.87 93.72 93.58
94.11 92.34 90.24 93.97 91.02
92.97 93.86 92.72 91.72 92.05
92.11 93.02 93.53 93.93 92.65
92.4 93.06 91.05 92.03 91.04
87.24 77.6 62.5 49.65
