35.02 34.87 32.29 33.43 31.56
32.69 31.99 31.24 31.62 27.36
30.76 29.35 31.16 25.55 29.71
31.63 32.28 27 30.92 28.16
33.1 35.5 36.72 39.74 43.26
44.19 50.61 52.34 54.61 59.39
61.94 63.75 64.61 69.89 72.15
77.67 77.92 83.54 88.64 89.29
92.13 90.04 89.29 88.98 84.73
86.63 86.89 91.12 90.08 92.81
93.94 94.77 95.74 94.85 92.59
94.28 93.07 95.64 95.24 95.73
95.25 94.34 92.84 93.38 92.54
90.95 90.45 89.37 91.4 86.93
84.5 77.85 66.7 72.66 83.09
90.38 92.15 93.87 91.74 91.16
93.5 90.7 92.7 90.84 89.41
88.41 87.08 88.3 91.08 92.43
93.52 94.06 93.88 91.2 92.19
92.07 90.36 89.8 89.18 87.7
85.56 83.63 79.13 75.09 75.6
72.69 59.1 58.73 55.35 54.48
61.19 67.94 79.14 82.26 85.94
83.45 82.57 83.11 78.9 80.23
82.95 87.68 86.61 89.85 91.23
89.85 86.96 85.42 84.29 88.17
89.42 90.83 89.74 89.4 87.57
86.34 87.6 86.88 85.94 85.03
82.73 81.37 80.44 81.56 76.95
76.81 73.63 77.8 84.27 87.76
87.75 89.54 88.16 86.77 90.16
90.92 91.84 92.35 90.74 93.38
94.65 94.35 94.49 96.82 96.57
96.79 96.93 97.29 97.15 97.77
98.1 98.14 98.1 98.24 98.18
98.25 98.22 98.42 98.47 98.44
98.52 98.49 98.21 98.45 98.51
98.46 98.42 98.42 98.44 98.34
97.75 97.36 98.01 97.54 95.94
97.68 97.88 96.75 96.91 98.13
98.06 95.31 95.69 98.05 96.57
93.84 95.34 96.11 93.88 94.52
95.88 95.89 95.8 96.15 97.51
96.54 95.51 96.6 98.03 96.51
95.07 96.59 97.8 96.09 96.19
97.17 97.57 96.56 96.77 98.11
97.9 97.49 97.33 97.76 97.09
97.77 97.46 96.51 95.86 95.86
96.02 93.65 94.31 95.45 93.68
92.67 93.73 95.14 93.76 93.81
95.79 95.03 94.47 95.04 96.07
94.11 93.84 94.87 92.87 93.12
92.2 93.6 90.8 89.64 93.18
90.74 92.56 90.79 92.95 93.29
92.17 90.88 92.7 94.25 94.03
93.9 94.52 94.48 93.46 94.06
92.61 91.88 91.62 90.27 89.2
88.24 87.25 77.63 80.65 83.48
89.97 93.42 93.78 93.58 93.69
93.47 93.87 90.94 91.25 89.91
87.84 91.13 91.22 90.38 93.68
91.79 93.34 93.1 91.99 93.85
92.78 91.26 92.01 91.56 89.6
85.55 86.31 89.16 86.6 90.69
89.15 92.01 92.29 91.93 94.61
97.25 97.92 97.16 95.63 95.1
96.17 95.98 95.69 94.99 94.48
96.06 95.62 96.04 95.84 95
94.3 96.55 96.45 96.72 97.26
95.58 95.1 90.72 86.51 86.58
85.8 86.46 87.77 86.02 86.82
89.16 92.16 92.43 92.96 95.05
94.54 91.19 89.66 91.38 94.43
96.95 97.71 98.17 97.53 96.56
95.68 96.44 97.27 97.28 96.66
95.26 95.9 96.84 97.17 97.59
97.66 97.79 97.29 96.02 90.45
88.88 93.86 93.14 95.43 97.21
97.76 98.34 98.3 98.34 97.87
97.08 96.37 95.26 95.44 94.17
93.23 92.28 90.61 88.11 88.21
91.01 93.94 95.16 95.54 93.69
94.38 96.07 97.23 98.08 98.35
97.87 96.88 95.76 94.58 89.85
88.18 89.07 92.49 95.49 96.52
97.37 96.64 95.16 91.53 93.02
92.29 94.16 95.02 91.8 85.19
79.38 71.86 74 84.14 92.15
94.13 95.82 97.24 97.54 98.44
98.2 98.18 97.28 97.41 95.93
94.11 96.46 96.84 98.27 98.19
98.01 96.54 95.08 94.74 93.35
93.5 93.71 94.25 95.34 95.44
96.79 97.74 97.84 95.5 93.93
94.79 94.99 93.26 95.35 97.78
98.27 98.35 98.27 98.36 98.34
97.51 96.59 94.93 93.34 90.48
89.07 86.04 88.22 89.91 93.47
92.83 94.33 96.02 97.48 97.03
97.02 94.36 89.98 78.55 65.42
