49.25 69.75 86.73 95.09 96.83
97.12 95.26 95.36 96.9 98.06
98.1 98.13 98.27 98.67 98.16
98 98.44 98.15 97 96.58
97.63 96.87 96.93 97.34 98.13
97.73 97.7 96.88 98.04 98.15
97.3 95.69 92.75 95.2 93.11
94.9 97.9 98.38 98.68 98.56
98.64 97.98 97.38 94.94 93.42
96.77 98.57 98.69 98.78 98.45
98.48 98.19 98.12 97.23 96.56
97.56 97.51 97.17 96.95 96.11
96.97 97.68 98 98.28 98.12
98.39 98.09 97.26 97.68 98.26
97.82 97.27 97.14 97.89 98.39
98.41 98.63 98.52 98.18 97.58
96.28 92.49 91.19 94.51 96.38
97.7 97.31 98.07 97.94 98.34
98.37 98.32 98.26 98.19 97.99
97.89 97.48 96.62 97.39 97.54
98.12 98 97.94 97.3 96.31
95.05 89.44 93.95 96.77 97.96
97.76 98.4 98.26 98.59 98.65
98.71 98.51 97.33 96.06 97.46
96.7 96.97 94.68 96.4 97.18
98.17 98.52 98.47 98.66 98.24
97.96 98.13 97.45 97.6 96.86
95.64 95.61 94.64 91.29
