43.55 48.28 54.19 53.64 59.74
58.97 60.5 60.43 49.14 49.42
50.35 55.45 55.89 49.93 51.35
49.79 47.19 42.37 40.77 43.72
38.64 43.7 45.93 48.63 51.5
73.79 87.7 93.34 94.84 96.46
96.79 96.91 96.76 94.18 90.55
90.82 90.93 93.5 94.06 95.94
96.27 95.96 95.3 95.21 94.03
93.85 93.02 94.54 96.36 96.91
96.94 96.03 96.23 96.7 96.63
96.05 95.89 95.51 95.12 93.41
92.56 92.74 92.69 94.17 95.1
92.58 92.95 95.28 95.32 96.73
96.09 96.19 92.75 91.33 94.36
95.21 96.12 96.2 95.8 95.07
95.33 94.5 94.94 92.82 94.16
94.04 92.71 94.72 93.5 93.74
93.79 95.36 95.94 96.55 96.55
96.38 94.61 93.28 88.54 75.54
67.19 57.88 64.79 65.06 59.75
60.59 57.68 57.47 55.31 59.76
63.32 60.43 56.87 57.12 64.2
66.13 66.42 60.52 70.11 66.96
61.95 61.66 65.69 58.31 58.32
58.65 43.11 43.15 40.79 37.94
36.74 37.88 39.35 33.74 41.09
37.11 43.09 48.26 61.17 66.41
75.65 82.85 82.39 86 84.8
87.8 83.39 82.74 83.86 80.35
83.68 81.26 85.35 79.72 81.55
80.58 77.66 77.58 74.45 71.82
76.04 68.38 75.11 73.17 75.69
70.53 62.34 53.89 45.08 41.99
38.03 43.58 40.98 45.72 39.27
44.45 39.87 39.28 40.31 40.3
38.22 39.25 35.45 36.91 33.63
35.02 38.63 36.66 36.39 38.98
33.24 37.32 33.71 39.95 42.75
39 37.75 35.77 41.77 44.11
46.84 49.23 48.84 49.28 43.55
46.67 45.77 40.14 54.49 66.69
80.13 81.27 81.64 84.08 86.21
89.92 90.59 92.3 94.51 94.01
94.24 95.68 96.64 95.2 95.86
95.33 93.42 93.97 93.4 93.72
89.52 87.73 82.01 74.59 58.51
56.69 52.35 57.08 49.51 56.73
55.54 46.83 44.88 55.93 42.76
57.17 42.62 53.79 44.53 57.18
49.37 55.66 52.09 49.31 41.4
47.3 43.52 41.03 39.02 45.73
46.82 46.08 50.01 41.83 46.95
45.26 43.28 43.44 42.64 44.32
39.4 35.26 47.29 39.38 42.01
35.29 39.19 37.43 33.19 34.13
40.38 37.86 38.33 38 37.87
38.44 40.28 48.53 45.61 37.02
44.21 39.26 41.65 44.46 38.23
43.54 40.73 37.56 38.21 38.56
38.11 39.02 36.69 36.68 38.38
36.29 37.14 31.18 40.42 32.75
36.27 40 35.9 34.13 36.28
35.08 39.65 36.08 43.98 42.29
39.11 32.39 36.19 33.38 27.95
30.35 27.33 28.15 30.73 32.89
33.68 29.07 39.08 31.81 37.57
43.3 38.76 45.09 38.48 38.29
45.95 39.01 34.12 43.01 33.75
41.96 40.02 28.47 43.17 37.47
35.7 36.12 36.87 34.61 37.77
34.66 38.65 31.23 33.14 31.18
32.73 36.57 35.66 43.96 36.3
40.33 34.93 45.16 39.02 36.32
36.39 38.77 37.61 37.78 36.62
36.63 41.96 39.3 40.25 36.59
31.32 35.09 34.87 35.64 27.53
34.12 33.35 26.02 31.19 29.67
31.56 34.58 30.89 32.94 28.23
36.75 36.04 35.55 36.82 33.47
35.01 34.9 31.97 36.17 37.59
36.95 38.76 35.55 37.53 37.07
36.65 36.13 32.17 33.53 31.76
39.43 34.92 38.36 37.99 29.77
37.47 38.75 32.5 42.11 30.61
36.96 30.29 36.15 30.8 36.94
38.46 40.07 40.73 35.7 39.31
36.68 31.65 43.84 33.45 37.31
37.16 38.21 39.91 38.9 38.2
30.71 40.05 33.38 37.83 28.89
35.33 30.13 37.02 38.84 35.86
31.29 36.27 32.83 36.28 28.46
32.91 34.78 29.95 32.02 28.38
38.78 33.38 36.41 32.74 34.27
33.78 35.93 32.58 31.65 35.07
29.54 26.92 32.83 28.98 43.69
35.84 31.24 37.1 34.52 35.62
33.6 37.06 40.33 33.27 38.38
38.3 37.95 38.49 39.78 35.34
32.06 34.54 35.23 36.99 38.71
34.78 37.53 34.18 39.81 35.89
33.22 35.6 38.99 32.97 36.22
35.27 38.21 40.11 32.1 39.3
38.33 32.78 33.34 33.85 38.12
31.12 39.25 33.29 37.93 33.24
38.44 34.23 32.93 38.55 32.71
46.01 34.94 43.89 37.08 42.18
37.66 39.62 38.19 40.96 40.29
45.86 45.56 38.65 44.49 40.15
40.56 43.33 42.27 45.77 44.8
44.93 40.6 36.43 39.69 39.24
38.15 36.62 42.09 40.53 40.28
40.36 36.24 34.22 40.02 37.19
38.33 36.55 38.86 40.13 42.78
36.28 39.43 37.15 39.79 36.77
37.92 32.41 40.51 40.09 38.15
35.91 39.31 39.23 34.5 40.21
36.48 37.82 41.67 37.31 40.45
37.47 38.14 34.52 37.57 35.47
34.97 34.26 36.26 30.65 39.02
32.85 37.17 36.15 32.09 33.66
29.23 37.34 38.4 33.59 38.68
36.72 43 35.86 36.42 38.31
34.23 37.66 28.66 41.14 36.08
38.64 38.28 36.38 40.97 38.99
42.94 43.52 38.8 43.47 38.55
52.65 40.92 42.06 51.62 40.2
41.73 43.3 42.88 48.42 40.36
43.45 39.06 47.37 37.45 36.89
40.9 44.28 41.02 50.73 50.38
50.79 59.53 54.19 54.72 54.44
45.44 54.61 55.84 49.27 57.19
52.34 60.38 68.75 76.83 87
92.48 94.92 92.75 91.72 93.87
90.52 91.79 92.44 90.53 87.72
85.37 88.27 91.09 92.6 93.67
93.52 93.03 90.62 92.4 90.5
92.12 93.84 95.07 94.37 93.28
93.46 93.54 93.35 93.23 92.18
90.36 92.01 90.84 87.28 92.65
92.38 92.21 92.23 90.98 90.84
92.02 92.13 92.62 93.86 92.5
92.65 90.68 88.29 91.42 92.76
87.41 84.15 82.88 82.32 83.07
80.84 81.89 84.99 81.87 79.88
82.59 78.01
