36.64 43.81 43.91 48.69 57.7
55.29 56.68 58.1 56.18 61.34
64.03 62.27 59.12 58.76 62.82
66.77 67.01 71.42 79.41 74.81
75.69 82.34 84.43 84.35 85.66
88.78 90.03 91.56 93.52 93.92
92.9 94.18 93.69 91.01 92.11
91.62 88.66 87.52 86.27 85.82
82.37 80.61 79.04 68.19 61.68
50.26 52.48 52.59 49.65 48.43
54 54.64 53.48 59.81 59.96
69.43 72.47 68.08 71.49 78.01
75.6 74.8 74.61 78.37 71.53
71.02 73.72 71.24 73.79 71.88
68.3 65.1 56.84 49.75 44.5
47.77 42 47.97 51.72 64.32
60.5 62.92 69.86 77.54 78.22
79.66 80.14 78.81 74.36 68.79
62.48 61.5 57.83 58.92 52.28
46.4 49.93 48.06 52.78 52.78
51.9 56.48 60.72 65.1 69.67
72.72 77.29 79.8 82.19 83.97
85.42 82.52 81.94 81.36 76.72
75.74 78.8 80.56 82.92 81.51
79.81 80.67 83.21 85.05 84.38
84.24 85.05 83.13 80.03 77.17
74.69 71.05 63.91 59.42 57.34
51.18 51.31 56.66 64.4 71.67
77.26 80.92 81.27 84.09 84.53
83.93 82.65 77.7 74.37 80.01
78.87 75.02 69.3 68.33 68.48
68.33 64.37 70.28 70.9 73.64
65.41 54.43 51.13 46.15 45.04
40.17 37.19 36.33 31.96 38.1
34.29 38.15 43.37 48.05 49.92
54.67 61.65 67.39 64.23 63.31
61.76 51.84 49.59 39.43 44.57
44.09 46.28 42.28 44.46 38.81
41.45 49.32 49.66 59.65 62.55
70.01 70.47 72.09 81.05 85.26
84.29 85.76 88.92 92.54 91.81
91.7 92.66 93.53 92.59 92.61
94.13 93.17 93 93.18 91.42
89.11 87.14 87.88 83.16 80.35
82.01 78.26 70.33 68.52 71.32
63.25 56.43 50.41 50.91 46.77
46.04 44.59 43.42 45.7 50.24
50.39 47.98 49.97 50.91 44.38
