40.08 37.3 38.63 32.14 43.49
34.31 38.71 36.14 30.16 39.57
34.83 42.12 41.66 37.67 46.76
48.08 53.71 61.4 57.98 66.6
67.96 69.78 73.08 74.72 69.11
64.36 63.12 61.87 54.85 53.74
52.01 41.7 40.98 47.17 30.98
37.41 35.49 32.51 35.58 33.12
35.36 34.83 34.5 33.19 31.04
31.8 35.61 31.63 41.53 35.74
34.06 35.31 34.96 35.85 36.03
32.49 38.42 31.06 32.82 35.21
35.26 38.41 33.94 33.16 38.77
31.86 37.26 31.99 38.74 36.45
34.62 35.62 30.52 30.76 38.2
28.3 35.7 33.8 35.61 29.76
34.17 31.53 33.34 29.48 35.9
29.65 27.7 29.57 27.56 28.52
26.9 27.96 26.14 26.73 35.82
43.95 54.24 44.76 50.12 48.89
39.25 50.48 54.1 52.94 53.69
53.62 59.12 53.07 55.55 48.58
48.4 40.32 42.89 41.84 38.3
31.06 34.97 31.24 33.8 28.46
28.17 27 31.55 28.02 35.08
27.95 37 31.49 36.39 34.7
36.67 34.97 31.54 33.78 29.02
38.39 32.62 41.26 33.73 30.01
39.62 33.28 38.23 36.46 33.09
36.22 31.77 37.73 28.79 35.86
31.42 30.12 39.16 31.14 28.99
31.63 33.4 40.75 37.32 37.39
45.15 40.75 38.84 47.05 43.94
49.71 46.95 49.01 55.12 44.94
49.66 43.55 44.25 33.99 36.42
39.1 34.74 35.68 35.59 31.31
35.02 31.2 32.56 28.64 29.15
25.45 29.42 25.89 29.77 26.31
34.53 46.29 56.72 63.79 72.04
86.5 84.13 78.58 76.19
