32.62 36.32 36.24 44.4 39.71
40.68 41.14 32.84 32.42 31.08
30.87 30.54 33.29 33.32 36.33
40.06 39.98 46.57 44.84 52.12
48.06 52.34 59.93 69.11 88.81
94.3 95.02 96.36 96.86 97.29
94.74 93.94 94.12 91.51 86.27
83.71 79 77.22 85.52 91.43
94.43 96.8 97.83 98.12 97.71
97.47 96.32 93.63 90.7 88.65
87.39 88.43 91.02 91.12 93.26
93.89 96.26 96.64 97.41 97.58
96.83 96.62 94.44 94.21 93.2
95.84 97.12 95.2 95.45 97.08
97.24 94.35 95.13 97.09 94.38
91.49 93.39 91.89 93.39 95.95
95.39 96.56 97.8 97.98 97.83
97.15 96.31 96.26 95.76 92.37
91.13 89.16 86.17 84.64 82.41
81.51 82.15 81.96 84.47 84.11
80.46 82.34 83.78 81.45 76.91
79.96 61.78 60.98 59.5 70.62
72.25 82.1 84.3 85.66 83.04
84.24 87.67 85.84 84.44 87.88
88.68 84.1 86.26 87.35 86.78
84.6 87.9 87.81 86.57 87.71
90.43 90.64 90.4 92.81 94.87
93.21 94.48 97.46 97.43 95.16
97.86 98.03 96.52 96.02 97.12
96.42 94.4 95.14 93.31 94.93
96.26 95.07 94.01 95.37 95.01
95.88 96.98 95.83 95.52 97.37
97.41 95.76 95.13 91.81 91.83
87.16 91.83 84.53 82.75 76.92
69.59 71.52 77.29 71.35 71.16
78.01 70.59 62.11 70.55 73.73
68.7 67.3 77.21 77.22 75.97
77.45 81.88 79.85 78.52 83.86
79.78 81.6 76.31 78.42 77.65
71.94 60.98 61.22 64.54 71.73
70.74 77.13 74.61 88.37 92.01
95.38 94.44 90.98 93.84 95.08
91.85 92.73 96.19 95.44 92.58
96.33 97.66 96.8 97.12 97.75
97.64 96.89 97.9 97.89 96.34
96.1 97.47 96.71 92.49 95.99
95.35 92.97 92.35 96.34 95.55
90.47 94.35 96.53 93.89 92.07
96.19 96.78 93.87 96.63 96.77
96.34 95.91 97.02 96.74 96.09
95.74 95.09 93.8 92.96 93.44
90.92 86.49 87.85 83.21 89.49
92.5 91.69 92.85 94.64 94.43
94.53 96.26 96.16 95.81 97.38
97.36 94.93 96.42 97.33 95.43
93.1 95.61 96.51 92.46 92.55
94.81 93.47 90.73 92.95 94.02
92.72 91.12 93.63 95.62 94.62
92.68 95.25 97.41 95.4 95.7
97.11 97.17 96.28 97.15 97.28
95.7 96.51 97.44 94.95 93.5
95.64 93.61 91.88 93.28 94.34
91.84 92.21 93.89 93.44 92.85
93.72 95.15 93.4 93.74 96.26
95.3 94.96 96.01 97.2 96.37
96.74 96.76 96.72 96.32 95.26
93.14 94.36 92.62 95.7 95.52
96.6 97.18 97.5 97.7 97.85
98.01 97.88 97.56 97.04 96.88
97.09 96.28 95.73 96.14 96.34
96.03 96.17 96.5 97.27 97.45
97.43 97.11 98.06 97.93 97.33
96.5 97.35 97.44 97.14 96.03
96.86 97.55 96.81 94.93 97.55
97.99 96.52 95.86 97.39 98.05
97.2 97.16 98.17 98.14 97.29
96.85 98.09 97.95 97.52 97.67
98.26 97.92 97.12 97.71 97.5
96.87 96.71 96.23 95.19 94.72
94.16 93.18 90.3 90.86 88.33
75.5 55.01 47.42
