45.37 37.46 46.62 63.18 81.14
90.37 92.77 93.05 94.16 94.21
95.5 95.97 95.21 96.58 97.74
97.41 96.58 97.64 97.75 97.04
97.02 97.89 97.7 97.59 96.26
95.94 95.96 95.77 96.51 96.4
96.98 93.75 96.14 95.13 93.73
92.92 91.2 90.13 89.8 90.39
87.17 89.91 88.72 90.39 91.44
92.29 93.89 95.15 94.92 95.86
96.86 96.53 96.1 97.33 97.89
96.2 97.04 97.26 96.44 97.69
97.26 97.05 96.95 97.59 96.78
95.01 94.98 95.06 92.6 86.72
76.98 78.06 86.59 84.14 83.93
85.41 87.2 86.85 85.59 83.97
87.34 87.77 89.61 91.39 91.69
92.3 93.19 93.75 94.99 95.55
95.03 96.47 97.28 97.6 96.78
98.3 98.24 97.85 97.68 97.27
97.38 95.71 96.5 97.55 98.06
98.61 98.17 98.15 97.73 97.76
96.81 95.66 95.99 94.48 91.13
85.1 85.86 89.27 93.01 93.71
97.12 98.06 98.45 98.47 98.63
98.38 98.05 98.5 98.58 98.48
98.29 97.76 98.13 97.28 97.45
95.97 96.78 97.02 94.54 92.51
93.29 91.83 91.76 88.67 87.35
89.3 87.32 89.03 90.33 83.98
87.96 89.03 89.11 88.01 85.15
80.79 85.36 87.17 84.92 81.63
81.56 83.95 77.25 76.63 75.25
73.98 73.93 75.14 78.37 81.34
85.23 86.42 90.07 92.03 95.45
95.92 96.78 96.02 95.58 96.61
96.86 96.85 95.95 98.06 97.44
97.72 98.16 98.4 98.3 96.06
92.53 92.26 88.27 84.34 81.13
79.11 84.21 88.89 90.63 92.88
95.59 97.89 98.64 98.38 98.15
98.17 98.56 98.21 98.39 97.75
98.3 98.55 98.35 98.43 96.48
94.41 90.86 88.39 88.29 85.67
85.52 89.94 89.15 89.78 93.2
93.09 95.36 94.85 96.56 97.24
97.69 97.59 97.86 97.81 97.59
97.17 96.8 95.88 96.52 96.13
95.2 95.76 93.31 73.41 62.09
53.73 49.29 45.29 47.82 47.8
43.61 52.78 42.61 45.76 44.17
39.59 32.9 29.31 30.03 34.05
35.19 37.04 36.72 41.58 43.29
41.14 39.38 42.38 43.46 39.59
36.84 43.12 40.21 35.35 34.21
34.32 37.07 32.73 31.74 36.43
32.58 34.85 39.91 39.7 46.69
53.46 52.23 56.57 49.99 47.47
49.72 53.38 50.66 50.7 52.11
56.95 54.17 55.21 53.78 58.09
63.92 46.59 44.46 35.18 35.03
30.68 36.25 33.86 29.16 32.02
33.53 31.2 38.89 34.78 34.42
33.25 39.53 39.73 45.16 39.97
37.05 37.55 34.13 41.53 38.71
37.69 40.43 36.43 35.79 42.4
36.51 49.46 41.8 37.92 40.34
36.85 43.73 42.87 45.69 45.63
36.96 44.42 46.91 42.28 40.31
34 35.42 34.76 34.44 33.58
33.02 32.85 33.67 37.79 35.97
42.03 43.29 43.09 39.5 32.94
40.12 53.33 51.6 50.06 51.93
52.88 45.18 39.18 37.9 37.53
32.39 35.5 32.27 34.07 34.1
31.78 35.7 37.78 46.04 46.37
38.24 45.09 41.97 47.6 47.42
51.3 51.24 56.47 53.22 59.85
61.53 57.68 60.33 62.41 61.79
60.42 54.14 59.1 46.68 48.45
48.49 47.32 50.3 45.26 46.04
36.06 40.83 36.31 45.17 41.15
46.8 47.39 50.08 51.84 47.65
45.98 51.36 45.22 51.33 44.99
43.49 47.53 44.4 46.06 45.99
35.29 38.14 34.99 35.33 31.28
29.74 27.64 28.71 28.21 27.42
31.17 34.25 32.2 30.57 34.64
33.62 35.64 36.57 34.98 37.02
37.81 40.18 41.98 37.38 34.95
39.11 34.54 39.58 42.24 35.66
43.24 42.72 40.27 36.87 38.86
36.39 29.74
