92.73 96.9 98.15 98.27 98.22
98.46 97.73 95.81 93.1 94.37
95.1 96.48 97.19 97.3 97.7
96.12 94.9 96.5 96.68 94.35
86.79 82.16 91.21 94.04 91.91
93.76 92.23 96.18 97.14 97.81
98.25 97.88 96.7 95.6 97.71
96.89 97.5 97.64 94.68 93.87
95.29 97.47 98.03 96.78 97.46
98.39 97.74 97.29 98.38 98.17
98.71 98.59 98.65 98.7 98.85
98.78 98.58 98.5 98.75 98.09
97.53 98.31 97.92 94 95.05
94.63 95.5 96.73 97.54 97.39
98.14 98.55 98.69 98.67 98.66
98.74 98.75 98.53 98.35 98.41
98.55 97.12 95.25 98.06 96
96.79 93.8 95.35 98.53 98.52
98.21 98.53 98.62 98.26 98.08
95.7 91.41 92.73 97.3 98.6
98.85 98.9 98.84 98.87 98.36
98.29 97.97 96.69 97.62 97.81
98.29 98.37 98.23 98.69 98.75
98.46 98.58 98.33 98.65 98.21
97.76 98.05 98.27 97.52 96.68
97.24 96.68 95.84 94.19 92.5
90.25 89.9 90.76 94.47 96.36
97.45 97.63 97.61 97.22 95.86
95.74 92.49 94.2 96.86 97.04
97.88 98.21 98.59 98.57 98.74
98.18 97.63 97.17 97.82 95.31
95.33 92.9 94.44 96.78 98.31
98.51 98.73 98.67 98.52 96.88
95.13 94.25 91.85 92.28 92.99
94.45 95.26 96.18 96.31 97.33
98.04 97.84 98.25 98.42 98.51
98.09 98.07 98.2 96.62 97.76
98.65 98.65 98.68 98.53 97.84
97.98 96.49 91.98 90.2 87.2
87.57 92.29 92.89 90.59 91.03
93.58 94.18 90.28 92.34 94.57
93.22 91.51 94.91 92.33 95.19
96.07 94.55 92.73 94.15 94.63
93.92 94.92 94.72 94.45 95.6
95.03 93.9 93.99 96.21 97.63
97.97 97.67 98.28 98.55 98.6
98.66 98.8 98.78 98.62 98.87
98.85 98.73 98.81 98.78 98.51
97.66 97.57 96.45 92.13 91.52
90.94 89.53 88.1 85.96 89.7
94.35 95.22 95.96 98.04 98
98.79 98.84 98.85 98.73 97.75
95.01 95.55 97.92 97.7 98.03
98.6 98.75 98.82 98.83 98.74
98.77 98.83 98.17 98 98.2
96.9 98.31 97.32 98.23 97.87
98.75 98.69 98.71 98.82 98.71
98.04 97.34 97.09 97.4 97.88
98.3 98.5 98.3 98.6 98.6
98.4 98.1 98.09 98.3 98.01
97.28 94.58 92.66 87.03 88.11
92.06 93.81 94.5 96.59 97.4
97.53 95.1 93.58 95.33 95.37
93.24 91.59 92.88 94.56 94.35
97.67 98.25 98.17 98.52 98.65
98.62 98.65 98.54 98.07 97.39
96.35 97.17 97.26 98.12 97.74
97.53 98.16 97.81 97.78 97.87
97.09 96.23 97.42 96.62 92.89
94.93 96.36 95.25 97.25 97.58
97.96 98.15 97.33 97.42 97.48
98 98.58 98.53 98.42 98.52
97.57 97.07 97.01 97.67 97.79
98.57 98.63 98.56 98.79 98.59
98.74 98.72 98.83 98.9 98.82
98.83 98.89 98.86 98.76 98.53
98.76 98.63 98.51 98.02 98.29
97.72 98.41 98.32 98.74 98.63
98.73 98.75 98.88 98.93 98.87
98.82 98.8 98.74 97.96 97.5
97.67 96.61 95.28 92.71 94.35
92.15 85.25 75.51 68.65 74.92
89.27 95.31 96.9 98.73 98.86
98.92 98.85 98.61 98.53 98.27
98.18 96.63 95.56 97.28 96.3
95.54 97.79 98.44 98.12 98.21
98.36 98.18 98.29 97.13 94.27
90.7 88.25 92.33 93.36 92.59
93.48 93.27 95.65 96.13 94.53
95.26 97.4 98.05 98.16 98.29
97.97 98.18 97.89 98.01 97.58
94.55 93.68 96.36 96.42 97.09
96.04 97.29 98.12 98.08 97.89
98.19 98.17 98.08 97.43 96.87
95.94 92.14 92.45 90 86.88
85.14 84.92 76.96 74.03 67.7
62.23 59.31 57.28 46.11
