38.2 41 47.01 51.5 45.7
53.74 64.76 71.76 72.56 81.86
78.64 85.19 86.74 85.6 88
88.96 88.55 90 91.77 92.58
89.25 91.92 92.02 91.89 92.25
93.85 90.81 92.14 90.76 92.62
91.61 92 92.78 91.2 93.16
91.18 91.43 90.42 89.75 91.23
89.43 88.01 89.72 90.25 89.39
85.82 85.04 86.61 87.27 87.2
83.7 79.32 76.44 76.29 74.75
71.85 65.49 59.77 53.85 49.47
46.41 44.85 43.99 33.69 37.34
34.38 38.67 40.06 39.09 40
37.61 43.5 40.45 35.99 40.04
34.69 28.27 33.29 36.71 34.9
36.05 36.87 31.86 37.49 32.78
35.54 32.56 40.75 36.36 37.31
36 37.09 34.19 35.68 36.3
34.48 30.74 34.2 29.24 33.54
33.03 40.25 33.04 36.81 32.53
35.7 30.31 36.4 36.2 35.6
37.36 34.85 35.62 34.36 31.09
31.51 37.54 35.05 34.15 34.07
36.24 39.01 37.99 38.45 36.14
38.92 38.98 35.29 49.91 37.62
35.08 38.21 35.75 39 46.86
37.57 38.29 38.23 34.87 36.67
33.64 33.78 33.25 32.88 30.12
28.45 30.39 27.78 32.18 28.49
32.25 27.15 27.04 27.17 26.46
28.59 26.97 26.73 28.16 29.69
27.45 28.11 27.76 28.34 29.62
28.91 31.94 35.54 34.44 32.44
37.71 33.58 32.8 37.67 33.49
36.02 33.05 36.48 32.62 34.43
35.67 39.56 33.71 38.17 38.77
34.64 42.09 35.97 37.82 34.45
38.48 34.17 38.31 32.25 33.47
31.66 29.71 31.72 31.56 31.77
29.41 29.28 26.46 32.03 34.43
34.97 36.8 32.48 31.24 36.78
33.08 38.07 34.56 37.78 35.06
42.29 38.08 39.49 37.29 33.32
33.86 35.68 30.33 41.85 39.12
28.69 34.2 32.38 39.62 30.27
29.36 30.51 30.95 30.58 34.5
29.81 34.36 32.4 34.87 38.22
33.24 37.64 28.18 34.85 33.24
29.61 35.38 33.48 37 28.46
28.27 25.52 29.06 28.6 28
28.08 30.59 31.74 28.67 37.17
29.95 35.34 28.7 34.45 36.02
31.49 44.56 31.19 36.84 31.39
34.25 31.87 28.96 33.42 28.72
34.33 31.25 29.67 32.4 33.34
30.83 31.22 31.61 31.42 31
36.23 33.33 34.11 36.24 33.23
34.55 36.19 30.51 38.33 30.32
31.91 31.97 29.23 33.15 29.47
36.08 35.65 28.37 33.3 33.5
35.82 34.82 32.82 36.83 33.5
39.71 36.85 35.09 36.39 36.67
36.31 32.99 31.28 34.09 28.77
32.76 28.7 34.34 28.43 36.43
27.27 32.73 34.26 30.56 33.09
29.72 36.33 28.06 34.61 35.4
37.15 31.33 35.69 31.1 32.7
31.19 33.87 34.33 31.32 35.8
31.01 31.28 37.15 34.85 34.22
35.4 37.87 38.14 34.55 34.52
33.25 27.88 39.13 33.67 32.79
32.71 38.03 35.34 40.53 35.67
35.45 33.83 33.46 29.42 33.56
27.53 36.09 30.53 37.59 33.23
33.3 30.29 36.35 34.67 33.79
34.98 34.15 34.26 30.2 29.06
32.19 30.3 34.14 28.17 32.95
26.83 30.64 26.68 32.29 24.86
27.61 31.37 39.94 37.59 30.22
39.22 35.91 44.05 45.51 56.09
52.82 54.43 54.27 56.36 69.48
58.45 63 70.37 69.85 68.02
63.11 67.05 66.17 63.66 67.83
68.81 68.72 69.56 69.61 70.8
68.98 71.66 76.61 74.29 69.93
74.53 70.85 63.14 59.64 52.45
46.78 43.63 42.19 35.43 42.45
34.31 39.25 36.89 41.35 41.74
40.79 36.31 39.59 41.48 36.93
38.86 29.67 31.95 28.19 30.03
32.65 32.98 34.85 30.75 32.03
34.61 31.5 41.1 35.9 37.96
32.56 35.22 30.6 28.18 29.47
34.96 34.74 37.62 34.14 38.85
39.05 38.93 36.71 37.66 33.85
32.09 30.19 29.49 28.53 29.45
27.8 31.53 33.35 36.36 43.42
32.65 33.79 44.01 34.55 35.58
41.22 33.67 37.79 40.18 33.92
36.12 37.57 33.53 39.61 37.79
36.29 33.86 39.3 37.44 38.1
36.39 37.43 35.07 37.16 39.09
39.73 35.11 33.14 33.06 29.23
30.53 37.79 29.72 34.27 34.62
33.75 30.72 30.9 32.39 28.52
32.51 34.51 30.61 33.42 35.95
37.8 32.64 34.22 37.15 33.97
38.57 39.82 33.89 36.79 30.56
37.17 35.85 28.66 32.84 31.43
33.54 30.26 31.71 32.99 34.68
33.94 30.5 38.58 32.11 40
35.06 32.69 36.6 35.4 33.38
32.93 35.02 35.39 32.88 32.31
31.22 33.79 29.35 27.48 27.82
28.96 30.09 30.67 28.76 32.43
33.79 29.61 34.95 30.5 34.93
34.02 34.21 32.8 31.6 38.04
32.96 35.07 33.11 36.79 38.09
36.63 46.14 57.01 56.91 57
59.12 65.8 62.5 64.19 64.49
67.65 68.44 60.67 59.77 50.39
46.26 52.14 45.5 55.07 59.35
68.74 68.58 62.77 58.7 68.82
67.15 58.27 61.61 64.82 67.01
62.76 59.5 61.97 48.86 43.46
37.49 35.2 37.06 34.78 37.57
34.9 32.61 33.75 32.97 30.07
35.18 31.37 33.9 35.07 33.52
34.15 36.86 37.6 35.96 32.49
31.93 27.52 30.06 33.59 29.69
34.79 31 25.87 34.31 29.2
35.96 32.18 29.55 33.25 32.2
36.54 34.56 34.81 36.52 36.22
38.42 36.23 39.87 37.87 36.9
32.9 34.42 35.31 36.5 35.09
31.51 33.61 29.85 35.3 32.8
28.19 34.5 27.86 33.86 31.97
33.7 31.34 35.43 31.87 34.43
32.07 27.22 34.16 29.4 29.21
31.99 36.92 35.45 29.89 31
30.97 36.82 33.52 31.29 32.75
36.08 34.68 37.81 36.06 36.41
38.61 31.97 32.35 34.24 33
31.7 30.21 30.07 28.71 31.5
32.24 34.07 36.3 35.28 36.42
34.23 35.48 38.96 36.49 30.13
33.11 35.34 31.45 30.37 32.45
26.83 25.97 26.39 28.2 25.85
30.01 24.61 33.24 25.56 33.73
28.99 27.49 33.16 26.23 29.63
28.74 31.83 33.22 30.58 32.15
27.76 31.2 30.86 33.19 28.79
32.46 32.21 28.35 31.96 33.65
30.93 33.97 32.14 36.08 31.74
34.83 31.66 35.97 31.75 36.51
28.33 38.51 27.83 30.85 37.84
35.9 35.31 36.01 37.49 35.94
40.2 36.74 38 37.39 35.71
34.47 32.74 37.9 32.69 33.27
34.38 31.86 35.01 37.81 34.57
44.09 39 35.48 33.68 38.29
36.92 37.77 31.77 32.43 25.48
31.34 27.81 32.41 33.58 31.56
28.55 34.01 31.34 31.6 29.28
28.03 28.03 26.03 26.97 30.99
35.15 26.38 33.07 34.94 30.17
33.2 31.99 30.83 32.22 27.26
31.6 33.08 26.45 33.39 32.14
30.36 32.8 35.25 38.76 52.18
46.45 52.22 51.79 77.17 90.42
91.86 93.47 93.14 93.32 92.67
92.83 90.39 84.44 75.39 76.17
76.46 82.17 86.9 92.08 92.58
95.98 96.55 96.35 96.23 94.85
94.5 93.32 89.91 81.46 78.64
78.88 84.97 91.01 91.73 93.59
94.85 96.34 96.52 96.77 96.37
94.75 93.24 93.52 95.03 96.56
95.26 95.4 95.58 93.46 93.2
90.21 88.18 83.83 84.45 88.43
93.6 93.15 93.46 91.31 93.18
94.46 95.72 94.69 94.64 90.26
89.03 92.12 95.44 96.2 94.92
95.34 97.19 96.82 95.14 95.53
93.16 91.85 92.96 92.36 90.63
92.69 94.83 96.34 97.31 97.45
97.32 93.83 91.03 85.3 91.41
95.66 95.2 96.23 96.57 95.87
95 94.95 90.89 85.84 75.07
69.05 64.56 64.13 73.86 80.08
88.93 89.94 91.53 92.25 93.63
93.4 92.67 93.74 91.27 91.83
95.48 94.02 95.12 97.11 97.08
96.43 96.34 93.83 93.54 94.72
96.02 96.67 97.45 97.09 96.57
93.67 89.39 86.41 86.35 83.87
89.66 91.01 93.41 96.58 96.04
97.13 94.75 95.47 93.65 90.51
83.19 77.42 74.39 79.23 79.96
81.92 88.44 91.72 94.09 96.02
97.21 96.23 95.27 94.02 92.93
92.52 93.02 94.63 92.29 94.31
97.12 96.49 96 96.38 94.33
91.64 92.76 90.5 93.47 96.27
97.79 97.38 95.99 93.94 92.87
88.93 88.43 89.5 92.66 94.42
96.1 97.36 98.22 96.27 96.12
94.39 94.37 94.87 96.38 96.26
95.37 94.19 94.53 93.91 91.86
86.77 82.13 75.19 68.04 67.31
64.75 65.43 78.7 86.56 93.52
93.5 95.01 96.17 95.97 95.66
93.6 92.46 91.01 95.75 96.36
95.98 95.19 95 93.06 90.9
77.26 69.64 61.33 63.6 57.62
56.84 50.93 42.83 45.73 54.34
64.46 72.17 83.26 90.12 92.71
91.44 94.06 93.39 95.02 95.1
94.26 94.03 92.96 92.5 91.52
91.98 91.44 90.17 89.02 88.4
90.44 89.79 91.99 90.57 91.09
88.79 84.23 81.61 84.88 83.43
84.25 87.66 90.94 89.46 89.26
92.91 95.8 95.35 93.8 90.79
91.08 94.47 95.79 96.33 95.5
95.11 93.13 90.4 89.58 91.25
93.88 95.75 94.69 95.97 95.09
93.16 92.81 92.01 89.02 88.14
86.91 91.94 92.59 93.66 93.15
94.22 93.11 91.86 87.56 84.1
82.06 86.72 91.5 94.86 92.64
94.41 96.54 97.17 96.96 96.04
91.32 90.53 92.27 93.28 95.66
96.92 96.69 96.39 94.71 93.44
90.34 88.21 88.45 92.75 94.86
95.1 96.17 95.96 94.97 93.13
86.77
