35.38 45.33 44.85 48.69 51.73
58.4 65.26 58.21 57.37 55.47
66.46 79.3 80.53 78.1 81.19
80.2 75.99 73.85 77 79.33
81.26 82.73 83.57 81.48 79.04
83.39 85.34 88 88.96 87.2
87.41 92.2 91.05 88.97 91.86
92.5 91.12 93.23 95.2 96.37
94.51 95.79 97.6 97.77 97.65
97.78 98.06 97.93 98.17 96.4
97.23 96.61 95.75 94.6 96.12
95.58 96.83 95.4 96.64 97.72
97.79 98.22 98.26 98.26 98.67
98.46 98.29 98.38 98.51 97.03
97.59 98 97.8 95.49 96.81
96.86 94.83 93.77 96.35 94.68
93.07 92.07 91.32 90.47 87.62
78.69 66.37 66.31 57.96 66.63
62.3 63.14 66.81 67.38 76.5
81.35 90.04 89.06 93.5 96.79
96.57 95.83 96.07 98.25 98.57
98.62 98.57 98.77 98.79 98.63
98.51 98.64 98.63 97.85 97.58
97.16 94.55 92.67 92.2 91.47
87.46 82.68 76.91 68.43 66.79
66.75 66.2 73.26 78.61 84.29
86.12 84.78 87.93 91.26 90.6
92.3 94.31 96.39 95.84 97.1
97.36 97.82 97.73 97.55 97.93
97.69 98.24 97.86 97.53 97.68
97.76 96.77 95 93.74 94.01
91.93 90.21 89.92 90.28 93.34
94.68 96.17 96.81 96.53 97.61
98.16 98.11 98.45 98.55 98.53
98.51 98.75 98.7 98.61 98.56
98.8 98.68 98.55 98.77 98.45
98.23 98.42 97.92 95.99 96.51
97.88 97.35 95.97 96.4 97.06
97.5 96.25 96.99 96.9 96.63
96.6 97.58 97.67 96.77 96.85
95.44 96.66 96.55 96.19 97.2
95.06 94.35 92.15 88.54 87.92
87.9 82.39 84.72 88.12 85.57
86.66 90.49 91.62 91.64 93.73
95.31 95.31 95.79 96.54 96.5
95.56 95 95.28 94.32 93.83
92.39 91.5 89.57 82.7 77.02
72.54 67.59 54.49
