35.41 35.25 38.66 61.78 75.99
86.05 90.55 90.99 91.26 91.91
92.84 92.06 92.67 93.37 93.05
90.67 92.46 90.41 89.37 90.25
90.73 92.22 93.39 92.47 92.86
92 92.12 91 90.18 87.93
86.61 79.33 72.89 73.17 66.44
69.65 73.85 79.81 85.33 90.74
90.6 92.17 93.31 93.1 92.94
93.36 93.92 93.74 92.84 92.3
92.18 90.11 90.4 89.94 89.37
91.22 92.26 90.58 90.82 89.53
90.88 89.81 89.5 87.01 84.76
84.41 85.15 87.58 89.21 90
87.47 87.24 89.45 88.19 85.57
85.48 87.46 81.64 79.79 76.71
72.98 61.94 61.52 62.21 56.92
60.02 62.78 62.92 65.34 73.49
82.85 88.5 89.72 91.94 92.44
93.83 93.03 92.68 93.39 93.7
92.8 91.86 93.06 92.03 89.91
89.53 88.3 89.49 90.46 91.37
90.44 89.76 91.05 92.02 91.39
92.05 92.78 92.89 90.41 90.46
91.87 90.34 89.33 89.75 88.79
88.88 87.97 84.54 81.82 84.61
87.49 87 88.47 86.45 90.1
89.83 89.16 87.26 90.55 89.16
88.15 87.29 86.39 85.48 76.14
65.73 61.59 58.07 53.86 50.93
47.27 39.61 35.19 37.53 46.03
48.19 44.86 38.58 35.24 37.44
39.81 41.28 40.29 33.59 43.78
46.9 39.05 34.91 33.79 41.63
37.54 45.22 35.19 44.92 39.61
42.87 47.42 49.47 50.43 56.02
51.96 48.09 42.02 39.98 48.17
48.95 43.03 43 42.64 42.84
36.04 40.9 38.74 41.28 37.36
40.17 39.67 40.43 40.4 41.11
39.52 39.49 43.02 39.83 45.56
50.74 51.94 49.34 53.88 52.38
46.64 42.51 49.51 57.24 47.41
46.14 41.04 37.28 41.97 35.23
41 35.15 36.92 41.75 42.35
44.44 43.13 40.57 38.25 41.33
40.56 39.2 38.2 41.53 39.72
35.03 34.92 40.83 37.84 43.66
41.38 44.9 41.75 45.74 44.27
36.84 29.25 39.06 31.19 39.86
38.97 34.94 35.26 34.65 44.63
40.47 38.54 36.59 36.64 31.75
43.19 38.22 31.6 43.37 41.03
36.68 38.35 38.84 32.42 37.23
39.77 48.78 41.3 37.67 40.32
41.96 36.86 41.39 38.21 49.47
38.7 41.05 36.44 39.4 34.36
34.03 33.44 41.26 38.04 36.41
41.55 38.41 35.12 42.42 40.84
37.37 35.67 34.9 38.85 35.14
38.6 41.49 34.15 45.62 43.84
39.93 35.38 34.15 37.48 34.4
40.7 38.4 32.1 36.13 36.17
33.37 35.24 34.69 33.85 34.02
34.91 46.17 39 30.5 40.82
32.08 42.28 39.02 46.47 37.72
41.5 32.69 32.29 37.1 30.51
40.6 36.04 41.74 50.5 39.57
49.6 39.24 38.21 48.4 38.59
39.57 40.36 40.47 34.6 44.76
49.28 35.54 43.81 42.07 40.27
42.79 43.4 37.2 42.87 51.74
55.16 63.79 62.38 61.21 66.15
54.1 40.17 45.92 39.27 46.24
39 35.99 39.84 33.12 38.43
38.83 35 35.2 37.12 31.78
34.32 29.79 31.16 24.52 26.09
29.37 27.24 24.98 31.16 45.55
56.27 71.13 85.04 88.93 91.15
92.33 92.8 92.02 91.75 89.73
88.5 85.44 83.18 84.71 87.63
89.33 91.18 92.25 91.82 92.07
94.03 93.09 94.2 94.33 93.71
94.22 94.06 93.12 91.86 87.86
90.65 88.11 88.04 90.88 90.85
89.57 86.69 83.11 70.67 63.42
53.5 49 50.56 53.9 49.07
48.78 56.75 64.68 72.8 69.57
78.84 82.96 84.44 84.47 86.24
85.9 83.82 86.47 88.87 88.89
90.38 90.83 92.2 90.47 90.67
87.18 85.76 81 76.27 74.27
66.22 58.64 63.66 68.56 73.6
77.13 81.59 82.75 80.67 83.47
83.83 82.6 81.35 83.39 78.77
76.44 74.69 76.33 71.6 61.17
60.36 61.32 66.81 73.97 83.51
88.48 90.17 90.31 92.57 91.21
91.01 88.34 84.67 82.53 77.86
73.04 69.22 73.91 74.66 73.47
76.7 75.88 75.15 77.37 80.07
76.45 80.1 79.54 80.52 84.48
84.88 88.47 91.93 90.94 91.77
86.38 90.57 90.4 91.5 91.99
91.88 92.76 92.26 92.65 91.54
90.28 88.49 91.03 90.49 89.05
89.86 88.8 89.54 90.74 89.24
88.13 89.82 90.14 88.15 88.33
89.63 90.31 87.5 87.8 90.35
90.16 89.2 89.97 93.46 93.95
92.48 93.19 94.18 94.42 94.53
95.38 95.29 94.73 94.92 95.9
95.33 95.14 95.56 96.5 96.59
97.16 96.4 96.79 96.94 96.67
95.95 96.27 96.35 96.39 95.99
94.85 94.38 95.75 92.43 93.16
92.85 92.18 90.57 88.21 90.11
88.16 89.22 85.38 85.05 81.66
79.59 71.66 59.86 56.89 48.15
46.09 44.58 43.5 37.5 39.49
42.17 39.83 46.02 38.03 41.83
37.76 42.34 39.24 42.09 33.82
35.33 36.2 39.68 42.47 45.19
37.07 40.56 51.45 49.45 48.03
45.1 50.59 41.13 44.51 42.82
44.95 39.8 47.55 39.38 45.57
47.72 41.94 36.78 37.25 34.4
36.45 36.74 35.96 34.69 39.83
51.01 54.89 52.37 46.52 43.11
46.75 40.95 45.25 42.25 34.47
40.54 39.7 35.1 39.72 38.27
35.74 39.51 38.06 32.3 40.85
36.31 30.4 36.54 34.88 32.02
34.15 35.33 39.09 34.62 38.8
39.27 39.23 37.2 40.51 38.75
40.35 41.73 48.05 46.88 55.81
59.28 51.76 48.74 47.26 44.92
38.48 44.69 44.03 39.19 43.45
47.55 41.05 42.94 40 40.12
46.33 41.98 41.03 42.19 40.52
36.76 38.92 40.71 41.54 47.04
42.55 45.03 41.84 42.81 43.32
47.4 43.12
