32.09 31.9 35.84 36.8 35.9
36.73 38.62 43.67 46.35 52.41
59.19 61.93 58.39 60.26 69.21
60.42 63.05 63.74 67.63 75.56
76.1 78.04 80.64 81 81.29
82.76 80.43 85.5 75.75 69.78
73.2 70.04 67.9 66.12 66.41
73.3 83.53 82.47 89.26 83.92
85.17 83.59 79.23 77.62 67.02
64.09 51.11 41.04 37.5 37.2
35.06 31.8 34.61 31.15 33.36
34.15 34.22 39.37 47.54 51.25
64.61 73.09 76.48 80.91 80.42
81.67 78.08 78.44 71.27 67.48
68.06 70.77 64.68 58.83 57.15
66.17 58.01 65.09 68.1 59.93
47.81 33.23 30.22 28.76 28.11
24.28 22.61 22.76 24.99 22.87
23.17 24.47 37.5 23.72 23.8
28.1 23.84 25.52 22.8 21.98
26.94 26.81 32.22 31.82 30.57
30.55 45.77 54.98 60.85 70.31
69.63 73.66 76.54 81.19 81.17
81.75 82.01 85.02 84.46 83.66
83.97 86.51 85.26 83.83 85
83.5 82.25 80.81 80.86 75.02
74.27 71.29 52.24 51.9 51.91
55.52 56.66 58.73 64.19 70.33
74.18 77.6 77.11 80.12 82.07
77.41 76.72 80.59 81.45 75.47
75.89 80.24 73.85 71.67 74.74
69.93 77.08 74.69 69.67 70.62
78.06 75.18 68.84 75.46 72.99
69.69 72.16 68.59 69.28 78.74
74.48 67.92 74.17 76.82 67.93
65.73 73.95 64.52 71.8 65.46
72.24 75.17 70.99 66.37 73.45
74.24 68.65 68.79 76.64 71.28
68.38 70.12 66.94 62.22 66.06
65.25 62.64 57.05 62.46 60.01
62.59 59.78 62.5 63.56 62.95
62.23 65.42 63.52 61.85 62.52
65.09 52.99 57.92 62.61 59.58
62.79 62.05 62.36 66.09 68.12
67.34 67.65 70.59 69.06 67.48
71.63 70.44 68.36 65.59 66.95
63.78 63.06 57.44 54.97 52.65
47.23 43.12 39.89 43.16 48.08
47.87 52.43 56.72 49.98 48.53
55.41 55.45 62.33 56.84 59.26
65.93 62.99 65.06 65.71 70.17
74.12 74.58 74.54 77.55 78.52
74.36 80.42 80.24 73.53 77.03
79.75 73.02 73.57 77.67 75.8
68.52 72.45 72.02 68.47 62
55.53 49.32 41.58 36.93 32.38
29.78 30.01 30.09 30.38 29.02
30.84 34.62 28.2 29.74 35.88
41.86 48.53 53.6 65.99 71.44
68.69 72.99 75.67 76.09 81.34
80.8 84.75 82.59 85.04 83.43
82.75 81.62 82.04 84.56 81.8
79.1 79.88 80.56 74.81 71.8
69.37 69.29 63.48 65.79 55.58
50.89 46.63 44.28 40.31 38.22
36.22 34.51 32.09 32.53 34.64
39.81 39.29 39.67 44.33 48.87
58.73 67.24 62.37 54.72 41.76
39.58 36.4 28.75 27.45 26.14
24.11 26.76 24.44 25.26 28.09
24.53 24.5 25.55 23.47 23.71
26.31 23.7 26.9 27.8 31.26
36.2 55.09 66.89 73.66 75.68
72.92 73.26 76.06 77.75 69.87
71.74 75.02 74.32 74.87 85.55
83.22 77.67 83.96 84.86 81.93
78 80.04 80.24 79.04 79.81
78.53 86.03 87.84 92.84 91.35
91.31 84.86 82.19 82.98 76.79
82.75 79.84 80.64 81.18 84.81
84.28 85.9 92.1 90.12 90.73
90.11 86.16 84.14 81.27 77.12
63.62 46.61 54.28 52.9 75.89
84.81 89.08 89.94 88.63 91.67
86.16 81.02 79.86 77.06 75.69
86.07 85.22 86.5 88.19 85.87
85.22 85.2 87 88.37 88.29
88.51 81.04 74.62 58.14 45.2
39.53 33.95 35.13 28.45 29.72
29.77 25.22 26.1 26.62 24.59
27.19 26.1 23.95 23.01 22.57
25.96 24.31 23.54 24.96 25.41
22.59 25.02 22.41 31.7 24.81
23.61 23.75 22.53 24.03 26.54
26.85 23.95 25.75 27.26 27.86
35 34.44 36.75 39.03 50.62
42.6 40.65 39.86 32.68 37.38
39.31 30.97 35.87 40.08 39.15
47.31 61.71 73.27 72.38 72.82
75.4 70.46 77.73 84.83 83.92
80.3 83.38 83.62 84.18 83.76
82.76 79.03 77.34 73.96 71.86
69.72 70.82 72.41 74.59 72.69
72.65 72.6 75.09 70.88 70.86
70.26 70.3 65.63 60.83 60.92
49.04 49.77 42.13 47.13 54.12
54.07 54.24 58.93 66.59 63.27
66.7 72.31 64.03 74.19 80.69
77.6 74.81 78.17 79.06 81.49
75.64 80.65 81.19 78.93 78.72
79.51 79.06 75.2 76.7 73.31
62.31 67.33 60 67.79 75.92
65.82 71.56 80.54 71.06 65.67
72.46 70.07 76.58 74.71 71.04
73.72 78.67 62.07 52.86 43.82
32.42 31.28 24.06 31.71 28.83
26.67 33.83 31.4 25.16 24.87
23.47 22.63 22.57 24.12 22.34
21.59 27.59 26.33 34.72 28.96
30.88 28.1 25.03 25.05 24.22
24.43 25.37 23.27 24.71 23.82
26.21 23.3 24.19 22.21 22.97
22.05 22.31 21.37 21.98 21.41
23.26 21 25.04 33.87 22
22.5 23.29 24.43 23.23 34.29
24.41 31.4 24.3 28.26 26.21
28.65 26.07 35.37 36.91 46.37
55.42 62.36 69.49 68.77 69.61
72.63 76.73 75.08 76.82 75.76
75.59 73.7 75.23 75.37 69.23
69.54 65.14 70.69 75.38 73.57
72.48 73 72.59 77.96 77.83
77.58 79.71 80.16 79.86 75.88
78.39 71.97 71.98 64.72 58.27
51.09 53.07 53.26 56.67 59.12
63.82 67.8 70.91 76.12 78.95
77.89 80.03 82.3 82.97 81.86
81.08 80.44 79.73 76.71 71.4
61.95 60.83 61.89 78.49 77.09
79.19 80.74 82.72 82.18 83.95
85.18 85.18 83.53 84.24 84.54
84.01 82.23 80.62 76.83 75.88
71.89 65.56 52.39 53.19 53.79
47.05 65.42 59.3 62.01 58.94
60.88 63.89 68.56 76.29 75.39
79.02 80.9 82.11 82.67 84.83
86.23 84.68 88.75 86.9 85.92
84.87 83.45 83.93 80.86 76.7
66.13 59 64.41 79.16 81.21
82.31 83.85 85.05 84.08 85.74
87.66 86.77 84.7 85.91 86.89
83.54 81.79 80.29 79.3 72.5
69 66.62 67.02 77.33 76.75
75.68 78.28 84.06 79.93 77.15
80.69 80.35 83.27 84.78 84.4
85.21 86.48 85.83 83.73 84.99
87.25 85.69 82.23 84.41 81.07
81.16 85.75 83.93 84.54 85.51
87.82 85.23 81.73 84.8 85.99
81.7 83.62 84.97 82.78 77.22
73.69 70.36 63.3 50.44 45.1
34.1 30.16 29.58 26.73 27.62
24.43 24.74 26.21 27.84 29.55
27.13 27.44 30.22 34.98 37.09
45.93 46.63 48.37 54.86 58.54
65.63 67.13 66.99 68.89 70.92
73.68 75.7 71.98 76.74 74.48
68.13 66.03 62.79 60.7 57.53
49.25 56.92 59.67 63.47 71.69
78.05 78.91 79.48 83.12 83.97
80.95 82.89 84.33 82.13 83.33
85.66 84.22 76.93 79.25 77.13
70 69.05 69.67 70.01 69.83
74.77 79.05 77.1 79.53 79.66
79.53 75.83 79.6 79.64 75.7
70.95 70.37 70.16 61.06 52.03
56.84 56.8 58.75 63.79 64.85
64.84 66.18 72.64 70.83 72.39
72.01 74.75 75.89 71.53 73
72.89 70.63 70.16 68.82 67.06
58.15 50.04 40.78 36.66 34.25
34.5 38.02 40.54 46.51 50.48
53.83 51.57 55.78 59.84 60.43
58.86 63.8 63.73 62.32 61.79
65.2 60.9 55.03 53.58 47.46
38.61 36.33 31.7 29.8 28.4
39.18 27.09 25.82 27.39 25.58
25.84 25.81 28.29 27.91 29.32
26.2 26.95 24.99 32.24 35.16
44.18 53.33 56.05 53.84 58.41
60.03 57.63 57.41 61.05 56.21
50.96 52.58 52.28 59.21 60.53
62.76 64.17 68.01 70.15 71.22
68.75 70.67 74.96 72.59 68.84
66.31 67.27 61.27 46.89 52.66
48.36 48.15 55.15 57.26 56.97
63.22 68.6 66.75 66.63 69.18
68.81 67.52 66.03 67.04 65.01
64.85 63.74 62.45 66.25 73.27
67.21 67.46 72.51 71.65 67.17
67.84 65.75 59.12 58.67 46.21
50.39 53.25 60.82 69.38 69.25
70.93 74.41 78.07 75.91 77.65
77.65 80.64 77.67 81.11 80.85
79.34 77.77 76.4 76.13 76.7
67.65 70.49 70.45 69.62 67.65
71.02 69.89 76.94 72.87 69.56
73.58 77.94 71.64 72.58 76.17
76.36 72.43 74.86 73.25 69.15
66.98 53.86 52.42 56.81 68
74.4 77.08 75.95 79.35 84.3
80.13 83.24 83.48 84.04 87.42
85.67 86.48 84.2 84.42 82.37
80.94 78.51 74.76 77.9 73.34
80.54 80.48 75.98 72.41 77.37
78.82 67.28 71.68 72.37 79.03
80.12 78.19 79.6 80.05 79.42
80.52 76.87 77.83 75.76 75.65
67.84 51.98 55.87 61.41 70.11
69.69 77.05 79.02 81.02 84.1
85.26 84.4 83.43 83.72 83.39
81.48 79.37 79.12 77.88 75.23
74.16 69.58 72.78 74.08 74.45
69.37 70.86 73.61 73.16 72.18
73.31 76.81 77.13 72.91 74.98
79.73 78.81 80.06 80.86 81.78
80.99 80.66 82.58 83.53 82.1
78.64 82.5 80.93 77.09 75.94
69.15 69.85 66.65 75.14 75.45
78.45 71.79 71.4 80.23 73.75
72.58 77.59 77.42 72.48 71.79
72.34 69.16 60.98 51.13 48.16
43.12 46.92 48.77 55.22 55.18
57.73 56.62 59.47 67.29 73.26
74.41 80.21 86.13 87.12 91.35
88.21 85.19 85.91 83.7 81.02
82.61 82.15 81.77 84.06 84.06
79.39 79.71 69.73 75.9 71.75
77.69 84.92 89.47 92.14 91.04
89.81 83.96 80.59 77.47 76.09
75.82 82.3 90.66 91.35 93.48
91.21 89.8 85.9 81.7 66.41
59.57 57.63 67.98 68.15 76.04
76.02 82.79 88.23 88.44 90.71
89.49 91.48 87.38 84.11 86.93
86.43 87.77 88.5 87.41 90.01
90.53 89.32 90.6 92.6 91.49
92.56 89.71 86.43 81.98 73.82
73.89 69.93 65.49 68.59 77.42
70.4 79.94 86.13 84.47 89.09
87.83 89.37 88.87 88.7 84.92
82.2 83.44 83.15 85.6 89.99
88.65 89.39 89.72 85.59 82.08
73.93 68.94 62.82 65.92 69.14
77.56 76.67 86.27 90.4 91.49
93.96 90.35 91.96 87.81 86.17
89.19 86.59 83.31 76.85 79.97
84.59 87.72 90.22 90.75 91.25
88.1 87.45 88.42 85.45 83.17
72.76 66.07 57.64 56.06 54.28
60.23 69.21 71.91 64.07 67.12
76.43 75.73 74.21 77.78 82.25
81.57 78.89 82.22 84.41 81.9
83.17 85.73 88.89 81.42 83.15
84.58 84.53 82.47 83.86 88.11
83.83 83.87 83.48 83.85 78.54
82.2 82.86 80.63 79.02 82.4
83.3 79.51 81.82 80.64 76.43
76.44 82.78 80.68 76.01 78.55
82.03 79.23 75.57 82.34 82.95
79.82 77.02 83.4 78.14 71.18
72.41 74.18 74.88 65.17 65.22
65.77 67.5 70.88 76.01 72.3
72.59 82.63 78.1 75.61 80.45
81.32 77.16 76.73 82.97 84.87
79.58 77.79 81.3 83.79 81.78
81.7 83.97 85.66 83.33 79.46
73.5 76.01 71.25 65.84 70.83
73.16 85.64 84.36 88.26 84.72
89.98 88.36 89.24 85.37 86.15
87.77 84.94 80.76 74.23 69.56
61.45 56.4 46.55 52.2 43
45.42 48.19 60.04 61.33 63.92
68.03 70.06 81.12 78.95 77.76
78.47 83.79 81.11 74.25 82.76
82.81 75.23 73.8 75.63 68.47
63.29 55.85 46.29 41 38.98
38.13 34.1 29.28 23.69 28.26
24.19 23.99 25.55 23.04 26.53
26.39 24.78 24.37 28.86 27.82
36.73 32.8 29.65 28.47 24.8
24.13 22.54 25.14 22.72 26.74
25.29 27.46 28.3 32.28 36.96
44.66 59.61 66.16 76.11 77.64
80.32 85.37 84.72 84.39 87.84
91.15 89.83 86.28 90.21 91.4
89.46 87.09 89.85 90.06 87.15
88.19 90.97 88.13 84.12 84.83
85.99 82.24 80.79 81.92 76.35
86.31 90.58 89.04 88.19 89.39
90.37 89.16 87.76 90.74 90.42
88.06 89.37 90.58 89.54 85.53
87.51 84.75 80.89 83.34 84.57
83.02 71.14 73.5 73.53 73.85
79.04 85.65 83.03 81.78 85.59
89.62 85.83 83.97 86.29 90.77
83.27 80.53 84.54 82.47 74.77
79.73 80.15 70.6 68.44 68.29
76.74 78.02 74.78 81.27 85.57
84.04 83.95 86.42 88.92 87.3
85.72 87.74 87.67 86.08 84.47
83.24 82.19 78.19 70.34 67.3
66.09 60.54 50.88 52.52 51.03
59.04 63.45 70.37 68.91 71.65
75.16 72.77 74.69 78.57 80.73
78.47 82.56 84.47 82.17 83.26
86.02 84.71 82.71 81.92 76.16
66.54 70.33 65.55 74.95 78.82
74.31 75.32 85.96 86.05 79.35
82.02 87.89 85.4 78.74 84.73
86.63 81.75 79.17 84.35 84.13
77.96 73.99 72.89 72.17 72.04
75.79 80.03 79.2 85.25 82.28
81.65 86.08 86.04 82.26 80.69
86.98 80.3 77.21 81.65 85.71
72.74 77.18 84.89 84.96 86.58
88.33 87.14 88.13 87.48 84.92
85.98 85.66 83.85 85.27 86.33
84.41 84.32 86.08 84.65 82.45
85.91 86.35 79.04 78.53 81.17
78.18 73.61 74.75 73.73 68.8
72.88 69.75 66.25 59.37 62.24
59.48 53.39 50.1 46.07 46.98
48.22 45.14 39.81 33.3 33.67
29.7 30.3 31.92 26.07 27.42
29.27 25.82 28.86 27.84 28.73
29.7 26.9 28.31 29.5 28.04
27.33 31.61 36.39 35.68 38.58
51.51 52.56 65.93 70.8 78.37
81.85 86.07 85.25 87.15 84.12
82.44 75 72.08 80.22 81.46
73.62 68.78 68.61 65.27 67.38
73.9 77.95 79.34 77.63 77.46
77.92 78.22 74.92 73.6 79.97
80.34 77.96 75.66 81.01 83.28
81.72 81.57 86.31 83.53 84.26
87.84 86.49 83.49 88.44 85.15
81.44 76.96 75.11 68.32 57.66
51.44 41.13 38.03 32.64 33.47
32.94 40.66 49.46 56 67.4
72.82 84.63 84 85.98 84.64
80.92 78.55 78.31 84.18 84.76
86.85 84.73 83.15 79.31 76.72
73.26 75.88 82.28 85.97 85.55
87.18 85.14 83.61 84.72 87.13
87.8 85.37 84.98 86.31 84.17
81.15 83.56 81.06 74.7 74.61
77.15 80.95 80.82 83.73 79.44
77.37 78.85 78.24 77.46 75.67
71.56 66.42 68.49 74.58 76.79
75.03 71.9 75 79.77 76.96
77.56 78.71 82.4 80.26 79.28
83.05 80.8 76.09 68.13 68.57
73.27 79.34 82.94 80.57 79.15
72.4 61.03 56.24 50.77 44.69
52.19 52.72 55.5 57.84 70.79
79.99 83.76 82.31 78.74 74.53
65.19 58.51 59.81 55.06 53.14
48.92 47.39 59.54 61.75 69.99
75.9 77.46 80.01 75.66 69.4
63.35 59.64 50.61 50.86 41.54
49.49 47.41 45.79 47.96 46.51
49.82 53.81 51.87 54.68 57.55
60.34 61.33 67.59 69.09 68.97
72.74 78.58 75.79 75.58 78.77
84.84 79.78 79.44 81.79 80.86
76.6 75.22 72.23 65.03 60.34
64.98 68.36 79.6 87.46 82.71
74.55 80.66 85.18 81.78 78.25
81.43 80.62 76.78 73.91 73.74
73.55 62.95 58.84 49.92 43.89
37.33 34.27 33.78 35.6 31.77
32.53 38.89 36.09 40.52 42.78
39.37 38.47 44.04 51.84 53.69
62.45 64.14 69.38 62.44 66.28
77.78 74.67 63.87 74.21 80.57
72.95 72.74 75.78 74.96 63.25
66.77 68.59 68.25 73.51 77.77
80.82 76.86 69.68 70.63 69.74
69 77.83 81.4 82.84 80.31
81.15 69.99 54.56 47.02 30.85
31.51 28.04 27.98 31.34 27.44
23.46 27.35 25.79 23.4 24.19
22.86 22.93 26.86 23.89 40.92
23.83 22.96 24.01 22.35 24.61
26.36 26.35 26.86 25.66 34.06
30.57 29.86 33.52 31.45 28.31
30.5 31.59 32.2 33.26 36.99
38.03 39.58 43.44 51.48 61.06
70.84 77.29 82.7 81.27 80.49
82.87 83.08 83.96 83.27 84.87
87.31 86.63 86.22 86.34 88.73
87.52 85.99 86.92 89.31 86.34
86.49 84.1 84.39 85.74 85.92
86.25 85.73 86.48 89.32 89.19
87.76 87.24 87.65 83.85 83.47
80.21 80.44 85.1 81.14 83.47
81.17 80.9 85.36 84.47 83.68
81.82 85.68 80.38 83.1 78.75
83.73 82.48 82.82 83.25 84.91
82.51 81.3 80.71 81.23 83.63
78.38 74.48 63.18 62.56 56.32
54.77 52.45 49.31 54.26 58.02
61.12 64.67 70.84 78.78 81.11
76.5 79.71 82.43 79.83 78.1
75.52 71.76 66.56 60.84 60.52
63.85 65.64 74.03 74.57 77.65
81.74 77.44 80.08 75.16 81.07
78.22 77.3 83.44 84.28 84.19
87.05 88.22 87.11 85.89 87.59
86.92 86 84.46 82 83.7
80.9 79.76 71.04 71.45 70.32
65.86 70.56 79.04 84.02 84.09
79.7 77.2 72.08 71.67 81.82
81.01 83.4 87.06 86.24 85.3
83.4 84.63 87.37 87.14 85.12
84.45 86.08 84.91 78.53 85.01
83.09 81.79 84.85 85.6 83.99
82.81 84.82 84.93 81.74 80.75
83.32 84.23 81.64 78.08 83.68
82.92 76.8 73.82 75.6 71.49
75.5 81.34 76.94 79.36 77.53
73.27 67.09 59.95 61.77 63.35
77.3 75.14 79.89 81.21 76.32
75.86 67.06 56 52.8 47.36
49.01 50.4 54.44 62.86 67.15
73.07 68.91 67.21 66.5 65.42
66.96 68.86 68.88 75.19 70.98
70.03 72.77 66.94 68.26 64.17
68.58 70.43 77.2 71.09 75.09
78.36 78.33 79.94 77.58 82.68
82.08 72.87 74.95 80.89 75.31
67.87 69.62 69.22 75.66 77.46
75.43 63.77 59.71 64.54 53.4
53.76 52.23 48.17 47.74 49.6
48.1 45.95 46.18 48.18 48.02
48.57 54.93 64.85 69.05 72.6
75.88 74.57 73.99 76.22 72.01
73.05 66.1 70.15 71.74 68.98
59.13 59.48 63.69 71.07 74.29
83.13 79.66 81.07 80.75 73.34
69.79 79.3 75.41 78.48 80.84
84.03 82.43 79.36 72.3 74.51
77.06 74.14 76.97 71.74 68.25
63.69 57.3 61.3 47.04 50.9
53.35 55.45 48.68 59.47 52.47
50.77 42.89 46.05 51.23 50.18
49 47.47 51.36 63.92 64.7
69.5 72.98 78.2 76.87 80.93
83.57 83.72 82.85 86.1 85.61
83.52 87.84 88.32 83.61 81.96
83.58 85.37 81.92 84.42 84.38
82.25 83.78 83.51 82.04 81.18
79.96 76.4 74.7 76.07 70.48
56.1 55.05 54.01 55.75 63.19
67.32 69.41 72.08 76.1 77.94
83.9 81.97 81.52 80.1 85.77
84.66 82.73 83.16 86.43 84.55
82.23 87.54 89.54 84.12 85.67
89.11 86.72 86.58 86.83 85.49
85.82 84.76 85.04 83.67 80.74
75.41 65.93 56.89 55.4 49.93
53.94 59.53 62.52 68.45 70.6
77.13 78.79 80.37 83.64 84.78
85.77 90.41 90.36 90.46 89.74
91.49 91.77 90.41 90.79 90.76
88.82 87.73 86.01 85.79 82.22
77.38 74.92 70.03 65.72 57.57
64.7 73.8 73.4 71.13 71.54
74.44 71.91 70.41 70.66 72.02
75.96 76.08 75.38 77.91 79.62
79.68 84.48 83.69 83.21 81.16
88.13 84.55 85.19 83.94 85.71
81.82 79.11 84.96 79.96 75.52
73.11 74.58 66.61 66.12 66.01
61.18 57.2 51.76 44.72 43.6
38.01 29.49 27.46 27.08 25.13
24.46 27.91 25.11 27.12 24.63
26.1 31.22 23.46 29.46 23.41
36.96 29.06 23.42 29.49 27.59
27.38 25.85 28.66 26.59 24.83
22.27 24.48 25.59 27.85 37.81
32.07 31.91 31.94 27.03 31.29
28.81 31.75 32.17 29.94 31.81
27.65 27.84 26.58 27.6 34.9
29.69 25.84 25.04 26.85 30.58
30.06 26.56 30.4 26.42 26.8
26.13 31.53 28.19 30.05 28.83
28.97 25.05 29.74 27.86 31.53
28.62 32.95 29.7 27.46 29.35
26.44 28.22 27.77 41.11 28.69
34.92 35.86 29.82 27.64 32.8
33.73 36.09 35.94 32.09 34.68
36.03 31.31
