60.44 63.35 62.81 63.55 66.48
60.5 60.93 62.65 65.03 65.3
52.97 57.7 61.04 57.44 61.9
56.23 50.28 52.41 53.82 53.66
46.66 57.73 53.57 59.7 59.57
57.64 56.23 59.79 59.96 58.06
58.57 64.26 73.63 71.81 78.87
73.97 71.1 75.22 74.19 71.03
72.39 65.84 62.09 56.29 58.08
59.36 63.61 58.25 51.87 53.36
54.69 49.23 57.52 53.66 58
50.81 51.07 53.13 48.98 61.97
62.7 59.69 54.33 52.73 52.14
53.27 51.97 54.96 56.13 65.5
67.69 62.97 73.08 72.76 72.91
69.99 66.48 63.48 61.35 59.44
56.85 55.52 55.74 53.66 56.84
50.86 57.33 56.23 49.37 55.31
65.07 63.29 66.98 67.88 71.42
68.65 69.64 67.6 71.97 63.41
66.1 64.89 58.76 62.41 56.91
60.44 55.09 56.84 49.37 59.94
55.44 49.45 46.97 44.52 57.21
49.82 50.02 51.13 44.08 37.46
33.23 44.85 43.01 42.54 44.96
50.66 45.48 46.94 45.13 50.91
58.99 47.81 59.01 44.58 52.16
51.24 47.05 52.3 38.63 52.13
49.05 50.08 49.9 47.75 54.67
50.35 60.18 42.46 49.68 46.79
53.04 47.36 59.99 62.95 62.74
63.46 65.7 61.96 62.48 65.32
64.78 68.45 72.58 73.88 78.28
82.26 89.55 89.35 92.39 93.69
93.87 95.73 95.92 96.26 96
96.04 95.78 95.04 92.99 93.15
94.24 92.15 89.07 86.82 93.56
93.62 95.38 93.58 91.98 93.85
92.94 92.21 90.78 89.92 88.75
86.34 84.98 73.22 68.47 63.76
63.01 57.56 57.69 56.54 57.7
56.41 51.62 59.13 64.42 66.58
72.27 73.02 78.33 72.92 75.5
74.73 78.73 71.02 69.59 68.3
