41.03 41.14 40.02 42.58 48.09
46.75 49.55 50.04 51.1 59.78
60.81 60.58 64.38 69.73 72.32
75.02 72.91 74.12 72.78 70.28
70.64 66.79 60 61.24 59.85
56.99 58.04 55.25 56.83 54.02
53.37 52.25 52.97 49.68 49.86
54.52 53.42 47.33 46.2 50.4
48.04 36.85 39.44 48.77 51.86
34.48 36.58 37.78 33.96 32.32
32.85 33.73 33.13 31.86 33.26
34.28 53.01 57.46 75.38 87.3
89.9 90.6 93 92.75 94.31
89.23 91.29 91.35 89.12 93.44
92.31 93.46 92.79 92.69 91.36
89.08 89.58 87.71 86.15 86.09
84.73 83.83 83.31 81.52 83.5
83.42 87.82 88.82 90.72 92.23
92.62 93.77 94.45 94 94.42
93.44 94.75 94.08 94.53 91.24
90.1 89.27 93.07 93.31 95.49
95.36 94.65 92.68 85.06 82.86
86.95 84.27 85.02 86.15 91.91
92.91 94.56 95.35 94.48 93.25
93.43 93.49 94.32 94.64 93.64
91.91 92.91 93.84 94.44 94.82
94.35 93.3 92.82 91.86 91.91
90.66 91.96 90.31 87.56 86.12
87.85 86.41 88.59 88.03 87.34
85.3 86.48 88.59 89.32 91.34
90.69 92.88 93.71 93.77 94.91
93.56 94.65 93.76 95.15 93.84
94.08 95.34 96.51 95.2 95.3
92.23 93.23 92.7 95.69 96.07
95.82 94.56 93.27 90.83 86.94
86.13 79.21 83.03 79.77 82.64
82.1 83.13 89.17 91.64 93.7
94.84 94.91 94.23 94.79 93.79
95.58 94.43 95.71 93.81 92.09
90.31 93.21 94.45 94.27 93.71
94.5 95.39 96.42 97.19 96.07
94.63 94.42 93.21 93.29 92.57
91.87 84.45 80.65 69.23 63.31
63.48 78.13 90.96 91.81 94.7
94.39 95.04 93.18 93.06 93.84
95.72 94.86 92.84 90.52 85.69
83.24 83.4 86.47 84.68 85.53
82.9 84.55 88.01 90.82 93.45
93.63 95.88 95.32 96.24 96.68
96.69 97.42 97.05 96.71 94.44
92 90.71 92.31 94.18 96.44
96.47 96.84 96.81 96.97 97.09
96.72 96.48 94.77 93.93 90.51
87.86 84.27 82.32 87.45 80.69
84.37 87.55 92.4 92.29 94.41
92.56 92.5 91.05 94.67 95.48
95.19 94.62 93.96 93.25 90.46
91.64 85.01 85.86 91.1 90.72
91.75 91.76 93.49 94.65 95.17
95.31 95.1 94 92.77 91.34
88.68 87.35 86.23 87.68 86.06
88.22 89.19 87.57 90.65 92.22
93.89 94.18 95.13 94.81 95.71
92.47 92.68 90.28 94.36 91.69
90.58 93.07 93.62 95.91 96.14
96.35 94.87 94.99 93.73 90.16
88 91.68 92.71 94.91 95.07
96.43 96.27 95.84 95.45 94.3
93.13 91.95 92.69 91.49 91.84
89.01 88.42 89.46 91.97 93.25
92.42 94.82 95.63 95.71 95.71
94.75 94.09 92.53 91.86 89.76
86.34 83.65 82.38 77.78 76.23
75.89 72.79 69.35 67.85 72.54
74.91 71.8 72.19 70.41 65.68
65.97 68.97 80.81 88.57 92.94
95.13 96.15 96.33 95.95 94.86
94.74 93 91.14 89.77 86.87
89.16 87.82 89.25 92.88 91.3
89.61 84.01 89.23 88.65 92.36
91.83 93.56 92.65 93.5 92.63
90.33 90.77 86.53 86.89 88.03
91.62 91.17 92.69 93.15 91.75
89.98 91.8 89.11 88.71 90.59
89.45 88.8 83.8 80.67 77.78
86.72 90.68 92.91 94.14 93.67
94.66 93.71 95.04 94.27 94.28
93.11 93.7 94.01 94.53 94.71
94.8 94.11 92.9 90.64 90.38
90.66 93.96 94.27 94.61 94.8
94.02 91.61 91.15 92.24 93.54
94.74 93.15 93.27 93.46 93.16
93.19 91.78 89.67 92.34 94.24
94.35 94.57 94.61 95.35 94.11
95.03 93.87 93.25 92.51 88.81
84.86 83.12 88.22 90.57 92.08
93.48 93.34 94.99 93.89 95.46
93.99 94.47 93.63 94.94 93.74
92.29 92.07 90.32 91.21 91.39
92.28 92 94.26 93.37 94.05
93.53 91.39 88.14 91.07 91.17
90.27 87.92 86.87 85.32 84.75
80.9 77.44 79.71 75.8 77.23
84.06 87.2 88.75 90.83 92.59
93.84 93.54 92.97 93.12 92.04
92.8 90.72 86.81 87.08 87.07
87.65 86.85 90.84 92.86 92.13
92.64 90.6 89.59 87.87 76.5
70.1 61.35 60.18 59.05 65.16
65.96 73.99 82.4 88.06 89.11
91.61 89.9 91.94 91.11 90.94
89.36 91.79 93.03 93.96 93.74
91.4 89.5 86.93 83.32 80.57
79.13 82.09 83.24 84.6 85.45
88.8 88.19 90.06 89.58 91.51
91.34 93.02 93.38 92.01 90.97
83.1 83.37 80.85 90.03 91.14
92.95 92.46 92.7 91.85 92.56
91.99 89.39 88.94 87.15 85.68
82.73 78.53 70.38 66.05 64.1
64.24 68.23 70.7 63.22 59.56
49.43 39.27 37.37 31.75 36.7
34.77 38.61 31.91 41.5 43.57
52.91 54 55.27 59.15 66.43
72.48 73.24 77.24 79.68 83.71
84.94 84.09 87.14 87.05 87.42
84.54 86.4 83.13 80.44 77.59
76.79 74.46 68.56 63.95 57.76
55.65 40.53 40.98 40.47 36.92
33.02 37.81 30.95 30.72 29.4
32.6 31.97 28.88 33.5 32.71
29.1 30.51 25.98 26.89 25.75
28.89 27.31 26.82 31.9 33.79
28.85 32.31 34.57 33.72 31.53
30.02 34.27 33.84 30.2 30.77
34.58 35.8 36.79 32.73 32.24
34.16 28.76 36.71 35.04 27.95
30.57 30.51 30.11 29.47 35.7
34.3 35.65 29.92 41.43 34.85
34.08 31.82 34.02 35.51 35.18
34.93 30.17 31.89 33.05 43.58
44.97 31.93 36.28 34.23 30.45
35.35 29.1 33.1 28.29 31.16
26.24 28.93 29.91 27.54 29.65
26.53 30.2 30.14 28.4 29.89
31.5 31.41 28.54 28.22 33.42
24.82 27.74 31.85 29.68 28.88
32.51 29.52 30.24 32.08 36.34
31.52 28.77 36.24 28.93 33.69
32.3 28.9 31.83 27.99 31.84
26.88 29.56 31.23 31.29 41.58
39.28 37.35 44.92 42.58 44.95
46.31 46.7 46.38 45.45 45.73
41.46 39.71 37.83 39.18 34.57
33.23 32.45 30.97 30.26 30.23
29.94 30.12 25.92 29.05 25.94
29.66 28.24 28.99 30 26.91
32.12 28.62 28.78 32.71 35.82
32.49 31.83 30.12 38 34.55
32.72 30.38 34.82 31.99 31.32
30.66 31.86 30.68 36.15 33.4
29.23 34.02 33.7 37.06 32.72
30.51 32.93 34.6 31.38 31.82
32.07 31.21 28.37 33.21 35.58
30.59 31.94 31.49 35.69 32.99
35.09 36.47 38.76 37.04 42.54
39.75 40.63
