42.08 47.28 41.59 51.29 49.88
39.03 49.27 39.95 54.73 44.1
47.56 44.03 50.29 48.39 47.43
55.87 51.37 53.45 52.35 47.62
55.14 52.71 51.79 54.19 54.79
55 55.51 57.12 60.13 62.72
68.92 68.95 76.08 80.08 82.84
85.92 88.45 90.73 91.92 91.6
92.77 94.39 92.56 92.07 94.16
92.96 91.37 92.6 93.76 91.14
92.33 93.68 93.61 91.86 92.07
94.4 93.35 93.21 93.3 94.57
93.49 94.18 93.43 93.27 93.38
92.09 86.42 76.82 81.66 89
92.27 91.7 90.54 92.6 93.21
91.09 90.18 91.57 89.18 87.8
89.59 92.85 93.27 94.75 94.21
94.74 96.08 95.44 95.59 95.5
95.77 94.83 95.13 94.77 93.42
92.77 91.51 91.36 93.71 94.8
94.1 94.73 93.64 92.82 92.85
91.14 91.56 91.49 89.36 81.22
80.19 80.91 83.64 85.28 88.17
89.31 91.92 88.12 89.65 84.54
87.02 86.53 84.35 85.22 87.46
87.71 88.29 90.44 88.3 89.98
90.06 90.49 91.07 92.74 94.76
92.02 90.5 90.07 92.62 93.62
93.66 92.45 93.38 94.25 93.37
93.1 93.48 94.06 92.53 91.96
91.88 89.88 90.55 87.65 87.15
86.54 84.79 85.25 80.86 66.63
59.97 63.41 64.29 67.88 68.55
79.56 85.52 87.57 89.3 86.47
80.77 69.96 65.52 65.68 65.52
66.18 71.53 73.84 77.95 81.06
82.04 80.42 78.61 71.7 65.9
67.36 67.88 66.52 67.06 75.79
73.36 73.52 71.85 70.27 71.88
65.26 60.53 54.63 50.26 51.27
48.4 43.68 35.91 41.98 40.67
37.94 38.77 39.99 37.28 44.69
37.02 42.75 38.64 42.2 36.57
46.78 44.11 40.85 48.8 47.63
49.99 42.23 37.8 38.81 33.39
39.11 37.49 37.1 39.57 38.04
33.66 37.57 42.67 34.99 37.8
39.38 35.22 38.02 33.71 35.3
34.36 31.13 33 32.21 35.17
34.02 38.07 39.75 40.16 37.97
36.07 34.18 36.15 41.11 34.2
35.14 30.34 44.39 37.95 36.89
36.12 36.64 38.75 38.05 38.95
41.13 44.09 48.93 44.75 47.84
48.81 52.17 47.6 44.32 41.1
45.31 38.84 37.39 34.49 34.48
32.44 35.42 31.48 34.97 30.49
36.25 28.05 31.37 32.25 32.52
30.88 28.76 36.98 34.01 33.2
34.54 26.22 36.53 26.28 34.31
34.51 34.63 33.77 29.24 32.39
41.13 36.15 33.52 37.24 33.72
32.21 37.66 34.47 32.37 36.71
34.18 28.39 29.27 28.57 28.12
31.41 30.67 29.12 32.45 32.94
39.16 35.15 37.7 42.52 45.59
54.12 51.1 44.2 51.2 53.62
52.02 50.72 58.6 61.77 55.45
49.46 47.71 47.98 45.98 38.17
43.95 41.16 42.14 39.72 33.4
38.11 34.37 33.7 28.84 33.66
31.84 35.92 40.74 55.94 60.96
64 70.25 73.9 75.56 78.65
81.7 81.49 82.56 83 84.37
85.23 85.04 85.76 85.89 83.85
85.28 86.51 83.92 82.45 78.34
78.05 82.45 78.7 79.15 80.31
77.29 70.59 73.07 62.62 59.13
63.01 57.14 55.4 50.79 46.88
36.81 30.61 31.84 29.27 31.85
29.75 29.42 35.6 33.17 37.59
39.64 43.74 46.83 45.03 48.34
51.59 46.98 40.76 41.7 35.65
39.87 34.05 38 34.53 30.15
32.79 27.26 28.14 30.31 29.31
31.03 32.9 35.83 37.32 40.93
39.34 37.05 39.7 42.27 39.23
40.24 36.81 33.79 35.15 38.65
37.27 39.15 51.77 59.44 71.58
68.07 75.41 82.03 85.01 87.76
85.91 85.07 90.71 90.38 87.76
89.06 89.23 88.43 87.74 87.63
85.18 83.2 84.87 84.79 81.44
83.9 82.76 80.03 70.67 60.81
59.95 55.31 56.17 52.72 38.07
39.74 34.81 28.87 32.72 31.98
32.54 31.55 36.63 40.34 39.86
39.66 40.14 41.39 55.61 51.04
55.17 57.11 56.63 59.48 61.18
56.33 67.57 78.81 79.28 80.18
81.68 87.17 85.36 85.9 86.97
88.59 87.44 87.32 86.52 86.68
83.9 84.14 82.48 80.38 78.76
73.72 73.9 72.13 70.54 65.88
62.54 63.12 69.11 72.03 73.28
74.5 71.91 79.19 83.7 82.73
82.38 85.49 85.86 84.01 85.69
86.6 84.32 84 87.15 84.87
86.61 82.24 79.57 81.28 84.8
85.1 85.94 85.47 84.17 83
80.35 85.15 88.41 83.9 83.64
86.49 86.03 82.07 84.1 85.54
81.07 78 80.02 78.36 74.86
71.06 68.35 64.77 61.81 57.51
49.29 50.88 43.5 56.53 54.68
58.06 61.09 62.83 66.75 68.04
68.84 72.2 74.31 73.99 73.87
75.75 71.21 76.78 75.68 72.39
67.83 70.41 71.86 75.02 70.19
76.19 76.09 76.78 76.69 78.34
78.1 79.74 81.14 79.47 73.93
72.05 62.66 53.14 45.14 48.27
45.42 32.24
