93.95 94.09 94.92 94.7 92.43
87.94 84.76 80.78 79.36 76.24
76.67 83.33 87.43 90.35 91.9
93.12 91.33 92.5 93.85 94.34
94.29 93.73 91.27 88.07 83.09
70.16 59.41 53.07 44.52 41.52
48.23 42.76 41.38 49.64 50.42
56.98 67.46 69.03 68.83 74.82
86.28 88.74 92.41 93.7 93.33
92.54 92.42 93.56 94.57 94.3
94.88 95.16 96.49 97 96.96
97.09 96.88 96.88 96.65 95.53
93.87 91.14 92.56 91.77 91.42
94.24 94.62 96.58 96.88 96.5
93.75 92.37 84.24 75.58 62.95
52.29 46.16 41.49 39.87 37.99
33.57 37.39 34.15 32.8 30.59
28.6 27.44 31.47 39.57 40.03
38.93 39.98 47.23 47.88 59.83
64.84 72.31 73.58 80.97 87.53
86.86 90.48 87.01 86.87 90.92
92.63 95.79 95.95 96.25 94.19
93.97 87.79 85.86 86.67 88.15
90.98 94.08 94.52 94.33 92.12
90.35 86.94 82.25 78.34 75.48
72.13 73.62 78.41 84.89 87.39
90.55 92.39 93.67 90.1 88.74
87.69 91.51 93.5 94.49 95.19
95.33 96.77 96.86 97.79 97.68
97.43 96.73 95.41 94.07 94.97
95.11 96.79 97.65 97.51 97.63
95.61 94.74 93.27 93 90.96
86.48 89.32 91.2 93.29 94.8
96.08 96.01 96.4 93.92 89.77
90.16 86.66 87.49 83.16 88.88
93.29 94.98 95.53 96.74 95.77
95.33 93.23 91.05 86.74 85.97
87.31 86.84 91.42 92.47 94
95.53 95.81 94.49 91.87 88.26
70.65 38.61
