57.8 63.82 63.63 76.39 82.37
80.12 80.56 84.42 87.6 86.45
91.08 88.94 88.91 88.61 88.45
90.55 87.43 89.98 90.91 90
91.5 89.44 90.09 90.17 90.57
91.82 92.56 92.96 95.17 94.97
95.61 96.49 96.96 96.91 97.56
97.25 97.44 97.43 97.85 98
97.94 98.3 98.2 97.99 98.1
98.16 98.2 98.28 98.41 98.32
98.4 98.37 98.4 98.27 98.33
98.56 98.48 98.48 98.53 98.6
98.4 98.4 98.52 98.5 98.46
98.33 98.43 98.43 98.53 98.43
98.46 98.52 98.18 98.26 98.26
98.19 97.96 97.82 97.83 97.39
97.6 97.73 96.35 97.49 98.01
98.12 97.97 98.06 98.39 98.38
98.34 98.41 98.64 98.6 98.52
98.65 98.7 98.57 98.55 98.63
98.63 98.6 98.6 98.65 98.53
98.61 98.63 98.53 98.52 98.49
98.56 98.45 98.5 98.47 98.39
98.13 98.27 98.21 97.84 97.32
96.99 96.81 95.78 95.09 94.74
94.4 93.68 92.21 89.48 82.16
77.1 55.23
