81.21 86.35 92.05 92.44 93.11
93.79 93.01 90.16 86.36 71.12
68.23 63.03 64.9 72.72 81.61
84.8 85.47 86.69 87.91 91.1
90.73 87.2 90.6 91.88 89.58
89.19 93.22 91.84 88.31 86.56
92.42 90.04 87.15 90.78 92.09
87.06 89.13 89.73 86.78 89.19
89.98 86.64 87.99 84.41 84.54
85.88 86.97 83.82 81.73 76.76
69.13 58.15 51.62 47.48 38.52
31.79 31.88 29.97 31.41 31.64
28.94 28.31 33.69 27.27 32.63
27.36 33.39 27.97 34.07 32.92
32.62 37.44 31.92 35.36 34.62
30.5 33.27 37.88 41.91 34.2
32.57 31.31 37.71 34.34 35.29
27.21 27.33 31.33 26.42 28.16
28.79 25.04 28.4 23.66 28.14
24.55 24.43 24.58 24.43 28.23
30.22 28.96 30.14 34.32 31.12
31.33 31.77 41.15 34 36.86
39.93 39.35 44.72 47.98 48.29
45.69 38.74 42.84 35.73 28.92
29.93 32.86 25.26 24.63 22.71
23.26 25.04 25.5 24.64 28.43
26.01 25.55 30.44 32.55 42.34
46.24 53.37 58.49 58.23 57.13
69.19 68.97 70.42 75.5 76.01
78.69 77.71 76.97 77.61 75.7
74.54 73.65 69.9 66.31 63.59
59.18 71.45 73.39 80.66 81.37
80.39 81.23 85.35 82.86 77.15
72.7 59.44 50.33 37.23 40.7
39.66 43.21 48.06 45.17 52.03
57.75 67.44 77.7 85.21 88.36
90.1 90.91 90.54 92.93 91.73
92.36 90.96 89.59 82.74 72.53
66.35 62.84 58.62 56.02 58.72
62.39 65.63 79.97 85.99 89.22
90.97 92.59 91.98 93.56 92.21
92.29 89.75 85.91 83.29 85.55
89.81 93.53 95.17 95.01 95.45
93.56 92.85 89.73 84.24 79.49
76.5 74.27 72.86 72.62 74.83
77.19 80.68 82.87 85.77 83.12
89.61 92.81 94.26 95.38 95.52
96.17 94.91 93.7 91.04 87.3
84.11 74.31 77.99 85 90.67
92.96 94.4 95.22 96.05 94.93
94.21 91.58 89.27 87.77 90.18
90.64 92.68 92.22 90.22 87.68
86.98 87.63 89.1 91.83 91.17
93.53 93.64 93.58 94.72 93.68
93.12 93.6 94 94.96 94.36
93.12 93.07 93.31 91.82 90.28
88.89 89.19 87.72 81.94 63.92
60.88 61.74 64.45 70.19 78
79.29 76.38 84.75 88.71 88.84
92.9 92.62 88.07 84.94 83.41
89.84 92.9 86.6 87.65 93.28
93.19 89.68 93.95 95.73 92.31
92.45 94.7 93.86 90.97 90.25
89.16 86.51 87.16 87.2 86.72
85.66 87.03 82.2 83.49 85.81
88.35 87.2 87.31 89.82 93.09
93.2 94.74 96.65 97.05 96.71
98.07 98.45 98.13 98.44 98.58
98.37 97.89 97.51 97.81 96.74
94.98 94.82 96.17 95.17 93.34
93.05 94.85 93.48 93.42 95.71
96.71 97.59 98.17 98.61 98.53
98.57 97.61 95.56 96.43 93.52
93.87 96.1 96.63 97.88 98.34
97.72 97.84 98.34 97.74 96.69
96.53 96.33 97.87 97.45 97.39
97.83 98.09 97.19 96.17 92.84
90.31 92.03 90.88 90.31 92.35
94.58 92.41 91.99 93.93 91.34
92.28 92.01 96.42 97.32 97.81
96.22 95.25 93.13 91.58 91.67
90.02 91.37 92.95 91.24 91.22
90.51 95.65 96.35 95.73 94.87
96.92 97.72 98.5 98.58 98.73
98.01 96.62 93.61 93.92 92.54
92.65 95.04 97.03 97.03 97.08
97.96 98.16 97.73 97.73 97.99
97.58 97.11 96.89 95.96 96.4
95.35 97.57 98.01 98.6 98.71
98.49 97.87 96.97 92.77 92.18
93.99 93.45 93.74 93.94 89.5
87.04 88.85 91.19 88.74 86.01
86.05 81.41 81.79 85.3 85.75
87.67 90.81 93.08 93.52 93.65
95.82 96.1 95.51 95.91 97.75
97.18 96.68 97.55 98.04 97.51
96.85 97.45 97.47 98.31 97.57
97.63 96.66 96.25 95.57 93.71
94.34 89.5 90.86 85.14 85.65
82.56 91.13 93.8 96.07 97.8
98.35 98.42 97.83 93.99 94.68
97.07 96.79 96.86 96.7 95.39
96.45 96.41 95.88 95.17 96.04
96.29 96.35 95.81 95.78 95.86
95.08 94.89 95.34 93.76 91.89
90.87 86.7 71.06 58.23 36.85
35.28 32.48 26.23 29.04 27.33
26.75 27.33 24.98 28.82 28.71
29.58 28.49 34.8 25.38 28.46
27.87 27.24 27.46 28.36 27.36
27.88 30.23 32.38 30.83 30.93
29.18 31.2 29.77 30.35 29.69
29.83 32 25.44 30.37 28.98
23.37 28.52 25.72 28.09 24.36
25.61 24.54 30.99 26.21 30.58
27.52 26.68 29.34 34.18 33
46.62 57.93 70.99 85.32 90.06
87.63 82.5 79.8 83.77 78.75
80.1 79.43 75.47 75.18 67.54
61.89 56.72 55.94 55.84 64.3
62.62 66.06 69.15 77.35 84.11
83.1 85.85 88.92 86.29 87.52
90.71 90.42 91.66 91.94 92.07
92.05 92.02 91.1 91.56 90.81
89.66 76.05 55.5 40.85 39.19
34.16 28.55 27.95 26.34 27.19
28.91 28.7 30.85 30.68 32.4
40.84 51.66 71.97 84.83 84
82.02 86.4 88.37 89.5 91
92.81 88.93 88.53 90.82 90.59
89.27 90.43 89.77 88.66 90
86.45 87.96 86.59 85.82 85.13
83.18 82.29 78.39 74.77 68.88
53.58 64.45 81.55 86.49 87.04
82.85 86.72 88.22 84.57 83.39
87.01 85.93 88.7 90.51 92.34
89.31 88.44 85.07 82.44 82.46
90.33 91.97 92.05 91.41 88.56
86.62 83.2 79.97 72.88 62.68
51.15 44.8 40.08 44.89 42.17
41.16 39.69 46.09 46.68 47.34
47.12 46.25 47.05 48.34 52.01
57.16 62.24 70.54 81.81 85.77
83.65 85.72 90.12 90.89 92.15
91.14 89.25 88.1 89.43 89.43
88.26 86.94 88.71 89.35 86.1
85.16 85.04 84.22 82.16 85.27
85.86 85.78 88.06 88.82 92.12
87.92 86.01 85.64 88.93 86.06
84.68 77.56 67.67 60.38 47.69
40.14 34.5 33.2 30.97 27.76
35.09 39.48
