70 83.47 90.32 91.95 92.14
92.15 91.37 94.15 93.22 90.22
91.44 93.87 93.62 92.19 94.41
96.07 96.44 95.76 96.4 96.76
97.07 95.97 96.78 96.91 96.47
96.01 95.73 95.49 95.55 97.41
97.27 97.58 97.86 97.48 97.46
96.41 95.73 96.37 96.85 95.74
97.59 97.56 98.49 98.45 98.2
97.86 97.16 97.09 97.39 98.36
98.6 98.51 98.05 97.51 97.39
98.22 98.16 97.54 97.81 98.34
97.51 97.05 96.5 96.14 97.19
96.93 96.83 97.72 98.01 98.34
97.79 97.48 97.09 93.78 94.63
95.39 94.14 96.53 95.86 95.64
96.17 97.24 97.3 96.44 96.25
97.36 96 94.45 93.3 95.62
97.3 94.82 94.95 95.93 94.3
93.74 94.66 95.99 94.88 92.43
92.75 92.62 92.82 88.69 91.13
92.76 91.89 92.68 92.06 90.54
95.06 93.59 95.49 96.64 97.1
97.41 96.99 97.41 97.77 97.4
96.86 96.67 97.24 96.18 96.24
95 95.39 94.62 94.18 92.32
87.15 87.13 79.02 75.76 70.27
67.09 69.26 63.05 55.7 53.05
52.89 44.79 34.85 39.94 35.58
46.86 43.46 37.37 45.68 43.2
38.13 45.11 40.39 45.89 49.95
49.1 51.61 51.88 55.11 52.29
55.8 56.08 55.81 56.89 59.7
58.43 59.06 59.28 60.94 61.16
60.5 60.55 59.44 59.55 58.3
59.85 58.19 59.37 52.54 49.75
45.1 48.65 51.19 44.65 44.13
48.35 36.06 43.02 40.67 39.3
50.14 38.78 43.75 41.5 38
39.99 37.39 42.31 39.55 43.63
39.19 42.2 37.62 39.08 42.48
47.99 47.02 46.13 45.01 43.18
44.74 46.02 43.16 44.82 44.68
59.71 59.24 57.24 49.48 49.65
47.85 50.07 47.82 52.09 44.18
43.26 49.23 43.47 43.57 44.1
35.99 42.21 36.7 40.79 39.33
41.64 42.05 48.33 45.44 43.03
47.52 47.74 55.96 52.64 66.11
55.58 49.18 49.5 47.25 52.14
42.55 44.54 45.82 53.01 45.76
36.77 43.94 46.73 52.33 51.54
52.81 44.27 47.3 43.2 48.51
44.73 48.05 45.09 41.56 33.38
35.54 34.43 34.06 32.56 33.62
28.85 36.59 40.62 39.79 42.64
40.94 48.1 40.36 47.36 40.53
38.3 38.23 40.7 34.72 37.7
39.43 41.49 38.82 36.62 35.55
40.15 46.93 47.61 46.22 57.1
66.41 67.85 66.57 68.58 67.52
71.35 68.89 65.78 66.18 51.7
47.42 45.22 43.66 46.24 44.56
39.14 40.13 38.94 45.26 38.73
43.08 53.79 47.3 50.03 49.18
59.85 55.37 46.54 60.47 51.06
43.18 55.4 43.51 43.19 49.42
55.56 48.29 43.23 45.94 46.98
44.64 50.64 49.67 48.69 54.38
43.78 53.2 57.35 52.43 59.33
44.61 53.78 50.18 45.45 51.44
50.55 49.11 55.08 58.5 54.51
52.3 49.49 51.89 45.84 43.88
54.02 52.57 49 45.29 59.67
58.05 62.2 58.08 47.52 49.51
52.53 52.97 47.63 49.15 51.75
47.6 44.81 42.77 56.63 50.34
46.98 54.99 52.69 44.57 46.07
51.94 50.7 48.33 59.51 46.56
42.84 41.83 47.8 48.42 44.54
47.04 46.01 42.11 48.71 49.93
41.5 44.86 47.78 44.19 39.35
48.67 46.48 39.97 45.74 42.96
46.82 49.86 42.23 43.3 45.33
53.3 54.4 55.21 52.83 57.76
61.18 56.12 56.33 56.17 49.95
55.19 42.35 48.23 40.32 42.36
42.94 45.16 47.28 46.56 53.12
39.78 53.12 45.28 42.04 45.96
38.82 47.19 47.34 47.55 46.98
37.49 42.22 40.96 42.19 40.78
43.82 47.31 39.44 48.93 47.5
50.37 44.6 57.26 48.29 58.27
58.23 42.4
