40.51 41.48 33.13 37.64 36.41
39.87 39.11 36.21 37.63 34.52
38.23 35.63 37.57 38.21 36.57
37.31 37.32 37.86 37.61 40.12
48.07 40.66 37.73 38.76 40.01
36.51 44.07 37.45 38.8 40.04
36.33 41.09 38.46 46.82 52.16
44.55 40.47 44.81 46.45 50.43
46.7 54.8 60.32 63.45 71.29
84.24 89.23 90.55 91.48 93.17
90.81 92.77 94.84 95.65 94.42
93.59 93.64 93.18 92.75 91.8
87.24 89.4 93.03 93.08 93.73
94.64 95.89 95.83 95.67 94.14
93.51 90.29 90.37 90.41 90.39
92.54 95.17 96.17 96.75 94.98
92.92 88.25 87.13 90.84 93.66
93.74 92.03 89.08 90.95 92.08
94.22 94.03 92.7 90.97 86.88
81.52 82.52 74.78 77.29 75.74
75.85 75.11 77.23 82.07 90.03
92.28 94.26 95.82 95.96 96.03
95.07 92.99 92.55 90.74 88.39
87.18 87.27 83.36 75.31 68.08
56.65 53.13 58.79 71.82 83.94
90.45 93.19 95.16 96.43 95.97
96.7 95.46 94.37 91.14 89.04
89.18 91.21 94.15 94.14 95.79
95.24 94 94.86 94.71 92.75
92.84 90.68 91.08 92.6 92.88
93.68 93.39 92.19 93.01 94.26
91.74 93.49 94.08 96.26 95.64
94.61 93.5 94.25 93.44 92.59
88.92 87.12 89.02 90.38 92.51
93.94 95.4 94.8 94.98 94.15
94.13 94.42 92.02 91.35 90.73
91.89 91.76 92.65 92.83 93.73
94.51 96.17 96.48 95.59 94.13
93.43 94.62 93.81 93.28 88.63
86.35 86.24 87.33 87.98 88.45
92.36 92.94 90.53 91.19 87.91
84.3 83.34 89.74 92.66 94.31
93.32 93.84 88.67 91.28 92.29
93.94 90.73 92.58 93.97 95.03
95.58 96.91 97.17 97.39 96.48
96.55 95.95 94.26 91.71 91.82
91.68 93.32 95.53 95.7 95.89
96.19 95.47 96.1 96.76 96.56
96.21 95.75 95.19 93.91 92.5
91.39 91.37 90.48 94.25 92.89
93.04 92.56 93.21 92.89 91.75
92.29 89.23 89.93 90.27 85.79
82.75 82.13 82.18 87.93 90.07
90.83 92.67 93.06 95.01 93.93
95.41 94.64 93.3 92.58 89.72
91.02 92.09 93.3 92.43 90.44
88.35 89.82 90.8 93.4 91.41
91.48 90.92 91.24 92.9 92.88
92.95 92.36 91.37 91.81 89.37
87.35 82.23 80.37 81.65 83.76
82.42 87.24 86.07 88.57 90.68
91.39 91.32 92.4 90.78 89.98
90.19 87.17 85.83 85.78 81.26
79.3 79.61 79.65 84.67 89.28
90.77 93.68 92.07 94 91.53
89.64 88.24 82.7 87.78 85.27
87 82.88 80.79 79.72 82.35
84.8 86.4 86.53 87.29 86.01
85.9 90.3 88.46 90.38 87.61
86.37 83.47 83.14 72.2 69.47
64.93 64.49 67.88 52.85 48.79
45.7 42.99 38.21 42.54 40.51
38.46 43.54 44.69 37.04 37.66
37.05 34.25 34.38 34.53 40.1
41.54 50.55 56.62 59.67 63.56
65.86 70.68 75.36 78.84 81.87
82 86.31 86.16 89.05 88.51
90.95 90.16 90.47 90.82 92.12
92.26 90.28 90.51 91.59 89.23
88.49 87.17 87.15 83.79 85.56
80.61 75.04 66.57 56.07 49.7
45.26 43.24 39.16 40.3 40.94
37.49 32.94 38.05 38.37 34.48
37.41 39.03 33.73 33.74 29.55
34.43 29.76 33.98 32.96 27.14
35.11 30 32.1 32.16 33.02
39.2 33.17 31.68 38.94 35.3
32.63 30.55 30.23 30.75 32.11
33.22 33.45 37.44 29.77 28.04
29.78 35.63 35.63 29.26 34.17
33.06 32.95 35.78 31.23 37.24
29.35 32.91 28.12 29.46 32.23
26.81 31.39 27.66 32.75 26.71
29.8 28.45 27.94 31.79 29.2
30.45 31.51 33.9 27.82 31.54
29.2 32.13 30.05 27.07 29.8
26.08 31.59 25.75 32.24 29.81
30.81 30.42 32.47 34.77 33.1
34.87 34.63 33.54 35.6 33
33.65 31.76 35.49 34.25 34.59
34.72 35.41 32.78 32.86 35.61
32.3 36.25 38.49 33.41 32.02
36.19 37.83 35.78 32.6 31.49
31.19 35.63 31.59 32.96 32.48
31.26 35.11 29.31 33.07 28.15
30.8 29.34 28.36 30.79 27.21
31.98 28.09 27.87 31.3 29.37
25.13 28.35 27.7 37.19 52.36
54.02 67.47 82.99 91.57 94.45
94.24 93.05 95.39 95.82 94.05
95.09 94.64 94.49 94.81 95.14
94.65 93.77 93.02 90.08 86.31
91.28 91.36 95.13 95.62 96.89
96.8 96.99 96.27 94.7 93.35
95.47 95.25 93.49 91.59 88.51
92.32 94.39 95.23 95.07 95.42
95.56 96.31 94.25 93.62 89.4
81.03 71.77 69.89 70.8 73.76
70.62 70.33 71.93 65.26 66.13
68.28 76.53 83.76 90.83 92.95
93.89 94.21 92.86 93.35 95.11
95.36 95.85 92.76 93.15 91.27
87.85 91.09 92.65 93.97 93.73
93.86 96.88 97.51 97.93 97.62
97.07 95.23 95.94 95.09 94.94
94.01 93.37 87.51 77.93 62.14
75.37 83.02 90.06 91.64 93.94
94.57 96.18 94.61 94.48 89.56
79.3 76.53 75.88 74.26 83.79
87.61 90.92 92.1 93.46 95.27
94.47 92.45 90.18 92.9 92.47
90.33 86.04 88.03 92.08 93.43
96.18 97.27 96.8 95.63 94
92.49 91.51 92.54 94.34 95.66
96.84 97.87 97.93 97.19 94.51
93.12 95.79 94.53 95.41 95.88
94.96 94.9 93.94 91.65 89.68
84.71 72.57 74.63 80.4 84.71
90.49 92.79 93.33 95.6 95.82
95.42 97.1 96.99 96.85 96.24
94.07 93.17 88.03 85.98 86.54
87.21 89.99 92.99 93.41 93.22
93.8 95.27 96.39 96.91 97.24
96.36 94.69 93.28 94.31 93.37
92.87 91.24 91.41 92.83 91.07
88.46 92.77 92.76 90.57 91.82
94.23 91.34 92.54 92.59 91.29
91.77 93 94.56 92.05 90.37
93.01 95.44 96.77 96.22 95.9
94.81 94.17 92.89 90.49 89.92
90.71 94.1 96 96.45 97.58
97.6 96.23 95.09 94.37 93.46
92.31 92.19 91.34 91.62 92.47
94.43 93.59 93.53 93.1 89.93
89.65 91.12 91.12 94.64 96.67
95.68 94.99 94.03 92.24 89.23
90.14 91.32 91.28 87.54 82.2
73.17 77.66 78.59 86.15 92.13
95.06 95.99 96.31 95.5 95.13
94.62 94.81 93.88 92.29 91.67
89.59 89 89.75 88.96 90.87
91.74 93.73 94.36 95.88 96.18
97.15 97.58 97.36 96.77 94.24
90.03 90.41 91.61 94.26 96.58
96.14 95.61 93.66 91.31 90.35
87.55 84.41 80.35 60.18 51.67
44.03 40.98 37.69 33.1 32.67
39.9 33.14 31.57 37.23 33.28
26.25 29.37 29.74 39.68 48.04
63.3 73.41 87.92 91.51 91.98
93.09 87.05 85.85 86.86 88.43
90.34 87.65 88.55 88.61 89.41
88.12 87.85 91.49 91.57 90.37
91.46 93.3 91.05 90.64 92.89
92.41 87.1 85.69 84.53 78.9
83.3 84.71 90.16 92.19 94.39
94.73 93.78 94.43 94.79 94.22
92.18 91.83 92.56 94.21 93.14
93.26 94.08 94.38 92.93 94.55
95.44 92.32 90.18 92.4 90.93
94.77 96.01 96.26 95.87 97.03
96.64 95.19 95.4 95.25 93.89
92.53 92.32 89.9 83.21 72.37
61.29 58.62 56.91 66.16 78.26
80.81 84.92 88.1 86.55 87.03
89.12 89.24 87.53 87.52 87.37
81.85 76.78 66.38 64.18 62.73
67.2 66.82 61.59 65 60.33
61.89 54.98 47.72 31.59 32.25
