49.24 43.33 47.06 43.07 50.18
38.29 37.84 37.92 31.95 32.85
31.9 32.74 33.77 33.81 42.29
46.98 60.19 70.37 78.26 77.65
79.67 83.81 87.7 83.17 85.86
87.99 87.76 85.06 84.01 82.15
85.64 83.98 89.22 89.92 89.04
90.59 91.72 91.16 92.86 92.08
92.22 93.37 91.85 91.94 91.36
91.63 90.29 89.42 90.47 89.41
90.69 89.06 87.72 87.11 91.67
90.78 89.4 88.09 91.14 91.85
90.1 88.42 89.86 90.48 88.9
84.82 88.68 89.65 86.23 84.85
88.88 86.95 88.13 82.48 83.08
85.8 84.32 83.15 85.02 83.73
83.83 83.7 84.94 80.51 82.36
78.31 83.76 85.61 87.29 87.35
88.36 90.1 89.47 88.88 87.11
86.32 82.96 76.97 67.93 59.96
49.33 39.09 33.58 38.82 45.21
39.62 41.57 39.07 31.92 37.26
40.67 44.15 47.35 43.12 39.74
42.07 46.67 41.82 41.34 37.31
44.05 35.72 33.26 41.91 32.75
36.31 36.83 37.46 39.59 38.33
38.59 38.51 49.52 39.29 35.39
39.83 38.56 39.63 41.72 43.55
40.25 40.6 37.84 37.12 44.38
46.3 36.2 39.88 40.22 40.45
41.92 41.74 42.49 46.04 44.28
36.92 47.66 40.92 40.74 44.35
44.69 46.45 48 42.12 43.93
43.24 37.94 44.81 40.42 42.06
45.88 41.56 47.24 47.96 52.96
58.29 70.37 78.76 79.02 86.86
87.67 85.19 84.65 87.5 84.54
84.23 84.75 83.01 85.52 83.56
84.42 86.12 87.39 86.29 85.73
84.61 87.72 85.68 84.57 85.27
86.9 83.07 79.38 83.93 87.49
88.75 90.48 92.05 90.51 88.54
84.79 89.71 88.83 88.8 92.2
90.23 89.64 89.01 89.91 89.98
90.65 90.51 88.13 85.23 87.21
86 83.84 79.65 80.57 73.77
65.78 62.62 59.84 58.8 50.91
53 52.07 48.81 44.99 44.64
44.96 46.67 51.46 51.93 49.14
49.26 50.3 63.09 71.94 75.43
78.75 81.86 79.5 77.66 80.58
79.29 78.28 79.14 78.83 74.62
79.19 82.23 82.91 84.06 84.7
83.42 82.21 84.68 83.03 81.3
78.98 79.25 73.16 71.92 69.74
75.76 77.58 79.81 81.9 80.6
82.44 77.03 82.57 80.34 80.08
81.5 79.11 79.8 79.74 82.89
83.77 85.34 86.27 84.55 85.15
84.95 83.15 84.02 80.36 78.06
60.55 51.17 42.48 39.41 40.06
41.93 41.77 36.61 35.38 39.51
42.98 51.18 48.73 51.13 49.68
45.4 50.3 46.04 44.92 48.75
48.35 64.75 56.38 34.77 49.1
46.26 47.1
