50.41 44.35 55.25 53.34 45.4
49.7 47.18 44.21 47.09 45.15
53.67 50.04 37.85 47.57 46.21
41.46 51.27 45.35 55.95 56.14
64.58 64.88 67.29 67.25 69.82
66.9 67.54 65.25 63.3 64.61
61.56 56.8 58.02 63.1 64.6
68.35 67.08 68.07 64.93 67.96
71.79 68.18 67.89 66.09 62.24
60.52 58.56 60.73 66.3 67.9
82.09 84.64 83.77 89.33 88.73
92.25 90.38 90.34 91.39 91.41
92.28 90.36 90.54 89.53 93.06
90.39 88.09 89.47 90.94 85.92
88.61 87.44 88.36 80.58 74.66
62.2 58.16 47.41 41.96 37.25
40.58 36.78 41.33 35.36 36.11
35.9 36.46 33.26 41.61 38.37
38.22 40.1 43.81 42.34 42.78
45.55 45.55 49.99 47.26 47.39
49.48 48.54 47.63 47.23 47.77
45.32 46.94 37.78 41.73 38.14
46.14 47.06 38.42 47.81 44.66
52.61 36.95 53.3 53.21 38.82
49.86 38.11 46.72 49.89 49.97
49.99 44.45 52.2 43.09 50.28
51.13 57.77 52.33 44.69 45.54
42.53 41.01 39.88 37.74 34.85
44.54 40.1 36.16 41.21 47.4
48.83 52.12 51.3 50.59 46.05
48.81 48.3 42.71 50.96 48.75
45.45 39.65 40.26 42.3 42.33
38.79 47.43 41.5 49.41 40.75
55.57 53.48 62.13 68.49 65.72
74.99 74.58 72.49 73.78 68.76
71.31 71.06 74.28 75.8 83.66
86.45 90.77 93.79 94.44 93.63
95.08 94.86 95.54 96.39 95.44
93.66 91.04 89.4 85.17 82.91
84.85 75.41 76.92 76.16 80.15
75.11 73.39 75.37 72.27 71.3
74.2 78.89 77.07 83.91 89.07
87.72 88.86 91.05 93.97 91.33
90.96 91.87 90.7 91.99 93.62
92.68 93.3 93.93 93.68 92.36
92.61 92.87 90.95 88.37 88.82
86.16 79.75 73.32 61.66 59.42
52.38 49.75 50.7 43.41 56.48
51.37 53.79 52.33 52.58 52.88
52.98 54 58.12 62.97 71.75
71.64 77.09 86.22 88.42 85.75
89.74 92.5 91.32 91.07 93.54
93.63 92 93.12 93.15 93.59
94 94.02 93.4 93.36 92.85
90.53 89.56 88.38 84.34 79.89
75.55 66.53 60.52 54.5 51.21
50.31 55.58 45.67 48.9 52.53
60.44 72.27 85.13 88.09 88.2
91.34 92.82 91.27 92.54 94.33
94.7 93.62 93.27 94.94 93.97
92.52 94.18 94.42 92.74 94.67
96.45 96.79 97.16 97.21 96.77
96.43 96.18 96.33 94.7 92.86
93.38 91.88 91.9 94.35 96.19
95.12 93.12 94.54 95.37 91.84
92.03 93.3 91.48 85.87 89.64
89.43 84.81 79.66 81.74 83.43
86.31 84 84.64 86.63 85
82.45 82.06 75.27 64.04 53.68
51.2 50.65 52.74 57.39 52.27
50.71 55.28 57.63 57.6 60.7
64.49 65.66 67.76 72.71 78.62
71.16 66.71 76.87 77.15 71.89
74.06 76.88 71.5 70.67 65.19
59.71 60.07 57.62 50.44 44.63
45.78 47.3 54.42 52.58 57.36
47.58 34.48 45.56 38.18 44
45.51 37.93 44.95 44.64 46.38
47.34 45.96 44.08 46.83 40.83
40.61 43.9 42.07 39.16 41.22
41.35 48.65 40.62 39.57 41.19
42.08 44.97 42.09 38.99 40.45
41.9 38.91 46.57 36.01 39.8
39.24 46.59 35.04 43.81 36.7
35.71 37.04 34.48 37.51 37.44
37.42 40.66 33.3 42.43 41.46
33.6 35.61 32.25 39.63 40.59
40.73 37.66 37.88 36.18 43.76
41.79 42.96 42.4 50.45 41.22
45.5 44.59 46.76 50.02 36.92
41.33 36.14 40.42 36.24 38.41
40.84 41.42 38.22 40.09 39.9
41.21 35.61 46.11 42.68 43.47
49.53 45.24 52.48 51.66 45.76
52.05 47.17 45.82 45.56 41.62
41.29 52.89 48.53 47.12 42.26
45.72 44.82 47.19 44.36 50.15
49.52 49.45 46.15 48.21 45.02
42.11 47.2 51.64 43.81 50.01
41.7 41.29 46.77 37.85 51.28
39.28 50.58 42.23 42.97 49.43
42.58 54.37 49.93 58.42 53.1
63.67 52.5
