44.39 59.98 53.8 60.09 58.7
63.74 65.77 54.52 60.69 63.33
57.99 55.91 59 57.85 55.74
53.86 62.79 69.29 80.44 87.26
91.11 93.42 93.04 92.87 93.35
90.79 87.53 87.23 88.88 91.98
93.91 94.81 94.95 94.51 92.72
91.72 90.77 87.83 86.75 84.12
80.57 88.81 87.07 89.09 89.9
89.2 92 91.51 93.16 93.99
92.42 91.81 89.96 87.75 83.23
77.86 68.23 77.09 69.6 75.88
77.66 79.71 83.18 82.03 82.81
86.03 89.93 91.91 92.41 93.82
94.26 93.41 94.53 95.03 93.72
93.33 93.08 93.47 91.53 91.39
92.97 93.63 93.71 93.05 89.9
92.46 93.74 92.78 92.16 94.81
94.1 92.57 95.38 96.55 95.02
96.13 97.83 97.58 97.04 97.62
97.62 97.2 97.2 96.37 96.42
94.78 95.07 94.12 93.83 92.88
91.46 89.2 83.65 86.12 82.51
76.1 72.66 69.03 62.61 54.31
51.64 51.69 57.24 56.08 58.92
61.23 65.49 70.19 69.4 69.93
71.48 71.03 73.19 75.61 73.9
73.36 71.32 75.99 78.47 73.96
70.75 73.25 74.3 73.04 79.8
79.94 82.15 81.83 79.72 76.99
72.24 78.17 80.39 82.37 81.75
84.86 84.85 83.71 82.2 79.62
78.16 76.42 63 55.06 51.75
49.12 44.76 40.76 43.51
