61.64 88.96 95.36 95.54 96.64
96.33 96.33 94.95 96.01 97.45
97.93 97.85 96.73 96.03 94.67
94.93 94.41 93.01 93.52 93.32
92.15 91.31 88.21 91.16 90.46
86.6 79.42 66.46 55.84 41.24
39.05 32.31 31.47 32.98 32.55
32.27 33.85 27.82 31.99 27.15
33.81 29.75 33.66 32.11 27.69
32.88 30.82 36.46 34.35 35.16
34.17 37.99 37.43 35.02 38.1
33.65 32.22 33.67 27.3 35.21
29.26 32.29 35.61 28.27 35.14
29.14 36.45 30.68 35.66 34.45
40.99 38.79 34.11 38.94 37.76
31.73 34.21 36.03 42.61 49.94
59.86 69.39 80.48 88.87 92.47
94.31 94.89 94.99 94.65 93.52
91.67 92.01 92.64 88.43 87.52
80.55 80.39 78.28 78.39 65.4
58.48 55.11 50.27 50.5 44.51
41.82 36.79 34.9 39.11 35.71
36.35 36.96 38.74 39.24 39.83
37.8 38.46 36.03 32.98 29.18
33.1 29.78 30.86 27.86 30.52
28.61 33.07 28.26 35.32 30.24
35.26 29.99 34.39 34.9 41.3
42.81 52.24 62.39 79.01 81.76
88.49 89.64 87.86 89.14 91.46
92.98 92.81 92.4 94.38 95.22
95.92 95.39 95.73 96.22 96.35
96.25 96.43 97.36 97.2 96.98
97.43 97.6 97.18 97.33 97.79
97.2 96.9 96.86 96.65 95.34
95.35 94.6 93.32 93.37 94.01
89.73 82.62 73.22 62.16 57.67
48.76 46.33 46.1 49.57 38.6
48.76 48.71 53.71 59.27 61.26
66.63 56.72 52.4 54.41 49.32
56.42 78.12 88.44 86.21 85.33
85.85 88.39 86.01 84.69 85.5
84.49 82 78.61 73.4 67.55
66.93 61.11 59.6 53.95 63.72
65.21 77.63 86.98 88.22 88.95
86.61 80.18 78.5 74.75 76.44
76.09 75.53 76.32 78.36 76.02
76.1 81.49 84.37 83.81 84.85
90.05 93.83 94.6 94.96 95.31
93.03 92.3 90.76 90.51 94.25
93.78 93.83 92.47 90.46 86.57
82.63 85.39 88.75 92.02 94.03
94.96 96.1 96.03 94.43 94.81
96.27 96.82 97.17 95.78 94.81
93.16 91.41 90.92 88.68 89.62
91.1 90.1 91.31 93.47 91.99
90.91 89.2 84.94 91.68 95.34
96.95 95.37 97.18 98.1 98.23
97.75 95.91 94.99 92.65 91.71
84.79 76.2 69.82 65.55 60.32
61.69 56.42 65.84 61.13 61.5
65.8 77.69 84.95 90.31 91.79
92.67 93.15 94.43 95.78 95.37
95.07 95.92 95.14 96.24 94.14
94.13 96.13 96.47 94.13 90.34
90.28 95.22 96.82 97.98 98.34
98.44 97.92 95.93 92.05 91.58
91.8 93.07 93.96 94.89 95.3
95.86 97.06 97.46 96.98 97.13
97.39 97.56 97.83 96.68 96.32
96.95 96.21 97.17 96.26 97.42
96.73 97.71 97.92 98.27 98.19
98.21 98.05 97.26 96.76 95.74
93.31 93.81 94.7 94.86 96.13
94.23 91.6 92.85 94.04 93.55
90.13 82.99 80.13 88.23 93.47
95.41 96.78 96.05 97.16 97.7
98.39 98.28 97.34 95.67 94.59
86.32 71.69 59.91 47.89 38.23
44.82 36.29 44.06 34.89 42.66
43.31 48.93 57.05 60.27 68.44
81.78 90.27 94.73 95.65 96.11
96.99 97.76 98.29 98.23 98.15
97.31 96.19 95.29 93.32 91
88.54 82.61 86.08 92.38 94.56
94.39 92.99 95.28 93.04 92.54
94.45 94.14 91.96 90.36 91.71
89.7 85.38 84.68 85.37 91.36
95.18 97.03 97.83 98.09 97.72
96.19 96.29 94.32 94.29 96.53
94.67 94.36 93.91 96.6 97.74
97.86 97.35 95.19 93.11 93.04
95.1 94.48 92.71 93.74 94.78
94.24 93.36 92.31 93.1 94.33
93.61 92.18 88.55 72.98 60.83
52.29 28.7
