75.64 88.95 91.78 92.62 92.97
93.93 95.42 95.88 95.94 97.01
96.59 96.58 97.07 96.46 94.81
93.61 94.4 94.74 96.9 97.2
97.63 96.79 96.67 96.54 94.75
92.46 90.74 91.56 93.1 95.36
97.59 97.98 98.22 96.88 96.13
92.91 86.53 89.16 94.66 95.56
97.71 97.37 96.75 94.57 93.07
90.27 84.33 71.95 63.85 57.67
66.7 78.47 89.56 93.57 94.14
96.02 96.55 95.95 93.72 92.37
92.32 91.55 93.34 94.41 93.97
92.21 95.09 93.68 89.56 92.66
93.03 93.05 91.64 92.35 91.02
90.82 84.23 84.55 85.97 90.87
92.78 94.22 94.14 94.29 94.7
96.6 94.69 94.19 95.17 94.5
92.2 92.09 92.76 91.12 89.77
88.6 90.77 88.21 87.65 83.78
75.12 64.43 57.04 55.47 55.37
53.19 46.66 55.21 49.13 53.16
48.44 52.59 54.91 56.26 53.5
49.21 44.08 45.22 45.68 47.55
47.84 50.46 56.12 45.33 51.09
53.09 51.45 53.42 49.45 49.2
55.35
