61.47 64.84 57.71 68.59 63.46
64.68 66.27 59.54 73.67 68.96
66.94 67.56 62.52 53.27 58.41
50.24 55.03 54.07 50.27 54.41
49.44 60.55 56.33 63.76 53.61
64.42 55.84 61.59 60.85 62.74
47.96 54.47 58.29 48.13 53.36
46.39 46.15 49.1 50.41 54.04
51.67 49.56 50.75 52.27 45.69
48.61 55.61 48.58 52.09 53.95
48.29 58.1 41.49 49.13 42.96
42.33 39.76 45.17 47.09 43.76
44.23 37.93 42.21 39.94 41.39
40.13 39.56 44.83 52.75 58.99
52.33 61.21 56.14 63.44 62.7
58.12 54.52 60.16 55.29 55.06
50.19 49.34 54.32 53.74 50.59
58.68 59.51 66.76 82.09 89.81
90.99 89.49 93.06 93.59 94.07
94.8 94.07 94.57 94.7 92.53
91.88 91.75 87.73 86.04 79.14
74.94 64.43 49.67 50.28 48.13
39.41 44.85 39.36 46.66 47.97
40.48 42.37 47.53 46.51 44.77
48.27 37.23 45.08 38.12 44.11
43.28 51.65 42.19 47.29 52.51
39.77 50.3 42.49 38.59 39.44
45.25 54 46.78 39.43 49.34
52.29 53.21 52.91 51.52 51.02
51.82 46.55 34.2 46.67 38.72
50.89 44.09 46.12 46.12 40.07
53.8 49.3 43.25 46.75 49.86
43.99 46.23 43.91 42.83 51.34
51.5 40.42 49.33 46.85 51.71
50.9 45.22 53.88 53.88 50.85
57.52 63.25 73.78 81.35 86.5
88.19 88.56 90.08 89 89.65
89.7 90.16 90.82 87.18 86.36
77.58 78.1 80.29 83.92 86.42
88.21 89.88 89.81 89.58 88.47
83.23 84.97 79.88 88.16 89.4
90.48 89.7 83.32 85.43 87.09
88.58 86.67 87.34 86.75 85.99
71.64 65.03 62.78 63.61 66.18
69.23 72.34 80 84.33 86.39
90.74 90.12 92.9 92.45 89.4
90.96 89.93 92.8 91.74 91.21
86.6 83.73 82.23 79.72 85.93
83.43 87.13 87.21 88.75 85.58
86.66 88.97 90.64 91.58 90.71
91.35 91.44 90.96 89.16 85.05
88.24 88.65 92.85 91.25 88.63
86.46 86.57 87.7 91.11 88.15
90.37 90.52 92.12 90.29 88.81
87.41 89.98 88.88 87.03 88.39
89.79 90.47 87.77 89.1 90.3
89.24 85.66 88.25 89.07 86.79
82.08 83.09 81.01 75.82 60.58
50.85
