31.84 31.72 31.34 31.93 30.47
32.29 29.99 33.62 29.28 30.93
31.12 28.3 33.33 33.65 34.2
35.13 32.02 32.03 33.49 32.53
31.41 29.88 36.17 34.32 37.11
37.54 36 39.88 43.5 37.98
42.21 42.44 45.45 44.29 45.1
47.28 50.23 48.37 51.31 54.36
56.16 57.97 61.82 67.73 76.9
87.88 92.53 93.03 94.29 96.01
93.81 95.53 97.59 96.44 95.83
94.41 91.69 83.12 77.7 76.92
89.07 94.32 94.91 95.91 96.58
96.44 95.54 90.22 93.69 94.01
95.67 95.98 95.72 93.27 94.7
93.99 94.13 94.48 96.42 94.49
94.17 89.7 89.73 91.83 93.77
95.08 95.66 96.6 97.02 97.68
97.61 97.57 97.61 97.83 96.89
96.38 96.26 93.21 91.65 93.79
93.98 93.88 92.74 91.16 93.47
96.91 97.61 97.83 97.64 96.73
96.93 96.98 96.94 95.47 94.67
94.82 95.2 93.3 89.56 89.85
92.9 93.74 94.73 93.71 95.98
96.3 95.33 96.78 95.6 95.16
95.37 95.5 94.23 94.85 92.89
91.57 92.62 95.9 94.83 96.17
95.73 95.22 95.52 95.12 94.84
94.07 95 96.23 97.08 97.09
97.64 97.75 97.91 98.15 97.42
98.22 98.24 98.49 97.7 98.14
98.21 97.33 97.6 97.9 97.26
97.1 97.9 97.16 96.04 95.45
95.79 94.7 93.35 87.71 92.24
93.25 92.32 91.31 86.7 87.18
85.09 88.04 87.65 90.96 93.55
93.11 95.23 94.82 94.79 96.04
96.63 95.56 96.94 96.05 94.71
95.37 95.09 92.9 93.73 92.16
92.8 94.13 94.95 96.09 95.56
96.39 97.55 96.19 97.14 98.44
98.09 96.83 97.41 98.22 97.27
97.9 97 97.81 98.55 98.57
97.83 98.03 97.87 95.71 95.31
95.97 97.19 98 98.3 98.49
98.37 98.5 98.7 98.67 97.93
98.63 98.2 97.52 98.19 97.11
96.58 96.93 97.46 96.47 96.67
95.2 94.88 95.15 95.89 94.71
96.17 92.15 90.48 94.61 95.35
94.51 95.51 96.05 97.34 96.54
96.8 98.04 98.28 97.89 98.29
98.61 98.31 98.1 97.9 97.72
96.59 97.32 95.89 94.54 93.95
90.27 84 67.58 56.41 54.26
47.91 47.51 46.39 46.56 48.35
51.72 54.27 45.26 39.36
