36.86 38.9 34.83 35.26 35.27
34.33 31.83 35.55 37.11 43.57
40.78 42.93 45.24 43.81 46.87
50.65 50.21 46.31 50.13 53.45
49.92 46.56 46.25 46.45 41.53
40.94 44.45 35.61 35.8 40.01
40.41 36.88 38.93 39.33 35.19
37.83 36.14 30.3 31.48 32
30.4 27.68 29.79 27.12 29.77
35.42 32.31 30.98 35.92 39.03
41.2 41.23 40.67 43.4 37.6
31.67 28.54 27.06 27.99 26.11
25.33 25.63 24.5 25.08 27.23
25.14 26.88 29.64 32.35 38.09
39.53 45.52 50.35 47 53.59
55.55 47.15 46.99 45.42 43.44
44.15 42.46 46.99 53.27 51.35
57.64 58.6 71.14 72.74 75.22
76.95 74.83 79.81 85.04 77.89
76.46 83.81 81.99 78.09 81.99
86.42 84.38 83.9 88.62 90.95
88.79 89.38 93.82 91.83 92.25
93.19 93.56 92.53 91.16 92.07
91.85 92.16 92.27 90.92 89.68
90.85 88.56 84.39 70.89 62.87
56.79 55.08 55.99 55.39 62.17
78.21 84.31 86.41 83.76 84.69
89.15 88.83 85.99 87.47 91.09
88.77 86.25 84.19 89.96 89.46
89.75 89.89 92.53 94.24 90.02
88.91 91.78 90.62 90.5 88.93
90.76 89.55 86.7 83.33 82.98
85.68 83.08 73.75 80.52 83.73
77.57 74.24 76.9 77.96 70.98
71.28 77.22 72.83 68.75 72.25
73.06 68.9 64.8 55.98 50.97
50.85 53.76 58.96 61.2 66.18
69.53 70.89 69.51 67.32 69.27
72.49 72.43 71.12 76.93 81.88
78.86 82.21 86.71 89.67 86.27
88.21 93.35 92.98 90.73 92.28
93.92 92 91.93 93.43 93.4
92.61 93.47 92.23 92.24 92.41
90.31 87.49 84.33 80.19 78.99
84.05 85.75 82.57 86.63 88.94
91.56 92.11 90.99 92.88 93.45
90.75 89.99 90.75 89 87.01
85.85 87.27 88.16 88.76 89.28
91.36 92.49 90.26 91.44 92.87
93.31 93.38 92.31 90.59 91.84
88.65 84.37 82.24 85.93 84.93
75.38 81.61 80.89 79.56 77.66
80.51 79.64 77.73 77.96 82.07
80.7 74.65 77.57 80.84 76.5
75.74 79.48 78.03 69.84 62.05
52.6 51.14 49.69 45.88 46.66
53.96 61.68 67.4 67.29 70.34
72.56 77.74 74.66 76.26 79.65
84.19 80.47 82.65 86.4 87.37
84.82 88.81 91.12 90.33 90.98
93.42 94.71 94.49 93.53 92.76
94.18 93.86 93.61 91.82 92.57
92.88 90.04 81.11 64.53 52.96
52.73 51.2 51.55 61.86 67.2
72.71 86.1 89.12 90.17 89.73
90.84 92.28 91.74 88.63 89.04
90.49 88.84 85.26 82.79 86.94
87.87 87.95 86.9 90.71 91.43
87.34 88.44 89.06 89.77 90.02
88.59 88.58 89.5 86.83 83.19
82.29 86.28 84.4 76.83 81.42
86.14 80.81 80.07 85.9 86.03
80.24 80.6 87.55 85.84 81.43
87.65 89.04 85.59 79.73 72.03
