32.36 31.13 27.67 27.59 31.05
35.25 24.39 27.05 29.19 30.18
27.43 25.79 27.88 20.24 28.24
24.23 21.07 26.14 21.05 23.4
24.01 22.74 21.84 23.69 26.92
26.6 33.57 38.89 33.08 30.6
27.99 28.57 27.97 29.29 24.98
26.72 26.86 25.89 27.6 30.65
28.01 25.75 23.85 25.24 22.74
20.96 22.28 22.82 20.61 21.68
22.34 19.88 19.89 23.27 20.94
24.41 22.6 23.76 25.67 23.4
23.28 22.16 27.76 23.24 19.62
24.17 30.41 21.38 27.66 25.5
21.12 30.79 25.93 27.28 21.68
24.78 20.6 23.7 27.74 18.57
27.9 20.42 21.83 19.95 26.84
20.93 22.71 20.02 22.65 23.73
19.21 25.29 21.62 21.89 28.71
23.43 25.12 29.23 27.19 34.74
28.17 29.96 34.88 32.11 37.09
31 28.97 32.67 41.44 42.03
51.06 63.67 86.97 94.83 95.46
97.06 97.2 96.75 95.88 97.56
96.36 95.47 95.71 97.2 97.32
97.16 97.16 97.93 96.98 95.98
95.95 95.17 91.54 93.61 94.1
94.85 95.91 95.53 96.39 95.88
94.97 92.97 93.74 94.32 96.31
97.61 98.15 98.63 97.89 97.34
97.9 97.61 95.81 95.66 95.41
95.9 97.03 97.9 98.28 98.44
98.42 98.02 98.53 98.31 97.19
97.19 96.43 98.12 97.08 97.17
92.52 94.4 93.3 93.2 91.42
87.94 90.38 93.7 95.55 97.56
97.43 95.98 96.13 97.3 96.5
95.64 95.61 95.46 95.61 96.78
96.79 98.12 98.04 96.98 97.95
98.31 95.71 94.81 96.43 93.66
88.77 91.79 92.82 86.27 84.32
89.29 86.94 81.54 85.56 90.21
87.85 88.29 91.46 90.64 88.9
92.26 92.43 90.31 92.34 92.01
90.76 89.5 92.1 95.66 95.79
95.99 94.21 93.36 89.81 89.22
83.61 81.96 75.77 70.73 67.56
60.06 61.73 53.69 57.03 51.85
53.75 56.94 58.15 62.07 67.09
77.43 82.74 85.85 89.48 93.48
93.46 96.07 95.04 95.29 94.2
94.28 95.78 95.02 95.06 93.27
93.46 90.13 85.12 75.97 67.67
65.59 56.36 56.44 57.09 58.3
60.76 65.43 71.36 81.72 84.92
91.95 92.12 93.78 92.74 94.16
93.46 93.62 92.16 91.73 91.97
89.31 84.33 84.07 88.69 90.34
90.93 92.97 92.11 94.51 94.09
95.75 93.39 93.35 96.33 96.76
95.29 92.19 90.43 81.19 73.54
68.25 68.26 71.93 82.78 87.51
87.52 85.85 90.08 91.3 90.2
90.52 94.65 92.46 91.11 93.91
94.26 91.63 91.12 92.18 93.93
89.31 88.91 83.49 81.92 80.3
80.87 76.14 82.46 83.59 87
90.48 92.16 93.64 95.68 93.77
92.49 88.27 83.32 75.8 79.53
85.61 86.53 91.77 94.66 95.12
95.82 95.12 95.18 92.64 90.64
92.41 95.01 96.95 97.38 97.61
97.2 95.35 93.81 90.56 90.06
87.6 85.32 86.77 85.64 87.6
90.04 91.42 91.99 94.4 95.1
94.42 94 94.74 92.08 91.33
90.37 90.36 90.09 90.32 85.55
85.89 86.26 80.99 74.95 69.67
71.17 67.16 58.39 60.97 58.51
50.67 47.52 47.51 48.57 44.02
46.85 45.04 41.1 51.37 52.43
57.05 71.8 85.36 87.2 92.09
94.84 94.22 93.84 93.77 91.92
89.72 85.91 87.19 90.7 93.61
94.29 94.05 93.65 93.64 94.88
93.47 92.18 91.91 88.69 81.75
74.76 81.95 84.45 87.6 85.87
91.95 89.55 91.74 90.36 91.46
92.98 92.09 93.33 92.41 90.88
90.74 87.29 87.37 82.52 83.41
89.56 92.31 93.87 96.19 95.72
96.27 94.44 93.33 93.24 89.41
86.81 87.12 85.66 84.03 84.74
84.33 85.59 84.51 82.88 81.59
82.77 76.76 68.9 65.55 57.31
60.34 58.67 60.73 68.21 70.86
69.41 71.42 79.09 75.48 71.67
73.15 69.4 69.39 74.42 86.92
90.56 90.19 91.5 93.46 93.18
94.51 94.49 90.71 90.02 83.11
77.28 71.04 65.51 66.44 68.4
73.57 80.83 85.34 88.57 89.51
92.48 93.07 92.79 94.46 94.96
94.79 95.12 94.79 93.94 95.68
94.77 93.03 95.08 95.8 96.21
95.51 95.89 96.4 95.28 96.31
97.56 96.98 95.74 93.71 88.02
86.28 86.72 82.67 70.42 66.69
65.48
