49.81 45.98 52.59 54.61 50.22
52.61 54.1 59.32 58.37 65.22
69.5 72.11 78.46 75.92 81.31
76.03 76.36 65.64 63 56.27
54.43 49.43 51.14 54.4 53.43
52.3 46.64 47.95 54.1 56.17
57.85 53.85 56.63 70.34 75.88
69.68 62.77 65.11 57.78 53.81
55.61 51.34 60.62 55.81 53.05
54.7 52.32 58.2 59.21 62.49
73.66 74.87 82.62 81.08 85.8
80.46 83.27 80.24 80.28 76.01
74.02 67.07 55.84 54.31 61.64
60.59 57.17 59.72 61.3 57.72
68.25 69.49 66.97 74.96 74.02
76.62 74.77 80.11 74.93 77.35
69.84 68.98 61.03 60.31 62.56
62.18 59.99 55.31 58.23 63.22
61.72 63.15 62.42 63.35 62.38
66.72 66.46 65.44 65.42 68.24
64.01 63.35 61.68 62.2 54.03
