29.23 32.31 29.31 31.48 31.33
32.24 27.96 29.78 31.68 36.03
31.77 32.5 34.86 34.1 30.75
33.4 35.66 36.35 38.14 40.16
32.99 36.57 39.6 39.32 39.61
49.06 50.04 54.52 67.69 68
62.73 76.62 80.04 77.45 78.83
83.36 83.21 79.23 84.35 82.39
82.75 75.43 80.72 82.11 76.26
73.53 73.54 71.62 55.9 38.95
40.85 38.35 36.02 33.48 33.15
34.45 32.02 35.73 36.85 35.92
33.96 35.09 37.18 33.53 37.02
34.7 37.1 35.79 31.88 37.9
34.66 37.78 35.69 38.33 37.56
39.98 37.89 35.91 37.22 37.62
41.74 38.03 32.89 46.16 37
34.92 40.8 36.57 37.84 37.65
36.15 36.11 33.48 36.44 35.1
35.14 31.93 33.9 33.01 31.13
32.92 28.98 34.42 29.85 33.57
31.21 37.99 33.81 32.14 30.52
32.31 31.51 27.6 28.13 27.5
30.04 28.25 28.1 28.34 30.79
30.17 27.02 31.26 31.35 28.09
30.31 28.83 32.89 30.75 30.6
32.28 35.71 32.12 28.77 29.14
30.7 28.85 32.79 30.48 34.76
30.49 35.51 36.97 43.08 44.55
39.51 36.32 39.11 35.22 38.72
35.31 37.14 36.04 40.03 42.39
40.1 43.23 42.1 53.03 46.89
51.14 52.82 48 49.41 45.31
51.68 53.15 57.09 52.35 56.01
56.27 52.63 55.07 54.01 55.96
58.61 68.42 72.79 77.25 81.61
80.48 80.59 76.48 81.21 81.06
84.12 79.83 78.37 77 68.58
68.81 68.95 67.38 67 68.38
79.2 82.79 86.1 85.82 83.48
84.33 83.75 76.43 83.55 88.06
89.32 89.42 88.97 90.46 90.91
90.13 90.63 91.51 91.31 91.33
89.71 88.66 88.49 86.66 90.32
90.51 90.01 89.48 90.6 93.57
91.54 91.81 93.88 94.41 91.87
91.34 92.15 90.6 86.78 84.07
83.45 77.84 69 68.2 68.32
65.57 66 63.95 66.23 63.05
67.74 71.17 79.76 85.93 88.96
93.62 94.26 93.89 93.59 91.28
88.12 84.95 83.54 79.53 83.35
87.31 91.81 94.26 94.41 94.88
96.29 96.8 94.56 94.51 94.95
94.94 93.38 91.32 92.3 90.6
85.51 86.8 85.47 88.6 91.71
92.42 94.95 94.19 96.79 98.06
98.22 96.83 94.63 90.38 88.17
88.63 86.07 89.14 93.83 92.45
90.39 95.27 96.3 94.71 95.22
96.99 96.33 94.49 94.3 94.44
91.48 88.87 91.38 92.92 95.21
96.05 97.35 96.82 97.22 96.14
93.95 91.12 86.98 90.21 94.05
94.32 94.63 93.94 94.69 95.35
93.35 92.68 94.5 94.15 92.93
91.6 89.57 87.62 82.56 87.93
89.02 90.29 92.67 94.58 95.76
96.23 97.84 98.02 98.19 96.93
94.73 93.72 92.37 94.45 95.43
94.64 95 95.51 94.6 93.54
94.42 94.09 91.65 89.43 93.47
91.48 93.19 88.46 88.47 92.24
90.75 95.26 96.83 97.83 96.04
94.26 90.3 89.88 85.13 83.54
86.04 84.3 76.18 73.44 69.6
61.49 66.31 81.76 90.95 91.8
90.72 91.94 92.72 91.18 90.64
91.32 89.92 86.38 77.83 62.16
58.2 55.55 54.63 53.84 58.74
52.76 53.74 57.28 55.01 60.69
64.17 72.55 63.71 64.21 60.48
57.58 64.64 66.7 68.07 70.3
67.52 65.37 64.88 64.11 62.56
63.76 67.71 76.08 82.04 89.3
92.93 95.25 96.58 95.33 94.98
91.22 86.27 83.52 82.51 81.49
76.04 81.22 78.84 82.6 83.37
82.71 84.94 85.02 86.21 87.35
89.55 87.91 88.07 91.05 91.79
91.54 91.47 87.57 80.76 68.4
56.28 47.65 48.53 34.28 31.41
31.62 34.96 29.61 35.44 30.53
30.27 29.29 31.13 42.64 42.87
53.77 66.52 73.53 74.9 78.89
76.68 76.81 81.66 86.36 89.57
90.73 92.41 93.21 92.59 91.34
89.9 88.77 87.15 84.47 88.02
91.38 91.74 90.66 91.91 92.67
91.76 90.47 90.27 91.96 89.41
85.16 86.4 86.68 88.39 88.89
92.3 94.93 94.63 95.64 95.73
94.91 91.01 91.16 90.62 91.28
92.49 93.56 94.11 93.14 94.14
95.26 93.49 93.41 93.63 93.7
91.77 91.48 88.24 85.67 90.53
94.12 95.48 94.58 94.03 91.67
88.44 83.4 84.97 85.53 84.42
80.66 85.06 89.87 87.41 84.86
90.8 92 88.76 89.75 92.91
92.05 88.93 89.95 88.95 92.34
92.54 93.39 95.25 95.01 95.59
94.19 93.06 86.97 80.16 80.31
80.04 78.03 69.56 78.22 74.58
80.24 79.12 82.41 90.75 91.75
94.19 94.6 96.01 96.03 95.76
94.01 92.22 91.12 86.55 87.13
87.08 84.44 88.15 90.27 87.64
86.12 90.73 89.1 86.29 88.08
89.93 84.86 83.64 76.85 77.19
84.83 88.97 90.15 92.71 94.06
94.85 95.07 94.92 93.91 92.59
88.38 90.3 90.19 89.02 89.39
89.6 90.39 89.17 88.17 87.78
85.63 83.34 77.31 73.5 71.85
72.01 69.78 72.46 81.89 83.88
88.23 82.44 77.11 76.36 69.29
72.3 73.67 77.35 78.47 79.88
83.53 83.34 85.81 87.46 86.96
88.16 89.55 90.44 90.12 89.62
89.73 90.84 88.73 89.42 90.63
89.58 88.07 88.75 89.42 87.29
84.91 86.6 85.82 81.97 81.69
70.32
