44.05 39.53 46.43 37.04 45.6
40.75 45.16 44.62 44 44.96
36.94 43.68 37 44.46 40.27
44.94 42.5 44.13 45.1 37.46
42.65 37.09 33.74 33.32 38.5
39.37 46.93 50.92 59.18 82.12
94.65 97.51 97.19 97.97 98.36
98.33 98.3 98.55 98.66 98.45
98.68 98.71 98.64 98.48 98.23
98.29 97.99 96.97 96.21 95.34
95.67 95.86 96.49 98.02 98.07
97.92 98.72 98.5 98.39 98.77
98.81 98.68 98.72 98.82 98.79
98.69 98.48 98.63 98.09 97.54
98.35 98.8 98.61 98.63 98.46
98.61 98.83 98.49 98.17 98.54
98.5 98.31 98.13 98.23 98.32
98.65 98.78 98.85 98.9 98.92
98.85 98.56 98 98.24 98.51
98.78 98.78 98.74 98.36 97.2
97.11 97.19 95.36 97.52 97.77
97.82 98.54 98.57 98.23 98.4
98.7 98.77 98.41 98.64 98.78
98.5 98.17 98.54 98.49 98.16
98.55 98.72 98.51 98.74 98.89
98.91 98.9 98.89 98.92 98.85
98.66 98.41 98.34 98.48 98.59
98.78 98.67 98.56 97.62 97.63
96.83 94.64 95.98 98.09 98.66
98.77 98.9 98.94 98.91 98.89
98.88 98.84 98.76 98.38 98.61
98.83 98.78 98.86 98.95 98.94
98.94 98.9 98.87 98.77 98.69
98.83 98.61 98.5 97.49 98.29
97.75 97.19 96.96 96.38 96.53
97.52 97.58 96.7 96.99 97.63
98.33 98.4 98.67 98.81 98.48
98.63 98.61 98.75 98.66 98.73
98.83 98.66 98.78 98.75 98.78
98.69 98.72 98.81 98.68 98.81
98.52 98.66 98.84 98.7 98.67
98.82 98.91 98.95 98.93 98.88
98.68 98.42 98.51 98.24 98.39
98.32 98.61 98.8 98.78 98.79
98.88 98.84 98.74 98.73 98.82
98.49 98.62 98.41 98.2 98.15
98.43 98.81 98.83 98.9 98.84
98.83 98.53 97.2 95.93 92.94
94.99 94.97 96.69 97.03 96.9
97.28 97.46 98.38 97.93 97.99
97.95 97.96 97.99 98.3 98.29
98.41 98.65 98.65 98.71 98.66
98.73 98.84 98.84 98.85 98.92
98.88 98.92 98.96 98.93 98.94
98.87 98.74 98.07 97.86 98.44
98.55 98.69 98.72 98.82 98.89
98.84 98.92 98.93 98.93 98.89
98.89 98.76 98.92 98.94 98.95
98.95 98.93 98.89 98.57 98.37
98.67 98.79 98.83 98.89 98.87
98.86 98.76 98.61 98.67 98.81
98.8 98.84 98.83 98.88 98.91
98.95 98.93 98.87 98.89 98.72
98.52 98.43 98.53 98.47 98.31
98.59 98.55 98.47 98.76 98.71
98.27 98.59 98.6 98.2 98.25
98.39 98.57 98.55 98.52 98.82
98.85 98.85 98.91 98.92 98.9
98.86 98.88 98.9 98.75 98.82
98.77 98.62 98.55 98.73 98.79
98.73 98.7 98.64 98.75 98.82
98.75 98.82 98.89 98.87 98.86
98.81 98.91 98.91 98.77 98.82
98.9 98.74 98.71 98.68 98.71
98.43 98.73 98.49 98.49 98.22
98.1 98.26 97.21 96.81 98.33
97.43 98.29 98.17 93.65 80.51
70.17 52.59 47.73 37.02 32.05
37.63 30.75
