36.83 40.59 51.51 57.15 59.29
72.76 84.13 90.43 91.46 93.7
92.48 92.67 94.75 94.81 92.62
93.23 94.97 95.04 95.35 94.72
91.56 89.8 82.79 78.14 74.02
64.39 66.99 73.61 74.88 80.94
87.27 88.53 88.35 87.72 85.96
88.19 85.22 85.48 86.8 88.17
91.15 92.6 94.37 94.11 94.98
94.8 95.94 95.18 95.44 94.81
92.56 90.77 86.25 87.64 90.57
93.19 94.14 95.34 94.72 95.32
95.31 94.77 91.12 90.65 91.42
90.71 93.23 92.44 91.47 93.03
93.96 94.09 93.25 93.31 88.29
86.39 85.79 85.01 85.38 85.98
90.47 92.53 91.6 92.41 91.83
89.75 90.46 89.24 91.41 93.36
94.9 94.6 93.84 94.65 93.08
94.14 92.87 88.08 82.47 84.51
84.1 88.85 90.18 91.79 92.55
93.72 94.62 95.54 95 94.87
92.26 93.38 92.12 94.61 94.73
94.57 94.27 94.91 94.15 92.96
93.22 93.58 92.53 92.03 92.32
90.78 89.8 90.78 88.13 88.52
87.07 87.98 86.3 84.85 85.69
84.02 80.29 81.98 77.45 75.36
71.15 65.52 59.15 60.85 59.91
55.97 58.02 55.22 56.38 59.41
67.04 60.5 58.06 65.96 62.89
67.65 68.09 72.61 69.2 74.03
72.28 65.48 68.43 56.75 55.52
58.13 51.88 47.92 48.48 45.28
41.72 43.32 42.04 47.1 51.69
45.98 41.39 41.88 41.43 40.31
39.96 38.7 41.74 49.67 57.09
60.76 55.05 59.99 51.82 50.44
57.45 46.34 44.92 49.54 51.24
45.21 52.56 51.11 55.33 44.42
49.46 50.83 47.07 48.89 45.36
47.24 53.75 43.24 49.7 46.97
51.28 50.87 62.13 49.63 45.43
56.81 43.73 38.7 39.3 41.66
37.25 38.5 42.79 42.82 54.2
48.38 60.69 51.52 55.37 46.21
56.24 51.08 45.55 51.3 51.99
47.85 56.25 41.64 51.01 45.53
42.11 44.32 44.78 45.75 42.14
42.03 44.43 41.06 45.81 46.68
55.64 56.81 57.87 54.08 54.03
52.97 48.99 38.19 42.26 41.61
45.23 40.97 43.75 41.36 44.48
46.34 46.36 47.79 43.57 53.1
51.61 39.27 57.58 52.17 41.6
