62.52 71.31 69.83 66.39 56.95
63.88 55.13 57.14 61.26 59.91
63.62 68.37 78.99 85.58 90.24
93.03 90.84 94.54 94.29 94.83
95.82 96.62 96.03 96.49 96.91
97.01 96.27 95.64 96.05 96.28
95.96 94.5 93.14 94.05 93.12
91.05 89.82 91.88 90.27 87.81
87.17 85.43 81.15 83.33 78.78
67.44 76.19 66.76 52.99 45.84
44.83 43.15 46.25 46.57 44.28
37.37 44.97 40.13 49.37 46.12
43.56 55.39 41.98 50.71 54.7
55.49 56.68 60.12 62.34 76.81
84.91 86.92 88.32 87.06 91.06
92.48 89.44 88.32 89.02 88.61
88.53 89.21 88.73 87.59 87.34
86.04 85.5 86.03 86.68 81.89
80.98 77.6 76.47 65.87 57.68
59.06 52 48.36 45.78 43.62
39.05 52.83 38.09 50.48 42.79
42.01 52.82 40.75 40.22 44.29
38.54 41.79 43.41 48.53 42.02
39.96 49.74 58.4 60.24 62.54
60.56 61.74 64.95 60.54 51.74
53.26 48.11 51.79 62.83 62.87
68.44 67.62 67.1 65.66 66.35
66.94 63.34 60 58.88 58.99
57.61 54.13 57.08 54.26 45.23
52.15 47.53 40.44 55.79 57.49
41.53 50.29 47.12 53 57.31
57.81 62.56 66.28 69.99 79.06
81.27 84.38 88.55 85.57 90.01
87.2 88.02 88.18 87.55 89.06
88.63 88.74 83.75 79.99 70.84
70.03 58.83 50.73 44.45 42.08
46.91 33.49 47.62 42.71 39.4
39.43 40.19 42.94 53.14 36.19
46.04 40.44 40.37 39.36 37.21
43.87 36.95 44.84 49.3 46.84
52.75 43.54 39.51 42.8 45.68
43.7 47.37 45.06 41.46 43.68
54.83 48.04 54.91 45.57 41.8
54.44 44.55 46.96 50.31 36.43
42.81 38.01 56.02 41.81 33.4
44.13 36.98 37.13 46.1 35.23
34.69 41.67 39.81 44.71 55.26
52.97 51.87 52.29 53.62 45.67
35.54 52.68 45.47 50.72 56.31
39 51.24 46.31 49.49 45.82
39.05 51.96 45.22 49.49 50.31
49.54 45.02 43.75 48.15 50.14
41.52 45.09 55.25 46.34 43.88
47.9 46.89 44.06 52.59 48.82
53.72 55.28 51.61 48.17 49.1
53.6 48.14 50.67 45.67 53.33
46.66 49.39 44.75 51.2 59.52
53.66 57.23 45.23 53.73 60.71
56.82 48.63 46.72 56.24 55.37
46.02 63.2 50.21 53.82 54.72
55.21 60.21 64.4
