37.39 34 36.79 45.36 42.19
40.18 36.85 36.46 42.71 36.78
36.81 43.8 39.1 41.83 41.64
37.98 39.91 38.44 36.76 36.57
35.62 34.43 31.53 32.74 34.64
34.37 34.57 32.86 36.2 36.03
33.94 36.31 35.57 34.9 33.54
31.94 32.09 32.5 32.6 31.72
33.96 37.24 34.18 37.43 36.33
35.23 36.37 42.32 43.81 38.54
39.34 37.18 34.68 37.34 34.02
34.32 29.72 30.13 33.12 29.15
33.71 28.75 42.99 33.32 32.82
33.43 32.3 34.41 33.89 31.2
36.22 33.54 38.43 34.7 36.18
34.9 31.54 31.55 28.82 32.57
27.14 34.99 29.51 29.36 32.53
27.96 31.31 28.52 31.41 28.56
27.99 29.2 33.27 28.22 38.62
34.38 34.2 28.93 34.03 30.74
30.69 29.66 30.15 30.29 31.18
29.38 31.29 33.05 31.74 31.47
30.07 31.77 32.91 33.28 33.23
28.84 32.88 32.36 39.63 37.32
31.16 37.38 40.95 39.11 38.31
40.55 36.85 40.34 37.39 41.48
35.66 33.99 33.53 32.77 35.93
30.75 34.84 33.42 34.23 40.93
35.42 30.74 29.92 30.13 29.34
28.34 31.1 29.49 28.11 27.12
28.33 32.22 35.51 41.18 40.23
54.68 54.96 66.95 84.38 87.65
91 91.46 92.99 93.27 95.05
95.23 94.4 96 97.36 97.62
97.15 95.73 92.55 83.29 76.62
74.13 77.06 87.47 93.89 93.97
95.61 96.35 94.28 95.49 95.81
96.63 97.41 96.35 96.08 96.76
96.5 94.96 95.01 94.55 93.59
91.98 90.72 88.56 86.45 82.49
78.81 55.96 44.77 32.91 33.15
32.76 30.73 32.25 36.19 40.37
42.08 39.3 40.52 40.28 39.77
38.58 37.49 47.51 40.66 37.71
45.45 40.88 43 43 40.11
38.27 40.72 41.69 41.93 46.29
43.36 41.99 40.63 39.26 37.08
37.01 36.18 35.11 36.26 35.33
34 38.95 34.7 40.87 37.55
41.69 39.62 38.67 47.73 47.93
57.89 64.63 71.21 84.81 89.3
93.01 94.62 93.77 94.23 91.8
87.66 90.79 93.37 94.74 95.11
96.63 94.63 93.03 90.87 90.5
92.57 94.2 94.57 93.37 94.04
94.06 93.68 91.97 86.75 83.3
79.16 83.29 86.32 93.19 94.96
95.68 94.91 96.64 95.67 96.38
96.31 95.75 93.55 88.95 87.99
91.07 93.7 94.11 94.77 93.1
92.36 92.36 92.31 92.55 94.35
94.49 95.08 94.96 95.64 94.91
95.29 94.28 94 93.6 90.39
92.06 89.95 86.58 85.17 76.54
67.37 57.17 47.41 40.36 42.47
38.15 44.04 34.21 38.72 35.57
39.55 41.67 52.59 42.9 54.87
59.23 73.67 81.65 87.59 89.82
90.51 92.28 90.47 87.26 84.17
81.73 86.7 90.25 92.44 92.09
93.69 88.64 87.19 86.61 84.88
89.34 92.48 92.55 90.52 87.13
80.79 71.4 61.56 49.79 49.76
51.22 48.7 52.55 54.03 52.72
55.23 54.27 54.89 58.17 55.07
55.75 39.67 42.75 41.55 36.97
38.58 35.04 49.34 62.79 77.37
88.17 92.4 94.44 94.3 94.64
94.32 95.26 92.86 91.74 91.91
94.45 92.75 89.26 88.31 86.75
87.99 84.38 83.95 83.75 90.73
92.14 95.18 96.7 97.95 98.45
97.72 97.14 93.62 89.51 84.68
77.34 78.53 74.55 67.88 73.34
75.06 81.49 87.32 92.15 91.48
90.69 92.35 95.17 92.97 93.05
94.26 94.32 91.9 93.01 93.54
89.68 90.85 90.95 88.87 86.16
86.36 82.59 83.04 74.64 70.7
67.82 68.86 76.61 86.93 93.14
94.41 96.7 97.05 96.21 95.69
93.09 91.11 87.48 83.81 82.27
85.94 82.6 83.97 82.86 81.46
81.1 84.9 84.05 83.49 86.22
87.92 86.69 86.04 85.43 86.34
84.26 82.96 81.92 82.14 84.77
81.98 78.28 79.62 81.05 77.19
75.69 82.37 84.95 88.06 88.37
88.41 89.88 90.03 86.91 85.87
79.02 78.56 87.13 89.37 87.15
90.6 91.74 92.44 91.44 93.19
95.63 95.8 95.28 95.86 97.63
97.24 96.94 97.47 97.69 97.15
96.43 96.02 95.74 94.56 91.62
92.43 92.72 92.35 94.04 93.22
91.92 91.65 92.31 93.93 95.7
97.28 98.12 98.42 98.2 97.97
95.61 94.28 93.94 96.05 97.46
96.32 95.54 97.2 95.98 94.03
94.6 93.89 90.59 88.4 85.71
80.51 76.16 71.36 69.49 67.84
67.2 68.8 66.68 69.05 68.92
66.07 64.07 61.55 60.15 58.48
56.12 55.65 56.98 55.72 61.2
49.08 69.87 79.1 79.46 82.78
77.85 77.76 81.77 85.02 77.6
79.57 85.69 82.55 77.22 84.45
85.04 80.13 80.53 86.45 84.58
78.42 83.9 87.26 80.45 80.08
83.82 81.89 74.34 76 76.78
68.94 58.2 55.07 52.81 41.96
48.31 52.89 59.83 75.49 86.98
94.18 93.49 94.31 93.93 95.94
95.93 96.95 97.84 98.08 98.17
96.25 94.3 95.76 95.69 96.32
95.14 94.19 93.27 92.96 91.72
88.07 86.83 84.04 87.17 86.18
86.85 80.39 80.12 80.99 82.33
86.83 88.42 88.51 85.66 89.73
91.33 89.77 89.84 87.76 89.37
93.51 92.22 93.42 96.01 96.86
97.54 97.17 95.53 91.88 89.92
87.68 89.97 88.31 89.25 93.62
95.99 96.62 95.24 95.32 93.87
91.97 91.57 91.17 90.87 88.62
91.73 91.42 90.51 91.25 91.96
93.45 94.02 93.51 93.17 91.67
90.49 88.58 88.86 84.66 73.27
74.73 80.8 82.05 84.97 88.2
81.03 80.39 81.43 74.79 79.31
81.58 81.57 77.25 71.04 58.73
50.17 45.03 36.28 38.02 33.85
38.34 36.05 39.37 36.03 36.56
37.82 36.21 39.19 35.93 35.43
39.44 30.35 33.26 31.37 36.19
36.88 34.15 31.92 33.45 30.98
33.39 35.92 33.66 31.9 37.56
37.93 34.2 33.92 37.83 41.38
34.11 41.22 34.85 35.49 32.89
31.72 39.58 31.49 28.33 29.88
30.1 30.77 33.29 28.88 35.28
27.06 30 27.37 27.53 31.56
30.91 28.77 29.51 31.62 28.68
30.12 28.88 32.82 35.85 34.16
34.87 34.95 30.22 34.35 32.55
30.26 33.24 33.66 33.52 33.56
36.88 35.98 36.9 35.44 37.12
33.76 37.41 34.78 36.53 33.01
38.37 31.7 32.01 26.49 30.16
30.63 30.97 29.06 31.38 32.91
28.74 34.16 30.13 30.19 33.4
36.7 35.62 37.26 36.54 42.57
39.94 45.67 48.42 51.74 51.78
52 49.78 48.81 48.08 47.58
50.19 45.81 47.42 46.2 46.53
45.21 40.15 44.87 38.98 34.69
31.26 34.43 30.34 30.08 34.37
30.4 41.03 38.32 54.48 68.78
78.55 83.43 85.32 83.43 87.29
92.96 94.1 96.19 95.93 94.79
91.37 83.49 71.95 62.4 49.58
48.97 59.67 57.17 61.9 55.93
57.73 61.48 60.04 60.24 79.13
83.25 87.95 83.91 87.45 91.92
91.51 90.11 92.49 93.38 93.95
94.74 94.29 93.34 94.45 94.87
92.95 91.16 91.45 90.46 86.79
69.61 53.43 47.42 38.51 39.65
34.8 36.72 34.81 31.18 34.49
35.15 42.4 42.24 45.43 48.17
