43.7 33.97 31.85 37.41 35.3
38.76 29.56 33.21 26.66 30.3
26.71 27.25 29.48 27.81 30.12
33.09 29.68 31.56 40.42 45.51
50.63 66.39 83.49 85.5 85.12
85.82 89.25 91 92.12 92.22
94.05 93.64 92.78 93.94 95.11
94.39 93.11 93.19 93.53 92.37
90.54 92.06 94.9 94.59 94.59
92.66 91.17 89.87 88.74 94.23
96.85 98.07 97.93 96.88 95.37
94.42 93.28 92.05 88.05 82.63
88.49 92.93 94.13 96.74 97.72
97.75 97.99 97.67 95.95 93.74
88.13 88.8 92.5 92.92 89.91
92.56 94.67 95.97 97.11 98
97.75 96.32 94.55 94.07 92.67
94.29 91.24 94.72 94.15 94.89
93.09 91.58 88.82 87.89 90.25
94.19 96.78 95.69 92.31 91.18
91.21 92.62 92.25 91.13 93.03
96.02 94.5 91.01 90.74 93.89
94.37 95.21 95.1 95.75 96.47
97.14 95.48 95.99 95.91 95.54
95.39 96.44 95.84 92.97 94.82
94.34 93.29 92.01 90.67 87.91
82.75 72.96 56.64 47.96 40.42
35.21 34.18 37.24 37.59 28.43
33.9 28.33 29.99 30.16 35.68
32.79 29.38 33.15 33.95 30.09
32.92 31.69 36.89 29.93 34.6
36.49 36.71 35.63 36.83 36.56
36.72 38.63 39.32 37.69 33.35
34.92 29.75 32.14 30.75 27.97
26.17 27.27 24.92 25.57 29.12
30.01 26.41 29.32 26.65 30.97
24.92 33.79 27.11 26.86 30.5
28.92 33.3 29.34 33.76 32.18
33.79 34.01 33.81 37.51 42.02
43.85 42.29 39.89 40.47 44.48
38.58 38 38.98 39.22 43.8
40.98 40.44 42.01 39.72 38.12
34.93 38.74 35.6 31.21 32.76
35.94 41.26 43.43 42 55.78
64.39 82.13 85.21 87.84 88.65
87.21 83.48 84.11 85.46 86.6
86.39 85.37 83.73 85.57 85.74
87.04 89.38 91.96 89.67 91.28
90.73 89.12 92.37 92.39 89.77
89.52 94.25 93.91 92.92 93.94
91.41 91 90.68 89.5 88.05
88.64 89.13 87.33 90.06 89.94
90.99 91.14 93.12 93.19 93.1
93.33 94 93.1 94.27 96.22
94.8 93.33 95.67 95.99 94.45
93.61 96.71 96.78 94.32 96.76
96.32 96.1 94.32 96.18 95.86
95.84 94.89 97.04 95.53 96.17
95.44 96.37 97.27 97.1 95.66
97.26 96.8 94.59 96.77 97.21
93.32 93.31 96.14 95.98 89.84
94.91 96.13 92.91 92.54 96.6
96.49 94.35 94.97 96.89 94.18
93.47 94.95 96.22 90.26 90.59
89.78 91.18 87.2 87.07 89.12
91.74 90.49 90.66 92.53 94.55
94.91 94.85 95.61 96.17 96.48
97.56 97.69 97.83 97.46 98.16
98.16 97.48 97.97 98.01 97.41
97.27 97.53 97.12 96.38 96.74
96.91 97.3 95.32 95.87 94.7
94.55 93.82 95.39 95.19 95.92
95.49 97.05 95.87 96.85 96.52
97.83 96.86 97.75 98.03 97.57
98.03 97.85 97.48 97.4 98.14
97.77 96.81 97.81 96.95 96.3
94.49 95.62 93.3 92.86 92.19
90.01 88.42 87.08 83.99 74.81
69.25 58.89 54.93 47.66 38.69
44.72 34.88
