44.1 42.27 37.37 46.89 50.66
47.35 40.87 36.14 38.96 34.3
32.65 37.6 37.5 38.03 34.98
39.22 39.67 32.29 37.06 39.89
39.18 37.83 40.03 38.46 37.66
38.22 38.01 47.63 46.94 37.62
40.89 39.53 39.26 40.32 43.57
46.74 44.73 42.61 43.96 41.67
37.82 41.43 44.96 37.42 43.11
34.7 47.65 47.44 40.41 44.8
39.52 43.38 37.94 42.46 36.6
39.53 40.81 45.96 36.75 38
41.83 45.2 44.09 38.95 45.88
39.5 43.81 44.3 39.59 38.98
40.8 37.62 31.04 33.81 35.37
45.25 36 37.11 35.74 34.83
33.13 33.51 33.38 35.44 37.01
41.99 38.57 37.84 42.39 42.09
52.85 53.78 45.98 37.75 46.8
40.55 35.73 41.38 39.5 33.26
37.01 31.22 37.74 36.5 37.83
34.68 34.93 31.01 38.4 32.83
37.32 34.96 29.94 36.44 30.4
30.83 35.59 33.52 38.03 32.03
34.36 35.64 35.97 39.53 34.11
33.29 39.46 32.02 40.15 35.39
36.29 34.09 34.68 37.44 38.72
34.56 36.96 35.29 36.32 39.67
39.84 42.61 40.32 34.29 39.31
37 39.11 35.02 41.87 40.05
37.96 41.88 50.7 41.16 43.05
39.08 40.45 36.47 39.7 34.46
38.17 39.92 39.65 38.16 34.73
54.57 62.84 53.53 63.06 60.44
53.27 53.31 59.13 50.57 55.33
47.51 46.63 52.47 43.17 45.74
53.48 47.09 43.45 44.38 42.05
53.21 39.81 37.57 41.27 33.91
36.64 41.15 39.4 43.9 40.44
45.08 38.58 38.9 39.45 39.98
35.7 39.77 34.18 36.66 32
37.47 31.28 34.13 35.35 32.99
38.17 37.61 34.84 44.24 37.65
35.23 32.21 38 31.63 36.42
30.96 34.54 32.57 35.29 29.7
28.7 30.31 31.21 26.93 31.37
30.33 27.84 27.99 29.35 31.7
29.23 35.86 31.92 30.51 35.26
28.1 31.18 29.01 32.01 31.15
33.56 30.86 39.04 28.82 33.61
28.36 31.83 30.07 30.23 35.47
32.09 34.45 39.41 26.91 31.7
31.68 34.19 33.49 32.17 36.69
37.54 32.21 42.64 34.89 36.79
35.08 38.06 33.85 35.64 33.11
30.84 35.8 37.84 36.89 40.2
32.67 47.63 52.4 41 50.52
46.55 45.07 49.63 44.11 47.58
45.75 45.71 42.02 39.1 37.99
41.44 38.64 37.2 39.2 36.79
41.05 34.26 44.35 42.59 29.04
38.02 36.2 30.57 36.06 33.33
38.56 39.06 34.83 36.39 32.37
30.5 39.93 36.58 33.28 38.18
39.54 35.56 34.05 36.28 34.5
36.04 33.1 42.28 37.18 34.08
39.72 38.76 38.29 36.9 35.16
28.54 29.09 32.05 38.15 38.94
30.99 34.81 35.12 41.94 40.18
58.26 52.13 48.99 56.26 52.79
58.39 62.36 59.49 65.24 61.5
59.47 62.49 62.94 55.08 50.05
45.59 36.6 34.72 35.84 32.43
31.18 34.44 31.15 33.64 35.37
34.2 34.49 36.72 41.93 47.08
54.43 59.4 53.28 54.78 57.77
62.97 64.81 54.34 50.03 50.52
51.01 43.98 45.13 37.96 37.85
32.91 29.64 33.93 29.84 31.16
30.56 33.26 31.85 31.76 35.8
33.29 35.94 37.71 36.74 31.36
36.75 33.79 31.91 35.45 36.97
44.38 44.44 45.12 42.2 46.49
40.34 41.81 41.84 37.3 40.75
40.38 37.06 38.83 45.41 36.16
31.04 38.55 37.78 31.92 33.14
34.84 29.89 36.26 43.96 47.2
61.77 67.85 85.95 93.41 94.25
94.69 95.63 96.15 96 96.03
94.88 94.47 94.28 92.97 89.46
90.39 92.14 90.92 92.37 92.51
93 94.12 94.78 94.09 93.52
95.54 94.9 94.4 95.37 94.1
95.64 95.83 94.72 94.39 92.2
91.15 84.98 78.73 80.2 74.38
74.43 68.27 68.02 76.45 80.13
84.4 84.92 79.82 84.42 91.07
93.86 95.15 95.27 95.97 95.48
95.5 93.8 92.65 90.54 92.49
94.88 95.18 93.31 94.72 95.83
94.23 93.66 94.52 95.12 94.57
94.26 92.7 90.2 87.53 92.77
95.34 96.69 95.52 94.62 94.57
92.66 90.33 90.16 90.29 91.38
91.96 91.65 93.56 94.12 96.09
96.17 96.71 94.81 94.83 95.41
94 92.76 93.18 94.34 95.01
95.01 95.95 94.67 90.51 86.52
81.24 82.81 78.78 80.56 85.26
86.23 87.09 90.8 93.31 95.18
95.96 96.14 96.64 96.01 94.68
95.5 93.28 92.27 92.34 94.25
95.38 96.73 95.66 95.29 96.09
96.11 94.94 94.44 95.02 95.2
94.85 94.1 95.75 94.55 93.71
95.78 95.38 96.68 97.13 96.54
97.03 95.4 94.59 91.43 90.43
88.68 90.03 91.95 94.13 95.21
93.36 93.97 95.96 96.43 96.4
96.69 96.51 95.83 94.07 92.12
93.35 95.54 95.41 96.18 96
96.33 96.26 95.45 95.04 94.7
93.38 95.44 93.8 91.76 91.49
87 82.73 84.41 85.64 86.98
90.83 93.04 94.69 95.73 96.54
96.44 94.41 93.9 92.46 90.03
89.14 83.73 86.43 90.21 91.08
93.58 92.91 93.68 93.74 91.48
88.71 91.71 88.9 84.55 85.65
86.34 87.82 90.06 91.41 90.64
92.77 93.84 94.04 92.25 92.22
91.56 91.08 92.52 93.04 93.22
93.87 93.97 93.53 92.25 93.33
94.33 93.98 93.17 92.85 92.15
93.45 90.6 88.92 84.68 85.73
89.64 87.46 89.5 93.2 90.46
90.4 89.09 83.42 64.34 52.7
46.64 42.27 36.21 37.83 36.18
37.88 33.02 37.35 32.88 35.65
31.25 40.97 31.11
