33.93 32.61 32.02 38.72 34.51
35.96 36.15 42.98 31.35 37.4
28.19 33.29 32.36 35.98 32.89
35.01 34.2 30.86 32.56 31.99
30.11 34.24 29.64 35.59 31.73
34.17 32.86 31.63 32.34 32.2
33.31 35.47 34.08 33.05 30.69
31.96 31.15 32.3 32.33 32.93
32.45 33 32.97 31.32 33.11
31.11 29.48 30.65 34.21 30.16
31.37 29.23 32.34 33 33.87
31 29.63 29.64 32.78 30.52
38.17 30.97 38.5 34.93 35.78
46.06 53.76 62.82 84.38 86.03
89.56 90.67 91.74 93.64 91.64
91.97 92.11 92.3 89.98 90.25
91.26 89.15 87.97 81.07 79.39
84.64 91.32 89.37 91.84 93.18
94.04 94.41 94.69 94.68 95.47
95.23 95.05 94.78 93.81 91.76
88.1 90.14 91.9 92.65 90.19
87.44 83.92 82.53 87.9 90.41
89.56 92.15 87.28 89.52 90.48
91.3 94.03 95.4 93.85 94.46
95.36 93.58 92.39 94.17 93.44
90.99 91.79 92.86 91.66 92.99
92.93 94.02 95.29 95.31 95.59
96.38 96.17 96.13 95.29 96.45
96.15 95.08 94.13 94.51 91.54
88.24 89 89.41 88.56 92.99
94.01 92.35 92.97 96 93.69
91.61 94.18 94.65 96.2 96.67
95.9 94.53 95.05 95.3 94.16
91.56 92.19 88.61 89.81 92.32
91.29 90.11 92.82 95.23 94.5
94 95.8 96.13 95.66 94.88
96.11 96.91 94.69 94.44 95.28
94.89 93.3 93.71 94.47 95.15
94.41 95.49 95.78 96.31 95.76
95.46 95.61 95.32 94.03 93.51
93.05 93.17 92.43 89.63 88.89
87.62 88.47 91.5 90.94 91.24
89.79 91.4 92.17 90.22 91.57
94.2 91.88 90.28 94.37 92.51
90.03 90.24 91.71 89 85.33
81.38 78.07 83.37 89.29 89.11
92.93 95.53 96.13 94.56 94.24
89.47 87.04 86.38 88.22 91.32
94.06 95.55 96.93 95.91 96.05
95.06 94.51 94.73 90.59 82.85
89.32 83.67 79.84 83.3 88.69
92.21 95.47 97.81 97.78 98.48
98.12 97.92 96.95 94.46 91.43
87.32 80.7 71.83 67.27 63.93
62.21 64.7 66.28 69.65 77.27
82.34 89.98 92.24 95.19 96.21
96.93 96.31 95.37 93.67 93.36
90.91 90.36 88.88 91.82 92.91
94.3 95.36 96.69 94.81 93.46
90.55 86.98 87.9 92.32 95.96
95.79 95.83 94.23 92.72 91.38
86.75 84.16 77.79 76.79 82.54
85.51 90.85 93.05 95.11 95.72
96.17 91.8 95.22 93.55 94.19
91.96 87.6 86.87 92.15 94.26
97.41 98.13 98.26 98.57 97.8
97.33 94.81 93.68 90.12 88.23
83.52 85.16 84.35 86.3 90.99
93.37 95.15 97.19 98.17 98.57
98.23 97.5 96.76 97.56 97.94
97.58 96.34 95.92 92.98 91.06
86.94 77.5 68.64 71.95 80.72
80.74 85.19 84.87 90.54 91.96
94.22 93.63 94.53 95.62 96.62
96.9 95.32 95.18 92.02 85.78
83.92 80.69 85.18 79.21 85.93
89.55 91.61 92.55 91.68 93.03
95.3 96.61 95.92 96.3 97.68
97.84 97.25 97.1 95.54 95.24
95.64 97.37 96.1 97.35 96.57
97.28 98.11 97.36 96.43 97.17
96.51 94.13 92.27 91.86 92.23
89.16 92.53 92.3 94.37 95.21
95.24 91.6 89.76 82.96 81.85
84.74 76.43 69.38 74.81 70.68
79.67 83.43 83.54 87.87 91.14
89.39 90.86 93.98 94.99 94.21
92.89 92.87 94.08 95.87 96.36
95.48 95.54 96.6 95.04 95.85
97.21 97.5 95.2 95.28 92.93
94.93 94.28 93.46 90.7 93.42
95.25 96.36 95.86 95.14 94.69
93.96 93.64 88.48 90.08 91.71
89.02 90.92 92.66 93.88 90.65
87.99 91.25 93.6 95.76 96.57
96.07 96.13 94.72 88.12 88.34
94.42 93.55 95.13 93.89 92.47
93.03 90.98 89.64 92.71 89.78
88.38 92.64 94.11 90.69 91.87
91.21 89.16 91.55 93.55 92.97
92.62 93.92 94.19 92.82 93.74
95.35 93.77 94.08 93.91 93.16
92.27 89 83.91 74.99 73.23
75.99 73.67 81.12 87.76 88.27
90.32 91.76 93.35 95.5 95.08
94.4 95.66 95.55 94.76 94.6
94.75 92.5 91.41 91.33 90.71
87.86 83.39 84.72 83.26 84.48
89.94 91.14 89.31 91.47 94.39
92.79 91.64 91.48 94.2 95.2
96.15 96.14 96.7 96.78 96.11
96.31 96.09 95.21 92.82 91.75
91.78 89.76 88.57 88.82 91.76
94.37 94.7 94.38 95.35 96.52
96.45 95.38 95.35 95.68 93.03
91.85 92.17 91.5 89.74 89.84
89.89 86.49 83.52 82.59 78.45
80.95 86.4 89.11 91.63 92.87
93.15 91.62 93.38 95.03 93.25
91.79 94.95 96.1 94.91 94.51
94.66 95.32 93.57 94.61 95.38
94.9 91.93 93.42 92.5 93.3
93.98 95.49 96.37 95.84 95.97
96.4 95.82 94.71 93.41 92.98
91.31 89.92 88.34 86.42 82.29
81.73 83.31 75.75 75.34 78.18
81.32 82.48 82.57 85.14 87.15
89.08 91.43 92 93.14 94.28
95.28 94.8 96.11 97.56 96.41
96.92 97.45 95.85 96.72 96.3
97.05 95.37 95.49 95.09 94.46
95.42 93.57 88.2 89.28 93.46
93.17 93.81 94.8 93.88 94.15
88.19 89.57 85.27 84.41 87.11
92.49 93.98 94.7 94.49 95.06
96.49 97.24 97.13 96.85 97.57
97.79 97.2 97.03 97.35 97.33
95.31 94.57 94.75 93.77 91.49
90.53 91.07 87.54 82.05 73.75
72.83 76.97 90.35 90.45 89.42
92.65 94.57 95.75 96 96.78
97.65 97.94 96.84 97.89 97.82
95.51 95.27 95.82 95.31 95.61
95.05 94.37 96.32 97.68 97.07
97.08 98.19 97.46 96.82 96.81
97.15 96.9 95.44 95.04 95.3
93.99 91.92 92.23 93.65 92.68
92.44 94.64 95.32 93.99 94.59
96.82 95.17 94.2 94.67 93.07
95.99 95.6 95.25 97.24 97.08
95.55 94.94 96.62 95.63 91.37
93.03 91.41 94.09 93.72 93.94
96.44 95.03 95.77 96.75 97.7
97.26 97.4 97.65 97.44 96.8
97.33 97.18 96.18 95.74 95.05
93.98 92.47 89.9 92.71 93.67
92.69 90.92 92.23 92.88 94.09
89.36 87.99 87.73 93.06 94.95
94.22 91.84 94.15 95.1 92.08
91.93 93 92.15 90.66 90.21
86.41 87.26 86 88.46 91.29
93.5 95.09 95.55 94.66 96.42
96.35 96.6 97.38 97.11 96.61
97.25 97.02 95.37 94.97 94.68
94.61 92.21 92.03 91.22 92.86
93.41 92.97 93.34 91.83 92.38
91.11 88.75 90.31 87.09 86.27
89.18 93.41 92.86 95.28 94.29
94.47 94.11 93.68 95.94 95.49
94.19 95.17 96.01 94.41 92.61
93.65 94.3 90.7 91.08 92.14
89.08 88.57 89.21 88.99 88.39
91.85 91.92 92.95 95.25 95.22
95.06 95.72 96.66 96.59 96.09
96.01 95.88 95.83 95.17 95.57
95.64 92.69 85.87 91.97 92.27
92.11 95.28 95.42 93.84 93.54
94.28 94.09 90.88 90.47 89.36
89.32 94.22 94.33 92.33 92.29
94.3 92.79 89.91 91.4 89.95
88.33 84.92 83.87 86.98 86.22
90.44 91.44 89.25 91.58 92.51
94.21 95.05 93.79 94.76 96.7
95.74 94.91 95.72 96.24 96.07
95.34 95.71 96.19 95.34 95.58
95.13 95.6 95.08 93.18 93.4
93.85 93.04 91.66 92.84 92.88
93.56 94.12 92.26 90.99 91.84
93.4 89.44 88.31 90.64 89.79
87.57 87.48 86.88 86.89 84.64
84.02 82.68 82.35 79.92 80.68
80.69 81.6 78.67 79.11 80.82
77.32 74.79 77.73 78.3 76.44
72.83 75.24 69.77 66.81 66.84
66.83 64.08 61.02 61.39 60.66
45.35 45.26 44.53 49.98 41.53
40.85 45.38 44.12 48.67 39.11
33.84 33.46 35.79 32.68 31.87
32.13 29.8 33.07 31.28 33.33
28.5 29.58 29.97 32.97 34.19
30.94 29.77 32.89 29.84 30.51
30.31 29.42 32.67 28.34 29.43
34.75 37.35 29.08 27.7 29.78
30.86 28.54 34.38 40.15 33.51
34.25 33.35 33.46 32.19 32.77
29.52 28.67 32.98 29.03 25.46
25.54 25.25 25.52 24.97 26.31
27.99 32.09 30.9 30.32 29.88
30.89 35.19 31.12 35.07 31.91
24.93 30.57 26.21 29.89 28.62
29.98 28.22 34.42 30.53 29.79
31.45 31.37 26.22 28.96 30.51
30.45 28.65 27.4 25.96 25.42
27.65 27.46 23.49 23.13 23.94
27.44 25.69 23.68 29.5 24.1
26.79 25.41 35.85 25.58 25.31
26.82 24.35 26.66 25.19 27.18
23.75 25.64 23.54 27.45 26.48
26.59 28.06 30.03 33.32 33.87
36.84 34.39 37.35 37.63 33.89
34.8 34.87 34.7 36.24 32.11
35.61 32.76 31.97 31.02 31.88
31.93 27.08 26.29 27.71 25.5
26.89 27.34 24.72 28.32 23.12
27.87 24.09 30.74 27.84 29.51
29.2 26.81 33.29 23.71 29.66
27.55 22.83 29.04 24.68 29.76
24.07 29.39 27.81 25.06 32.7
23.59 27.17 23.02 26.67 24.64
23.53 26.8 24.78 24.67 22.7
27.43 26.64 23.56 24.78 23.05
27.17 23.97 27.39 29.67 29.95
23.78 28.05 28.7 28.48 27.88
29.99 29.12 28.42 30.18 25.54
29.9 30.76 24.9 27.96 26.44
24.35 26.27 25.14 25.94 26.88
26.55 30.49 30.01 28.67 27.89
27.31 28.33 25.78 26.24 25.22
25.57 26.69 25.53 27.63 26.63
28.19 24.86 26.84 27.01 23.86
27.27 29.86 32 27.4 25.53
27.53 27.96 23.84 23.91 24.67
23.88 25.79 24.61 23.68 24.25
26.37 29.29 27.86 28.42 30.34
29.04 29.72 30.84 29.14 31.62
28.73 28.41 28.38 27.31 25.76
25.15 25.6 24.64 26.87 26.69
29.31 28.26 30.51 33.34 34.48
33.59 33.8 27.3 28.41 25.93
26.79 29.8 27.89 31.83 28.95
29.44 35.2 42.62 32.38 35.59
32.51 34.63 32.46 36.74 37.42
38.61 38.11 35.72 37.7 32.4
36.69 33.6 34.35 32.98 30.39
28.55 26.51 25.28 31.07 25.09
31.6 29.48 29.93 29.75 29.2
25.76 31.33 30.97 30.54 33.62
31.91 32.29 32.72 30.38 32.91
30.48 32.32 28.62 32.71 29.39
30.83 29.13 29.99 32.68 29.54
29.6 27.78 29.24 28.77 31.55
33.37 30.21 33.29 32.13 31.65
31.55 33.65 35.58 28.94 31.64
34.23 28.84 29.91 34.73 27.32
34.17 39.53 36 39.19 34.64
34.84 35.5 37.29 35.54 39.32
45.82 49.04 54.04 61.06 69.69
78.97 82.6 84.94 87.71 87.7
88.34 91.31 91.48 90.6 92.6
92.84 92.81 92.29 94.3 91.88
92.41 92.18 93.07 90.33 89.51
91.45 89.54 91.55 89.9 90.22
88.57 85.54 85.08 86.26 89.3
87.27 88.24 89.71 91.11 90.15
90.41 90.73 88.73 86.46 92.1
93.48 93.69 94.41 93.61 94.45
95.49 93.44 92.42 93.41 90.63
89.91 90.06 85.82 82.42 83.99
81.29 77.34 73.24 77.35 70.99
66.67 68.53 62.81 58.06 51.42
