38.88 38.8 52.37 41.24 39.13
42 40.1 42.86 52.59 39.71
39.75 41.32 38.89 37.22 47.97
40.24 40.58 40.3 39.05 38.89
41.01 41.39 42.27 43.28 40.86
39.79 38.65 42.61 38.66 35.09
39.25 34.66 38.86 42.05 36.37
39.98 40.94 40.17 41.47 42.42
45.22 41.99 47.96 53.81 59.34
67.22 72.29 81.17 79.24 76.05
81.09 82.4 85.95 81.44 75.89
78.69 80.74 87.88 87.61 86.03
78.62 69.86 59.87 55.21 50.75
46.73 54.9 51.02 48.3 46.57
44.75 44.66 42.28 55.93 56.55
62.34 72.66 82.41 83.88 86
86.49 82.65 77.75 70.86 61.69
66.34 69.48 70 79.07 84.33
81.93 80.03 66.77 62.35 62.43
64.01 65.06 71.17 68.05 68.67
70.17 79.72 84.39 81.7 80.92
82.13 83.44 82.47 76.81 69.18
58.75 51.63 41.77 41.25 40.94
52.44 56.34 65.35 72.78 79.96
83.15 83.66 85.23 84.38 81.29
76.53 82.7 80.79 80.79 78.87
83.76 85.07 84.69 81.17 72.51
65.39 60.12 40.42 41.73 36.96
30.29 36.41 32.16 32.1 31.65
30.34 29.49 32.32 33.58 35.08
32.71 31.91 30.01 32.35 32.73
28.62 33.15 28.95 30.91 29.49
29.31 31.51 27.53 31.59 31.88
30.14 32.92 28.29 31.89 27.78
32.7 33.04 44.95 55.48 61.9
69.65 74.55 78.32 75.19 72.69
77.91 72.45 68.54 73.57 78.91
80.7 82.64 77.94 76.16 67.65
65.23 56.87 52.14 53.2 53.97
53.49 54.72 51.97 53.21 56.34
56.71 61.68 55.3 44.74 40.31
44.49 44.39 48.51 50.83 52.41
52.34 60.08 64.08 68.63 74.25
76.12 79.01 80.57 80.8 79.89
77.12 77.13 79.58 82.68 85.75
86.38 85.17 80.19 74.94 67.5
58.57 49.15 54.53 52.34 56.8
58.03 65.75 72.82 80.08 85.15
87.6 86.94 86.99 83.58 83.75
82.74 83.12 79.64 78.13 76.26
78.13 77.45 70.95 75.61 75.64
84.17 82.14 79.9 79.25 77.3
81.67 77.39 76.36 77.37 74.23
76.73 80.75 84.88 85.87 86.66
83.89 84.29 81.61 84.54 84.29
81.38 81.68 85.02 86.93 87.2
86.25 81.38 77.33 73.95 70.5
67.01 64.23 62.63 63.56 61.93
63.29 62.8 67.2 66.05 72.93
74.5 79.41 82.04 86.24 85.92
84.59 83.05 70.28 68.52 61.72
58.65 60.22 58.12 50.6 51.41
45.82 47.95 52.95 48.35 50.7
55.45 63.63 67.37 77.15 73.95
75.68 79.08 77.31 80.27 74.61
72.4 64.88 64.62 55.05 55.94
57.28 55 59.58 68.34 73.37
78.73 84.04 82.74 82.63 73.43
75.49 79.59 76.86 73.39 75.3
78.06 81.56 76.22 74.91 77.09
77.57 79.33 85.17 80.16 80.46
82.87 85.43 90.04 88.1 84.82
84.04 86.04 89.02 88.4 85.32
78.42 72.41 63.51 62.67 56.02
55.32 57.72 57.34 63.87 74.67
82.06 86.29 89.72 89.53 87.97
85.57 81.43 77.74 85.48 84.86
83.81 85.79 87.93 89.06 87.9
83.28 81.79 79.88 81.82 83.21
87.99 85.45 85.25 85.76 89.26
90.86 89.32 84.86 84.33 87.96
91.09 91.4 88.6 84.52 77.59
74.29 74.39 82.45 85.57 88.95
90.85 91.38 88.31 84.87 81.02
74.46 83.12 82.2 82.35 85.14
88.01 87.54 86.14 80.23 73.12
72.73 75.84 78.72 86.54 83.45
81.98 85.56 89.68 91.9 89.48
85.65 86.44 88.81 91.59 91.94
89.21 83.39 78.16 72.71 71.15
78.17 85.53 90.31 92.21 92.5
89.72 86.39 82.42 76.57 85.28
85.56 85.53 87.89 89.88 90.03
87.78 82.46 77.59 76.45 79.32
81.17 88.39 84.26 84.49 86.41
90.92 93.75 93.74 92.17 92.5
93.95 93.61 90.11 84.37 80.79
74.11 74.62 79.2 86.76 91.35
94.62 94.97 95.27 95.28 93.04
92.34 95.82 92.28 91.92 91.78
93.36 95.22 94.17 93.64 93.78
93.77 93.39 93.39 95.23 94.02
93.01 93.69 94.78 95.5 93.66
92.22 91.28 93.87 95.18 96.37
95.8 93.98 92.32 90.34 90.65
92.39 94.73 95.56 96.46 95.34
93.18 91.01 86.94 85.01 90.6
88.5 89.89 92.81 94.38 94.04
92.58 88.34 84.94 81.52 78.94
77.98 83.34 82.11 79.48 80.97
85.53 89.07 88.15 85.84 82.43
87.85 88.95 88.02 84.83 78.45
70.58 65.79 65.82 72.54 76.58
85.23 88.91 89.59 89.48 88.02
86.84 85.52 91.59 89.11 87.53
86.16 87.72 90.3 89.53 88.87
88.07 88.4 88.96 88.33 90.45
90.41 87.78 88.46 90.89 91.62
88.36 87.19 84.74 89.38 91.83
92.78 91.77 89.86 84 82.48
83.68 86.51 90.73 91.93 91.76
92.66 89.27 87.49 86.1 81.3
89.01 86.71 86.34 87.72 90.33
89.68 89.3 83.46 79.77 69.78
53.25 51.47 41.54 44.13 41.62
44.89 43.65 39.15 47.87 50.77
47.72 57.68 51.49 53.51 66.52
66.59 69.72 70.01 70.56 79.55
80.06 79.93 82.13 85.57 84.1
86.68 88.85 89.16 85.23 90.44
89.55 85.59 86.33 87.94 85.41
83.29 83.76 83.55 81.95 81.67
81.84 73.92 76.29 73.2 68.14
63.55 59.9 59.44 53.01 50.2
53.57 47.21 46.19 48.54 42.67
45.85 41.4 38.29 44.97 41.66
41.47 53.71 54.7 50.26 54.16
54.34 54.65 54.67 57.55 58.7
56.09 55.86 58.89 57.04 53.11
55.42 56.24 51.17 50.33 50.03
51.22 47.98 36.84 42.75 39.97
45.25 45.29 39.16 41.5 34.05
40.98 35.43 37.41 42.23 35.86
40.26 35.06 33.36 36.09 34.24
38.17 39.81 39.06 40.42 42.45
44.65 38.52 36.97 40.66 41.6
36.19 43.09 38.75 43.62 36.85
42.31 35.92
