34.83 32.01 35.21 31.53 44.1
34.94 37.86 32.21 38.17 40.23
34.24 37.36 36.6 42.61 36.58
37.86 41.13 39.2 38.85 45.12
43.87 42.57 37.37 39.1 45.67
40.85 41.7 43.49 44.76 36.1
37.26 35.67 35.59 36.46 46.32
45.9 57.99 60.29 75.51 89.46
95.07 94.72 97.06 96.44 96.64
97.26 96.68 97.22 97.07 98.21
98.04 98.32 97.96 97.51 96.17
94.64 93.09 92.59 90.28 88.19
84.79 87.95 91.42 89.73 93.65
95.89 97.34 98.45 98.7 98.6
98.27 98.57 98.43 98.66 98.68
98.23 98.44 98.15 97.73 96.31
96.79 98.12 98.41 98.42 98.4
98.53 98.54 98.09 97.53 97.12
95.38 97.02 96.59 95.68 96.44
97.25 97.55 97.86 98.16 97.64
97.24 97.52 97.16 98.18 98.33
98.57 97.97 96.1 92.03 87.12
75.1 69.22 70.19 73.24 81.37
82.3 87.66 88.35 92.3 93.43
92.39 91.6 92.2 89.02 87.83
88.17 89.3 91.14 92.41 92.1
93.08 94.72 94.88 94.79 93.87
96.42 97.68 98.25 98.49 98.39
98.67 98.82 98.8 98.68 98.81
98.75 98.66 97.37 94.79 89.13
72.03 64.71 58.53 55.99 59.35
55.63 48.4 45.13 41.19 39.12
37.45 34.49 40.01 37.17 36.61
39.44 37.77 40.54 38.33 44.2
43.88 51.69 46.44 52.79 72.77
89.06 94.74 97.58 98.62 98.84
98.84 98.85 98.73 98.33 94.43
89.61 92.72 96.88 95.46 94.75
95.73 98.13 98.01 97.59 96.76
96.76 96.9 98.05 97.87 97.67
98.24 97.72 96.11 95.52 95.82
94.94 97.13 98.16 98.85 98.86
98.83 98.4 98.75 98.84 98.83
98.47 97.2 97.94 98.55 98.64
98.76 98.57 98.67 98.36 96.87
97.15 96.83 97.59 98.14 98.11
98.37 98.79 98.81 98.73 98.85
98.86 98.91 98.78 98.7 98.72
98.74 98.68 98.38 98.52 98.32
95.78 96.89 97.97 97.77 96.19
96.16 96.09 94.59 96.56 96.62
96.31 96.13 96.6 98.36 98.81
98.76 98.84 98.74 98.44 97.82
97.9 98.5 98.71 98.59 98.69
98.48 97.94 98.12 97.87 96.31
95.48 96.24 94.74 95.73 95.83
93.98 93.57 97.17 97.46 96.4
98.15 98.59 98.87 98.72 98.81
98.44 98.04 98.36 97.83 97
96.83 95.81 96.2 97.7 98.17
97.85 97.06 97.32 97.96 97.68
97.81 97.75 98.27 97.67 97.17
97.97 98.28 97.71 97.68 98.18
97.87 98.22 94.7 96.35 94.36
97.07 97.34 97.7 98.07 98.11
98.34 98.17 98.41 98.47 98
97.63 98.18 97.88 96.86 95.29
97.02 97.57 95.83 94.85 94.92
91.61 92.93 89.86 92.5 91.74
90.41 93.22 94.32 94.97 96.08
97.82 97.92 98.74 98.66 98.26
97.34 96.67 96.76 97.47 97.47
96.25 97.05 96.84 96.84 93.57
95.02 94.72 93.32 92.7 92.46
88.7 83.7 77.87 76.22 85.52
92.01 96.76 97.34 98.71 98.73
98.68 98.78 98.59 97.32 95.76
97.1 92.95 93.26 90.61 90.02
87.97 77.52 65.06 59.23 51.73
59.09 60.16 67.29 71.13 85.41
90.43 91.81 92.45 92.46 91.5
93.24 93.07 92.71 92.99 93.62
92.32 91.9 93.24 92.49 91.17
91.04 91.09 88.89 82.05 69.9
62.5 61.17 59.04 70.58 81.43
88.75 89.95 91.67 93.26 94.42
95.46 95.9 96.65 97.27 97.19
97.24 95.92 96.69 96.52 94.26
92.66 91.9 93.4 92.73 92.31
93.32 94.29 93.18 93.68 95.52
94.63 94.85 97.09 97.52 96.61
98.14 98.46 97.93 97.2 98.55
98.62 98.37 98.22 98.53 97.97
96.84 97.09 97.1 95.99 94.84
94.82 95.1 94.24 93.06 91.82
93.73 96.5 98.05 98.71 98.78
98.82 98.62 98.69 97.82 97.05
94.72 92.03 81.1 82.36 78.84
78.92 84.62 87.05 85.89 88.92
91.45 93.96 96.69 95.82 97.16
96.11 96.88 98.08 97.64 97.27
98.43 98.63 98.31 97.71 97.01
96.59 95.27 93.73 91.28 91.07
91.69 88.56 90.25 92.24 88.96
88.11 88.93 94.14 94.98 95.61
96.5 97.48 97.06 97.54 98.15
98.25 98.09 98.38 98.64 98.55
98.4 98.71 98.77 98.5 98.31
98.69 98.32 97.24 97.06 97.13
98.04 98.49 98.1 96.39 95.65
94.13 95.62 95.96 92.92 93.51
91.04 89.22 89.88 92.58 92.92
94.28 95.64 96.34 96.1 97.63
95.32 93.9 97.15 97.27 98.15
97.71 97.7 98.12 94.67 90.41
93.25 94.67 96.02 97.99 98.47
98.7 98.4 98.59 97.1 96.43
96.81 97.06 97.21 97.87 97.33
97.32 96.33 97.65 96.76 96.33
97 97.88 97.8 97.27 97.81
97.31 94.82 94.76 94.51 93.01
90.5 88.9 87.13 81.34 80.94
73.18 59.07 55.21 42.2 42.28
38.85 28.75 31.71 31.19 31.37
33.56 33.25 36.43 41.64 41.5
39.58 39.62 36.69 35.79 49.15
45.93 38.48 55.37 50.39 42.95
41.63 46.69 48.28 44.38 45.5
42.41 44.4 46.68 58.77 63.57
51.2 45.5 43.81 44.49 47.39
48.09 43.91 44.37 39.26 48.67
45.14 38.78 44.35 38.01 38.09
33.56 37.74 34.68 37.06 42.29
42.99 36.96 43.22 48.16 49.56
55.56 56.93 69.52 75.31 76.15
80.46 81.36 87.32 87.38 87.92
88.32 91.62 89.93 89.31 89.38
92.09 90.46 90.02 90.95 88.69
90.65 91.55 89.35 87.86 87.95
86.89 86.5 85.2 84.35 83.45
81.79 79.85 77.45 73.46 66.56
66.7 65.09 56.47 54.74 52.42
52.44 45.77 38.76 45.55 40.25
38.18 34.74 35.56 34.76 39.4
36.95 43.04 46.14 37.02 37.92
38.17 46.28 38.1 38.59 48.05
37.65 38.52 36.77 36.37 36.94
35.13 46.82 47.75 38.96 39.35
36.67 33.21 39.36 32.51 36.42
32.48 36.17 35.92 30.35 36.13
28.85 32.47 32.97 32.38 32.31
38.99 36.31 35.85 29.83 30.8
34.18 31.42 35.31 29.22 25.96
39.69 33.08 30.63 33.54 31.36
34.11 28 33.3 27.54 31.9
30.27 30.47 34.98 39.44 36.37
38.53 30.27 34.17 35.3 30.05
31.47 32.4 27.86 34.96 33.57
32.41 34.68 32.48 31.78 37.38
34.64 44.44 44.17 47.97 53.36
49.49 45.87 48.93 45.1 38.17
34.78 38.28 37.1 37.85 36.65
37.69 36.88 52.07 43.96 45.8
59.34 45.76 35.76 43.42 36.21
37.63 39.81 37.99 38.74 38.29
37.49 41.1 37.1 42.86 38.75
35.96 37.5 35.86 35 42.28
