33.69 24.73 30.49 28.2 22.14
23.04 25.23 22.54 24.56 19.21
23.42 22.72 19.71 25.8 21.92
19.95 23.32 23.09 22.78 21.84
23.51 20.07 22.91 20.9 22.16
22.75 21.44 24.33 25.21 26.21
24.28 27.22 25.88 25.8 27.17
23.34 22.24 26.32 23.01 22.67
21.63 21.02 24.69 21.25 22.03
27.66 24.74 28.78 28.19 29.12
34.61 28.43 32.6 33.34 34.06
36.32 30.1 29.54 29.64 34.02
32.54 29.61 36.36 48.12 54.24
72.93 83.57 84.19 90.78 93.1
90.76 89.78 90.47 91.15 93.29
94.69 94.08 94.8 95 95.37
94.52 95.2 96.77 96.97 97.55
95.92 95.2 92.57 91.91 89.5
85.24 86.34 86.65 90.63 92.47
95.09 95.37 96.52 96.66 96.66
95.76 93.61 91.83 91.5 92.65
94.99 95.15 95.13 95.6 94.61
95.02 92.6 91.67 93.61 91.94
91.09 91 90.42 91.12 91.18
85.92 86.34 89.83 86.7 91.19
92.75 96.07 95.16 95.78 96.62
95.57 94.04 88.46 82.76 86.02
93.15 95.19 96.7 96.82 97.37
95.38 94.55 95.71 96.22 96.77
95.9 95.31 94.35 90.23 84.91
85.41 85.65 84.21 87.79 90.2
93.2 94.57 96.08 94.38 90.71
95.72 93.33 94.96 95.95 96.87
94.77 96.14 96.58 94.77 93.41
87.98 86.19 89.98 93.24 95.23
95.83 97.02 96.62 95.58 94.12
93.75 92.86 95.6 95.92 95.56
95.34 95.76 94.69 92.67 91.92
92.28 91.33 93.75 92.17 91.68
92.84 93.95 93.77 94.18 94.01
92.34 89.83 90.72 92.08 94.45
95.56 96.65 95.39 95.37 95.77
95.02 94.01 92.9 88.78 88.66
90.51 90.55 91.95 94.09 94.94
96.56 96.73 96.55 96.39 94.94
94.38 93.7 95.3 96.93 95.67
96.1 95.35 93.97 90.15 89.72
89.07 90.16 93.92 93.81 94.67
95.55 95.52 95.41 89.76 86.45
91.39 90.88 95.16 96.14 97.69
96.49 96.26 97.13 96.55 95.89
95.13 92.85 92.21 92.5 94.08
96.35 97.15 97.48 97.64 97.41
97.53 96.17 95.54 95.22 96.34
96.95 96.55 96.89 96.48 96.21
94.83 94.18 93.92 92.85 94.21
94.29 94.94 94.02 95.16 96.3
94.68 93.01 90.85 92.79 94.2
96.33 97.8 96.81 96.54 97.6
97.06 96.79 94.76 93.01 91.48
89.21 91.7 93.16 94.71 95.86
96.84 97.31 97.12 96.46 95.93
94 94.47 95.74 96.14 95.55
95.78 95.37 93.95 93.61 92.55
91.75 92.77 92.84 92.14 91.13
91.05 91.62 92.37 90.55 88.78
92.84 94.91 90.45 93.82 96.19
97.78 96.28 96.06 97.17 97.02
97.31 95.74 92.83 92.53 93.76
94.64 96.66 97.33 97.89 98.04
97.39 95.31 95 94.21 95.98
95.74 96.83 97.21 97.48 97.01
95.75 94.26 89.72 86.18 82.08
80.28 80.87 84.18 90.08 92.97
93.29 94.86 94.42 94.74 94.2
93.69 94 95.26 93.17 93.68
94.88 96.57 95.59 96.66 97.57
97.45 97.58 95.91 91.48 90.76
92.22 92.61 94.75 96.41 97.8
97.54 97.66 96.31 94.92 93.08
89.14 89.19 91.88 95.19 96.01
96.79 96.59 95.24 92.97 91.1
87.41 86.73 87.24 91.62 94.62
93.33 92.76 91.25 83.63 77.64
66.05 68.76 61.77 60.66 62.1
61.61 53.92 55.7 60.88 56.46
52.76 51.76 53.23 47.47 48.1
51.16 53.61 55.97 70.32 78.1
85.09 90.39 93.1 95.07 95.19
95.71 97.33 96.85 96.51 95.41
93.63 93.02 93.31 90.7 92.16
93 94.31 94.89 95.05 97.21
97 96.41 95.6 94.23 92.94
90.32 89.86 91.46 91.02 94.43
94.19 95.23 95.32 94.48 95.06
92.56 91.78 92.77 91.13 90.08
88.85 88.05 91.61 91.49 92.52
87.54 82.29 72.7 65.6 63.76
57.59 63.45 68.1 83.59 90.68
93.16 95.07 95.49 96.25 97.19
97.53 97 96.68 93.65 93.2
94.59 96.09 97.05 97.18 97.42
96.97 95.91 95.02 94.09 91.74
93.21 94.15 95.9 95.02 96.41
96.92 95.92 95.02 95.17 94.75
93.3 94.54 94.78 93.28 92.48
93.58 94.58 88.95 82.21 83.51
89.34 93.02 95.01 91.7 91.54
94.62 96.8 95.76 96.08 97.37
97.12 96.92 95.25 91.52 92.39
91.85 93.72 95.92 97.32 97.46
97.59 96.56 95.13 94.43 93.46
93.1 95.55 96.2 96.67 97.31
97.25 96.26 95.6 93.92 93.25
94.41 95.17 95.9 95.02 94.56
94.91 95.15 94.62 93.73 89.82
92.63 93.49 94.12 94.38 95.04
96.17 96.2 96.83 95.88 92.54
91.05 92.04 93.13 95.82 97.05
97.01 97.15 96.61 96.38 94.24
93.92 95.31 95.34 97.01 96.26
97.24 96.27 95.28 94.42 92.32
93.6 94.09 93.6 94.72 94.81
95.3 95.03 95.49 92.36 87.25
92.88 92.3 94.34 95.74 97.6
96.64 97.53 97.31 97.58 97.69
95.8 94.49 91.42 92.26 92.58
95.38 97.79 97.86 97.69 96.99
97.36 96.66 94.62 95.19 94.78
96.19 96.03 96.59 96.17 94.53
93.74 92 89.22 91.49 91.83
93.67 92.6 93.02 93.32 93.35
93.06 92.06 88.07 92.41 95.57
96.7 96.79 97.68 97.2 97.31
97.21 96.82 95.45 94.26 94.69
94.17 95.95 97.11 97.94 97.77
96.9 96.56 94.61 91.69 93.01
94.48 94.15 96.78 96.27 96.35
95.26 93.74 94.43 91.46 88.48
88.26 85.75 83.87 80.75 80.91
79.17 81.66 84.69 87.05 86.8
84.35 77.16 80.6 83.09 82.99
84.12 83.74 84.92 85.07 85.36
85.69 82.92 80.95 79.76 71.67
62.38 53.75 45.69 39.97 39.91
33.02 39.11 36.45 36.92 35.95
33.79 37.98 34.04 41.13 44.57
43.69 49.2 44.2 48.51 50.88
67.2 62.24 66.87 76.68 72.97
78.18 75.79 80.41 77.72 80.41
81.73 85.19 87.55 88.39 87.72
86.33 88.8 89.88 87.87 84.73
85 87.67 89 87.68 89.52
85.81 87.42 83.55 82.25 84.59
83.39 82.21 82.66 81.21 78.85
75.61 70.26 74.08 71.06 66.58
61.55 62.77 52.74 57.82 50.84
41.07 45.74 43.95 57.71 38.68
47.22 44.29 56 54.54 44.96
62.29 54.78 40.63 45.41 45.75
54.88 43.82 44.99 43.44 37.46
37.88 35.31 37.29 34.05 47.44
32.97 33.17 38.44 42.45 37.9
42.3 39.39 47.94 49 47.31
48.24 54.94 66.3 73.21 84.43
87.34 91.66 88.6 89.25 91.53
92.34 90.19 90.39 88.16 89.13
88.84 90.07 87.92 89.32 93.59
90.03 91.01 92.7 93.25 91.66
92.59 92.47 91.6 90.68 89.43
90.1 89.15 88.56 89.46 92.48
91.01 89.67 91.61 92.36 90.29
89.14 90.8 87.83 84.13 81.65
79.09 76.6 84.57 88.89 90.02
89.96 91.42 93.08 93.56 94.02
95.44 94.93 94.12 95.45 95.39
93.4 92.51 93.23 91.56 89.51
88.62 88.99 87.31 90.22 90.13
91.07 93.97 93.51 92.92 93.46
95.5 94.93 94.26 94.4 94.98
93.56 91.93 91.07 92.52 89.88
88.12 87.43 88.51 87.7 88.57
91.68 91.47 92.11 92.34 92.46
93.49 92.16 93.32 92.9 93.3
93.82 94.23 94.05 91.82 92.74
92.91 89.96 88 89.33 90.64
86.57 86.38 90.93 90.55 87.4
90.87 93.88 91.85 90.52 93.17
93.22 90.91 87.73 90.07 87.72
84.07 79.08 83.69 78.07 61.1
48.36
