58.85 67.92 78.04 83.78 86.85
85.08 87.89 87.15 90.05 90.91
88.4 91.49 89.38 89.14 91.79
92.03 90.63 91.97 89.2 89.81
93.87 93.71 92.64 95.92 94.94
92.89 94.91 95.28 94.61 95.77
95.07 93.03 93.59 93.38 93.55
92.29 93.12 92.17 91.85 86.08
84.53 85.28 89.89 92.15 94.38
95.49 94.95 94.25 96.18 96.04
95.32 95.92 96.86 96.26 95.77
96.51 95.53 94.71 95.1 94.86
94.06 93.31 93.9 94.64 91.62
91.39 90.1 90.63 81.4 86.42
90.96 91.62 93.26 93.89 94.67
94.19 92.48 92.4 90.02 93.62
95.09 91.61 92.79 93.49 92.85
91.51 91.62 93.3 95.13 96.53
96.25 96.68 97.35 96.85 95.68
96.37 96.24 95.34 94.86 95.29
94.09 92.54 93.34 92.78 91.04
90.96 87.64 89.42 92.2 91.28
93.34 88.93 88.48 87.5 89.28
88.87 91.05 93.3 94.33 94.66
95.11 95.62 96.1 96.56 95.26
96.38 97.15 94.76 95.48 95.99
96.14 93.84 94.85 93.87 91.62
89.74 90.5 86.98 89.64 92.71
94.3 95.62 95.42 95.21 91.58
89.32 88.53 90.63 89.29 88.2
88.39 92.02 92.89 92.7 94.59
96.03 95.44 94.86 95.25 95.42
94.44 92.86 94.06 92.64 93.23
95.01 94.56 93.34 89.57 88.97
88.9 87.54 89.56 91.62 91.1
93.57 93.84 94.72 93.33 91.86
89.21 85 76.31 69.88 71.32
62.48 67.1 70.39 82.5 86.39
89.95 88.76 90.15 88.34 86.37
85.49 77.66 76.13 83.42 85.11
88.39 89.74 90.8 91.65 91.42
89.53 90.74 92.37 93.1 91.24
92.63 92.97 91.85 91.21 89.22
87.73 86.28 83.33 81.32 80.87
78.57 69.09 71.65 76.56 80.88
76.66 73.55 69.88 67.79 63.68
61.56 65.55 72.52 83.75 87.69
91.67 93.04 93.52 94.43 93.98
95.32 96.35 95.28 94.54 95.29
94.53 93.84 92.93 95.22 93.72
93.61 92.96 90.24 90.26 87.37
88.72 91.63 89.2 87.28 81.72
77.12 74.28 75.41 75.36 75.36
72.24 64.04 54.65 62.51 62.3
73.55 79.93 81.77 77.85 76.4
71.79 69.75 56.34 51.54 44.07
40.96 32.2 32.35 33.04 35.29
31.04 39.11 39.48 38.49 41.8
39.25 37.43 35.9 37.86 38.1
39.23 39.7 31.32 37.82 37.17
32.86 39.77 40.62 34.37 38.01
36.07 39.98 37.37 39.16 37.62
39.38 38.85 39.64 40.3 38.48
42.31 42.24 38.4 40.34 45.54
36.93 36.59 44.88 35.45 35.94
39 37.94 40.99 37.01 35.85
37.59 34.57 34.72 37.33 35.11
37.91 40.39 38.46 44.67 45.28
36.18 40.38 42.46 45.44 38.28
48.62 43.09 34.87 40.06 35.55
35.03 31.23 35.62 30.96 34.95
34.71 32.06 46.6 31.89 34.42
35.93 33.89 37.59 37.6 36.28
39.29 39.44 36.12 36.64 38.25
38.14 38.64 35.51 32.25 32.7
32.97 38.52 41.03 42.6 44.05
38.65 46.18 38.19 37.62 41.42
40.55 39.18 40.95 35.99 35
37.76 37.56 38.78 40.44 40.82
42.81 41.46 34.91 36.34 33.77
39.73 34.9 38.46 35.46 35.84
35.74 33.88 38.67 35.87 38.22
38.67 44.29 41.62 43.87 44.01
49.7 56.25 67.39 74.66 77.21
83.91 87.9 88.96 91.55 92.94
93.17 95.02 95.17 95.67 96.2
95.18 96.13 96.63 95.6 93.79
93.86 94.14 95.66 96.81 96.64
96.45 97.21 95.88 95.8 95.07
95.48 94.58 93.72 95.8 95.44
91.44 89.43 89.04 88.73 89.84
89.65 92.96 94.03 95.26 93.93
94.45 96.46 95.36 94.61 96.76
96.83 96.43 96.31 97.22 96.01
94.33 94.1 95.15 93.99 92.07
91.54 93.12 91.06 91.94 94.83
95.05 94.9 93.73 93.54 94.66
95.94 94.68 95.23 94.58 94.11
92.39 89.06 91.29 93.37 94.04
93.72 96.18 95.69 96.55 97.17
97.66 96.92 97.59 97.49 95.9
95.73 96.97 95.21 96.69 96.79
95.78 94.96 92.31 90.68 86.94
84.37 82.71 84.07 86.09 86.74
82.07 82.12 84.3 82.03 86.62
83.7 81.58 85.86 79.89 82.09
79.04 78.41 76.54 74.06 72.24
72.98 63.85 68.43 65.52 63.03
61.97 64.5 59.01 57.75 57.49
52.06 53.48 44.63 47.06 42.72
38.91 42.38 39.14 38.92 39.5
40.77 39.29 38.15 40.07 37.15
44.02 40.08 38.8 40.2 42.75
41.64 38.96 37.4 42.75 37.87
36.6 42.05 41.91 37.96 38.48
36.52 51.68 45.79 41.19 40.1
46.32 46.71 47.69 42.18 40.47
38.14 43.45 43.14 40.98 35.92
35.92 40.7 36.23 41.63 42.1
39.45 45.12 56.31 72.12 77.59
86.91 89.42 87.32 91.03 92.79
90.38 92.17 93.62 92.71 91.98
92.59 91.14 89.48 91.25 90.01
91.51 87.05 85.85 90.52 91.01
89.39 91.73 91.79 91.37 91.98
92.61 91.92 87.09 87.84 86.68
89.06 89.99 87.64 90.12 90.99
89.31 87.61 88.43 88.84 86.84
82.97 82.85 74.47 69.76 68.02
60.47 60.41 59.05 59.21 54.57
50.45 52.45 50.6 55.69 54.32
55.25 62.33 54.29 57.18 58.78
56.63 56.57 56.3 55.2 55.76
59.61 58.44 57.41 56.44 58.06
67.86 75.76 73.7 72.07 69.68
74.21 76.33 73.13 72.72 75
75.27 74.6 77.44 77.43 78.35
80.65 83.5 84.54 79.25 82.95
86.22 81.01 83.85 84.72 84.67
81.01 81.03 81.9 79.93 74.86
76.97 78.22 66.55 57.46 58.9
56.33 53.46 59.57 60.36 66.16
61.44 63.47 72.76 69.32 65.83
76.39 78.72 73.06 71.88 76.8
77.49 67.83 72.82 76.93 70.57
65.2 64.52 57.91 61.91 64.88
63.5 66.29 64.85 64.75 62.52
62.97 59.69 59.96 56.72 57.43
41.13 53.45 49.99 43.56 41.71
38.58 39.13 36.65 31.9 34.53
32.3 31.92 33.84 30.01 33.28
33.46 36.11 33.56 34.91 31.98
35.64 33.62 31.02 31.64 36.18
32.41 32.12 35.47 34.6 33.62
30.37 38.66 32.07 32.58 36.32
31.62 33.55 28.71 29.92 26.66
30.02 33.41 27.65 26.77 25.98
33.36 28.2 28.33 32.37 31.01
31.94 34.26 35.37 38.19 36.99
36.95 36.74 35.37 34.82 34.02
34.38 35.55 32.78 34.93 33.51
35.84 38.57 37.77 35.96 36.09
36.61 35.23 33.8 34.83 31.98
36.65 39.44 36.81 37.23 39.44
40.16 41.01 37.91 38.83 36.67
33.7 30.43 32.83 31.73 29.67
29.48 32.38 31.11 34.18 33.9
34.06 35.21 38.05 41.25 40.69
39.57 36.37 40.58 39.52 39.21
39.53 42.65 43.82 41.62 43.07
46.63 46.18 47.46 48.87 52.66
56.08 63.18 63.54 67.97 71.28
69.48 68.97 72.9 71.8 70.8
75.59 72.83 73.69 71.93 76.8
79.34 76.25 76.75 85.51 85.11
84.64 88.22 88.72 88.36 91.13
90.91 91.37 92.33 94.52 93.16
92.45 94.66 95.34 92.42 94.6
94.68 95.9 92.94 93.98 94.94
93.95 95.12 94.09 95.31 93.1
94.2 95.15 95.06 94.25 93.07
94.35 93.89 93.92 94.07 93.22
94.28 94.27 90.77 93.72 93
92.75 93.83 93.05 92.59 92.97
93.41 94.03 92.37 93.83 93.17
93.14 93.17 92.8 92.96 93.45
92.41 91.53 91.54 91.33 89.92
88.64 89.02 85.91 85.94 86.4
85.34 84.59 85.39 82.84 84.26
80.29 80.93 79.96 77.42 70.81
73.2 69.8 65.86 57.07 60.2
58.73 52.9 50.49 45.8 40.44
45.34 49.12 53.91 42.24 43.48
53.49 53.09 39.53 41.85 50.67
46.69 45.92 60.16 55.1 48.06
48.77 45.44 43.31 43.25 39.5
43.81 31.58 33.13 31.08 34.8
30.57 29.73 36.46 32.89 38.28
30.36 30.6 35.84 37.51 38.76
36.17 39.06 33.68 35.02 32.64
35.56 36.38 41.46 43.26 35.16
35.6 36.44 36.13 42.51 34.51
35.48 36.83 36.45 36.51 37.15
37.06 39.05 39.43 38.31 39.68
37.48 41.92 32.19 35.68 34.6
33.32 39.5 31.06 31.64 34
36.81 34.1 38.98 31.17 38.84
39.93 47.53 47.73 39.86 44.53
39.35 58.52 45.67 38.03 42.13
38.72 36.88 40.41 36.58 44.25
36.02 41.87 34.11 33.48 37.42
33.67 40.13 43.01 32.54 38.29
40.29 39.3 35.75 36.45 36.73
41.07 37.29 34.59 36.2 36.59
43.91 36.42 36.32 33.98 37.04
36.59 35.26 39.74 35.78 37.9
38.96 41.66 39.74 37.92 43.45
48.5 49.58 63 57.4 51.36
59.79 51.62 39.99 42.71 35.35
36.25 38.4 34.99 31.62 33.97
32.04 33.2 31 37.08 32.07
34.56 30.2 34.43 36.66 38.76
38.38 40.56 43.22 39.49 37.59
36.98 37.57 33.85 40.03 38.92
40.76 40.43 41.6 45.69 39.82
44.25 45.02 41.46 41.36 42.6
48.56 48.81 54.81 41.04 43.1
48.5 41.86 39.33 41.46 41.25
37.81 42.69 42.09 36.26 43.72
35.9 35.83 38.7 36.99 32.95
33.44 33.24 39.92 39.93 34.09
37.79 36.41 40.89 38.15 35.79
43.59 38.22 35.33 36.91 35.39
38.3 37.09 39.18 36.08 32.34
42.92 34.23 32.15 30.7 31.73
31.52 33.12 30.41 32.39 31.87
31.37 31.94 40.04 36.19 33.96
29.54 43.47 35.82 43.26 37.2
40.87 35.78 39.56 43.19 44.07
53.82 49.52 44.61 49.21 43.69
42.93 50.4 47.55 50.15 43.29
44.66 43.17 49.19 49.29 45.52
55.39 51.6 46.42 46.8
