53.29 47.37 46.88 62.44 56.92
57.27 53.87 54.89 59.13 44.72
52.67 45.44 44.75 52.83 46.51
46.24 57.42 58.36 57.62 49.72
52.39 43.63 47.71 50.52 42.68
54.74 44.77 50.28 60 50.12
60.43 51.92 49.5 50.7 49.7
57.82 52.28 47.74 48.7 48.91
60.87 45.16 55.36 51.96 66.94
51.19 59.66 51.33 53.51 52.32
53.78 43.29 43.92 51.08 53.89
54.18 48.26 46.21 50.76 55.26
53.66 51.08 49.46 56.46 47.67
50.4 52.69 41.62 47.47 54.25
46.64 45.19 44.43 46 45.5
49.28 54.73 42.56 54.78 52.62
56.43 57.54 66.85 63.05 64.41
61.79 70.81 70.18 74.59 75.88
75.85 79.93 74.34 74.99 74.92
70.77 66.34 63.27 60.39 59.62
57.76 57.46 59.08 59.63 61.46
56.69 56.32 49.42 47.46 56.29
54.33 40.69 52.04 47.46 51.3
59.32 59.38 60.9 60.93 51.54
45.92 42.42 65.72 49.47 54.85
54.43 60.7 55.05 64.98 45.97
66.99 53.97 52.88 58.62 51.93
50.24 44.66 47.51 41.81 45.73
48.28 50.25 42.64 44.1 51.52
53.37 54.91 47.12 47.07 42.75
46.97 50.66 60.5 50.39 65.57
52.6 65.06 71.16 56.96 52.26
58.43 51.84 68.2 64.51 54.52
58.1 43.51 55.47 56.59 47.22
52.07 50.24 50.65 46.18 41.46
41.77 50.58 42.37 40 46.22
44.76 51.01 54.32 51.97 54.18
57.59 50.73 52.25 60.35 53.43
54.55 47.69 46.49 38.38 44.07
51.18 49.24 52.17 62.05 58.99
66.61 63.1 60.25 63.75 56.67
64.55 60.7 62.65 65.42 46.24
51.83 48.02 35.55 46.6 45.75
42.56 47.13 50.55 43.89 42.72
39.47 42.27 47.75 49.25 47.52
42.84 48.68 46.67 41.11 40.44
42.3 38.94 47.95 50.3 41.18
56.59 43.24 44.54 41.49 38.72
38.98 49.51 44.82 50.35 43.29
55.76 54.44 57.21 53.45 59.6
63.59 62.82 63.01 62.83 61.49
64.86 71.01 73.99 73.27 80.03
79.44 81.5 85.09 84.39 88.47
90.71 91.52 94.37 93.79 92
94.36 95.15 94.13 92.24 90.08
92.55 90.58 88.77 89.78 89.07
84.53 84 77.47 66.54
