58.72 54.34 66.21 70.62 60.79
63.7 59.94 63.71 59.42 66.09
65.65 65.46 66.91 64.85 62.13
60.78 63.55 64.68 59.84 63.18
64.94 61.38 62.68 63.08 59.93
61.6 65.16 62.23 66.42 62.91
57.59 59.79 58.99 55.95 56.4
55.19 58.68 58.01 65.14 69.62
73.87 80.76 84.98 87.8 89.89
87.99 88.71 86.77 85.53 85.52
87.7 87.46 91.05 88.71 89.03
90.83 89.77 91 88.46 86.53
83.71 85.98 85.93 85.26 83.74
87.47 85.98 88.8 90.17 89.86
91.78 88.51 91.41 92.36 91.38
89.25 89.91 88.53 88.11 87.83
86.72 86.34 83.43 83.29 78.21
74.32 72.94 71.74 67.18 59.18
58.18 54.43 52.14 50.36 47.51
49.69 49.38 48.95 47.85 43.78
49.87 54.79 53.9 51.59 55.23
56.84 54.68 57.35 56.14 47.81
51.16 49.89 47.24 50.03 50.23
52.29 51.46 55.35 54.53 49.33
57.86 53.03 54.97 51.14 54.51
52.42 56.05 51.53 53.1 51.38
48.22 50.52 49.08 48.99 48.69
52.44 54.39 59.38 56.96 63.99
57.84 64.47 53.9 55.06 49.86
48.39 48.24 49.45 52.06 50.23
44.95 50.78 46.97 44.35 51.7
54.34 52.37 45.94 49.89 48.65
53.15 49.91 57.67 52.85 58.42
50.7 53.5 47.2 51.64 48.73
51.48 49.44 50.18 44.65 51.98
44.1 58.3 48.11 55.98 50.64
54.38 54.78 59.96 64.97 68.22
69.15 63.31 71.96 69.77 59.93
66.72 55.63
