36.84 37.3 42.33 40.36 33.77
28.48 31.42 30.23 38.6 56.61
63.73 74.38 84.36 89.37 88.11
90.7 91.58 90.48 92.38 93.26
92.31 91.42 92.81 93.13 90.87
90.41 92.84 92.79 90.36 88.19
90.72 90.35 86.24 84.94 85.55
83.47 77.66 77.49 78.1 74.75
65.76 67.89 67.52 63.36 60.32
63.5 55.6 52.59 49.66 50.94
46.79 42.17 46.22 46.88 46.64
50.82 42.37 42.99 38.89 37.07
40.45 33.48 40.2 44.86 46.35
45.98 40.39 44.92 47.86 42.51
39.97 39.68 34.71 34.93 39.14
36.63 41.48 44 43.37 52.93
52.09 58.85 69.33 73.88 75.21
78.49 81.14 85.11 85.39 80.21
85.54 87.78 83.67 77.95 85.91
85.22 77.87 76.72 79.77 85.52
81.41 76.32 81.78 84.45 68.55
67.96 76.99 78.03 71.1 76.37
84.87 81.98 80.12 83.52 88.97
89.96 88.62 90.12 92.54 92.42
92.43 91.31 91.09 92.24 92.6
89.76 90.59 91.94 89.58 87.74
89.99 90.39 89.02 87.22 88.94
87.25 80.91 74.4 69.99 78.26
80.37 86.27 89.37 88.62 91.55
93.19 93.16 93.07 94.06 95.36
94.24 93.71 94.51 93.66 92.48
89.39 92.08 91.83 88.51 87.12
86.6 83.94 78.05 77.99 77.85
75.1 67.59 68.79 66.24 61.01
54.6 56.99 55.73 63.48 72.94
75.1 80.6 81.99 81.23 84.19
86.43 81.95 85.52 87.99 87.31
82.82 89.86 88.73 86.38 80.33
86.4 85.67 85.31 78.87 84.45
87.18 72.37 71.16 83.55 81.83
74.54 79.98 87.12 82.82 81.53
86.39 91.44 90.82 90.76 92.31
92.46 92 93.69 92.8 92.58
93.26 93.25 90.7 91.48 93.26
91.64 90.07 92.37 92.83 91.18
91.44 91.82 89.57 86.31 85.36
76.83 81.93 85.58 91.47 91.69
92.43 92.89 93.19 94.22 94.18
94.06 93.69 94.36 95.52 94.51
92.3 93.48 94.41 92.7 89.13
91.66 90.99 87.23 84.98 84.83
80.78 73.48 74.27 73.04 72.64
68.44 68.05 66.76 63.45 61.98
65.39 61.7 60.11 58.08 60.38
60.18 56.55 55.44 54.87 56.55
53.56 52.52 54.3 54.39 56.41
61.6 71.76 74.33 78.75 81.35
77.65 80.57 85.15 83.29 80.36
88 87.93 83.71 77.1 85.43
85.21 82.33 77.04 81.87 84.23
71.82 73.94 81.31 82.16 72.96
79.78 86.98 84.34 83.68 86.55
89.62 89.19 89 91.49 92.96
92.35 91.91 91.53 93.08 93.29
92.31 91.45 92.1 91.52 90.65
88.73 91.53 91.41 88.46 88.51
89.57 89.35 86.99 86.44 84.62
77.56 74.24 60.8
