33.64 37.83 35.43 34.47 34.15
33.91 38.74 42.86 47.54 53.67
69.17 87 94.08 96.77 96.78
96.89 97.56 97.27 96.2 93.08
92.62 95.82 96.79 97.83 96.92
97.24 96.42 94.12 93.76 95.02
96.51 97.85 96.8 95.54 93.87
92.81 92.9 93.2 92.98 92.24
81.33 74.22 68.65 73.83 85.46
93.22 96.02 97.64 98.49 98.73
98.64 97.85 97.09 94.39 92.39
81.01 73.95 69.23 72.96 70.77
78.82 89.36 94.16 95.88 97.39
98.49 98.53 97.86 96.17 94.39
95.14 96.22 97.55 98 97.09
96.18 94.11 94.1 91.75 88.77
90.17 83.54 87.45 90.87 92.09
91.99 93.7 92.08 90.41 94.66
94.81 96.01 96.06 96.26 96.43
95.87 92.48 89.93 94.69 95.97
98.11 98.21 98.6 98.82 98.78
98.49 98 96.18 96.32 95.81
95.58 93.89 91.27 91.41 93.83
96.32 97.38 98.49 98.74 98.78
98.71 98.55 97.51 97.44 98.1
98.43 98.74 98.35 98.49 98.02
97.31 95.97 94.23 93.05 91.19
83.34 81.58 90.65 96.7 97.02
98.37 97.93 96.82 96.44 97.08
97.64 98.06 98.32 98.1 98.38
98.08 98.79 98.6 98.78 98.86
98.77 98.75 98.58 97.96 96.75
97.65 97.89 97.98 98.55 98.81
98.81 98.91 98.85 98.78 98.28
98.2 98.24 98.61 98.67 98.71
98.49 98.63 98.08 97.84 96.7
96.42 95.53 95.59 92.91 93.77
94.97 95.52 95.6 95.74 96.7
96.67 97.17 95.5 96.05 96.31
94.68 91.36 92.98 96.89 97.77
97.95 97.68 95.79 91.66 88.12
85.03 83.69 88.34 89.69 94.54
96.99 97.37 96.57 97.23 98.09
98.19 98.42 97.74 93.89 93.93
96.32 97.86 98.4 98.46 98.72
98.8 98.85 98.73 98.44 97.26
96.15 96.43 97.62 98.61 98.68
98.84 98.79 98.78 98.22 97.95
96.61 97.34 98.08 98.66 98.45
98.63 98.38 97.86 97.12 94.56
95.63 95.31 95.18 97.31 97.38
96.94 97.49 97.8 97.38 97.13
95.59 95.06 96.33 97.32 98.68
98.71 98.81 98.88 98.81 98.76
98.17 96.34 95.87 97.23 97.25
98.26 98.87 98.84 98.91 98.82
98.28 98.59 97.45 98.3 98.4
98.73 98.7 98.52 98.45 97.44
97.98 96.33 95.42 97.18 95.81
97.42 96.21 97.08 97.96 97.75
95.67 95.51 98.23 97.22 98.04
98.34 98.85 98.46 98.9 98.91
98.86 98.62 98.21 96.08 94.99
93.53 90.62 87.29 80.62 68.79
55.14 46.15 33.41 36.88 35.06
36.04 34.77 35.69 36.61 33.08
35.76 38.8 34.75 33.9 30.65
33.48 29.3 33.58 25.27 32.17
25.55 31.18 32.45 28.92 35.04
30.19 36.53 30.91 34.91 36.11
31.7 31.05 35.86 33.09 35.92
29.9 36.83 35.48 38.13 42.75
49.12 59.57 66.18 82.13 82.41
92.35 97.11 97.28 98.59 98.76
98.92 98.85 98.09 97.23 97.25
97.48 98.24 98.61 98.74 98.67
98.23 96.34 95.75 92.82 89.22
89.88 91.17 90.26 86.68 76.29
69.72 57.03 44.5 49.12 42.57
41.04 32.27 36.85 31.24 37.03
36.22 34.66 40.39 37.23 36.82
32.59 37.23 39.21 42.37 43.42
36.06 36.21 38.45 35.24 35.14
35.19 37.04 33.83 36.07 37.76
36.33 36.78 31.09 38.66 41.43
54.06 53.77 44.02 42.15 48.43
35.86 42.37 37 38.31 37.49
45.58 34.71 30.62 35.9 31.82
37.38 30.52 36.24 30.2 35.41
32.99 32.37 33.57 29.98 33.41
26.79 29.96 27.97 29.92 30.88
26.52 30.88 30.21 30.66 33.86
27.59 30.1 28.58 31.3 30.76
31.41 33.56 31.6 33.17 31.17
33.91 29.42 36.68 34.7 28.72
36.6 29.29 40.68 33.64 35
32.54 28.28 33.44 35.72 32.02
26.18 35.01 29.29 32.32 29.39
32.15 28.3 31.33 27.8 29.56
29.86 26.09 34.54 28.05 37.7
34.94 47.97 56.48 58.77 56.27
60.57 73.95 81.88 88.76 86.52
91.09 87.79 92.08 96.04 95.41
94.5 93.41 92.99 93.35 93.86
95.44 95.95 97.07 96.22 97.5
96.24 97.46 97.25 97.74 97.83
97.85 96.51 94.2 94.96 95.93
98.13 97.96 98.81 98.84 98.71
98.32 96.57 94.11 94.57 96.96
98.47 98.7 98.79 98.3 96.48
96.56 95.88 96.81 97.02 98.25
98.02 97.97 97.89 97.05 97.2
95 91.52 91.05 83.52 68.23
56.43 50.02 35.66 36.99
