43.32 42.08 40.77 41.83 42.86
43.23 38.63 36.48 35.88 38.69
33.28 45.6 45.55 48.97 43.04
49.69 48.18 45.93 48.34 47.54
40.92 44.97 36.45 36.14 41.71
46.72 59.66 63.9 85.74 90.33
91.46 90.16 91.79 94.19 94.5
94.37 94.45 93.83 92.86 89.09
82.1 78.45 66.77 64.03 61.85
72.84 88.88 92.13 95.05 96.18
96.51 96.04 93.43 90.37 88.33
91.49 91.96 93.6 96.45 96.35
95.65 95.44 92.52 92.43 89.4
87.5 83.73 84.38 79.02 72.98
77.52 75.4 71.77 74.17 79.69
77.67 77.49 82.43 86.09 83.36
87.39 88.66 87.23 86.68 89.02
87.15 82.92 83.78 85.69 89.97
92.57 95.14 93.49 93.32 92.4
93 91.4 90.88 93.36 93.68
92.02 89.69 87.38 89.01 91.31
91.85 93.71 93.82 95.01 94.67
94.22 94.78 93.24 90.6 87.75
88.99 90.47 91.77 88.5 88.41
90.96 92.17 89.74 90.83 91.81
90.72 92.53 95.61 95.44 95.2
93.77 94.45 96.06 95.8 94.87
95.85 96.65 95.86 95.38 96.36
95.68 93.24 93.88 94.09 92.75
90.57 90.66 89.76 85.52 79.14
83.43 86.89 90.49 90.68 87.58
86.02 90.05 84.93 80.64 80.14
91.07 94.47 94.49 94.74 92.8
90.67 91.62 91.82 95.48 96.19
95.35 95.25 90.62 83.03 82.05
67.27 62.7 70.4 73.31 69.84
70.12 67.09 65.3 67.07 69.22
70.52 62.13 53.12 58.47 56.07
54.29 58.52 73.81 82.8 87.48
93 91.54 94.11 94.34 92.94
89.06 87.74 87.1 81.47 85.71
83.48 86.09 90.32 90.18 93.13
94.84 93.62 95.19 96.74 97.45
96.23 96.85 97.71 97.25 96.01
97.61 97.92 95.89 96.31 96.97
96.25 92.85 91.85 93.31 95.81
95.16 89.99 88.38 84 81.7
80.32 85.58 90.45 90.39 90.56
93.13 94.53 94.75 94.19 95.98
95.14 95.69 96.28 96.27 96.52
95.65 95.04 95.83 96.93 96.05
96.65 96.01 97.38 97.96 97.39
98.22 98.45 98 97.89 98.3
98.02 98.06 97.48 96.09 94.84
94.7 96.58 97.92 97.57 95.42
93.41 93.19 96.59 96.76 94.11
94.97 96.81 95.37 96.04 95.79
92.78 87.73 72.51 57.31 49.53
52.43 42.42 48.99 48.31 51
49.03 44.18 45.3 44.63 43.47
48.99 55.11 51.91 58.82 55.26
58.75 60.68 57.22 60.89 57.4
55.1 58.62 63.97 74.92 85.06
86.76 87.53 86.6 88.56 88.92
86.44 85.66 86.26 85.15 82.07
78.58 70.8 69.48 75.4 72.16
80.54 82.55 84.47 84.57 85.6
86.59 86.69 86.6 87.26 86.77
85.42 81.28 82.66 79.59 82.65
79.13 85.78 86.56 82.82 85.64
89.13 85.92 84.28 86.58 88.09
84.45 82.75 85.68 84.32 82.09
82.24 83 83.98 81.66 81.46
81.06 75.79 70.72 77.84 73.55
68.05 68.87 65.75 71.21 75.53
83.76 84.4 88.79 87.9 90.68
88.79 85.92 82.96 79.68 71.69
62.69 59.75 44.31 46.9 41.54
33.1 39.6 32.88 37.15 36.3
33.31 39.33 34.02 35.59 29.9
31.66 32.29 34.52 35.54 31.45
38.65 32.48 38.4 33.19 35.07
33.55 35.13 37.53 44.91 43.02
35.67 40.57 35.87 37.76 36.63
36.39 34.84 38.18 37.59 42.56
37.45 40.39 39.74 37.28 41.39
40.59 39.6 42.3 34.47 36.72
36.77 38.85 39.07 37.07 40.07
40.15 39.97 39.03 41.47 37.56
36.37 31.92 40.12 34.88 30.47
38.87 29.7 31.03 25.25 32.16
32.6 36.47 35.22 37.88 38.83
38.29 36.94 36.81 34.14 35.56
34.49 35.18 34.76 34.55 34.98
37.05 38.54 35.48 36.29 34.53
35.94 35.8 35.97 38.2 37.37
36.41 32.51 40.75 33.27 36.1
31.72 36.07 33.97 36.72 36.77
36.56 55.38 45.74 41.78 58.06
37.12 34.33 36.96 35.83 40.01
44.57 45.9 45.33 43.17 54.85
50.65 46.22 44.34 48.36 37.07
37.97 37.04 37.53 37.55 40.48
46.57 36.57 40.58 37.87 41.25
41.83 41.85 38.12 42.23 35.88
37.62 42.79 48.94 38.46 39
45.24 39.08 39.38 41.56 37.67
41.44 43.3 36.84 37.32 38.99
30.45 29.78 27.58 30.27 31.69
32.12 44.13 39.52 45.01 44.31
38.09 42.8 45.6 36.08 36.07
40.64 37.72 35.24 35.11 37.82
36.23 29.34 30.09 27.2 31.26
29.97 29.57 28.56 31.02 29.92
24.77 27.74 28.39 31.79 36.82
39.85 40.87 36.32 32.22 34.29
32.75 28.73 37.51 34.3 35.21
29.96 28.78 33.92 28.1 32.81
27.26 29.24 33.45 30.48 30.04
29.26 25.52 25.63 28.76 28.83
26.86 27.95 30.75 39.83 57.41
76.35 86.54 87.58 88.38 89.44
85.99 85.69 80.94 79.69 78.9
83.46 83.66 83.32 86.78 87.94
87.7 86.21 89.06 91.67 90.23
87.67 91.47 92.54 86.91 88.1
88.62 85.13 85.49 90.76 87.99
90.46 86.26 86.64 79.19 80.73
76.35 87.31 90.83 93.59 93.18
94.08 93.51 92.78 87.34 68.25
59.39 53.6 49.66 44.7 47.5
50.01 54.18 64.99 78.56 86.92
91.98 93.49 95.51 93.79 95.13
92.91 91.82 86.56 80.37 63.97
55.55 47.45 40.71 36.51 39.88
36.15 41.43 36.92 45.49 42.99
39.8 43.22 44.33 41.41 54.96
67.98 81.49 86.16 88.21 92.33
92.95 95.66 93.77 94.28 91.97
90.77 87.39 86.74 87.54 85.53
88.42 93.53 90.68 90.56 92.34
94.01 91.23 90.83 93.09 90.69
87.21 85.15 87.38 82.86 71.14
58.13 50.96 32.86 27.64 27.4
26.19 28.96 26.94 27.96 29.79
31.03 34.45 33.21 38.03 40.02
35.28 36.22 36.44 37.89 31.75
43.64 40.7 40.13 42.84 45.23
50.24 42.94 37.55 45.87 41.94
54.65 55.3 54.05 42.07 44.55
54.31 49.68 51.69 39.22 43.59
41.74 42.2 42.99 49.89 44.89
43.9 43.69 49.02 52.61 50.72
42.56 44.77 42.73 40.75 41.4
40.45 43.11 39.73 44.69 47.01
53.56 40.43 51.85
