29.51 33.94 34.3 30.1 35.28
26.75 31.21 29.3 27.02 29.57
28.12 32.82 30 30.96 30.66
31.17 32.36 28.38 36.11 32.6
31.35 35.57 28.05 29.51 24.6
27.57 24.5 28.94 25.03 28.78
27.7 26.49 25.96 25.47 24.67
24.08 24.1 23.37 26.22 23.93
24.89 24.83 25.44 27.5 25.65
28.07 28.63 31.25 31.55 30.07
26.82 29.9 29.11 34.2 26.62
29.04 25.25 29.15 29.16 26.49
31.03 31.1 28.07 26.87 25.36
29.52 25.41 30.05 29.26 25.84
27.53 23.33 26.7 27.89 22.68
26.95 24.09 31.18 41.16 52.61
60.22 71.02 85.42 92.02 93.07
95.23 95.05 94.2 92.43 89.18
87.44 80.79 71.06 70.99 74.95
76.38 81.45 84.12 83.51 84.81
83.65 83.05 90.33 87.01 84.09
87.91 90.1 83.94 85.19 88.58
86.11 81.64 84.37 84.69 73.18
79.15 86.7 87.62 85.51 92.09
92.8 91.75 93.15 95.25 94.94
94.64 95.39 94.96 95.08 93.99
94.5 91.72 91.93 91.39 91.15
88.4 85.05 89.4 92.46 93.26
94.36 93.91 95.4 93.74 93.07
88.24 88.57 87.44 88.48 91.45
91.25 90.94 93.39 94.74 93.05
94.03 95.61 94.45 91.95 92.25
91.33 94.88 94.47 92.98 91.6
92.96 92.82 89.63 87.9 87.26
88.44 85.19 78.99 81.55 77.97
83.4 83.77 82.9 75.86 62.18
55.66 50.91 40.85 37.79 54.68
66.93 75.17 83.52 88.65 91.43
93.61 94.05 92.43 89.81 88.18
86.71 89.28 88.92 85.53 86.73
86.25 85.9 83.91 85.26 86.96
83.91 82.67 82.66 79.85 79.53
81.39 84.04 85.21 84.65 82.29
79.23 75.5 74.59 71.21 71.22
76.55 77.31 78.96 72.88 63.94
57.36 50.5 42.45 41.74 41.12
39.19 36.52 42.2 41.13 39.69
34.42 36.05 30.09 26.74 24.56
30.83 24.61 26.79 30.69 26.7
28.35 28.21 28.38 29.76 37.57
27.04 31.56 25.29 31.51 28.13
45.89 32.73 30.79 40.62 23.51
27.97 25.76 27.16 25.08 26.47
30.69 30.51 35.17 42.03 51.97
64.32 71.78 79.8 82.37 83.87
87.03 86.76 90.27 89.19 88.14
86.48 85.85 83.21 76.03 63.64
52.51 50.62 49.74 45.94 44.6
48.29 44.85 41.43 45.22 41.9
44.8 40.62 46.93 45.46 46.36
50.44 55.38 62.25 70.95 79.64
77.43 79.31 82.63 86.39 88.36
90.87 90.83 88.47 89.44 89.61
89.43 89.26 82.89 82.36 81.67
79.93 86.43 90.38 89.06 90.2
90.75 90.59 89.14 87.83 91.61
92.02 91.47 90.1 88.29 81.78
79.02 82.88 85.7 82.78 76.38
75.59 83.46 85.99 90.64 89.63
90.57 90.9 91.74 92.17 89.24
86.99 88.33 86.51 87.78 89.67
91.31 92.29 90.82 88.99 85.49
83.39 88.09 86.42 86.39 83.99
75.2 63.06 51.7 53.02 49.05
46.99 50.86 48.72 53.89 55.45
64.49 71.3 72.78 74.82 70.8
74.91 80.25 78.08 79.94 83.96
81.94 73.4 59.29 55.27 54.33
65.21 73.29 72.7 78.98 81.57
83.36 80.49 84.36 86.42 86.28
79.88 79.05 77.35 69.87 59.19
48.75 54.19 54.71 55.12 60.14
75.46 84.47 82.22 83.69 80.01
65.1 53.24 47.26 34.3 28.92
27.45 24.9 23.89 23.77 23.31
25.58 26.88 25.15 25.56 25.68
26.39 30.18 28.96 34.77 44.82
47.45 58.9 69.06 70.23 73.97
77.94 78.21 81.51 84.71 83.21
83.76 84.66 84.84 84.27 82.9
81.83 75.44 72.46 69.32 59.39
51.91 35.34 33.02 27.66 27.43
24.54 24.21 26.82 24.77 24.77
27.73 23.14 24.83 21.43 24.45
22.98 24.28 24.1 25.89 25.86
25.74 29.9 27.32 36.55 42.04
44.51 54.35 60.6 57.26 66.18
53.96 61.15 56.49 57.9 57.35
63.38 68.93 71.35 68.95 71.67
66.81 72.52 72.4 76.7 79.88
81.89 84.49 87.13 86.88 88.35
88.54 91.37 89.26 82.43 85.37
84.95 84.47 78.51 77.23 83.46
78.61 74.08 78.85 80.47 70.98
65.04 60.27 68.02 61.53 66.66
67.66 66.26 65.62 67.04 68.08
57.45 58.86 60.44 61.67 75.42
76.72 80.17 79.8 81.56 84.82
85.75 83.88 87.87 89.14 87.93
88.3 92.94 90.09 89.11 91.05
91.86 88.99 87.92 89.2 90.87
91.28 92.18 91.46 94.15 93.5
92.53 92.07 94.78 91.83 89.54
91.39 91.52 87.97 86.65 89.84
87.45 81.94 86.28 85.94 91.05
89.96 93.33 93.44 92.8 94.41
95.45 95.71 94.25 94.07 94.84
94.03 91.56 90.83 91.11 89.62
83.18 78.82 82.75 85.71 81.82
88.78 87.64 88.04 89.23 90.87
90.1 89.28 91.19 92.11 90.77
90.7 92.08 91.28 89.1 90.32
91.41 86.51 86.22 88.29 84.81
86.43 81 85.83 88.78 86.61
83.99 86.32 90.44 89.98 88.7
91.34 91.98 90.78 90.23 90.37
89.97 88.06 86.38 85.38 78.02
76.11 78.78 67.27 63.4 67.3
76.05 76.5 78.45 84.79 85.9
84.79 88.96 90.64 89.1 86.95
88.81 90.26 86.02 83.81 86.22
84.48 78.32 75.65 79.4 83.41
84.55 82.53 85.89 89.25 88.12
88.53 90.97 92.58 91.03 90.53
91.74 91.4 88.37 88.16 88.99
85.73 81.62 81.85 83.99 87.62
86.86 90.45 90.16 92.38 94.11
92.8 94.33 94.25 94.72 93.1
91.16 90.7 89.89 87.68 83.49
78.32 74.88 70.77 63.46 64.65
62.61 66.58 73.98 74.53 81.48
85.36 85.16 86.55 89.78 92.23
90.8 90.86 93.67 93.52 91.68
93.76 95.01 92.67 90.79 92.01
91.17 93.19 92.68 93.15 95.11
95.07 93.11 93.42 93.62 91.81
90.06 89.72 88.23 85.79 82.11
73.67 62.6 61.65 61.21 78.65
83.81 82.05 84.84 88.22 88.37
88.23 90.68 90.92 90.39 90.53
91.62 88.18 87.93 89.18 78.88
63.05 63.07 51.69 54.02 65.83
79.61 85.97 86.1 87.07 89.43
89.61 87.03 88.94 90.04 88.04
86.62 88.2 87.65 85.75 84.03
84.18 76.06 72.04 69.82 64.94
66.93 76.92 78.66 82.99 87.18
85.8 86.48 89.73 90.89 89.11
90.39 91.09 90.5 88.31 88.54
89.57 86.84 83.01 82.9 82.3
86.43 87.79 86.8 87.52 90.37
90.92 89.54 90.82 91.15 89.49
89.04 88.22 86.81 84.09 82.02
72.49 63.41 62.89 65.51 72.79
79.53 82.03 78.98 84.41 85.76
84.53 87.31 89.61 89.47 89.59
91.21 91.58 90.48 89.5 90.84
88.89 85.75 88.14 86.39 88.89
90 90.12 90.96 92.02 92.64
91.59 91.33 91.94 91.26 89.94
88.83 87.07 86.64 85.14 81.36
80.93 83.15 85.33 83.57 83.06
87.26 87.99 90.37 89.8 91.44
93.55 93.12 91.27 94.01 93.56
91.73 91.56 93.11 91.32 87.55
87.92 85.76 91.5 91.24 93.17
94.23 94.42 94.12 94.9 94.68
94.54 93.63 93.36 94.04 93.59
94.39 92.6 92.16 92.95 92.36
89.98 88.89 88.83 90.81 90.15
90.97 93.66 93.65 92.12 92.91
95.35 94.27 93.51 92.68 92.62
91.02 91.73 91.29 87.97 86.59
88.98 86.47 90.72 88.42 90.29
92.16 92.63 92.05 94.32 95.19
94.4 95.04 95.6 95.5 95.25
95.9 94 93.47 91.55 91.93
88.88 85.78 79.82 70.64 67.14
77.58 80.25 82.66 86.54 92.05
91.76 90.57 93.3 94.73 92.92
91 91.57 91.13 89.12 88.81
87.46 86.28 81.92 80.05 70.76
71.94 79.49 84.58 87.71 88.86
92.5 93.19 94.66 94.74 95
95.69 95.61 95.5 95.11 93.22
91.31 90.98 89.57 83.85 82.14
81.94 84.54 83.42 86.52 92.5
89.41 90.08 93.72 95.08 92.66
92.74 94.68 92.86 91.07 91.89
92.86 89.57 89.32 87.95 88.56
89.32 90.78 87.23 87.9 91.21
91.92 91.47 93.2 94.59 94.78
93.68 94.27 94.27 92.9 91.7
87.3 85.65 81.58 77.73 71.53
74.06 77.06 82.96 85.48 85.75
90.24 91.34 92.54 93.07 95.14
93.93 93.47 94.7 95.08 93.56
92.67 93.24 91.08 89.54 88.82
86.42 91.38 90.58 92.75 93.12
94.29 95.02 94.15 96.06 95.78
94.3 95.23 96.46 94.74 93.19
94.55 93.67 90.56 87.72 91.11
88.52 83.35 82.45 85.2 87.72
89.96 91.1 91.36 93.48 94.23
94.67 94.99 96.82 95.54 95.42
96.66 95.12 94.49 94.75 95.17
94.11 92.97 93.01 91.56 91.26
84.79 87.5 92.87 93.49 89.72
94.05 95.11 93.8 92.63 94.53
94.17 90.41 91.88 90.14 89.02
86.59 85.83 85.97 84.44 89.09
88.23 90.61 89.96 91.65 92.94
93.33 93.1 93.73 94.37 94.45
94.77 94.15 94.57 94.02 93.72
93.02 89.8 86.29 84.21 89.57
86.96 89.13 89.76 90.17 93.36
93.2 92.06 93.2 95.08 92.98
92.43 90.91 94 94.92 93.98
91.52 94.04 93.63 91.16 90.02
89.34 91.84 92.54 92.2 92.42
94.33 94.63 93.68 95.1 94.72
92.75 93.41 93.66 93.29 89.23
88.89 89.07 85.27 83.55 83.02
75.77 80.24 77.43 84.95 86.59
89.23 90.86 91.14 93.74 93.67
94.51 94.12 94.59 94.73 94.87
94.18 93.83 92.7 91.78 91.24
87.44 85.81 86.66 87.42 89.62
91.92 91.22 91.55 92.58 94.71
93.08 91.63 93.43 92.32 90.23
90.7 90.59 88.72 84.83 87.64
85.79 89.98 86.23 89.04 91.81
92.42 92.99 94.28 95.03 94.96
93.02 93.05 92.21 89.92 90.03
86.99 82.31 72.76 69.3 70.17
75.47 71.47 78.36 81.16 79.96
79.55 84.06 87.95 88.43 89.79
90.23 89.79 92.11 94.3 91.48
91.63 93.11 91.5 90.71 90.4
92 90.3 87.31 84.9 87.69
89.08 91.37 88.93 90.44 89.8
92.97 92.18 93.7 94.95 95.05
94.3 93.58 93.35 93.65 92.05
89.97 91.31 90.53 86.82 87.16
86.26 86.98 87.58 87.72 87.39
91.45 91.84 89.24 92.43 94.14
90.59 91.07 92.25 90.95 89.02
90.15 90.34 88.74 86.54 87.71
87.23 86.83 88.03 84.69 90.27
88.23 89.27 90.53 93.15 92.13
91.19 92.25 91.93 89.03 87.69
87.62 85.54 84.83 84.25 84.95
82.98 77.03 66.07 48.73 39.56
38.82 30.78 30.88 26.95 30.48
27.06 27.4 29.38 26.84 25.82
28.78 27.97 31.87 38.42 32.98
28.45 25.37 22.87 23.68 23.07
25.28
