33 34.79 32.62 34.85 35.54
32.39 35.2 40.62 42.44 45.66
48.63 52.18 50.46 55.12 59.16
67.69 75.14 71.7 78.07 77.27
73.58 77.02 78.69 77.66 78.04
84.03 83.77 81.67 80.79 82.5
84.1 83.48 81.62 84.31 87.12
84.79 85.17 88.54 87.93 87.11
86.7 89.04 87.36 86.36 87.52
84.68 85.26 84.15 85.68 82.41
80.25 82.86 84.18 81.35 79.9
82.8 86.42 83.92 85.41 84.71
86.78 86.64 87.43 90.52 84.87
86.46 88.7 88.33 87.27 91.7
89.49 86.26 88.7 91.99 90.59
85.8 91.53 92.64 87.62 87.21
90.47 87.78 83.57 85.64 86.04
81.86 78.88 78.18 77.91 72.6
73.97 67.72 61.04 56.02 52.77
46.36 48.27 43.44 37.48 41.79
39.28 34.67 33.64 34.82 32.17
41.56 37.9 51.71 54.18 59.48
71.62 76 76.97 80.46 85.17
85.49 82.55 85.3 87.7 88.31
86.05 87.81 88.1 87.29 86.12
87.24 89.38 89.45 87.76 88.84
91.01 90.59 91.25 90.39 90.09
88.52 90 88.08 90.91 91.33
93.34 92.03 93.15 94.38 92.93
91.53 93.09 91.39 90.16 89.69
88.55 88.05 87.53 83.35 83.08
83.24 82.43 75.72 66.13 61.6
56.65 53.63 51.7 49.09 50.29
51.22 62.14 67.96 71.85 71.05
72.26 77.25 78.69 76.24 78.09
80.43 76.61 78.05 80.03 75.91
78.58 78.51 81.93 81.17 87.4
91.03 93.31 93.25 93.37 94.21
94.55 93.59 93.31 94.62 94.49
92.28 93.32 93.89 92.02 88.45
80.69 81.43 87.96 92.07 92.44
93.5 93.45 95.15 95.37 95.1
95.27 95.95 94.65 94.52 94.84
94.68 92.67 92.6 91.59 88.47
90.42 92.93 93.28 94.06 93.31
94.76 96.15 95.47 93.93 96.38
96.55 95.33 95.22 95.5 94.85
93.83 93.52 93.92 92.88 90.73
89.89 90.19 85.11 80.34 66.9
64.11 56.91 57.15 62.46 85.89
90.27 92.06 90.88 91.46 92.78
92.44 91.51 92.41 91.95 91.18
92.46 92.21 91.13 91.2 94.06
93.15 91.67 93.77 95.1 94.16
94.26 95.6 96.13 94.42 89.98
86.14 83.36 77.63 75.41 77.69
74.82 77.72 78.66 76.62 78.95
85.35 86.67 91.8 90.47 92.77
94.5 92.56 90.95 91.95 89.96
88.31 87.07 86.8 86.1 76.6
62.64 53.23 45.93 40.02 41.46
44.31 44.94 52.2 64.44 71.63
71.93 68.89 65.55 64.45 68.85
70.27 74.01 77.98 80.54 84.75
83.65 84.1 85.79 85.02 84.89
82.58 83.69 85.21 83.71 81.84
85.48 85.29 87.12 84.73 83.55
81.14 81.32 80.53 84.08 86.94
90.11 92.57 92.6 91.39 92.79
94.41 94.87 94.81 95.54 96.24
96.35 94.41 94.14 95.3 94.11
91.98 91.46 93.3 91.91 88.34
91.36 93.1 93.92 92.15 92.86
93.79 94.44 92.15 92.26 94.31
92.25 91.12 93.11 93.24 94.02
94.05 93.78 94.05 95.44 94.27
94.62 94.68 94.99 92.87 92.48
91.25 91.53 89.86 87.5 86.58
82.3 72.04 52.91 55.91 58.41
65.24 68.86 80.7 86.95 85.26
87.1 90.33 91.03 89.5 90.33
93 92.08 87.76 88.41 87.31
89.98 89.89 91.17 92.62 91.42
89.77 91.36 92.79 94.78 95.03
96.21 96.49 95.32 96.11 96.45
96.19 96.11 96.11 96.36 95.48
96.07 95.79 96.15 97.36 96.56
97.14 97.84 96.66 96.53 97.12
97.04 96.28 96.07 95.61 95.85
94.27 92.4 91.13 91.64 89.4
86.79 86.1 82.68 76.57 60.75
53.58 46.37 52.63 50.81 54.17
55.87 64.43 73.73 79.21 79.71
82.34 89.03 88.73 86.69 88.72
91.42 87.75 88.9 91.2 89.33
88.18 89.2 87.5 86.04 84.53
84.18 86.58 82.69 78.85 78.68
80.18 78.39 79.51 82.06 75.52
75.92 71.12 73.42 72 67.83
60.32 56.38 52.19 52.73 67.1
80.51 86.55 87.43 86.96 90.74
90.9 88.5 90.45 92.53 92.56
91.82 90.85 90.93 94.35 93.02
92.63 95.46 95.96 94.79 96.25
96.85 96.54 96.58 97.04 95.83
94.9 95.36 93.84 93.87 92.66
93.34 92.61 90.53 88.8 91.04
89.89 84.03 73.71 62.07 47.67
38.35 35.56 35.25 37.75 40.61
38.21 37.15 35.03 44.33 44.28
43.59 46.81 51.56 58.15 68.17
77.89 86.64 87.24 88.4 90.49
89.44 89.87 90.45 88.79 91.35
92.37 91.58 91.76 92.82 93.82
93.2 94.54 95.66 95.03 95.47
96.03 96.35 96.09 96.09 96.4
96.37 97.29 96.87 96.5 96.9
96.43 94.89 93.55 93.69 92.75
90.1 87.52 87.61 85.58 78.86
76.66 69.1 65.49 65.9 59.8
64.5 70.26 72.39 68.87 76.51
79.23 86.06 88.9 89.48 92.24
93.92 93.77 94.67 96.48 96.43
95.83 96.45 96.97 93.86 94.32
94.64 91.84 89.32 92.47 94.6
91.65 94.29 94.6 92.79 91.54
93.04 92.29 88.33 77.06 67.05
53.97 47.94 36.12 30.72 29.91
26.33 33.48 29.85 28.65 27.06
28.02 28.59 28.62 29.45 29.21
30.28 29.55 28.92 31.08 28.55
29.4 28.48 34.17 31.43 46.01
67 73.13 76.33 86.23 88.19
88.88 93.55 93.55 93.53 95.11
95.11 94.78 95.94 96.77 94.65
95.12 96.28 96.21 95.38 94.88
95.13 95.66 93.86 92.54 93.34
93.3 92.05 91.3 92.59 93.65
91.57 91.01 94.41 95.2 92.89
92.69 96.02 95.13 92.69 92.54
92.64 90.44 86.93 80.99 82.44
78.1 83.16 81.41 78.04 80.81
78.24 77.32 75.39 81.58 77.91
85.92 82.15 83.79 83.6 82.8
79.29 75.12 70.73 72.62 70.23
76.11 77.25 75.7 73.75 73.11
75.74 76.79 80.34 84.6 87.37
86.35 90.26 90.75 87.05 88.21
91.24 91.92 89.25 92.04 94.32
91.07 92.44 95.92 94.49 93.22
94.25 94.57 92.48 91.86 92.18
92.8 90.18 91.03 92.06 91.4
89.92 86.66 90.73 90.72 89.88
86.75 88.13 90.94 89.24 89.22
90.33 92.79 92.46 91.15 93.38
95.23 94.23 94.12 95.29 96.44
95.72 95.87 95.99 95.48 94.85
92.01 90.07 87.06 85.36 80.16
74.09 70.52 65.88 59.61 58.84
56.93 62.3 66.31 69.71 77.86
84.11 87.59 90.66 89.25 87.71
91.53 92.85 92.18 93.39 94.12
94.57 95.01 95.29 93.79 92.9
94.18 91.5 88.47 88.6 90.13
81.65 62.78 57.57 52.52 46.1
44.16 41.77 46.71 40.44 37.04
39.69 51.52 55.58 65.12 78.29
87.29 92.87 91.05 92.02 92.94
93.94 94.21 94.02 92.96 93.04
94.74 92.95 91.9 93.71 93.95
91.59 89.01 91.41 92.07 90.12
89.24 92.1 91.55 89.66 89.42
89.92 90.57 88.46 88.8 88.34
85.77 84.31 84.5 84.2 78.37
78.59 83.36 78.54 75.05 81.07
85.75 79.31 80.4 84.57 72.85
63.89 54.04 53.57 48.83 47.41
46.35 43.65 40.85 43.06 39.17
39.44 36.8 37.86 38.74 38.68
35.4 44.33 38.99 41.05 41.69
44.9 33.93 39.41 41.77 43.53
50.75 43.46 44.1 50.29 48.18
51.41 51.21 49.98 47.92 47.85
43.86 41.43 40.79 37.27 35.61
35.5 34.79 31.88 32.02 30.24
28.88 29.63 25.82 28.88 29.45
25.04 28.29 24.92 27.79 24.7
29.18 27.81 29.21 29.86 26.15
25.59 27.55 27.5 29.66 31.34
31.56 35.23 34.58 34.04 34.57
38.66 43.75 42.41 39.08 41.64
44.48 40.94 40.07 43.18 37.01
34.21 33.55 33.39 32.28 33.95
31.66 31.33 30.03 39.23 32.85
35.14 42.88 43.49 51.22 48.79
51.62 54.64 46.54 42.89 36.65
