42.68 44.01 45.73 57.59 70.13
76.59 83.49 91.16 93.02 92.86
91.32 92.94 92.63 90.74 90.71
88.52 86.13 88.03 87.19 89.68
88.08 87.97 84.58 83.74 85.43
85.53 89.46 89.58 92.5 92.41
90.18 88 90.03 82.95 72.41
65.88 54.93 47.18 43.14 43.13
40.81 38.4 36.11 37.67 36.36
41.74 38.58 42.37 41.24 37.67
39.94 38.48 36.32 38.78 41.67
42.52 37.6 41.37 38.41 44.48
41.07 36.93 46.12 38.98 49.3
46.05 41.97 53.74 45.47 53.97
46.89 62.57 44.5 50.62 55.71
41.28 40.5 35.81 40.28 38.04
40.75 45.17 49.86 48.98 49.52
43.8 45.6 48.66 48.07 45.86
53.26 49.04 44.98 54.87 52.68
55.18 49.91 43.59 46.86 46.53
46.84 52.19 53.4 44.13 52.48
51.77 50.22 49.1 40.9 50.08
50.47 47.39 50.87 51.13 58.37
57.66 60.87 60.13 55.9 60.11
59.95 60.39 60.63 64.7 71.31
70.24 76.43 81.72 80.3 82.48
79.94 74.74 73.63 74.35 82.72
89.13 92.42 94.93 92.16 91.77
92.31 93.39 92.08 92.69 91.03
88.32 89.04 91.68 94.08 93.7
94.12 92.96 94.46 95.39 96.15
95.63 96.15 95.87 93.78 92.98
93.71 93.32 93.39 92.01 93.54
94.65 95.73 97.19 96.06 96.88
95.12 95.62 96.93 95.96 94.88
91.93 89.82 89.37 89.36 94.19
96.16 97.19 97.77 97.31 97.42
96.95 97.11 95.78 94.44 93.88
92.28 90.79 87.9 87.89 87.33
81.78 82.58 83.98 89.83 89.24
87.78 86.87 91.38 93 92.45
93.22 94.33 96.11 95.63 95.08
94.39 94.63 95.7 96.04 96.43
96.24 95.25 95.86 96.83 94.82
94.26 92.75 90.66 90.45 86.46
84.7 82.1 83.14 84.26 85.24
82.07 73.71 71.68 70.14 67.32
70.18 67.46 59.71 59.44 59.99
60.62 59.99 59.49 60.27 59.51
56.46 57.65 62.81 63.01 59.02
55.49 56.95 52.87 61.2 57.64
50.97 51.61 41.78 50.05 44.46
41.64 38.54 39.31 42.53 45.26
42.19 40.14 40.35 35.18
