95.28 93.65 94.29 93.53 92.32
89.91 90.5 87.14 83.83 78.67
75.92 62.07 53.22 47.59 41.31
46.59 51.13 61.7 68.46 72.49
73.83 76.14 82.12 82.4 82.16
83.35 86.99 87.55 86.3 88.28
91.5 92.1 92.21 94.78 95.72
96.32 95.63 95.59 96.1 95.82
93.24 93.31 92.34 90.76 86.78
86.71 86.51 85.8 87.88 87.41
87.58 93.29 92.53 92.34 94.02
94.61 93.4 92.66 93.51 92.32
90.25 91.44 90.48 87.28 87.8
87.59 84.45 83.6 82.78 78.51
72.24 71.25 63.89 57.47 56.03
49.2 54.67 38.62 47.09 44.84
41.23 40.65 46.36 46.27 45.24
53.55 56.97 60.31 66.58 65.64
