51.15 55.58 57.75 60.75 54.68
58.83 56.34 53.07 61.18 65.14
64.5 71.08 79.21 77.75 81.25
84.17 86.99 86.3 87.68 89.54
86.06 85.89 86.29 80.49 76.57
76.5 74.66 71.25 61.71 64.14
64.8 63.57 63.73 62.65 64.51
64.38 60.37 61.15 57.77 59.63
60.72 56.89 64.2 64.54 65.8
67.31 70.62 71 65.37 64.72
67.43 53.19 54.59 49.13 49.6
49.48 49.38 53.14 58.11 53.98
48.61 57.63 59.58 59.48 54.19
58.24 61.47 58.98 58.73 57.19
64.62 66.98 66.1 64.9 66.56
56.56 55.5 58.47 60.08 52.47
56.59 59.57 66.35 64.29 66
63.12 64.17 58.51 58.8 59.73
56.67 54.62 57.9 61.49 71.17
73.02 77.11 78.51 75.56 72.13
64.34 64.54 48.88 54.94 56.02
59.58 57.32 51.92 58.24 54.31
51.59 66.63 55.95 55.65 61.39
51.8 61.37 59.18 54.41 62.65
62.91 58.89 58.75 57.76 54.75
45.08 45.04 45.64 42.61 54.31
46.34 42.57 46.86 43.72 43.03
46.59 52.17 38.48 48.29 51.26
42.88 43.97 49.41 40.72 45.94
43.05 44.16 41.66 46.5 42.68
46.46 43.03 56.35 42.93 36.97
48.28 48.2 38.56 50.46 46.45
42.98 45.44 42.73 49.35 60.3
49.28 42.79 50.67 37.42 40.55
39.75 40.61 48.23 52.92 54.54
59.35 61.4 58.94 65.2 62.06
68.03 62.21 58.22 58.65 56.52
55.57 60.15 63.05 64.91 67.03
58.56 63.84 55.4 41.37 44.02
43.67 41.16 52.07 51.71 44.61
45.68 44.28 51.29 51.58 49.4
56.08 52.16 54.14 52.54 45.96
43 46.42 35.32 39.35 40.81
39.35 38.86 42.14 40.67 49.26
45.67 43.59 46.84 47.56 46.75
44.73 47.05 45.86 40.95 43.73
38 49.76 36.71 40.73 39.59
46.43 49.14 56.45 51.02 43.7
53.46 47.29 46.74 48.24 59.14
42.55 53.21 45.45 38.19 48.14
46.03 41.82 44.23 48.88 44.82
48.84 44.91 45.04 41.55 40.8
42.49 41.39 43 47.31 44.57
38.92 42.87 37.76 47.47 40.96
45.82 42.05 38.94 49.1 44.39
51.18 56.56 52.65 43.38 60.89
43.37 53.02 48.65 45.71 53.03
40.43 57.64 45.8 44.07 39.09
45.89 45.37 38.29 41.54 41.91
48.91 48.31 50.05 44.05 51.98
48.02 46.36 48.59 46.18 45.38
49.5 43.08 50.87 39.75 48.05
48.2 43.49 57.02 48.84 39.94
47.22 43.16 41.29 50.28 41.43
55.57 44.07 48.88 46.4 51.68
48.13 35.17 47.55 43.34 45.41
52.62 58.29 63.33 73.59 79.82
83.57 81.19 82.25 85.33 87.97
89.56 80.04 80.66 91.69 92.07
94.38 95.97 94.06 91.66 91.49
91.56 93.16 94.38 94.79 95.14
95.81 96.06 96.11 95.97 96.29
95.85 95.14 93.37 93.82 96.29
96.5 96.14 97.48 97.76 97
96.58 95.02 94.07 92.87 84.97
75.47 69.45 86.09 88.3 92.4
93.36 93.55 95.64 96.25 97.16
97 97.54 96.96 96.1 93.83
93.18 93.73 95.3 95.74 95.12
95.4 95.41 96.41 95.61 95.58
94.2 93.43 93.8 94.35 94.11
95.62 96.14 96.65 96.07 94.05
92.64 93.08 91.3 91.02 89.46
92.74 94.12 95.68 96.34 95.21
95.36 96.18 95.51 95.93 96.87
96.78 95.9 96.64 97.13 96.74
96.1 95.93 96.11 96.7 95.54
95.7 93.64 91.58 87.32 86.6
88 88.69 91.82 93.95 94.89
96.04 97.18 97.54 97.27 96.32
96.51 96.16 95.33 90.66 86.03
73.57
