96.19 94.96 95.68 95.51 95.8
96.44 96.03 95.84 95.72 97.32
95.89 92.95 93.32 94.31 90.49
95.48 96.3 95.92 94.87 94.93
96.17 94.35 93.1 94.06 93.94
91.06 92.94 93.11 95.4 95.16
96.46 97.04 97.03 97.3 97.37
97.21 97.68 97.86 98.48 98.47
98.56 98.2 97.9 96.55 94.42
95.1 96.79 97.51 97.93 97.99
98.4 98.41 98.72 98.7 98.57
98.5 98.51 98.38 97.89 98.01
97.84 95.3 94.73 94.13 93.17
93.69 92.97 93.74 93.01 91.01
92.02 93.54 91.52 91.47 92.02
93.86 91.96 93.75 93.7 93.85
94.4 93.94 93.2 93.84 93.5
91.76 92.27 91.85 89.91 87.57
86.07 78.41 71.12 60.8 64.21
51.07
