35.72 38.45 33.55 38.67 33.32
30.7 32.35 30.27 28.2 32.05
31.45 33.76 33.92 39.77 38.07
39.12 51.07 56.74 68.64 81.79
92.95 94.84 95.91 97.36 95.79
95.06 95.68 95.11 91.74 90.07
90.08 87.92 89.2 92.69 93.22
91.07 92 93.11 95.34 97.14
97.35 97.39 98.2 97.93 98.13
97.29 95.97 95.85 95.05 92.16
90.09 85.78 71.84 68.7 62.5
64.37 74.98 80.62 87.23 87
89.63 94.47 93.09 92.67 95.5
95.52 96.67 95.38 91.36 93.13
93.77 95.13 95.86 92.58 89.76
87.33 76.01 66.95 58.75 49.55
45.49 43.26 44.19 45.65 43.03
41.8 47.58 45.26 51.4 52.71
61.43 70.9 86.52 89.62 90.17
89.74 91.29 93 93.25 93.14
94.81 95.4 95.17 95.78 96.61
94.98 94.22 96.63 95.09 93.14
92.63 86.3 85.94 82.4 84.52
85.03 83.77 81.29 84.61 87.44
91.28 91.28 90.74 92.87 95.15
94.09 93.35 95.72 95.06 94.06
95.08 95.13 91.1 86.63 67.92
61.07 55 51.19 46.4 46.18
39.18 42.49 42.53 45.55 45.5
52.15 58.92 49.04 43.73 46.58
41.17 43.87 44.85 45.33 44.33
44.32 44.94 45.62 46.56 53.18
56.36 61.94 75.74 88.6 91.15
89.35 92.17 94.32 94.89 94.8
95.67 97.39 96.32 95.49 96.85
95.68 93.15 91.95 89.45 88.55
87.93 92.58 92.17 90.59 93.46
94.76 92.79 93.14 95.97 96.05
92.5 93.99 96.32 94.51 91.11
93.08 95.29 91.66 90.38 93.06
92.57 90.25 90.63 89.76 88.97
89.3 87.42 86.9 86.57 84.09
83.26 84.2 81.85 77.71 80.35
78.1 74.02 75.18 76.75 71.5
66.87 62.84 60.56 55.06 49.29
49.75 49.35 49.76 50.54 47.46
48.53 49.81 48.83 49.86 53.99
54.96 60.89 73.11 75.83 79.64
84.51 86.55 85.95 87.53 86.5
86.11 84.48 84.93 85.43 82.44
79.86 80.58 79.34 73.63 72.02
67.44 64.18 56.99 53.39 53.85
53.66 48.77 50.43 49.74 47.81
45.46 43.59 43.53 46.59 46.48
51.3 50.26 57.83 61.44 66.67
71.4 77.04 77.37 77.99 80.99
77.07 77.65 77.29 78.59 77.65
73.42 80.9 79.28 74.59 68.95
69.41 65.01 62.59 65.59 62.53
63.07 62.25 67.1 67.23 66.11
61.67 58.89 64.62 59.74 56.43
56.11 52.63 58.64 63.5 67.98
64.6 74.59 74.87 74.35 75.44
73.9 76.55 73.72 76.65 73.9
73.97 67.31 68.7 58.12 72.15
73.73 69.4 78.3 77.07 75.14
74.89 68.16 78.12 76.39 71.26
76.37 74.56 72.98 78.03 79.71
83.72 84.55 85.96 91.59 91.39
89.23 86.98 83.17 83.9 80.48
80.76 78.84 66.17 67.13 63.04
60.25 65.04 58.87 55 47.46
48 44.37 40.99 37.25 38.26
39.85 36.25 33.08 36.64 33.92
34.45 31.18 37.62 39.05 38.99
32.82 34.5 35.96 38.63 32.15
31.97 34.82 37.93 31.43 33.51
34.29 34.87 33.46 36.94 36.89
33.49 32.46 34.69 31.05 35.67
31.53 32.95 28.74 34.93 35.4
35.55 31.71 38.58 32.26 37.48
37 38.57 38.18 36 49.93
44.52 55.52 69.07 49.75 69.53
66.52 53.78 58.86 55.96 49.51
45.97 35.62 33.35 41.03 36.64
41.91 36.02 32.82 34.17 26.84
30.6 29.32 30.31 34.99 33.2
32.21 31.68 35.78 36.33 35.45
35.93 51.37 55.87 57.66 59.57
51.44 62.2 62.03 40.89 63.6
59.82 51.42 48.45 49.76 49.36
40.08 43.06 35.89 30.13 32.28
31.09 27.38 33.33 30.28 24.69
29.69 28.37 29.67 32.79 30.53
25.94 32.38 26.39 30.09 26.29
29.53 25.99 28.44 23.5 20.7
23.5 24.81 27.71 26.96 23.77
31.3 24.32 28.73 23.2 23.27
29.27 22.75 33.21 24.77 32.82
28.39 37.34 32.4 24.2 31.44
25.56 32.06 24.82 28.7 26.79
26.75 25.24 24.41 29.24 29.24
28.42 34.17 27.99 30.56 28.25
33.14 30.72 34.76 38.88 39.72
39.04 38.48 37.4 37.69 32.95
36.86 34.65 42.23 47.59 45.81
49.25 50.77 52.74 55.7 71.46
84.45 88.76 90.14 90.21 91.3
92.86 94.29 93.35 94.1 95.36
93.94 95.87 94.87 93.96 91.47
92.23 91.2 89.31 89.9 87.9
87.49 86.98 90.62 91.99 90.5
92.36 91.31 93.29 92.51 93.61
92.77 90.8 90.92 92.62 93.46
94.92 96.28 95.03 93.94 94.67
93.03 94.12 93.55 94.94 92.09
83.91 85.73 85.88 88.23 92.68
94.45 95.61 96.55 94.28 95.56
95.85 94.91 95.65 96.65 96.9
95.47 91.34 92.84 95.46 93.61
93.22 92.06 91.32 88.91 87.78
85.78 82.83 75.99 63.87 70.72
66.72 76.23 84.46 87.95 89.49
86.18 87.99 89.28 85.82 82.94
80.04 65.49 57.19 45.25 35.18
33.93 33.8 33.45 33.6 38.45
38.99 41.23 46.88 48.26 50.48
50.25 48.34 52.1 53.45 53.49
50.3 48.81 50.15 50.19 46.55
48.19 49.61 55.28 64.57 77.27
80.76 82.22 81.21 79.25 84.17
82.01 80.51 81.91 85.51 83.18
82.93 86.51 88.04 90.17 91.24
92.65 95.11 96.03 96.18 92.49
92.73 96.06 93.28 88.87 94.19
92.38 88.1 87.24 90.47 88.41
83.37 83.93 83.79 82.93 78.51
75.36 73.84 72.76 68.55 64.8
66.49 60.45 51.83 43.45 44.48
37.24 34.91 37.24 32.69 30.89
31.34 29.67 31.37 28.58 34.74
30.2 30.59 30.11 34.15 36.76
37.8 35.32 38.83 31.55
