37.56 36.1 33.67 35.53 37.25
37.76 36.76 37.21 32.27 35.88
33.09 39.02 38.33 34.28 38.94
32.82 40.2 30.21 41.66 31.8
41.12 34.27 40.89 43.18 39.32
42.52 47.77 46.32 45.3 46.88
42.86 36.88 36.43 38.08 38.9
42.75 44.63 45.45 59.03 71.57
86.78 93.08 95.25 97.21 98.22
98.73 98.47 98.49 97.88 97.99
98.3 98.17 98.14 98.2 97.93
98.47 98.55 98.5 98.43 97.67
95.56 95.37 95.16 94.17 93.05
93.2 93.24 95.71 95.77 96.87
97.35 97.91 98.39 98.17 98.33
98.59 98.47 98.73 98.78 98.85
98.83 98.66 98.68 98.45 97.86
98.05 98.53 98.46 97.99 98.4
98.54 97.83 97.35 97.89 97.18
96.67 94.66 95.88 96.65 95.18
93.89 94.58 94.16 93.72 89.41
89.41 85.6 86.69 85.01 86.04
87.59 89.11 91.25 94.49 96.83
96.96 97.96 98.51 98.63 98.45
98.71 98.86 98.85 98.9 98.79
98.78 98.62 97.72 97.17 97.94
97.44 97.14 97.69 97.5 96.07
96.64 98.28 97.94 98.41 98.34
98.64 98.8 98.88 98.85 98.84
98.77 98.46 98.19 97.72 96.8
97.3 97.55 98.11 98.58 98.68
98.13 97.91 98.21 98.31 98.3
98.25 97.96 97.45 97.46 98.09
98.05 98.82 98.8 98.77 98.74
98.44 98.36 98.63 98.69 98.84
98.8 98.76 98.81 98.71 98.69
98.84 98.84 98.8 98.56 98.73
98.81 98.67 98.73 98.7 98.55
98.66 98.73 98.58 98 97.89
97.96 98.04 98.53 98.38 97.82
98.25 98.36 98.11 98.37 96.56
98.53 98.81 98.88 98.84 98.85
98.63 97.78 98.29 97.74 97.42
97.41 98.47 98.53 98.71 98.81
98.84 98.9 98.82 98.66 98.79
98.71 98.53 98.64 98.42 98.76
98.76 98.87 98.87 98.8 98.5
97.81 97.02 97.07 96.25 97.64
97.5 97.96 98.34 98.54 98.61
98.25 98.47 98.46 98.6 98.64
98.32 98.52 98.33 97.96 96.38
95.31 94.54 93.07 92.49 94.47
92.39 94.71 96.43 97.3 96.06
96.85 97.23 97.47 98.15 98.78
98.76 98.9 98.83 98.9 98.69
98 96.9 94 94.75 94.21
95.99 95.07 94.92 96.21 97.68
97.79 97.4 98.19 98.57 98.19
98.11 97.67 97.28 97.25 98.53
98.74 98.75 98.79 98.63 98.04
96.67 95.96 95.15 96.35 95.92
96.35 96.4 96.33 95.7 96.5
96.36 95.14 93.65 95.88 96.51
96.95 96.97 97.31 96.54 96.89
96.92 96.75 96.19 95.61 96.31
96.76 96.88 97.1 97.36 97.22
97.29 97.12 97.04 96.95 97.09
98.17 98.25 98.43 98.33 98.23
98.28 97.7 98.23 97.23 97.51
98.41 98.26 98.3 98.45 98.74
98.63 98.49 98.69 98.69 98.6
98.61 98.72 98.59 98.37 98.08
98.37 98.63 98.41 98.46 98.5
98.49 97.85 98.02 98.6 98.73
98.56 98.46 98.2 98.5 98.63
98.62 98.61 98.57 98.62 98.34
98.08 98 97.68 96.84 93.54
93.31 92.79 95.56 96.51 98.5
98.64 98.8 98.81 98.67 97.32
91.26
