97.32 96.45 95.99 95.06 95.23
94.22 88.28 85.82 75.66 74.27
70.97 75.33 80.44 89.39 94.82
96.72 97.53 98.13 98.04 98.16
97.69 97.86 95.65 93.82 94.4
96.51 97.92 98.1 98.41 98.29
98.22 98.05 97.14 95.71 93.64
93.15 95.51 96.87 97.59 98.04
97.8 97.5 97.77 97.59 97.97
96.7 96.66 96.38 97.16 97.74
97.69 97.91 96.76 96.08 94.95
93.93 92.78 93.13 92.95 92.06
92.46 91.72 92.75 93.91 94.7
94.49 94.97 97.02 97.59 98.18
97.89 97.66 96.57 97.03 97.06
97.05 95.09 95.34 95.72 95.77
95.99 96.16 96.88 97.48 95.82
96.35
