92.92 95.34 96.87 97.16 97.96
96.91 95.08 92.09 90.02 90.97
92.82 95.04 97.1 96.97 96.58
96.44 95.6 94.7 90.85 90.61
94.16 95 96.51 97.02 97.29
97.65 98.28 97.55 97.5 97.76
97.6 96.07 96.33 95.42 94.58
95.81 93.72 95.45 96.51 96.52
97.68 98.26 97.96 98.36 97.33
96.2 93.93 91.35 88.51 89.67
88.38 91.32 93.14 95.85 97.57
97.27 96.72 96.82 94.12 94.01
94.03 95.26 92.53 90.77 93.27
92.21 85.69 85.43 87.08 87.27
92.15 94.89 94.94 97.6 97.44
98.38 97.51 97.59 97.07 97.49
96.78 96.64 95.52 95.11 94.57
95.54 96.72 94.63 94.6 95.32
95.4 97.3 97.35 97.53 97.79
97.93 97.9 96.96 96.06 94.99
94.56 92.67 91.1 91.56 89.78
86.78 83 82.24 84.03 80.64
85.66 89.78 88.57 91.38 93.69
93.79 95.37 96.27 96.66 96.11
97.08 97.68 96.74 95.87 97.16
95.6 93.33 94.08 94.87 95.72
95.11 91.55 89.69 88.19 86.03
84.28 91.1 92.82 89.55 89.31
86.8 88.1 88.02 85.77 82.57
83.63 85.72 87.39 90.4 90.75
92.59 93.38 94 94.74 95.85
96.13 96.17 96.84 96.61 97.68
96.86 97.16 96.6 96.47 96.13
96.96 96.49 95.97 96.15 97.22
97.68 97.89 97.85 97.83 97.7
97.15 96.94 95.89 95.01 94.66
92.4 90.37 85.19 88.01 92.26
93.05 93.82 94.05 94 95.66
95.06 96.3 96.02 91.49 87.18
89.42 88.66 92.63 95.04 96.11
95.31 96.21 95.99 97.34 95.17
93.86 91.2 94.79 96.77 95.44
95.14 93.85 92.2 87.57 85.14
85.72 87.58 90.12 92.28 92.44
93.81 94.92 94.62 93.84 91.67
93.07 93.1 89.87 90.14 93.58
93.7 93.75 93.75 94.59 96.01
97.49 97.6 96.69 95.95 95.17
94.66 94.18 90.1 85.65 86.11
86.29 91.48 92.84 94.24 94.46
94.56 96.14 96.6 96.89 96.35
95.08 94.84 94.78 94.46 96
96.75 94.88 95.96 96.99 96.23
95.44 96.62 95.95 93.23 95.37
95.58 93.28 93.18 95.79 95.24
92.77 89.51 85.62 87.14 84.23
81.1 79.11 75.6 78.33 81.95
82.24 81.3 83.99 79.58 75.78
73.96 72.82 72.47 67.09 71.47
70.58 67.67 63.69 70.49 73.7
58.25 53.2 55.59 53.45 58.68
64.18 68.4 70.41 81.91 85.26
90.6 89.8 93 93.93 93.48
91.43 93.49 94.76 95.37 92.55
93.91 94.33 93.46 92.69 91.35
92.23 91.17 91.44 90.04 87.64
86.26 85.39 80.48 76.27 55.62
54.67 52.38 39.02 46.31 48.6
44.83 40.76 36.57 35.12 32.08
39.86 29.84 29.55 32.23 39.59
29.97 32.65 35.47 35.21 40.61
40.14 43.04 44.2 48.76 55.69
56.53 54.48 50.59 57.89 51.79
57.35 60.19 71.24 68.07 71.75
76.92 73.44 75.4 77.99 80.11
76.55 75.57 80.58 77.46 75.84
80.4 80.07 81.34 81.11 86.86
86.98 88.25 87.83 84 85.69
84.68 82.51 88.7 89.61 91.89
93.98 95.63 96.74 96.82 95.75
94.32 94.9 95.29 94.82 94.98
91.51 93.15 94.19 94.51 93.12
96.13 96.02 92.84 94.06 92.62
94.01 93.89 90.62 87.46 84.51
88.01 89.63 89 92.79 94.86
95.02 94.37 96.58 96.09 94.66
92.27 87.95 83.67 76.12 69.3
60.96 58.78 56.24 52.84 54.17
47.12 46.42 35.94 37.76 34.23
