75.11 82.18 90.91 91.4 87.42
88.41 91.2 91.71 92.64 94.29
93.2 92.19 93.03 92.65 92.16
91.96 91.85 89.5 89.15 91.69
93.26 94.84 94.97 94.86 95.45
95.37 94.66 92.58 90.77 90.65
92.01 92.81 93.69 93.53 92.98
93.34 93.4 93.32 93.58 92.99
91.83 92.4 92.3 91.03 91.98
90.17 89.87 88.61 87.42 78.27
80.26 87.23 92.03 93.46 94.18
94.59 94.13 93.25 93.62 92.06
90.31 92.68 91.93 92.09 91.53
92.75 92.35 92.24 91.22 91.4
89.84 90.26 89.91 87.16 86.25
87.24 90.37 94.33 93.91 94.67
94.93 94.79 93.17 90.18 87.25
84.77 86.91 87.49 88.97 89.7
91.48 92.6 93.19 92.09 90.4
90.59 92.53 93.38 93.77 93.11
93.25 92.99 93.79 93.7 92.33
92.86 92.15 91.95 92.22 89.54
89.23 86.16 84.43 83.88 78.86
69.27 60.9 58.09 49.06 48.49
48.49 41.36 41.59 38.96 37.11
38.98 34.77 39.95 38.57 39.31
41.03 40.24 29.86 38.46 31.7
39.73 38.1 39.67 39.39 37.59
37.78 39.85 35.09 38.3 38.99
37.76 39.2 41.3 41.06 39.28
39.17 32.43 39.99 38.39 35.15
36.67 42.63 39.9 42.37 38.49
39.3 40.75 31.44 38.34 38.03
37.91 31.58 38.05 31.22 33.71
34.82 38.69 35.77 42.92 38.61
39.87 42.44 35.89 39.59 39.93
37.27 35.32 41.41 34.4 31.86
34.98 37.15 37.08 39.49 49.42
57.37 48.66 49.62 55.54 57.52
65.34 73.38 64.73 74.43 78.07
78.3 75.25 80.09 86.02 83.58
77.99 83.93 85.41 83.85 85.95
86.78 87.25 86.57 87.2 90.11
86.95 85.48 89.72 87.48 88.14
87.37 88.76 90.73 91.21 83.61
90.05 89.16 92.37 87.67 92.93
89.29 89.93 93.62 92.93 87.55
90.21 94.41 91.53 92.92 93.46
94.89 92.06 92.38 93.75 93.98
92.07 90.31 94.82 93.96 87.95
91.81 94.21 92.16 88.85 93.89
94.7 91.46 94.61 95.19 94.58
93.68 95.1 95.97 95.7 95.71
95.69 96.23 95.42 95.07 96.43
95.53 94.06 96.31 95.57 96.46
94.99 94.86 94.94 94.15 95.34
95.02 94.39 94.47 94.66 93.48
92.59 94.09 91.77 91.93 93.84
93.14 93.4 93.78 94.08 93.58
93.2 93.27 93.48 93.89 92.55
93.22 92.4 91.7 89.53 90.54
90.67 89.84 90.05 88.26 86.64
85.23 84.49 83.76 83.04 82.63
81.33 81.78 89.18 91.67 93.5
94.73 94.89 95.84 95.75 94.83
93.64 90.1 89.44 90.61 93.33
94.99 96.01 95.96 95.11 95.18
94.86 94.71 93.01 93.04 93.55
96.03 95.51 94.94 94.81 94.38
93.71 93.72 94.65 93.86 92.31
91.95 92.29 90.63 87.27 83.88
84.55 83.99 82.97 86.5 90.8
91.53 94.1 93.97 93.59 86.64
82.91 86.45 88.81 92.7 93.49
93.82 93 91.85 93.73 94.34
94.7 94.49 95.09 94.78 93.72
92.15 92.55 91.84 91.37 91.44
89.69 91.43 92.07 93.18 94.13
94.9 94.96 93.9 91.05 87.28
73.6 59.09 60.88 57.78 56.35
51.32 55.21 49.23 54.58 47.91
40.16 46.07 40.69 46.76 55.46
58.33 57.93 61.26 59.69 61.21
61.66 70.95 69.36 67.29 72.95
74.2 77.97 75.33 75.8 79.32
78.73 77.36 79.42 77.17 76.04
69.24 72.62 69.63 62.99 46.31
49.76 65.11 63.82 61.37 49.44
42.19 41.71 42.62 42.86 37.11
38.56 37.41 39.02 42.19 40.64
52.25 48.71 38.81 50.88 38.6
41.71 42.79 42.84 41.18 43.67
41.87 38.65 40.47 37.22 46.04
39.04 40.08 41.65 39.71 37.61
41.83 40.72 41.02 35.75 42.5
46.11 45.61 56.26 55.89 50.53
58.48 76.66 75.97 69.66 61.88
64.68 63.04 52.26 58.7 52.64
54 53.94 52.24 55.75 60.05
58.52 57.23 52.14 61.39 61.59
54.52 53.78 52.02 61.37 53.55
55.08 46.27 42.52
