32.16 31.99 27.35 43.55 30.68
34.88 32.67 28.38 29.35 24.71
25.69 43.95 27.78 23.37 28.91
25.19 34.09 24.7 29.9 24
30.3 26.92 31.24 25.59 31.44
29.93 31.39 35.42 37.55 35.42
35.43 35.97 36.19 38.56 43.23
39.59 36.21 38.22 39.34 42.72
37.25 42.12 39.77 37.98 36.9
31.52 34.54 29.66 32.71 31.93
30.68 38.48 33.77 33.55 45.66
47.11 47.93 52.48 57.85 76.77
88.47 92.63 94.4 96 96.57
97.13 97.62 97.95 98.11 97.92
97.92 97.85 97.76 97.64 97.32
96.94 97.32 97.87 96.81 97.29
95.24 95.58 95.47 96.11 96
96.36 97.22 97.66 96.94 96.93
98.16 98.22 98.28 98.38 98.27
97.4 97.35 97.87 97.18 95.71
95.22 94.53 95.28 96.59 95.77
93.33 94.22 95.37 91.58 92.23
95.36 93.19 95.42 95.56 97.19
96.64 97.31 98.1 97.84 97.4
98.35 98.38 98.28 98.13 98.48
98.45 98.38 98.2 97.87 97.91
97.8 96.71 96.06 94.65 96.09
96.68 96.72 97.94 97.87 97.38
97.69 97.93 98.21 97.68 98.28
98.11 98.12 98.23 98.16 98.12
98.46 98.17 97.34 98.31 98.17
97.59 96.38 97.62 97.6 96.16
96.01 96.68 95.54 94.43 95.35
94.45 93.78 95.46 96.24 97.04
97.55 97.45 98.08 98.45 98.19
98.34 98.61 98.36 97.8 96.75
98.2 97.77 98.18 98.13 97.31
97.38 98.2 97.37 97.38 97.9
97.64 97.43 97.2 98.01 98.14
98.18 98.22 98.68 98.61 98.6
98.63 98.43 98.32 98.36 97.96
97.29 97.57 97.23 94.75 93.86
89.98 88.01 90.47 88.77 90.11
91.14 93.47 92.58 94.29 96.24
97.42 96.9 97.63 98.07 98.25
97.92 97.57 97.99 97.34 96.64
95.95 94.89 95.42 94.83 97.36
96.71 97.67 98.41 98.41 98.16
98.32 97.97 97.07 96.89 96.15
95.46 95.51 94.84 92.12 92.22
92.25 93.52 93.58 94.05 93.2
93.44 94.6 94.53 92.83 92.58
95.39 95.47 96.95 96.77 95.92
96.85 97.05 96.17 96.1 97.24
96.22 96.42 97.34 97.84 97.18
97.32 97.31 96.49 95.14 96.33
95.2 95.73 96.96 95.37 95.94
95.92 94.65 94.74 94.96 93.37
92.14 91.23 86.94 86.9 84.26
84.38 82.9 79.57 74.05 71.53
75.5 77.13 79.03 84.12 90.12
94.16 95.71 95.55 96.44 98.08
98.35 97.65 97.31 97.53 97.86
98.47 98.39 97.8 97.98 98.24
97.09 97.71 98.48 98.37 97.84
98.28 98.56 98.29 98.08 98.27
98.08 97.17 96.65 96.3 95.71
94.45 93.2 96.01 96.09 97.09
98.05 98.21 98.32 98.61 98.65
98.42 98.48 98.41 98.38 98.06
96.97 95.79 96.69 93.51 92.16
89.92 91.46 94.9 95.61 97.43
96.96 97.32 97.97 98.48 98.52
98.49 98.47 98.56 98.66 98.73
98.63 98.49 98.71 98.54 98.25
97.55 97.95 97.78 96.92 95.87
94.21 91.5 92.5 93.53 95.5
95.7 97.17 97.57 97.69 97.53
98 98.23 98.17 98.02 97.81
98.29 97.32 97.29 96.48 97.19
97.72 97.92 97.02 97.34 97.73
97.64 97.17 96.5 97.03 97.71
97.17 97.32 97.73 97.84 97.45
95.61 95.39 95.74 94.84 93.03
91.86 88.4 85.59 83.39 77.84
70.53 74.14 66.72 69.46 81.08
90.35 93.61 96.22 97.47 97.86
96.66 97.26 95.62 95.16 96.02
96.24 97.61 97.45 97.29 97.34
97.09 97.47 96.12 95.52 91.48
90.03 91.87 93.74 95.53 95.96
97.33 97.17 95.29 93.31 91.54
87.08 83.94 80.72 80.42 72.34
75.54 75.39 79.37 85.93 87.92
91.74 94.86 95.09 93.81 95.27
97.08 95.68 95.47 96.28 96.88
95.98 95.62 96.6 96.12 93.61
93.49 94.41 93.34 85.29 86.17
85 85.61 88.27 93.36 94.95
94.23 96.27 97.72 98.15 97.81
98.17 97.41 96.09 96.48 95.95
94.67 95.59 96.44 96.59 95.67
96.24 96.58 95.06 93.36 94.11
94.66 96.88 96.38 97.07 95.97
97.51 98.26 98.18 98.18 97.96
96.98 97.31 94.48 94.84 92.22
92.03 93.86 94.66 94.78 97.41
98.46 98.52 98.54 98.26 97.75
95.65 93.96 87.92 77.37 61.86
47.72 39.65 36.02 33.22 31.69
36.36 37.21 37.03 51.71
