41.46 66.13 68.24 78.26 78.77
86.3 86.5 91.47 89.64 92.4
89.42 92.02 91.33 87.04 83.64
80.93 83.99 85.45 84.33 85.95
86.76 86.35 87.98 88.61 90.93
90.93 92.16 91.37 92.67 93.03
93.16 93.17 94.55 96.14 95.43
96.23 97.06 96.93 96.33 96.4
97.41 97.08 95.62 96.34 97.27
95.23 94.01 96.27 96.4 94.66
96 97.77 97.24 96.3 98.08
98.35 97.71 97.95 98.49 98.19
98.28 98.18 98.44 98.12 98.49
98.64 98.29 98.51 98.58 98.43
98.48 98.57 98.59 98.45 98.31
98.4 98.05 97.82 97.1 96.87
96.72 94.71 94.7 93.47 91.39
90.92 89.06 88.29 89.23 88.83
89.14 91.28 90.82 92.64 92.38
92.72 94.68 94.15 95.51 95.51
96.75 97.4 96.86 96.51 97.31
96.74 96.44 95.27 94.78 94.16
94.67 94.92 95.62 95.39 95.77
95.63 93.53 93.08 93.48 92.51
92.74 94.11 93.13 92.05 93.87
95.82 94.57 95.99 97.95 97.64
97.34 97.55 97.45 97.83 97.05
97.63 97.19 97.11 97.86 97.34
97.07 98.1 97.04 95.8 96.99
96.82 97.19 97.72 97.97 97.21
98 97.75 97.56 96.65 96.94
97.64 97.29 97.22 97.49 97.15
97.64 97.1 97.5 97.27 95.58
96.49 97.17 96.52 95.83 96.08
96.38 95.54 94.52 95.93 94.3
94.12 92.15 93.06 85.84 86.12
80.64 77.91 71.94 70.97 66.48
59.15 55.9 52.41 56.74 54.13
52.59 56.92 61.43 55.39 52.37
62.8 55.54 60.1 68.37 69.42
74.55 70.12 71.85 72.93 79.84
75.26 73.09 75.28 69.93 60.96
60.83 58.25 55.23 57.61 53.33
52.58 50.44 51.85 45.34 46.43
48.12 43.83 40.7 38.05 36.97
38.59 42.52 40.91 39.66 37.5
40.82 32.73 37.48 32.93 36.11
30.44 32.57 28.01 37.07 30.12
38.89 34.82 34.08 43.5 36.41
39.23 34.5 37.78 39.82 40.99
51.12 53.76 60.34 61.99 58.72
68.96 59.14 70.6 71.18 67.04
65.95 68.61 66.77 61.23 56.87
56.51 46.81 46.39 42.32 44.75
41.1 38.85 42.55 37.85 38.06
42.49 44.86 58.33 62.24 61.66
64.87 65.12 54.55 54.47 49.95
40.55 40.27 39.74 42.56 41.18
43.06 40.31 39.75 40.3 35.03
30.34 38.15 30.4 38.48 33.63
42.47 35.18 40.91 38.14 37.51
39.92 31.44 40.37 40.67 32.19
43.65 37.66 43.05 38.31 41.24
40.42 40.77 48.16 45.93 52.29
43.31 42.42 55.73 65.39 71.17
70.27 70.38 70.29 68.09 54.58
54.31 45.47 36.6 42.56 40.27
37.33 39.7 39.39 41.91 41.38
45.69 42.27 40.61 50.22 44.49
46.95 55.5 65.84 70.84 73.65
72.75 71.56 74.98 77.17 77.82
76.12 74.95 74.59 64.33 48.61
45.84 43.15 40.91 41.49 47.26
46.64 49.91 60.5 66.64 70.8
70.59 67.57 63.93 57.13 50.73
44.53 46.82 44.7 39.83 46.73
46.44 43.02 55.76 52 55.56
61.14 64.17 67.82 62.68 56.1
62.32 55.19 47.79 53.16 50.15
52.57 52.28 55.22 60.04 50.54
37.58 42.37 39.47 40.55 38.75
44.25 39.19 41.53 41.62 44.72
49.9 39.61 47.32 42.45 34.02
53.72 38.9 50.73 40.41 48.42
42.07 43.2 45.99 52.62 50.89
55.35 56.57 68.3 64.11 63.24
73.53 58.21 55.56 50.86 45.3
40.93 45.63 47.75 40.52 49.76
43.6 42.26 47.3 36.74 45.2
40.98 35.44 42.27 40.47 49.92
55.47 46.18 49.62 41.31 45.45
49.95 44.1 55.44 43.53 50.74
46.84 51.46 45.09 46.04 46.76
52.23 51.09 51.66 48.57 55.48
68.17 54.51 48.12 66.02 45.96
38.66 49.58 35.99 45.62 36.54
34.75 41.47 36.97 41.29 34.74
36.74 41.34 38.22 40.54 35.49
41.2 41.99 44.56 46.4 61.35
71.4 78.69 75.4 81.53 78.81
80.67 82.57 84.19 79.26 77.61
82.17 76.54 65.51 64.31 62.45
52.81 63.04 56.55 57.33 58.83
61.5 63.49 64.06 65.08 61.38
64.37 64.74 65.17 63.58 61.15
61.13 64.16 60.99 68.36 76.44
77.17 78.78 77.8 77 79.21
81.23 79.82 80.81 80.45 78.86
77.88 70.38 63.85 59.67 55.94
54.59 50 50.32 51.8 53.05
47.31 46.34 49.23 48.72 47.92
55.5 53.89 50.9 35.48
