41.53 37.78 36.55 43.17 33.12
48.41 39.48 39.08 43.15 34.65
49.24 39.56 42.67 36.89 45.31
40.55 39.97 42.13 40.21 39.32
38.7 39.44 39.72 35.14 36.66
34.09 35.99 36.23 32.71 37.73
46.04 37.17 32.99 36.69 34.43
32.98 36.95 31.63 39.47 33.85
35.63 33.99 36.49 33.75 36.02
40.76 35.59 36.08 37.75 33.05
33.12 38.27 33.45 34.87 36.13
29.99 30.55 30.99 29 31.46
30.08 31.4 28.45 34.21 31.99
33.93 33.1 34.17 29.76 36.23
33.35 37.95 33.37 38.67 31.44
36.63 35.52 29.77 32.44 29.64
31.64 27.68 33.89 32.01 28.98
28.42 27.43 27.33 25.91 28.96
28.17 27.59 27.37 27.93 28.38
27.01 31.81 26.91 32.21 28.99
32.03 32.39 24.99 30.41 28.51
34.57 32.93 38.9 35.59 34.97
33.27 34.28 30.32 37.69 35.23
39.3 36.37 32.87 35.48 34.63
33.9 35.2 35.18 33.63 36.09
32.71 37.21 30.78 38.26 41.38
33.73 39.09 36.52 42.76 39.64
39.61 38.26 41.01 38.08 44.97
40.21 41.56 42.59 34.21 36.23
40.63 40.35 44.35 46.79 56.02
70.62 87.35 94.75 96.67 97.76
97.96 97.68 97.4 97.85 98.14
97.43 96.81 97.65 96.98 96.53
97 97.49 97.62 96.56 97.54
98.24 97.5 96.67 98.08 98.14
98.16 97.68 98.04 97.48 97.86
98.33 98.34 98.36 98.53 98.08
97.57 95.74 97.38 97.5 97.9
96.99 95.75 93.84 93.76 92.95
92.44 94.1 95.98 96.08 96.88
96.68 97.28 98.18 98.02 95.98
95.6 93.66 95.65 97.09 98.06
97.59 97.14 98.16 97.66 98.4
98.55 98.67 98.75 98.58 98.67
98.64 98.84 98.74 98.56 98.18
96.76 95.84 95 91.19 90.35
87.39 87.54 87.58 92.91 94.73
97.7 98.07 98.43 98.75 98.72
98.7 98.35 97.77 97.51 97.61
98.07 98.5 98.69 98.67 98.58
98.38 98.3 97.92 97.01 96.87
95.08 93.53 92.53 94 95.49
94.51 94 96.81 96.67 95.62
97.8 98.36 98 98.32 98.47
98.12 98.18 98.27 97.76 97.49
97.42 97.35 95.1 95.47 96.02
96.94 97.69 98.31 98.53 98.35
98.34 98.42 98.04 97.98 98.33
98.43 98.22 98.5 97.98 97.3
98.41 98.33 98.61 98.72 98.68
98.68 97.89 97.86 97.36 96.24
95.63 97.57 98.28 97.95 97.09
97.49 98.18 97.79 96.48 96.5
98.08 97.82 97.68 97.4 97.73
97.16 96.38 96.24 96.68 98.16
97.37 96.84 98.24 98.61 98.14
97.89 98.76 98.72 98.28 98.71
98.81 98.66 98.48 98.68 98.57
98.27 98.42 98.43 98.6 98.62
98.58 98.22 97.93 98.69 98.56
98.54 97.37 98.42 98.67 98.38
98.12 96.81 94.02 90.08 88.82
93.52 94.36 96.94 98.55 98.72
98.71 98.27 95.87 97.24 94.02
94.48 97.09 97.06 97.49 96.3
94.71 93.65 91.24 87.91 89.71
92.49 94.64 96.11 98.11 97.17
98.34 98.68 98.84 98.82 98.84
98.74 98.63 98.56 98.62 98.43
97.8 97.52 96.52 97.83 98.19
98.53 98.78 98.83 98.88 98.9
98.95 98.93 98.93 98.88 98.92
98.91 98.88 98.82 98.79 98.72
98.65 98.42 98.43 98.37 98.62
98.69 98.64 98.34 98.11 97.46
97.81 97.57 98.04 98.56 98.73
98.66 98.71 98.72 98.79 98.74
98.75 98.64 98.6 98.38 98.28
97.99 97.62 96.75 96.92 97.15
97.93 97.21 97.26 97.84 97.67
97.99 98.15 97.62 98.02 98.14
97.93 96.53 93.91 94.32 95.12
96.8 97.9 98.01 97.74 97.75
96.29 96.07 95.67 94.38 95.53
94.82 95.29 92.59 94.55 94.32
95.63 96.85 96.17 95.46 96.19
96.76 96.46 95.77 95.34 96.18
96.04 97.39 97.98 98.02 98.02
98.39 98.23 98.18 97.77 97.3
97.99 96.21 96.64 97.6 98.09
96.56 94.95 95.05 93.66 97.08
97.3 97.78 98.23 98.44 98.5
98.72 98.74 98.65 98.79 98.87
98.85 98.73 98.74 98.4 98.47
98.1 98.45 98.75 98.73 98.83
98.66 98.03 98.45 98.61 97.59
97.28 98.32 97.32 97.67 95.82
88.28 73.97 61.87 56.48 51.01
43.81 44.9 54.81 52.45 45.22
43.56 46.96 41.16 45.55 41.59
43.58 38.27 46.33 43.75 36.32
41.97 39.2 41.44 39.37 44.53
40.24 43.62 42.59 45.73 40.32
35.49 44.75 43.82 38.38 40.52
34.82 32.85 33.68 33.4 39.38
35.44 40.08 52.12 57.86 65.11
60.59 57.04 56.07 48.6 45.54
41.26 35.64 38.07 32.63 36.58
30.07 32.26 26.82 28.25 25.11
28.09 26.65 25.19 28.97 28.89
30.72
