41.61 48.39 57.24 45.27 56.73
48.41 57.3 61.21 67.77 71.7
69.88 67.55 75.98 73.04 68.42
72.12 60.88 47.37 53.59 45.37
47.3 45.44 46.38 46.21 45.55
49.02 45.83 45.59 56.6 66.85
72.62 67.66 64.41 74.33 63.63
52.74 47.18 50.54 48.59 47.42
43.26 44.88 45.14 44.38 56.4
46.83 45.44 43.7 43.78 56.68
44.81 45.01 43.23 43.61 45.77
41.31 46.08 51.22 41.5 44.05
52.58 46.14 38.33 31.89 31.2
35 38.63 33.54 45.76 54.49
54.56 56.51 58.41 61.44 70.14
68.91 65.62 76.49 76.07 70.07
68.62 70.9 74.41 60.39 59.58
60.33 59.58 57.55 45.59 34.7
39.2 37.25 35.87 35.12 32.95
37.29 33.79 32.81 37.5 40.41
41.37 33.51 36.49 34.44 33.72
35.27 37.24 36.61 32.93 34.59
36.64 46.99 42.2 39.43 40.46
39.44 42.25 54.35 41.49 45.12
47.7 41.22 44.92 43.36 51.75
44.47 42.46 39.44 40.55 38.68
35.77 37.23 35.45 37.73 34.33
41.21 42.31 48.53 53.65 48.91
45.16 55.03 66.29 78.68 87.21
90.67 92.19 90.78 90.45 89.62
90.2 88.41 86.17 85.64 85.8
89.9 88.01 90.01 91.02 90.94
87.79 87.64 87.35 88.91 91.89
93.18 93.46 94.44 93.61 93.45
93.5 94.1 93.55 93.08 91.41
92.01 93.95 94.09 92.52 91.32
88.01 82.12 77.57 71.86 70.91
71.95 77.46 81.37 86.1 87.96
89.89 92.95 93.9 94.8 93.43
91.76 92.01 91.45 91.71 93.99
94.21 92.81 94.08 94.82 93.69
92.71 92.56 93.52 91.21 89.7
90.13 88.15 85.7 81.17 69.15
65.04 47.07 36.95 39.28 38.03
38.13 35.65 37.44 36.38 41.53
37.93 40.03 35.96 29.5 37.3
41.52 46.61 58.38 78.87 85.8
88 90.15 89.21 88.4 86.71
85.53 76.84 80.27 86.06 86.35
86.31 87.58 90.34 88.03 85.59
85.26 83.26 86.34 89.82 90.24
91.81 91.7 91.77 92.27 91.45
91.76 91.47 91.02 90.99 94.14
92.69 92.27 90.29 87.38 84.02
68.88 63.08 50.08 51.31 52.33
52.71 59.64 63.42 70.03 81.26
84.73 88.51 92.3 92.43 92.82
91.03 90.28 89.13 88.9 89.6
92.96 93.44 90.92 92.17 93.38
91.76 92.35 91.19 92.54 90.12
89.26 87.7 86.57 83.31 67.74
57.71 54.73 44.77 33.26 32.81
33.69 34.9 36.6 46.1 40.03
46.29 40.42 42.52 42.94 43.1
46.73 47.91 57.33 71.57 86.71
88.9 89.35 90.18 90.55 89.67
85.58 87.15 89.07 89.86 88
90.05 91.43 90.81 89 85.07
86.01 87.45 91.02 91.95 92.87
93.59 93.71 92.62 92.58 94.06
92.56 90.99 89.86 93.73 92.17
92.17 90.24 90.44 83.81 74.33
73.01 68.07 66.83 73.08 73.36
84.23 86.4 89.01 89 91.14
91.98 92.7 91.12 87.59 88.2
85.47 88.34 92.49 91.93 91.02
93.43 93.49 93.28 94.13 93.18
92.66 92.18 91.87 90.57 89.28
87.94 85.86 76.89 70.4 59.06
49.18 48.51 43.24 42.35 53.4
47.81 40.11 43.06 44.19 40.52
51.73 46.91 44.05 39.1 41.39
36.51 39.88 35.98 41.24 35.7
36.83 40.54 35.21 40.74 32.59
47.47 47.72 46.15 52.68 67.89
83.11 84.7 86.36 85.69 86.22
86.69 86.39 85.48 87.91 89.12
87.6 87.54 89.06 89.42 88.51
87.21 88.28 85.34 87.89 92.22
93.2 93.07 93.22 93.9 93.13
92.68 93.99 94.39 93.71 90.74
91.33 92.49 91.39 89.76 87.18
81.8 74.66 70.01 67.63 67.52
64.39 66.53 66.21 73.6 77.43
82.94 85.06 86.18 86.46 89.79
89.63 92.31 91.78 89.53 90.25
87.58 90.12 93.34 91.94 90.44
93.97 93.43 90.5 91.55 92.62
91.38 89.01 89.05 86.12 85.45
81.68 69.07 70.9 66.31 65.91
67.45 58.72 48.96 41.23 38.1
43.69 33.15 35.52 40.53 33.4
39.08 37.39 38.77 50.55 38.77
40.6 44.29 35.79 42.28 44.83
40.4 51.4 43.56 45.66 43.84
40.08 55.61 47.09 42.6 47.59
58.74 52.63 45.47 45.07 41.45
42.62 57.18 52.33 49.12 44.91
38.43 41.62 48.26 41.83 36.79
34.03 34.55 34.78 31.86 34.81
33.46 35.45 30.43 30.39 32
38.12 38.4 39.03 37.34 38.39
35.39 36.95 42.58 39.1 34.77
37.03 38.63 35.9 33.66 41.29
43.45 46.58 42.52 46.23 40.07
38.39 50.19 46.85 44.65 42.07
50.47 44.6 37.46 46.06 38.51
32.33 43.86 42.49 40.06 35.33
45.51 39.6 43.29 43.72 42.3
44.93 45.9 43.91 36.25 41.59
46.84 40.94 37.56 37.07 35.14
35.21 40.92 33.27 34.27 38.83
32.87 39.63 36.58 35.8 29.67
42.22 41.97 45.38 59.05 53.96
59.05 50.46 58.4 64.25 55.31
57.63 65.7 61.43 53.48 44.74
49.26 38.09 42.56 32.3 39.81
35.16 35.75 32.12 38.5 38.12
31.6 40.85 41.5 39.49 53.02
52.8 52.44 44.68 56.54 63.71
50.99 59.04 67.94 65.42 47.23
50 47.43 50.29 45.71 43.98
36.05 33.65 34.87 32.88 35.28
38.79 41.86 44.08 37.75 42.22
36.88 48.58 48.62 50.31 56.89
55.53 60.09 50.29 62.83 61.21
63.95 58.54 61.89 59.28 46.64
50.01 51.86 41.61 45.95 48.88
37.26 38.53 41.12 37.97 36.44
38.23 32.02 44.52 38.39 53.07
46.66 37.21 46.38 43.56 42.16
40.77 46.36 43.23 40.03 48.02
34.32
