46.02 46.24 48.99 52.57 55.57
56.05 49.83 50.33 53.04 42.94
58.58 46.89 39.12 49.34 38.25
36.81 35.8 40.68 43.65 44.01
39.09 48.85 51.16 43.77 42.45
46.51 45.8 47.11 52.72 46.38
43.96 46.85 42.03 43.59 40.34
45.89 48.23 48.88 58.95 81.22
90.65 94.67 97.89 98.31 98.74
98.8 98.81 98.55 97.82 98.4
97.06 98.2 96.66 96.88 96.28
95.5 94.29 92.87 93.99 95.76
96.8 97.58 97.58 96.84 95.21
93.06 91.38 93.49 95.82 93.57
94.05 93.55 93.32 93.76 93.13
92.35 91.71 91.6 92.08 91.22
91.97 91.96 96.17 97.32 98.01
98.09 98.52 98.76 98.76 98.69
98.88 98.82 98.67 98.45 98.74
98.13 97.05 98.07 98.09 97.55
97.78 95.05 95.37 94.76 96.37
97.8 97.89 98.74 98.79 98.84
98.62 98.2 95.74 95.89 97.17
98.49 98.75 98.79 98.57 98.49
96.89 96.23 93.79 95.65 94.91
97.86 98.15 97.83 98.12 97.89
97.51 97.93 98.42 98.23 97.58
97.87 98.48 98.23 97.29 98.36
98.16 97.18 97.03 97.61 97.16
97.1 94.63 90.66 87.21 86.07
83.78 88.14 92.17 94.65 96.38
98.15 98.16 98.52 98.14 98.26
97.97 97.07 97.53 95.61 95.55
95.9 95.16 93.2 88.7 86.3
90.46 95.44 97.41 97.94 97.88
97.67 95.98 94.26 93.13 94.63
92.69 95.61 96.66 96.74 96.7
97.05 97.16 96.78 95.71 96.4
94.32 90.74 88.1 92.5 95.03
97.09 98.26 98.57 98.68 98.66
98.29 98.19 96.8 93.83 90.72
91.62 92.55 93 89.11 94.28
94.12 95.12 96.48 96.14 95.17
96.73 97.5 97.52 97.24 97.06
95.16 96.31 94.6 97.19 97.8
98.42 98.61 98.38 98.6 98.77
98.54 98.33 98.63 98.39 98.31
98.03 97.92 97.91 97 96.82
96.14 94.66 92.19 81.26
