67.96 65.01 64 67.8 67.18
68.46 66.38 66.54 64.26 63.52
58.99 51.02 44.34 45.6 43.61
44.28 36.98 36.09 36.99 42.29
39.42 35.22 43.57 38.23 42.6
32.63 41.29 42.09 35.27 42.67
39.48 42.45 43.53 43.05 42.54
36.64 44.87 45.01 52.1 50.19
58.99 56.22 55.2 55.67 65.51
72.43 75.03 74.95 73.72 72.03
77.52 75.78 74.33 76.45 80.02
79.95 79.77 81.18 81.69 81.22
79.83 81.26 82.65 73.56 73.36
72.9 63.04 54.99 44.44 52.11
48.86 40.47 49.78 56.75 64.66
62.88 56.27 53.39 60.04 51.16
65.73 64.26 53.15 61.58 54.48
50.81 47.25 52.56 46.02 48.72
42.36 41.14 41.37 44.98 38.88
38.79 44.71 37.42 42.83 45.29
39.93 45.63 33.07 45.95 40.47
49.14 47.16 45.41 55.67 47.91
42.69 53.94 47.97 49.77 53.78
50.21 44.11 48.88 45.28 39.48
45.49 45.4 46.85 49.84 53.74
53.55 54.54 53.79 53.95 48.78
56.2 56.89 54.05
