47.79 60.13 62.22 64.49 55.09
64.2 59.21 50.53 48.34 44.72
52.36 45.07 51.67 56.29 43.84
53.32 63.39 56.31 60.19 59.52
52.35 43.81 54.64 54.91 56.88
49.9 44.09 54.36 44.35 46.97
43.1 44.26 50.61 47.5 44.84
47.04 54.59 43.82 44.48 39.29
53.8 41.91 48.18 42.97 50.03
45.71 46.81 40.87 40.48 46.41
32.48 39.05 37.36 56.93 45.44
38.17 42.52 46.19 40.59 51.45
48.05 48.78 41.29 40.57 52.46
47.41 48.96 54.19 57.82 59.51
60.19 60.81 58.17 56.55 42.05
44.82 39.54 38.93 43.82 42.11
40.48 39.28 36.06 37.12 41.79
35.7 41.86 43.04 45.28 47.06
52.7 46.51 43.23 45.95 47.83
49.2 42.21 44.64 43.34 51.33
44.6 45.54 43.52 54.97 59.98
55.36 60.61 50.88 61.9 62.43
58.93 56.81 52.38 56.05 62.8
55.72 58.03 56.97 57.53 54.2
57.73 59.41 66.62 67.63 73.24
75.18 80.09 77.39 85.31 82.96
80.49 82.1 80.07 82.8 79.99
80.51 80.89 83.73 84.64 87.62
90.08 91.74 89.39 89.48 91.26
91.35 92.35 92.49 94.09 93.27
90.94 90.09 92.88 90.89 86.86
86.27 86.54 80.88 72.53 61.6
58.38 56.23 54.35 61.75 56.92
65.48 68.3 71.88 76.83 78.01
80.83 83.61 84.34 81.71 75.92
75.27 73.76 67.09 52.79 51.78
54.69 49.65 50.79 49.56 45.4
44.2 46.17 55.82 45.02 45.74
52.27 42.64 55.16 47.38 51.13
53.89 41.95 35.59 44.43 56.38
40.34 43.18 36.36 48.25 39.25
44.52 42.82 44.96 48.21 46.93
49.11 48.46 51.63 58.29 48.44
49.06 47.46 51.51 50.68 57.89
51.39 44.86 45.33 46.79 46.07
48.29 44.8 46.32 38.04 45.51
45.66 51.67 59.99 65.8 65.28
69.58 78.05 82.36 86.6 83.24
88.6 89.11 91.48 89.76 88.85
93.29 92.09 90.02 89.77 92.96
89.62 86.36 74.09 76.35 63.54
54.85 58.51 53.96 61.51 55.01
57.68 56 44.84 40.08 57.55
48.72 51.65 47.7 37.88 43.42
43.11 33 52.29 41.71 39.85
45.13 37.59 49.4 38.32 54.88
43.82 49.57 47.58 52.83 46.32
59.33 44.02 41.2 49.66 38.75
56.99 43.5 49.8 47.9 51.88
50.01 52.34 47.14 54.84 49.34
38.39 55.51 42.88 41.47 43.54
42.27 44.19 48.28 39.9 44.4
47.46 53.3 43.77 46.82 48.35
42.33 54.49 44.61 49.45 46.79
49.02 44 54.58 51.66 49.43
47.6 40.34 47.84 48.29 42.39
54.26 54.63 47.07 67.62 39.9
47.97 55.25 48.22 54.13 60.8
51.66 50.2 57.75 50.31 44.84
49.08 49.9 52.5 48.28 38.96
51.88 46.04 45.78 43.73 44.76
44.49 48.93 54.03 45.21 46.68
50.02 49.82 57.69 44.25 37.46
47.94 44.43 43.38 39.67 45.89
40.86 51.34 44.64 46.55 62.79
61.07 56.67 66.24 54.91 44.69
53.31 46.36 60.54 43.6 48.25
41.06 65.57 46.3 54.22 56.24
48.26 44.79 47.55 36.21 59.2
50.12 45.99 45.25 47.33 41.79
42.87 46.42 42.51 40.45 47.08
52.24 49.61 47.51 45.3 47.74
52.86 53.8 46.83 56.19 58.1
61.65 54.99 51.2 46.18 47.18
49.45 50.52 54.37 65.51 72.59
77.75 78.66 78.15 84.2 83.93
84.1 84.28 87.93 88.46 87.93
85.81 87.87 86.46 87.47 86.01
83.67 82.52 82.28 77.07 78.69
74.82 74.47 71.82 62.14 76.62
63.8
