42.86 49 50.71 53.15 61.5
61.72 62.85 63.76 66.53 60.56
60.25 55.71 53.4 60.27 42.56
47.2 42.24 38.12 35.99 32.71
26.92 27.23 28.91 32.31 31.78
33.83 35.61 36.4 32.22 33.39
32.07 35.13 36.91 32.1 29.6
32.69 32.3 32.95 29.4 27.34
31.43 30.01 26.36 32.33 31.9
28.19 34.29 30.16 34.61 32.9
32.64 33.81 36.73 34.02 29.16
35.53 26.19 32.84 26.81 30.6
28.37 28.45 29.42 30.9 28.98
30.51 28.27 30 27.06 29.14
26.6 31.08 28.05 28.49 27.04
29.72 33.3 35.01 41.06 54.32
43.99 48.82 56.13 48.78 46.55
54.98 52.91 47.54 48.67 53
52.78 44 50.86 51.32 47.2
43.49 38.65 39.4 38.78 36.46
30.72 30.33 31.32 30.09 29.79
34.39 31.91 29.77 26.51 33.32
33.87 31.8 39.99 40.92 48.33
55.2 49.24 51.79 56.56 51.86
49.78 51.33 57.16 52.08 55.47
62.36 51.78 51.12 57.2 70.1
51.75 55.06 60.3 56.02 60.6
59.36 48.18 56.32 54.13 43.89
44.08 43.17 38.43 34.44 30.81
33.22 32.41 33.2 27.28 32.82
31.05 32.9 33.96 35.5 38.3
36.34 32.22 33.33 31 33.31
32.21 33.18 35.72 33.57 45.28
38.67 35.42 36.9 33.55 38.24
40.8 48.78 38.56 37.86 44.73
38.43 38.14 32.53 34.61 39.74
33.1 38.27 39.98 41.04 45.32
48.27 50.53 50.55 62.19 66.61
60.85 66.36 72.3 66.18 64.38
69.84 70.86 64.47 68.38 72.57
70.33 65.69 70.76 73.61 70.63
69.7 74.1 75.72 71.01 74.9
79.11 74.3 72.57 76.4 77.23
70.4 70.6 75.05 67.67 59.82
67.59 68.7 56.99 58.58 58.54
53.87 46.94 52.17 48.15 56.33
55.23 53.71 57.43 56.46 63.05
63.71 64.85 68.61 68.26 70.92
71.43 69.99 72.02 73.41 70.22
71 72.79 72.85 69.96 71.44
72.48 69.26 66.79 68.17 66.54
64.1 60.94 59.01 54.71 51.22
46.65 42.35 43.4 47.76 41.15
43.9 45.66 47.77 54.91 55.15
55.75 54.94 65.39 71.91 70.41
70.97 77 76.92 71.77 77.86
80.01 79.73 77.38 79.73 80.08
72.35 78.91 82.9 79.03 76.73
79.11 81.25 77.34 79.3 82
82.68 76.7 79.85 85.69 80.14
79.77 85.18 85.03 79.32 81.98
85.84 83.14 83.51 85.84 87.05
85.91 86.7 89.38 86.92 86.66
89.35 88.62 84.64 85.67 89.08
89.21 83.35 88.34 88.48 86.61
86.76 87.6 88.63 82.31 83.68
85.89 86.85 82.75 83.74 84.32
83.87 84.23 85.2 84.61 82.9
83.61 82.63 83.44 82.85 82.73
82.17 81.56 80.48 82.22 79.81
83.07 80.91 83.53 83.15 82.75
82.8 85.07 84.47 83.36 80.97
79.08 82.04 81.76 83.33 82.63
80.78 79.72 75.02 80.18 79.4
78.72 75.44 78.18 73.27 69.98
72.02 70.68 66.67 59.22 63.1
56.22 43 38.54 40.7 40.4
39.66 35.1 33.56 40.57 33.71
34.76 35.77 31.19 35 35.09
39.7 37.33 30.47 30.33 41.18
39.87 37.55 43.72 49.78 49.71
37.74 57.74 61.08 80.7 86.6
91.05 92.89 95.29 94.67 93.02
88.34 85.04 78.05 68.42 58.27
54.6 61 65.08 75.41 81.23
83.25 85.94 91.04 91.3 90.97
91.09 89.77 90.79 91.82 89.18
87.62 85.78 79.44 70.51 75.06
75.03 79.74 82.74 85.78 88.31
88.86 92.02 92.31 92.62 94.41
94.83 94.21 90.54 85.8 89.14
92.69 94.64 95.21 95.69 95.38
95.99 97.04 96.19 94.59 95.58
95.75 93.86 92.78 94.92 93.38
90.92 91.28 89.42 86.33 86.69
87.94 90.09 93.87 94.95 96.41
93.85 94.99 93.3 89.3 83.77
83.06 80.62 86.37 88.99 92.21
90.27 92.06 94.8 94.48 91.83
89.81 89.08 86.22 91.41 92.7
93.18 94.91 96.77 95.02 93.64
95.3 95.58 92.57 92.27 93.85
92.95 90.17 90.91 89.64 85.88
79.71 65.5 61.4 62.65 72.59
83.29 88.91 91.84 93.56 95.1
94.84 95.17 94.27 93.01 92.71
88.37 87.56 90.85 90.67 93.12
91.8 93.78 92.91 93.25 87.96
80.01 76.26 73.38 75.78 81.7
87.73 91.54 89.49 88.59 84.06
74.94 66.89 61.62 55.37 51.99
53.03 55.04 66.96 79.94 81.81
88.69 86.08 87.04 91.85 92.49
92.23 92.97 91.97 91.43 87.76
88.82 88.52 90.8 91.63 89.13
89.65 92.06 92.65 91.75 91
91.68 90.97 87.1 86.91 87.85
86.73 75.89 66.15 60.04 59.57
53.79 54.36 50.29 51.1 57.99
62.32 67.87 75.71 80.69 88.6
92.54 93.26 95.05 95.29 95.12
94.13 92.37 91.57 87.92 80.75
68.39 61.76 54.95 49.91 51.86
51.04 43.67 53.23 62.54 81.92
89.18 92.18 95.17 95.53 96.34
95.86 94.45 94.09 90.88 85.79
83.22 71.67 59.96 58.57 51.31
50.81 48.21 41.29 43.61 44.49
50.57 53.1 50.59 51.48 56.48
64.88 64.06 70.5 70.54 73.19
77.7 75.77 77.5 82.94 83.15
81.9 86 88.98 86.19 88.17
91.66 93.22 92.33 92.08 94.1
93.33 90.98 91.03 91.59 88.61
87.22 89.85 87.56 83.6 84.7
84.74 87.06 85.88 89.99 89.04
92.21 91.5 91.86 91.81 93.62
93.37 93.91 92.8 91.8 91.7
90.51 89.12 84.36 84.9 85.94
76.73 74.58 77.53 85.41 90.22
92.62 94.34 94.29 95.78 94.25
91.4 86.75 77.97 62.77 58.33
46.43 48.42 51.22 45.34 40.03
41.1 42.73 44.65 37.1 34.4
29.23 31.7 27.64 29.89 28.87
34.55 37.9 32.49 35.77 33.28
32.93 33.8 34.26 35.2 39.78
36.32 35.31 35.96 29.39 37.62
34.2 35.78 37.06 38.3 35.52
34.19 42.63 36.49 33.84 29.86
39.96 34.95 29.94 25.6 28.66
22.99 23.77 26.17 24.72 26.97
27.06 35.25 29.85 34.72 33.07
32.42 35 31.59 37.41 43.17
36.24 35.81 35.74 34.53 36.27
38.1 38.04 34.81 41.49 38.06
36.53 36.01 39.07 39.35 40.46
46.07 38.45 40.7 37.01 39.14
38 33.09 39.61 33.83 33.08
36.37 32.64 33.5 35.74 35.25
39.35 37.16 34.41 38.4 33.35
32.88 35.72 31.81 37.91 34.3
36.32 40.24 34.1 35.45 34.75
35 39.87 36.93 39.19 39.73
39.37 39.21 37.18 37.85 35.25
40.19 37.11 36.11 36.58 36.96
36.55 43.06 36.66 42.99 32
46.06 39.27 42.34
