59.29 56.69 61.3 67.97 67.78
63.43 65.65 67.28 64.27 65.89
49.32 56.19 51.75 52.62 44.98
47.5 46.81 44.45 49.13 52.36
60.32 58.16 49.82 60.66 64.89
65.08 61.29 60.4 69.72 80.66
80.87 77.96 80.24 82.36 79.53
75.94 70.31 60.36 56.53 56.9
47.67 47.08 41.67 44.24 46.61
51.69 52.08 51.77 49.28 50.86
50.68 51.79 48.27 56.82 49.31
48.72 44.44 50.49 50.43 47.22
45.06 53.42 50.17 57.49 49.56
53.19 49.17 46.05 57.61 52.98
49.48 49.56 54.46 51.44 46.31
53.56 43.28 42.85 45.74 45.57
46.84 46.38 52 56.47 66.03
61.84 59.39 59.13 58.36 58.81
65.93 64.66 67.47 64.21 69.37
76.25 72.02 80.62 76.79 76.01
72.43 74.76 71.34 65.65 59.09
58.63 54.83 58.29 55.88 55.11
58.7 63.63 66.3 70.91 72.64
72.6 69.41 71.07 70.45 70.91
65.34 74.02 64.8 64.89 65.34
64.74 66.9 60.31 60.05 50.51
56.55 56.15 57.39 57.44 55.31
46.17 52.15 48.53 52.6 43.75
49.82 46.72 42.99 46.29 45.33
44.55 44.98 47.81 52.01 47.04
49.49 45.07 38.9 51.57 39.13
39.82 54.2 40.6 59.36 40.78
47.82 40.71 54.14 52.47 50.52
47.59 52.13 53.1 61.49 55.81
56.25 62.03 65.09 63.43 64.07
62.12 54.07 54.09 54.06 57.72
53.11 55.44 61.93 53.32 54.79
47.57 54.95 57.83 54.67 60.23
52.03 58.39 59.98 54.42 56.6
59.48 56.77 53.56 53.58 58.72
57.5 63.2 60.25 69.34 77.27
80.64 83.48 80.47 80.9 80.77
84.04 82.47 76.7 75.92 70.65
68.87 62.34 57.97 58.96 57.28
59.01 57.1 56.59 54.18 58.17
55.69 54.38 61.55 64.62 69.03
71.79 78.6 77.68 76.44 76.77
80.16 79.83 76.93 74.3 62.56
