42.25 41.43 43.96 54.91 43.72
45.83 51.31 50.44 42.86 59.64
42.07 39.99 47.64 37.55 43.18
37.32 35.61 33.91 32.56 31.65
30.81 30.74 31.82 33.99 36.56
38.13 55.63 58.27 68.58 67.81
71.77 73.49 75.08 71.92 81.64
79.32 74.14 72.87 74.44 75.79
66.61 63.06 63.89 60.61 58.04
47.65 34.41 39.34 42.57 39.36
37.44 38.03 38.69 34.48 33.48
38.73 35.45 35.45 35.09 33.34
36.23 35.62 36.56 35.47 36.83
43.72 49.82 45.56 41.48 44.08
40.61 46.52 51.38 38.19 42.21
45.44 39.24 44.56 42.91 51.73
45.19 43.01 51.7 44.4 39.49
41.1 45.28 41.42 52.71 49.74
40.38 43.46 45.17 42.57 39.26
47.82 47.02 57.92 71.87 85.67
88.96 92.05 92.58 91.24 91.15
89.47 89.68 88.13 85.41 83.6
85.69 88.7 86.3 87.75 89.97
90.29 86.15 86.17 85.35 87.73
90.69 92.39 93.23 94.29 93.18
93.31 93.99 94.17 93.33 93.16
92.04 92.72 94.51 94.14 93.03
90.99 88.49 82.45 78.1 72.94
72.83 71.49 77.45 79.72 86.27
87.45 89.27 91.07 93.96 94.74
93.92 92.21 93.69 91.58 92.59
94.62 94.48 92.89 93.96 94.61
93.69 93.38 92.31 92.77 90.08
88.51 87.46 86.13 82.5 76.69
63.25 57.12 47 41.2 36.99
35.42 39.1 44.07 48.79 39.56
41.18 39.55 44.43 53.8 66.44
79.6 85.63 84.79 89.11 89.2
88.49 87.58 86.4 81.04 84.2
87.57 87.16 86.7 88.88 90.37
88.51 86.26 85.54 84.21 85.98
89.43 90.11 91.47 91.21 90.92
91.8 90.53 90.84 89.86 89.88
89.71 93.56 92.49 91.94 90.78
87.62 84.26 71.87 56.75 55.37
54.16 50.78 52.26 53.39 54.65
66.77 80.19 84.87 87.87 92.21
91.82 92.78 90.68 89.5 88.15
86.94 88.94 91.79 92.68 90.2
91.08 92.39 92 91.34 90.04
91.34 89.73 88.04 87.93 87.21
84.37 69.61 58.24 48.7 41.12
49.21 47.28 41.77 46.02 38.76
36.66 38.36 35.15 43.56 38.74
42.91 39.87 35.42 35.55 46.7
60.81 68.66 84.47 88.27 88.02
89.31 88.26 88.76 84.83 87.31
87.48 88.64 86.66 88.36 90
89.92 87.28 86.82 86.56 86.72
90.11 90.31 91.74 92.67 92.39
91.44 91.65 93.21 91.17 88.64
88.3 92.64 91.33 91.06 89.6
89.67 85.06 78.92 76.36 71.41
69.12 74.79 73.65 81.82 85.15
87.59 88.06 89.85 90.54 91.59
88.32 86.43 86.15 81.94 86.27
90.75 90.18 89.16 90.81 91.71
91.64 91.4 91.52 91.27 89.91
90.04 89.29 87.4 86.78 82.08
77.56 71.31 63.5 54.81 43.51
39.24 38.15 38.78 39.46 38.58
39.9 34.31 38.65 34.07 38.87
33.65 38.08 35.88 38.22 40.71
35.06 41.41 37.45 42.38 37.24
35.83 39.53 41.11 43.32 48.49
64.07 79.54 81.51 84.13 84.54
84.9 83.01 82.68 83.08 81.35
84.25 85.06 85.96 85.75 87.33
87.12 86.84 86.33 86.03 83.54
86.64 90.68 91.59 91.98 91.61
92.93 92.11 90.46 92.6 93.02
91.81 89.16 89.45 90.54 89.58
86.26 84.74 75.61 67.27 56.77
58.89 59.28 59.35 62.25 62.55
68.08 71.06 76.93 79.42 82.16
82.68 88.17 87.21 90.07 88.34
87.71 88.75 85.09 88.43 91.92
89.66 88.96 93.7 92.07 88.76
90.25 91.56 89.91 86.76 87.08
84.62 81.16 75.92 66.69 65.21
64.82 62.68 61.64 52.1 43.22
38.68 39.18 41.44 40.01 44.61
32.2 39.69 38.5 33.56 42.98
38.42 41.51 48.62 42.16 40.4
61.8 49.72 46.28 62.1 47.14
47.73 52.53 45.12 52.47 48.81
43.67 44.97 47.46 43.74 43.55
48.71 43.64 54.23 47.51 45.09
52.91 44.56 57.1 52.83 49.47
53.62 46.18 51.86 46.07 41.82
51.67 45.02 43.68 41.24 40.98
39.13 38.9 36.58 32.15 34.75
32.82 30.49 34.84 33.55 41.99
34.96 28.78 32.18 32.83 34.28
38.61 44.35 41.16 38.27 39.08
44.72 43.61 34.61 37.5 42.34
43 51.65 48.39 48.87 55.74
53.23 46.83 62.11 65.62 60.89
60.02 66.17 59.94 49.8 55.34
56.93 52.53 51.26 49.28 34.59
44.11 45.69 48.36 38.62 36.65
48.87 38.08 37.28 41.62 40.95
38.35 38.32 34.85 35.29 33.16
34.08 35.32 32.38 35.96 38.8
31.6 36.17 36.9 36.67 33.23
34.34 36.16 35.59 33.12 46.07
39.04 52.08 63.83 58.03 57.4
48.87 63.45 66.1 63.83 59.56
69.23 64.82 52 46.58 50.01
39.45 38.12 41.75 33.25 42.07
37.18 36.16 37.41 41.29 33.73
40.3 39.56 41.87 49.02 47.79
58.58 66.01 64.47 58.32 55.56
67.92 68.2 69.27 64.36 72.33
66.01 59.82 63.55 66.36 56.21
53.74 56.98 51.72 46.3 37.05
41.67 39.58 37.96 39.54 42.07
40.5 47.21 55.17 49.47 50.98
57.47 42.92 47.89 39.7
