35.39 41.05 39.27 50.25 52.84
66.86 64 78.23 80.08 88.71
94.1 95.32 96.41 95.67 93.91
94.29 94.78 94.24 90.52 74.13
77.33 75.62 76.25 79.74 88.96
92.56 94.03 94.62 95.32 95.67
96.35 96.39 96.28 96.12 94.63
93.17 92.25 87.07 83.25 79.35
77.74 76.8 74.23 73.33 73.23
74.43 75.34 71.52 74.18 71.47
75.53 70.3 78.28 84.6 90.86
94.39 96.78 97.43 97.7 97.24
96.58 94.98 92.49 94.71 96.83
97.29 97.68 97.67 97.63 96.9
96.22 94.56 91.15 90.26 92.54
92.09 87.71 87.67 85.9 79.78
77.51 69.16 66.91 59.6 77.84
82.8 87.94 91.76 91.36 89.28
91.94 94.31 92.29 92.97 93.4
93.84 94.36 95.15 93.21 93.86
93.67 93.36 94.96 93.82 93.57
92.58 91.1 88.44 83.86 78.34
83.66 87.88 91.47 93 96.02
96.81 96.84 96.99 96.54 96.42
94.62 94.46 94.75 92.68 92.05
90.41 86.85 86.85 89.31 87.77
90.34 91.75 89.53 91.82 94.33
95.85 95.95 96.58 96.04 94.71
96.59 96.02 96.4 96.58 95.85
94.88 94.91 94.39 91.97 91.99
89.72 90.43 87.58 81.91 71.64
65.81 61.68 59.23 51.05 47.76
46.53 51.09 51.79 53.04 57.89
59.09 71.81 72.97 73.95 73.86
71.81 73.45 76.44 70.13 64.85
68.89 66.98 72.39 70.59 71.4
70.81 72.44 77.64 78.33 74.16
77.91 74.46 78.61 76.44 74.65
69.46 66.7 64.76 57.34 52.22
52.92 55.87 49.1 42.61 47.83
50.95 52.81 54.06 53.21 58.65
49.98 46.29 52.94 55.84 55.1
46.89 53.53 58.5 54.24 44.09
56.64 49.74 52.07 50.77 51.98
60.52 54.74 67.3 57.04 61.63
61.57 63.36 61 65.06 75.39
79.66 78.07 72.79 73.69 76.99
75.63 68.32 69.17 68.15 54.13
58.25 47.87 36.59 38.62 36.43
35.83 32.92 31.21 38.65 31.17
38.59 42.88 44.65 50.18 41.7
38.78 43.31 39.81 39.46 38.3
36.79 33.47 31.1 31.67 34.05
33.32 34.49 36.31 44.67 44.71
40.4 42.54 44.03 34.87 37.47
42.1 39.21 38.47 43.16 37.78
38.08 44.15 39.52 36.8 40.37
37.84 39.56 41.09 38.42 34.19
33.52 32.14 33.34 36.67 30.13
32.52 29.98 34.57 29.18 39.48
29.53 33.8 35.72 32.62 52.3
35.31 39.47 41.55 36.99 36.79
31.53 38.78 38.43 35.82 37.01
33.53 40.95 38.18 40.51 30.9
38.38 31.95 41.97 38.16 33.71
39.67 40.4 44.52 37.95 34.59
48.77 39.95 41.05 37.12 39.44
37.14 46.97 37.94 36.93 46.89
37.49 36.06 33.07 32.55 30.75
36.71 28.08 31.29 30.06 33.07
36.46 29.88 35.11 30.92 38.08
29.6 38.53 33.31 30.57 29.39
32.77 29.4 33.17 29.38 37.07
29 32.75 34.18 26.88 31.66
26.14 29.65 32.76 25.46 28.5
29.61 28.28 31.74 29.66 33.58
30.74 32.19 33.98 36.77 31.04
33.36 36.55 36.56 36.87 34.99
32.95 35.26 37.89 33.05 34.4
34.12 38.79 40.67 33.27 43.99
44.14 44.33 46.67 57.82 62.51
64.31 71.31 64.61 54.29 76.22
72.35 70.55 71.28 61.1 66.26
58.05 53.04 51.12 55.9 64.71
70.42 74.81 76.28 76.36 71.95
71.93 73.36 73.95 67.31 62.75
67.98 66.85 61.28 69.13 76.02
74.07 77.86 77.86 75.2 75.32
78.74 77.53 75.71 76.46 74.36
71.2 68.37 60.3 45.17 47.79
41.65 41.68 43.44 40.84 50.74
46.3 46.63 45.24
