53.33 50.57 54.5 56.54 57.75
60.3 58.62 58.19 60.27 58.19
54.03 53.21 53.72 51.04 41.03
42.58 38.69 36.28 33.53 33.13
34.08 34.59 32.73 40.1 37.09
37.63 38.27 38.8 37.99 39.87
37.85 46.21 41.9 47.49 41.74
52.1 54.02 52.39 51.26 52.99
52.59 51.64 50.35 46.83 47.06
43.78 45.29 39.54 34.06 38.95
38.45 36.98 34.84 33.01 37.41
34.97 29.05 35.71 28.9 35.45
37.43 38.6 41.4 39.26 43.69
37.59 38.73 31.56 41.14 33.35
36.81 37.75 30.88 34.93 32.85
38.4 33.11 37.74 37.56 36.46
36.91 36.44 35.95 35.07 37.93
36.32 39.44 35.72 43.77 37.39
40.05 38.25 44.01 43.81 48.05
50.7 54.75 54.86 59.66 57.51
60.84 51.99 50.94 56.11 45.56
48.34 47.6 52.4 46.18 45.79
44.82 45.35 44.19 46.65 45.63
46.63 49.04 52.41 62.19 59.2
58.33 62.21 62.06 60.87 59.59
57.74 57.81 57.25 56.36 55.34
62.6 63.72 71.57 72.6 72.71
85.47 87.93 88.18 90.13 91.18
92.04 91.7 94.53 93.46 91.6
93.28 94.64 91.68 92.63 94
93.89 93.16 94.5 95.03 94.03
93.12 94.17 95.08 94.54 95.51
95.02 95.17 96.07 95.73 94.73
95.32 96.32 94.69 94.19 94.33
94.82 92.88 93.91 94.98 94.54
92.6 94.21 93.95 93.63 91.59
89.98 91.21 84.76 80.68 76.22
72.35 72.23 68.46 65.94 68.26
67.49 68.47 73.92 74.4 73.73
78.97 88.36 91.39 91.95 91.06
92.15 92.54 93.1 96.11 96.1
95.52 94.87 94.07 93.32 92.48
90.36 92.42 89.72 87.14 91.14
92.46 93.82 95.97 95.79 97.02
96.88 97.09 96.02 95.39 93.18
93.23 92.21 89.95 89.23 84.48
84.95 85.29 84.5 84.6 83.92
81.93 77.86 81.77 79.99 80.16
86.35 91.21 95.09 96.02 97.48
97.63 98.04 97.63 97.48 96.7
95.56 93.76 90.25 91.19 92.55
93.37 93.91 94.56 96.03 96.81
97.26 97.84 97.51 97.34 96.27
94.98 94.35 95.67 96.58 95.5
94.82 94.98 94.69 93.11 92.09
92.24 91.5 94.38 95.2 92.68
91.97 94.65 93.36 84.4 90.04
92.68 94.49 94.7 93.85 91.7
92.83 93.07 93.72 92.73 94.79
94.79 94.06 93.19 96.25 97.12
97.25 96.2 95.5 94.2 92.7
93.14 95.21 95.82 95.55 95.01
94.98 95.1 94.86 94.3 95.01
95.65 95.82 96.2 96.31 96.24
96.52 96.15 95.68 95.7 94.69
93.56 95.18 96.45 96.11 97.28
97.86 97.46 97.34 96.79 95.76
94.07 94.72 90.98 85.96 85.62
81.79 70.54 60.55 53.9 53.87
49.31 54.95 55.28 57.46 63.48
72.87 77.11 79.81 85.84 91.1
93.25 96.21 97.17 97.74 97.87
98.41 97.73 97.5 95.75 94.87
90.74 81.71 80 77.37 86.17
91.73 93.27 93.67 94.38 94.42
94.13 93.7 93.55 95.43 95.78
96.14 96.73 96.55 96.37 96.99
97.49 96.42 96.52 96.82 96.17
95.16 95.08 95.54 94.78 94.4
95.36 95.09 95.17 95.75 95.59
95.02 94.59 95.53 95.97 95.21
95.38 95.14 95.36 94.06 94.66
93.92 93.97 91.28 90.01 91.75
89.73 87.37 87.33 89.94 87.33
85.98 86.84 89.45 85.78 84.8
88.26 88.66 87.3 87.72 88.8
88.43 87.81 87.18 87.09 87.66
86.2 84.38 85.25 86.62 78.39
79.15 84.1 79.46 74.06 71.55
78.36 75.55 68.87 74.77 74.37
76.18 75.46 75.36 78.19 80.58
75.14 80.13 83.84 84.42 82.02
83.62 87.21 84.75 84.92 85.86
88.48 86.35 83.34 85.35 84.59
82.89 79.07 79.8 77.06 73.41
78.31 72.84 68.04 66.38 71.94
62.68 63.71 50.14
