53.05 78.85 84.61 91.01 93.75
89.37 79.51 78.92 83.12 92.27
95.16 96.45 95.67 96.1 96.76
96.11 96 96.16 95.96 96.71
96.69 96.18 96.92 97.21 97.02
97.46 97.75 97.02 97.17 96.8
94.57 95.7 97.44 98.15 97.63
98.02 98.23 97.84 97.26 95.79
95.12 96.6 95.22 94.21 95.31
94.94 93.77 93.67 93.32 91.65
88.11 90.42 93.61 94.44 96.39
96.03 96.39 96.83 97.26 97.56
96.96 96.5 96.24 96.07 96.97
97.57 95.27 91.04 89.51 90.33
92.16 91.48 88.46 89.01 91.21
94.72 95.65 97.8 97.47 98.39
98.53 98.36 98.37 97.2 96.08
95.26 96.31 95.69 97.81 98.38
97.89 98.11 98.14 97.54 96.82
96.47 95.36 94.3 92.57 87.2
77.57 76.48 77.31 73.05 78.1
85.65 91.19 95.94 97.62 98.52
98.39 98.34 98.36 97.41 95.84
95.39 95.48 95.04 96.33 97.05
98.33 97.97 98.33 98.34 98.49
98.18 98.32 97.77 97.51 97.18
97.4 96.71 95.84 97.58 97.34
97.29 97.06 97.57 96.62 97.1
94.13 96.29 97.21 98.09 97.89
97.22 96.66 95.93 94.9 96.62
98.09 98.49 98.47 98.33 96.89
95.09 90.37 90.66 96.11 97.17
96.28 95.34 96.69 95.29 94.47
94.77 94.01 95.35 94.96 94.83
96.47 98.23 97.39 97.58 98.57
98.44 96.97 97.88 98.31 96.13
95.7 96.92 95.1 93.55 94.85
95.16 94.24 94.51 96.01 95.22
97.08 98.46 98.66 98.65 98.78
98.5 98.01 98.48 98.7 98.61
98.38 98.76 98.59 98.27 98.05
95.81 94.6 94.93 94.64 89.98
88.52 89.08 81.18 59.19 57.71
59.93 64.68 68.54 81.07 89.98
91.61 93.82 94.46 95.64 95.14
97.21 98.73 98.82 98.92 98.83
98.68 98.02 96.86 98.32 98.46
98.01 97.72 98.57 98.42 98.54
98.33 98.66 98.74 98.77 98.83
98.89 98.83 98.81 98.88 98.82
98.69 98.09 98.2 97.95 97.82
98.18 96.14 96.08 96.2 97.28
98.04 97.68 97.31 95.18 92.34
88.57 87.05 89.8 80.4 69.8
62.21 54.82 45.26 50.97 46.78
49.08 52.47 53.7 63.48 65.46
71.77 81.63 88.55 92.55 95.04
95.59 96.7 95.96 97.26 95.32
95.44 93.34 94.41 94.14 97.57
98.19 96.76 97.46 98.56 98.48
98.6 98.7 98.74 98.64 97.78
98.24 98.61 97.91 97.42 98.05
98.37 98.16 97.98 97.19 97.72
98.01 96.19 95 94.96 94.85
92.86 92.57 91.75 89.03 87.18
87.72 86.97 84.81 90.45 91.52
89.16 92.25 91.22 90.17 92.47
91.94 92.2 92.71 94.3 92.96
92.61 94.26 93.14 93.65 95.32
94.16 95.71 96.16 96.07 96.89
98.02 97.05 97.55 98.28 98.2
98.1 98.46 98.52 98.14 98.17
98.55 98.18 97.71 98.01 98.08
97.5 97.89 97.19 96.13 98.02
97.57 98.2 98.18 98.23 98.11
98.48 98.49 97.75 97.81 98.2
97.51 96.24 94.93 96.02 93.66
95.31 94.57 96.97 98.15 98.39
98.15 98.48 98.62 98.4 98.4
98.63 98.7 98.23 98.06 97.84
98.17 97.48 98.23 98.06 98.2
98.72 98.72 98.48 98.74 98.67
98.76 98.6 98.53 98.16 97.4
96.89 96.25 95.34 97.06 97.39
96.54 96.27 97.5 98.16 98.14
98.3 98.66 98.7 98.6 98.6
98.65 98.54 98.22 98.31 98.42
97.48 96.45 95.96 94.76 96.65
96.79 95.83 97.51 98.18 96.88
97.64 98.29 97.3 96.19 96.56
96.08 97.98 97.84 95.81 96.37
92.95 84.07 75.28 77.4 85.53
91.99 93.78 96.21 96.65 96.5
97.94 97.69 97.53 97.62 98
97.66 98.33 97.81 96.28 92.67
91.96 95.68 96.3 96.11 95.35
95.35 96.74 95.08 96.76 97.87
98.23 98.47 98.58 98.36 97.59
97.36 98.51 98.64 98.74 98.74
98.62 98.63 98.39 98.51 97.9
96.77 96.48 96.05 92.83 88.52
92.13 94.1 97.25 95.82 96.33
96.8 96.46 96.48 97.38 98.19
97.1 95.29 97.17 95.5 97.22
98.08 98.27 98.24 97.71 96.45
95.56 93.46 89.26 88.13 86.2
82.84 85.67 86.25 82.43 76.35
74.22 69.37 73.72 70.74 72.51
79.11 85.27 91.7 95.07 97.31
98.64 98.77 98.89 98.87 98.64
97.66 98.05 98.75 98.79 98.83
98.84 98.86 98.8 98.75 98.59
98.16 96.98 96.94 95.97 94.59
92.39 87.42 69.54 71.7 67.66
83.81 91.93 93.87 96.62 97.94
98.7 98.83 98.81 98.42 97.74
98.16 96.92 97.9 97.62 97.82
96.43 97.16 97.65 96.14 94.99
95.8 94.94 87.41 74.61 60.3
49.62
