68.65 83.12 88.24 90.64 90.88
92.8 94.6 95.16 95.66 97.37
97.79 98.03 98.31 98.44 98.17
97.89 98.19 97.98 98.4 97.85
98.19 98.24 96.96 96.47 97.61
97.08 95.51 95.23 96.09 94.81
97.6 98.18 97.15 97.73 98.56
98.46 98.39 98.72 98.68 98.45
98.63 98.74 98.48 98.62 98.61
97.97 98.16 98.45 98.22 97.06
97.83 96.67 96.5 96.3 96.62
95.45 94.94 93.91 94.56 93.99
90.46 90.8 92.22 93.76 93.2
94.95 94.71 94.79 94.58 95.29
95.62 94.97 96.03 95.87 97.08
96.8 97.91 98.03 98.27 98.59
98.57 98.46 98.63 98.59 98.52
98.64 98.52 98.47 98.46 98.45
98.01 98.17 97.92 97.03 95.57
95.9 94.53 92.78 92.39 92.28
90.69 91.45 92.03 90.92 89.64
87.29 87.42 82.18 84.49 84.44
85.82 89.18 92.59 92.94 93.8
95.69 97.04 97.76 98.02 98.43
98.4 98.64 98.72 98.65 98.74
98.75 98.65 98.72 98.4 98.26
98.08 96.71 94.42 95.48 94.83
93.09 92.2 92.71 91.97 89.47
88.24 87.94 77.15 63.22 65.88
68.84 72.87 72.75 69.47 75.12
74.58 77.99 80.87 82.83 87.95
90.61 92.44 92.37 94.12 95.42
97.28 97.71 97.54 98.4 98.61
98.55 98.37 98.78 98.71 98.79
98.84 98.7 98.71 98.74 98.46
98.38 98.39 98.53 97.74 97.54
97.81 97.41 96.05 95.99 95.68
95.39 94.09 97.28 97.44 96.99
97.45 97.99 98.5 98.4 98.36
98.46 98.68 98.43 98.16 98.22
97.69 97.15 97.66 96.08 95.55
94.55 91.96 89.77 91.44 92.22
91.53 94.47 95.92 96.24 96.78
98 98.5 98.27 98.35 98.47
98.64 98.54 98.34 98.55 98.26
97.63 97.9 97.89 96.19 95.55
94.79 92.34 89.75 88.2 88.45
85.33 82.95 81.33 82.3 82.74
79.46 80.48 81.9 82.82 67.49
51.8 50.58 49.82 48.4 48.59
52.35 50.27 54.92 53.68 54.62
52.39 60.46 57.36 58.5 53.39
61.33 58.7 57.82 57.41 61.16
