57.91 68.81 81.95 87.48 87.53
90.77 93.21 93.19 91.31 92.77
94.28 92.48 92.22 92.79 92.45
90.49 91.98 92.31 91.23 91.23
89.13 91.6 94.19 94.07 93.06
89.02 79.03 76.52 73.4 74.51
66.23 71.46 79.39 85.52 89.93
93.01 94.86 95.09 95.45 95.56
95.96 96.22 95.17 94.65 94.38
94 95.03 96.27 96.66 95.74
94.04 96.61 96.64 97.29 96.75
97.04 95.36 95.76 94.56 94.54
92.25 90.87 92.39 94.3 94.51
93.28 92.73 94.38 95.48 94.79
96.71 96.01 97.34 94.7 90.35
89.84 95.28 96.66 96.65 97.16
97.29 95.75 95.04 95.81 93.88
92.36 91.17 93.96 94.37 94.94
92.34 93.32 91.64 93.66 93.36
90.31 90.67 94.01 96.39 95.36
94.19 94.89 95.97 94.52 95.01
94.89 94.8 96.69 96.34 95.14
96.12 97.01 94.99 95.07 95.61
96.25 95.17 95.05 94.93 93.31
93.49 94.79 94.52 93.7 91.67
87.27 86.04 84.43 79.67 78.22
77.36 75.38 72.65 70.93 62
57.48 58.73 57.77 62.38 57.21
58.22 58.62 59.79 66.99 60.14
63.07 62.57 62.25 53.8 47.81
46.93
