36.79 39.16 32.01 36.13 36.07
36.3 35.24 34.21 34.58 35.48
35.82 33.42 33.3 34.17 32.73
35.06 34 36.2 37.09 34.65
33.18 35.17 32.38 33.41 33.97
33.81 33.12 39.67 41.05 41.16
40.81 36.56 38.3 38.13 32.67
33.17 32.28 32.57 30.64 29.78
30.18 30.68 31.72 28.95 33.94
34.25 35.54 38.62 36.77 34.38
40.33 42.56 41.31 46.98 47.57
51.54 47.88 50.26 47.87 49.66
56.15 58.6 59.98 65.95 74.05
79.06 84.5 84.17 84.42 87.36
86.58 86.43 89.05 89.54 88.47
89.4 93.19 94.33 93.25 92.94
91.78 93.78 94.49 91.38 91.62
94.49 95.92 93.94 95.15 91.68
93.97 96.55 98.02 96.67 98.07
98.05 96.94 95.08 93.54 89.54
89.72 90.85 94.44 96.14 98.11
98.39 98.05 96.85 95.07 93.9
94.95 96.56 97.22 97.02 96.9
96.08 93.72 90.59 89.41 82.95
84.03 87.96 92.66 92.13 93.78
92.43 94.39 93.53 94.7 93.28
93.14 94.97 88.37 88 95.32
97.29 95.98 97.57 98.14 97.96
97.59 96.62 93.73 92.07 92.77
93.23 96.95 98.18 97.8 98.32
98 95.37 93.3 94.33 96.01
96.15 97.62 97.81 97.89 97.76
95.36 93.95 90.73 90.59 87.38
90.89 92.6 93.9 95.89 95.59
96.6 96.06 95.76 93.35 96.14
97.53 97.64 96.17 97.67 98.09
98.28 98.25 96.96 95.71 92.53
88.54 87.3 91.37 89.05 92.75
95.52 97.33 98.04 98.24 98.29
98.13 97.78 95.83 95.31 96.91
95.46 98.19 98.4 98.46 98.19
98.05 96.36 93.94 93.81 93.62
93.66 94.52 95.65 96.52 96.21
97.13 97.66 97.54 94.27 94.4
95.73 97.36 95.48 96.9 97.4
97.98 96.93 97.6 98.16 98.12
97.67 97.19 94.55 94.91 95.57
94.9 96.08 97.88 98.02 98.15
97.41 97.16 96.21 96.51 95.86
96.57 96.82 96.38 97.09 97.25
96.09 91.87 90.64 89.19 90.54
92.38 94.55 93.69 93.88 93.25
90.22 89.77 92.95 93.01 93.24
87.1 90.5 89.5 91.31 92.95
96.04 96.56 94.39 94.84 95.41
96.55 95.18 95.02 95.15 95.86
95.49 96.42 97.02 95.12 97.33
97.75 97.67 98.2 97.39 95.07
95.84 96.35 97.16 97.95 98.41
98.31 98.15 96.78 94.71 94.57
93.76 93.79 96.36 97.16 97.7
97.84 98.02 97.67 97.55 96.98
97.06 95.78 97.72 96.54 95.22
94.25 95.93 95.55 95.32 95.01
94.12 93 94.16 94.48 93.96
95.05 95.83 92.48 94.26 94.42
94.81 92.92 91.64 90.12 93.19
95.41 94.17 93.3 94.15 95.2
95.26 96.1 95.34 94.58 95.28
96.35 94.93 93.58 95.35 93.48
90.95 93.45 92.73 90.19 92.31
90.93 91.78 94.3 96.34 97.31
97.75 97.58 97.54 95.55 92.01
91.86 93.43 94.32 97.15 97.73
98.17 97.77 96 95.04 93.43
93.58 95.49 97.86 97.61 97.44
96.92 95.18 92.67 89.65 89.44
89.43 91.86 93.18 93.75 94.99
96.23 96.58 94.27 93.57 90.4
93.19 89.4 94.4 96.47 97.45
96.76 97.67 97.46 97.06 96.12
94.14 88.01 71.85 67.86 57.62
57.78 54.87 49.9 47.49 49.89
53.48 61.31 67.2 65.1 68.88
66.74 63.61 61.46 69.07 62.23
67.05 63.99 60.56 59.55 58.36
56.85 60.84 69.42 77.46 87.7
92.73 95.38 97.38 97.88 98.14
98.17 96.97 96.93 94.56 96.85
95.67 96.5 97.72 97.76 96.3
96.16 93.99 91.38 90.41 89.57
83.47 79.93 79.14 70.27 61.9
56.53 51.53 50.93 60.92 74.88
86.97 89.98 88.57 83.69 86.61
84.3 74.75 67.12 63.82 61.63
58.71 59.74 61.27 56.97 56.43
56.89 56.47 52.97 50.81 46.06
42.5 48.38 54.89 72.14 81.88
86.29 91.59 94.26 96.32 97.53
97.76 97.47 97.02 94.47 94.3
95.8 97.43 97.96 97.93 97.09
96.72 97.4 95.53 91.41 89.39
88.91 92.23 92.31 92.3 95.71
96.07 94.2 95.05 96.83 94.29
91.47 94.22 94.14 89.14 89.52
89.24 94.03 96.64 92.55 91.46
95.72 95.12 96.88 94.95 96
96.77 94.43 92.37 91.53 95.92
95.98 97.3 97.66 97.17 95.06
94.32 90.24 88.67 87.8 86.56
87.32 86.51 87.93 89.61 91.75
94.33 90.69 91.83 82.66 88.32
91.79 94.31 94.03 95.36 93.65
93.57 88.45 85.08 85.33 91.89
92.54 95.83 90.03 91.44 93.31
97.29 97.6 98.03 98.01 97.66
95.95 93.55 88.48 89 90.07
90.75 93.37 95.12 93.65 95.47
97.91 98.25 98.15 98.42 97.98
96.19 95.13 95.77 96.05 93.43
94.71 94.71 92.7 89.73 92.85
96.9 97.36 97.68 97.55 97.04
96.73 97.61 95.35 95.26 94.51
95.39 95.03 96.58 96.71 94.81
95.27 96.02 95.52 94.41 94.23
93.43 94.42 91.84 87.65 87.42
88.67 93.33 92.59 92.57 91.24
90.21 91.15 93.74 94.77 97.24
94.86 93.05 96.95 93.68 91.28
77.99
