31.52 43.97 43.58 53.89 54.27
42.5 48.19 46.86 43.65 39.31
38.38 39.83 38.14 45.21 35.22
34.5 31.97 37.64 36.45 29.62
31.14 34.88 35.17 43.87 46.87
46.56 52 52.82 54.08 57.27
58.14 59.46 58.82 64.9 68.02
74.8 73.46 76.97 77.36 79.28
80.24 82.53 84.5 82.38 87.02
85.92 84.28 84.9 89.35 90.15
89.26 89.86 91.64 93.18 92.11
94.52 95.3 94.69 94.79 95.75
96.2 96.59 96.15 96.97 96.35
96.75 96.54 97.14 97.48 97.56
97.11 97.21 97.88 97.3 97.68
97.55 97.93 97.55 97.32 97.02
97.9 97.78 97.7 97.86 98.21
97.44 98.2 98.47 98.05 98.17
98 98.25 97.7 98.26 97.18
98.06 98.17 97.9 97.94 98.06
97.52 98.1 98.1 98.03 98.13
98.54 98.08 97.94 98.11 98.1
97.65 98.08 98.5 98.27 97.6
97.78 98.44 98.12 98.1 98.48
98.07 98 97.76 98.16 97.48
97.3 97.51 96.72 95.59 94.35
94.21 93.26 90.97 90.73 90
88.12 86.79 89.98 89.88 87.69
89.66 91.01 90.57 89.87 90.27
89.42 86.53 90.88 91.08 89.86
91.32 93.3 94.02 94.64 96.43
96.85 97.22 97.28 98 98.01
97.76 98.06 97.62 97.24 97.44
97.56 96 94.45 95.74 95.22
92.53 92.83 93.18 90.96 89.14
86.14 88.32 88.45 93 93.39
95.65 95.69 95.88 96.8 97.48
97.93 98.2 97.7 97.64 98.09
98.01 97.25 97.58 97.72 95.9
96.39 96.42 95.27 95.67 97.32
95.72 94.38 96.09 95.47 97.88
97.38 96.86 97.49 98.39 97.81
97.96 97.93 97.59 96.37 97.3
96.56 94.07 93.72 91.27 85.83
81.2 70.52 69.77 71.55 74.84
84.6 83.65 86.6 88.25 90.71
93.02 93.95 96.65 96.61 96.98
96.93 98.16 97.76 97.82 97.99
98.19 97.27 97.67 96.86 96.41
95.1 95.3 93.51 90.84 91.85
92.28 90.45 90.4 90.52 89.65
86.95 84.63 84.1 79.96 65.41
