27.55 26.95 35.22 35.96 35.21
38.79 45.29 47.18 35.66 50.98
53.4 48.36 41.8 47.63 41.64
41.7 51.38 51.38 45.29 52.58
50.45 48.28 45.4 51.63 50.96
48.47 47.03 46.56 45.55 44.49
42.42 46.73 41.17 38.6 35.76
36.68 31.37 33.35 30.36 26.57
30.2 28.29 31.29 37.58 49.57
54.92 62.01 72.77 76.83 80.69
82.58 84.33 89.63 89.33 87.56
88.64 88.28 86.09 86.74 87.03
84.69 83.95 81.92 82.24 76.76
79 82.44 77.57 82.45 82.16
79.46 85.17 84.24 83.74 80.37
78.48 73.14 79.26 85.66 92.14
89.64 88.22 86.66 83.82 80.43
70.33 67.66 68.7 78.3 82.83
85.9 81.83 82.28 83.15 86.36
86.97 82.73 77.64 76.89 82.16
74.55 77.15 79.12 84.65 84.09
88.13 90.76 91.51 90.52 90.28
91.85 91.89 89.99 88.11 89.41
88.23 84.65 83 83.48 85.6
89.49 90.63 91.3 89.84 90.27
86.59 88.98 87.48 84.55 89.14
87.91 85.9 81.85 80.8 75
76.72 80.94 74.35 63.92 57.4
58.31 61.56 61.95 61.73 63.33
74.84 82.97 82.54 80.56 85.73
82.42 87.6 80.71 79.74 78.58
66.31 58.15 50.65 46.16 43.05
46.13 37.56 34.03 37.1 33.97
31.36 30.85 31.11 28.76 28.64
29.46 26.96 27.92 23.5 23.55
24.47 27.85 25.67 31.64 36.08
54.55 64.42 73.89 86.72 87.53
88.24 88.64 91.64 88.61 84.53
78.06 63.78 55.38 44.66 35.92
37.29 39.65 37.29 35.45 47.17
43.61 50.25 48.53 54.85 61.95
75.69 82.72 88.75 88.42 89.03
91.94 83.89 87.27 77.42 76
58.35 50.21 49.7 55.74 64.6
80.26 81.74 88.13 84.38 86.54
85.4 77.21 74.59 72.44 58.17
49 50.06 55.04 52.04 69.64
74.39 76.45 78.4 79.89 78.4
82.24 70.53 70.13 79.33 80.27
83.88 89.71 84.94 85.9 81.98
78.13 74.34 69.23 71.29 80.83
90.58 87.24 91.44 87.1 88.95
81.33 79.39 67.41 61.02 55.4
61.9 75.14 82.98 86.16 90.92
89.21 90.77 85.88 87.19 87.82
89.35 89.03 91.11 90.22 89.25
92.4 90.48 87.61 88.13 88.98
84.73 79.88 78.53 75.59 69.2
58.09 39.35 48.93 28.6 28.79
31.4 29.4 26.77 27.29 23.09
22.84 25.19 22.94 25.01 22.94
24.38 21.82 28.05 22.78 24.31
22.48 26.91 23.46 24.6 25.58
23.23 25.08 23.99 23.16 21.85
23.68 23.86 34.29 24.08 28.19
26.42 24.98 27.4 26.88 29.09
31.03 31.95 35.24 53 55.74
62.55 69.87 71.92 81.04 80.99
77.31 81 85.1 85.21 85.78
87.23 89.25 90.1 88.75 87.97
88.09 90.94 86.75 83.29 79.62
88.97 88.31 87.51 89.23 90.45
85.64 86.49 83.18 68.76 67.84
68.9 55.92 51.69 47.6 42.96
38.06 41.07 38.21 33.25 37.15
41.4 31.34 33.2 35.96 42.23
47.42 60.09 67.78 75.89 76.51
76.76 65.17 60.81 58.84 57.4
74.87 87.08 89.62 92.31 92.93
93.6 93.72 93.3 92.05 91.01
93.14 88.29 85.2 84.05 86.15
86.92 85.89 85.38 83.62 78.86
74.1 74.82 71.65 77.27 79.34
81.67 84.52 89.19 90.35 89.66
90.96 92.03 94.01 93.22 95.06
95 95.6 96.59 95.96 94.75
93.12 90.62 89.66 86.86 89.8
88.11 91.95 92.93 95.33 95.45
94.9 96.13 94.08 93.17 91.14
92.29 91.84 89.91 85.81 86.27
89.09 87.9 84.12 85.77 81.91
66.99 53.31 36.87 32.78 35.29
29.79 31.77 30.02 29.28 31.25
30.75 32.43 32.47 34.91 30.4
33.36 38.01 35.38 41.44 46.44
54.21 62.01 63.22 65.1 70.27
70.32 68.29 74.03 72.93 75.29
77.61 82.17 85.57 82.78 87.03
89.75 91.21 93.79 94.53 94.75
94.91 91.55 90.88 87.91 87.67
89.65 92.14 91.03 91.22 94.07
94.43 95.41 95.29 95.74 95.03
95.36 94.76 93.92 92.56 90.97
86.89 85.5 87.34 89.95 89.44
86.14 85.16 89.75 88.72 86.38
86.79 87.75 80.99 66.67 59.42
57.66 66.69 74.46 78.76 80.58
82.88 82.82 85.23 86.84 87.87
85.91 87.07 88.63 86.77 85.86
88.12 88.64 82.57 83.44 87.9
85.41 83.08 90.54 92.24 93.8
94.42 94.92 95.16 95 94.9
94.3 92.13 91.25 93.21 94.5
89.58 88.58 86.32 83.95 84.97
89.92 89.86 90.83 85.6 83.86
85.69 84.73 90.39 91.2 89.79
92.44 93.19 94.07 93.32 90.9
86.69 86.83 90.02 90.07 88.77
87.4 89.05 90.94 88.71 90.55
90.7 89.27 90.28 89.19 86.54
82.71 79.82 80.79 73.71 76.83
75.54 75.38 77.98 80.17 84.02
88.58 90.36 91.41 86.87 86.58
85.82 92.13 90.92 93.04 91.39
92.17 90.52 89.01 87.51 83.49
74.48 76.42 84.4 82.68 84.95
88.47 90.15 90.15 89.31 87.95
87.68 87.79 88.14 87.64 85.01
86.04 83.22 79.11 66.69 63.92
58.24 65.18 73.63 80.85 85.43
90.89 92.26 92.95 93.99 93.49
91.9 90.25 77.92 69.87 68.98
72.82 67.43 71.79 72.47 74.72
78.33 88.3 88.42 84.26 86.5
89.68 90.07 91.97 93.61 94.82
95.78 96.1 95.16 95.29 93.91
94.6 94.65 92.71 91.69 86.51
87.26 86.39 84.17 82.29 88.35
78.72 78.74 84.1 88.86 92.47
94.09 94.16 95.39 95.85 96.98
95.84 95.05 92.32 89.33 88.99
87.5 85.75 76.36 79.97 83.2
87.68 90.12 90.4 90.78 91.61
94.08 92.29 89.05 88.07 87.44
81.68 82.78 83.96 84.59 90.38
91.59 92.5 93.17 94.09 93.31
94.55 93.38 93.81 92.33 89.97
89.11 90.46 89.42 91.84 93.04
93.49 92.64 90 93.62 94.82
95.25 95.9 94.79 92.65 91.66
88.03 86.18 85.64 87.19 84.94
83.26 87.58 91.83 93.34 94.99
95.2 96.81 95.54 95.62 93.79
93.45 90.55 86.1 80.44 74.98
70.43 68.07 62.75 53.13 57.81
52.24 53.36 57.89 56.32 57.36
63.51 75.21 81.65 85.78 90.33
90.93 93.41 93.66 94.53 94.85
93.92 92.6 90.66 86.26 81.26
71.71 69.57 72.78 78.56 84.2
84.38 88.87 88.82 92.1 92.4
93.34 92.42 91.92 92.94 92.52
90.28 89.86 87.55 82.85 81.51
82.23 87.97 86.07 79.14 73.4
63.77 54.65 45.23 47.87 44.66
42.1 39.25 39.55 42.72 47.38
54.76 64.95 76.9 87 88.44
88.12 86.57 83.18 84.5 89.7
90.7 93.19 95.37 96.2 94.9
94.7 93.87 93.38 91.65 91.54
91.52 91.5 91.16 89.37 89.44
87.28 89.84 88.4 91.57 90.78
89.91 91.06 94.03 94.08 90.81
92.12 92.77 91.26 89.52 88.15
86.28 84.97 83.08 80.28 79.46
80.06 79.98 83.38 86.1 86.2
87.67 90.4 88.8 90.65 90.73
90.96 88.3 90.56 88.08 79.67
84.56 82.87 75.21 79.22 82.54
82.4 84.11 87.83 88.46 89.16
92.61 93.14 93.43 94.18 94.92
94.84 94.27 95 95.3 95.4
92.83 92.94 93.32 92.84 90.41
88.89 84.58 88.76 88.42 89.76
90.5 92.59 91.75 91.88 94.62
94.11 92.97 93.74 94.9 93.69
90.4 92.1 92.73 92.19 89.13
89.51 87.95 87.49 85.01 82.96
84.64 84.04 85.69 86.87 90.91
91.75 90.52 93.51 93.6 91.67
90.37 91.51 94.22 90.6 91.63
84.74 83.27 81.85 80.76 82.2
89.26 94.01 95.11 95.02 94.19
94.69 95.09 95.83 95.1 95.06
95.89 95.92 94.28 94.45 94.54
93.78 89.67 85.39 89.71 89.15
90.09 90.78 93.95 93.31 94.06
95.83 95.17 93.82 94.15 95.39
94.94 96.16 96.61 96.95 95.2
96.66 96.73 95.27 95.11 95.73
95.17 94.27 93.97 93.53 93.2
91.15 90.31 91.13 90.41 90.75
88.13 86.31 89.87 87.89 89.48
88.3 90.84 93.34 93.91 91.71
90.78 92.06 94.19 92.84 93.66
94.41 94.54 93.22 95.06 95.91
95.17 94.57 95.63 94.43 91.33
93.33 94.28 93.42 91.86 90.49
90.9 90.01 89.93 88.75 89.23
88.72 88.83 94.26 95.79 94
92.42 95.6 95.98 94.44 94.91
96.21 95.72 94.04 96.26 95.92
94.97 93.7 94.56 92.94 90.34
90.44 92.29 92.16 92.34 91.24
92.44 94.41 93.6 91.91 92.54
93.81 91.98 90.63 91.89 90.89
87.43 87.15 88.08 75.28 64.71
65.4 73.33 77.6 83.76 86.31
90.49 87.85 90.14 93.85 93.62
94.4 93.13 96 94.64 95.06
94.38 94.64 94.55 92.95 93.29
91.03 92.54 94.31 94.16 91.46
92.92 93.09 90.24 88.92 84.87
78.37 82.7 74.67 80.84 84.25
78.03 73.61 67.84 66.3 60.68
52.08 51.99 45.1 44.89 39.28
37.46 44.88 42.43 44.3 48.15
50.1 55.93 65.46 71.94 77.34
83.16 81.28 84.19 83.21 81.82
81.82 88.57 88.47 85.7 87.25
90.85 92.73 94.33 93.97 93.05
92.06 94.36 93.56 90.29 90.99
91.81 89.29 86.74 88.12 86.84
82.5 83.61 79.99 83.66 80.79
84.94 88.82 87.77 87.87 91.25
91.88 90.18 92.23 93.93 92.97
91.06 93.46 93.89 91.44 91.69
93 91.62 89.87 90.96 87.8
88.98 89.64 84.71 89.21 89.28
88.77 92.22 93.05 92.11 90.37
93.58 93.25 90.7 92.3 94.97
91 92.2 92.07 90.96 88.24
88.09 88.24 85.9 83.16 85.16
81.19 77.41 81.22 78.84 65.32
51.32 46.55 37.36 31.68 25.84
26.42 25.23 24.6 24.82 25.52
23.69 23.23 23.96 22.82 21.4
24.11 23.08 23.71 23.17 24.21
21.41 23.89 20.95 23.42 21.13
24.04 20.81 23.92 20.72 23.52
22.82 23.58 20.48 22.63 22.03
23.07 25.58 28.65 27.05 27.75
29.96 30.45 35.97 35.04 36.16
38.68 36.28 37 35.74 35.68
37.26 35.27 33.45 31.51 30.31
29.32 32.34 28.51 24.71 27.01
24.87 25.4 26.55 25.87 25.29
25.78 26.96 25.17 23.7 25.7
25.38 24.94 25.72 23.38 26.18
25.29 31.88 28.16 26.69 27.96
26.12 28.08 25.42 31.03 27.11
26.71 29.47 26.86 28.64 28.23
27.69 28.99 29.57 37.66 43.23
43.77 45.88 51.85 51.78 52.83
50.58 44.72 46.36 53.29 58.67
56.51 70.42 75.37 82.29 83.84
81 81.03 87.94 88.31 89.95
90.59 91.44 93.53 93.38 94.37
95.02 95.09 94.77 94.65 93.88
92.91 92.36 92.57 90.81 89.73
87.06 87.99 89.23 90.08 86.32
87.12 89.3 84.54 80.39 83.63
83.92 79.85 83.12 85.68 88.2
86.11 87.11 92.34 92.92 90.31
91.59 94.06 92.75 90.33 93.03
90.67 89.66 88.83 92.13 89.27
90.79 81.33 82.37 81.04 74.07
74.66 77.3 73.76 73.25 68.95
69.46 68.6 63.91 58.03 60.48
60.41 48.18 51.47 50.26 46.76
48.12 42.13 38.52 32.57 33.66
30.03 31.19 27.15 23.88 27.31
25.75 32.35 25.13 25.54 27.57
25.22 26.67 30.27 30.16 27.58
32.16 27.94 29.93 30.68 27.16
23.43 23.8 23.23 23.72 26.5
23.72 25.68 26.63 25.89 25.03
23.7 23.98 25.29 26.56 26.24
25.48 28.41 26.97 29.22 27.13
30.59 31.65 36.28 36.84 33.41
37.62 39.41 41.99 43.54 43.04
42.46 46.23 43.99 45.64 47.75
41.23 42.12 40.7 42.32 34.75
43.72 40.79 53.28 54.48 55.75
66.31 70.93 72.2 76.92 77.74
82.88 84.27 86.6 87.83 90.69
92.99 92.66 93.97 94.25 94.76
95.02 94.64 95.28 94.85 95.54
95.01 93.85 94.69 94.18 93.45
93.16 94.45 93.24 90.18 90.39
91.02 92.11 88.89 87.04 90.76
91.15 87.35 86.26 83.46 86.44
80.91 87.79 85.42 88.96 91.95
89.84 90.12 93.56 93.65 91.43
92.26 94.04 94 92.2 92.9
89.42 86.78 86.62 83.73 90.6
91.97 88.17 89.17 92.21 93.28
91.65 93.4 94.99 94.96 93.28
93.75 93.71 93.79 92.76 93.6
92.79 90.81 91.52 93.81 91.67
89.86 90.69 91.81 89.88 82.52
80.1 76.51 81.44 80.1 88.04
89.67 87.24 88.18 93.99 92.31
89.73 91.13 92.57 89.21 87.03
89.03 87.89 85.01 83.41 77.15
78.35 77.47 81.5 86.72 86.86
86.65 91.11 92.83 91.49 90.04
93.33 92.54 91.47 91.67 93.93
92.81 90.95 91.76 92.58 91.18
90.74 88.57 86.86 84.95 81.32
78.54 82.68 86.99 81.68 85.13
87.99 84.5 80.07 86.45 87.5
80.38 76.8 84.05 81.39 72.75
72.22 73.32 68.15 60.65 59.06
55.87 59.16 63.5 57.66 65.28
67.75 76.29 81.01 78.79 79.42
84.9 83.53 82.57 83.66 85.18
82.19 83.29 84.52 84.24 80.41
80.62 82.72 78.96 78.78 82.14
75.27 77.38 84.89 85.34 88.92
85.58 84.97 85.94 87.77 82.24
81.89 83.66 80.47 76.98 75.94
79.92 72.83 69.07 69.56 68.73
65.83 60.06 66.25 64.5 63.53
65.58 64.01 65.2 67.72 64.91
69.22 76.11 76.7 81.9 80.31
76.25 81.09 81.36 76.76 77.68
83.44 78.1 73.36 77.67 76.17
68.95 72.88 68.94 65.58 71.83
77.11 73.77 74.39 84.22 84.65
80.6 82.94 88.2 86.77 80.68
86.31 89.7 83.96 79.45 87.25
86.36 81.31 79.72 83.68 88.45
92.11 92.04 94.14 94.08 95.14
94.65 94.45 95.43 93.94 92.65
91.82 91.89 90.65 88.16 87.48
87.23 86.06 83.36 82.75 79.63
79.88 74.55 66.5 60.22 61.1
40.61 37.7 35.11 32.11 32.13
30.12 29.85 30.63 29.39 32.21
32.71 30.32 32.63 32.11 31.21
31.27 37.71 28.33 27.97 31.71
27.82 28.26 36.91 34.33 30.9
40.94 51.18 44.09 42.78 46.51
53.51 54.96 63.29 64.06 73.4
83.31 84.86 86.56 83.84 89.62
86.64 81.81 88.72 90.8 89.48
92.01 91.02 85.28 82.43 84.89
80.29 72.33 73.72 64.56 56.92
53.94 49.97 50.75 55.22 52.32
53.38 61.59 66.09 76.73 78.49
77.87 80.09 83 86.97 87.93
87.88 89.75 92.2 92.66 92.43
93.83 94.1 94.16 94.88 93.61
93.95 90.98 88.86 91.21 91.93
94.17 92.41 93.22 93.3 89.4
86.46 90.85 89.74 85.07 79.41
86.83 86.06 80.32 80.72 84.86
85.46 78.99 83.74 88.9 87.5
87.63 88.32 86.45 87.81 87.83
87.99 89.9 92.87 91.16 87.1
92.93 93.36 94.08 92.86 94.34
91.67 90.98 90.04 87.11 86.85
84.58 80.14 77.12 77.16 69.49
71.96 84.27 78.37 86.96 84.37
90.32 94.62 94.84 94.31 93.63
92.74 91.97 90.48 86.14 78.36
78.13 84.08 82.99 84.43 75.73
82.7 85.22 82.73 88.74 92.2
95.07 96.29 94.06 92.53 89.98
83.4 78.27 75.81 83.43 83.33
81.82 83.93 86.87 88.79 88.36
88.23 89.38 88.64 87.81 87.59
85.7 87.32 85.32 79.65 80.63
84.43 81.35 81.38 83.53 89.53
90.38 89.22 89.27 87.04 76.23
77.18 79.54 76.98 76.4 80.89
80.74 80.01 80 82.07 84.75
84.02 82.3 84.97 89.23 89.36
91.77 92.36 92.43 92.88 91.72
91.78 93.58 91.23 93.59 91.36
89.89 85.33 77.55 81.39 84.3
80.65 79.41 80.15 86.34 78.46
84.42 83.03 90.43 88.54 88.19
90.6 91.89 92.02 93.89 94.72
96.05 96.27 93.47 92.19 88.45
85.79 84.76 84.46 82.38 77.86
75.57 71.83 75.26 69.37 74.27
76.7 80.91 83.47 82.51 86.64
86.74 87.2 87.16 88.9 90.67
92.4 93.81 95.08 96.1 96.39
92.26 94.25 94.68 94.16 92.99
93.64 92 91.81 90.18 92.23
94.34 94.2 94.55 94.12 91.21
90.1 89.8 86.29 88.23 89.4
87.73 89.07 88.88 90.01 90.07
90.21 89.12 91.42 88.58 88.32
91.51 90.54 86.76 86.59 91.72
86.97 85.97 86.62 89.54 82.36
83.01 83.14 77.52 74.45 70.29
72.6 76.03 78.21 80.75 82.73
82.61 87.86 88.37 83.41 86.73
87.85 85.44 83.95 88.02 86.45
81.59 73.41 68.79 55.87 55.94
66.55 79.06 86.91 87.32 86.79
89.76 88.24 88.31 86.88 90.63
89.32 85.33 78.14 79.81 81.34
79.96 80.98 84.52 85.19 84.55
83.57 88.45 90.71 89.13 88.79
91.58 92.27 91 92.16 93.6
93.15 92.44 92.33 93.33 90.94
90.65 92.15 92.39 91.41 90.25
91.2 90.41 90.17 88.09 91.04
88.85 86.01 84.71 86.26 83.18
81.06 84.96 85.66 84.88 87.01
87.69 91.43 90.14 90.35 89.99
90.68 89.66 89.46 92.29 89.58
88.63 89.37 89.94 87.47 87.13
87.91 86.93 86.86 85.84 83.86
81.97 82.76 78.35 76.96 65.91
57.63 60.25 51.49 46.61 46.54
45.85 38.27 33.67 30.77 29.51
30.79 27.17 29.03 24.02 26.68
25.2 28.18 26.46 27.82 27.45
26.65 27.29 29.85 29.52 28.79
32.59 29.24 30.89 29.21 32.79
31.45 32.53 33.62 30.49 30.71
33.01
