39.38 41.36 35.11 42.52 40.9
51.61 58.4 63.95 87.26 96.28
98.2 98.63 98.7 98.64 98.79
98.3 98.18 93.58 90.5 91.43
96.11 98.42 98.32 98.69 98.15
98.35 97.56 96.47 95.81 94.6
94.95 95.29 95.24 96.29 97.36
97.51 98.27 97.7 98.36 97.75
97.05 95.82 94.73 96.57 94.64
92.47 92.16 88.79 88.14 95.64
95.98 98.3 98.5 98.66 98.77
98.43 98.46 98.86 98.81 98.69
98.81 98.87 98.81 98.83 98.8
98.73 98.77 98.63 98.44 97.87
97.08 95.3 95.27 96.37 97.08
96.62 97.34 98.16 98.23 98.44
98.68 98.74 98.83 98.65 98.43
96.46 97.76 98.57 98.91 98.92
98.83 98.76 98.18 95.99 97.32
97.74 98.18 98.61 98.6 98.03
97.96 96.01 92.52 94.02 95.06
97.04 97.28 97.43 97.92 98.67
98.84 98.68 97.69 93.87 89.68
93.92 92.87 95.56 96.52 94.37
96.53 98.21 95.94 95.59 97.65
98.09 96.48 97.23 97.56 96.56
98.03 96.65 96.93 96.42 95.61
97.01 95.5 93.05 93.13 92.7
94.43 91.95 91.13 91.37 96.61
98.58 98.25 98.33 98.6 98.72
98.6 98.37 98.58 98.17 98.04
97.76 97.77 97.47 96.77 96.55
97.7 97.88 97.06 97.61 98.14
97.84 98.43 98.71 98.87 98.81
98.88 98.79 98.84 98.86 98.88
98.5 98.6 98.61 98.76 98.72
97.96 98.02 97.55 98.1 98.59
98.7 98.64 98.72 98.52 98.41
98.11 98.21 98.08 98.37 97.62
98.14 96.92 95.73 93.36 95.13
96.91 97.73 97.36 97.93 98.04
98.21 98.13 98.14 98.09 97.98
97.5 97.72 97.37 96.08 97.27
97.22 92.02 87.86 95.45 97.67
96.11 97.49 98.06 96.56 93.83
96.55 98.24 98.13 97.79 98
97.29 98.17 98.26 98.43 96.41
96.95 98.22 98.53 98.76 98.63
98.45 98.64 98.68 98.51 98.51
98.6 98.35 98.43 98.22 98.45
98.37 98.05 98.72 98.89 98.73
98.48 98.56 98.36 98.23 96.43
96.11 98.06 97.61 96.52 97.21
95.88 96.42 96.74 95.78 94.94
94.99 91.81 94.87 92.98 93.69
94.58 93.67 95.42 90.95 94.67
93.67 91.75 95.47 95.54 96.28
97.66 97.93 98.08 98.66 98.53
98.4 97.02 95.19 91.3 87.35
91.54 96.13 97.57 98.65 98.53
98.39 98.46 98.54 97.69 97.76
97.75 98.27 97.86 97.78 95.53
95.78 97.84 98 97.85 98.18
98.35 98.38 97.7 98.04 98.17
97.93 97.3 96.91 98.21 98.54
98.73 98.75 98.51 97.77 95.88
96.29 90.74 91.06 97.01 95.7
92.87 97.34 98.46 97.13 96.65
97.76 98.48 97.93 97.09 98.12
97.64 98.19 98.61 98.44 98.41
98.52 98.25 98.34 98.15 97.71
97.75 97.64 96.16 96.19 94.73
95.89 97.82 97.84 97.57 98.36
98.66 98.15 97.17 97.91 98.42
96.39 96.04 97.14 96 89.79
89.87 92.92 95.52 97.41 97.54
97.82 98.01 98.39 97.49 96.92
98.5 98.81 98.76 98.28 98.12
95.58 94.21 88.03 90.83 94.09
92.92 97.25 97.22 95.85 93.07
91.16 84.04 87.1 93.93 94.81
96.92 97.66 97.96 97.91 96.93
96.19 94.33 96.5 95.6 94.18
97.54 98.04 97.91 97.96 98.39
98.58 98.43 98.63 98.71 98.84
98.83 98.87 98.85 98.89 98.87
98.85 98.89 98.9 98.68 98.88
98.81 98.71 98.79 98.78 98.6
98.53 98.74 98.47 98.4 98.1
98.11 98.38 97.61 98.4 97.82
98.58 98.63 98.28 97.78 95.57
90.47 89.51 94.37 95.44 93.95
96.76 97.19 98.26 98.56 98.52
98.5 98.65 98.77 98.69 98.66
98.78 98.49 97.96 98.07 98.25
98.59 98.31 97.54 94.43 93.4
92.45 87.52 91.03 91.99 94.2
96.82 97.11 97.55 98.23 98.3
98.26 98.47 98.33 98.25 98.19
98.42 97.86 97.25 97.33 97.22
96.53 97.23 97.63 96.92 96.71
97.32 96.16 94.76 95.63 96.66
94.82 93.38 95.73 95.45 96.3
98.05 98.28 98.23 97.83 97
95.03 96.92 96.33 97.32 97.99
98.3 98.65 98.72 98.7 98.77
98.86 98.75 98.67 98.72 98.52
98.56 98.29 97.29 97.7 97.53
96 95.17 96.93 95.99 92.99
95.14 97.28 96.02 93.06 85.79
64.37
