37.74 30.67 36.21 33.18 37.82
36.21 33.88 38.63 32.1 39.72
34.62 40.1 39.72 38.63 41.58
42.95 47.52 38.86 43.93 40.88
37.8 46.38 38.65 48.24 40.02
37.91 38.23 44.57 35.93 32.75
34.14 32.95 35.35 33.38 34.1
33.95 33 35.13 32.77 34.91
35.26 30.69 35.67 36.52 32.51
36.24 35.14 32 34.37 32.19
36.41 35.21 37.32 32.76 28.74
34.17 28.6 33.9 26.78 32.13
29.01 35.66 34.28 29.09 32.96
30.93 31.83 31.31 30.63 34.55
31.48 36.44 37.74 40.02 47.4
66.3 69.96 64.43 67.57 73.68
75.73 72.01 74.28 77.24 77.73
75.28 77.12 75.2 75.78 74.96
74.87 77.31 72.88 74.15 65.02
76.95 74.56 72.99 75.87 76.46
76.43 77.23 79.81 80.78 76.04
77.43 78.58 79.26 73.93 77.08
76.07 76.51 75.56 71.41 69.75
65.84 74.16 65.33 65.52 61.88
65.66 61.89 58.61 61.41 53.35
39.94 39.37 37.45 30.99 31.21
30.07 28.66 28.6 31.96 28.5
33.24 35.09 31.05 34.97 31.39
35.83 35.37 29.14 31.1 31.12
32.44 30.87 26.33 30.74 29.44
29.22 31.32 31.72 40.07 34.08
36.78 34.07 34.48 36.98 41.97
38.78 30.52 34.97 30.97 31.91
33.11 32.21 33.05 31.62 34.74
31.24 35.59 33.14 33.96 30.54
35.39 36.48 37.05 37.45 35.96
39.28 39.95 36.46 40.07 37.95
40.32 39.07 41.48 38.51 36.43
35.74 36.64 31.64 35.08 33.98
33.37 32.71 37.94 34.1 38.03
33.86 34.56 35.34 31.79 38.45
38.66 39.37 51.17 58.95 73.92
67.62 69.35 75.2 75.2 66.57
73.88 76.28 72.03 69.62 72.79
69.21 63.93 57.57 52.65 39.05
35.8 31.66 34 36.64 32.39
35.48 34.95 35.71 34.33 31.45
36.51 34.27 35.83 33.96 36.39
35.09 37.35 46.14 38.2 35.56
34.95 38.67 40.08 43.73 38.24
38.93 38.59 33.69 34.79 34.23
36.13 34.3 34.82 32.56 29.92
31.14 34.26 35.67 35.74 33.51
32.95 30.47 26.89 30.46 26.21
30.26 31.77 29 31.49 27.88
35.98 40.48 35.67 43.94 38.83
35.7 37.21 39.27 40.59 39.32
33.57 35.81 37.56 34.09 37.03
37.85 35.79 32.69 37.33 32.72
36.2 31.53 33.99 32.34 35.65
36.42 38.07 32.88 34.09 34.53
40.87 38.42 39.49 43.88 42.39
42 40.34 38.16 36.83 35.68
31.31 32.92 32.39 37.56 32.4
37.29 32.95 35.06 30.14 36.04
33.02 38.42 39.23 34.73 36.41
35.44 37.6 36.25 35.51 37.91
32.08 35.7 38.02 28.88 36.42
31.29 34.87 31.54 39.93 33.11
36.76 35.42 40.93 45.12 46.8
44.26 45.21 46.31 48.24 47.22
51.02 48.62 50.38 51.3 49.03
48.18 48.62 44.42 43.69 46.27
56.68 60.38 64.29 72.22 70.03
74.96 69.09 73.92 74.1 75.37
74.54 71.04 76.48 77.58 78.13
80.1 81.38 82.16 82.14 82.22
76.4 76.68 79.2 81.66 80.81
84.01 81.52 81.9 81.49 81.47
80.84 77.81 80.54 77.19 74.79
75.98 85.51 87.3 90.86 93.72
95.95 95.53 95.85 97.34 96.91
96.67 97.63 97.45 97.62 97.27
97.46 96.53 96.48 96.65 96.22
95.1 95.42 95.42 94.25 91.68
92.22 92.97 89.98 89 88.49
83.38 78.03 79.28 77.84 81.7
84.86 86.32 89.45 89.48 89.78
89.31 87.1 85.58 81.74 77.95
76.37 82.84 87.8 88.78 89.61
87.71 88.23 86.6 82.75 82.73
78.57 83.94 87.06 88.4 90.27
92.77 93.27 93.12 90.17 87.86
88.12 91.25 92.33 92.5 92.46
92.92 93.28 93.89 93.85 92.01
91.01 90.44 92.17 92.01 90.35
87.5 86.25 84.02 84.27 85.29
87.29 88.16 87.96 88.04 90.3
91.72 90.99 91.97 92.84 91.8
93.15 91.59 91.29 93.22 93.77
94.46 93.58 93.1 91.53 90.09
89.2 85.07 86.16 90.07 92.37
92.84 94.1 92.83 91.72 90.19
89.24 87.45 90.68 89.15 86.54
88.08 88.94 91.28 91.47 92.75
92.05 90.99 89.26 87.53 86.69
87.51 85.82 84.26 84.74 83.92
80.25 78.85 76.01 78.76 83.35
84.51 87.63 81.81 83.16 77.04
88.26 92.66 92.12 89.06 89.58
89.33 88.47 86.32 86.51 89.48
87.86 88.61 91.24 87.32 87.6
85.38 81.25 82.19 83.3 86.33
89.66 88.9 87.15 89.9 91.97
91.84 90.77 91.85 91.74 91.74
90.47 88.65 85.47 82.79 68.86
61.25 60.58 60.05 69.54 77.26
81.37 84.96 87.38 89.55 88.39
86.87 88.58 89.49 90.42 90.48
91.65 94.37 95.62 95.19 93.83
89.66 84.37 82.99 82.26 81.82
89.11 93.25 92.02 93.23 92.92
93.09 92.82 92.77 92.79 93.78
93.43 92.32 89.32 88.54 89.95
92.64 94.68 94.95 93.06 91.25
92.99 92.29 94.14 94.45 93.24
92.35 92.17 90.81 91.6 90.08
89.17 89.36 88.51 91.2 80.43
83.26 87.13 85.96 87.88 87.17
84.01 82.43 77.77 85.49 88.95
90.54 91.39 92.08 93.5 95.24
94.69 94.51 95.37 95.58 96.61
96.61 95.75 95.79 92.7 93.82
95.73 94.07 94.32 96.83 96.49
94.11 95.66 96.64 95.74 94.69
95.24 92.6 90.86 92.41 94.17
92.26 90.3 91.55 93.19 89.6
86.74 89.15 90.92 93.08 93.65
94.65 95.29 96.03 96.22 96.92
97.65 96.91 97.2 97.6 97.04
96.99 96.95 96.07 95.75 95.2
93.83 91.82 91.52 90.74 88.23
85.64 85.78 83.82 83.61 88.04
90.53 93.79 93.8 95.24 93.06
94.51 96.95 95.85 95.5 96.68
96.36 94.61 95.61 94.73 92.71
93.16 92.99 90.76 89.9 89.82
86.79 85.29 88.07 84.81 83.58
84.9 85.48 86.87 88.02 91.13
89.95 87.74 92.24 92.75 91.16
90.77 93.6 93.51 91.11 91.89
92.37 91.81 91.44 88.57 86.95
86.03 81.15 80.24 77.42 69.03
71.18 83.19 88.06 90.27 91.02
93.62 94.39 94.07 94.87 96.74
96.77 96.52 96.96 96.82 95.74
95.77 95.96 94.73 92.88 91.65
92.28 89.4 85.17 83.83 80.22
79.89 79.74 81.19 83.9 86.17
84.53 84.79 89.67 90.11 88.56
90.04 92.65 90.83 92.09 93.6
95.11 94.57 93.3 95.96 96.16
96.46 96.38 96.51 95.59 95.41
95.57 94.77 94.35 93.43 93.03
91.93 91.66 88.36 86.26 80.48
72.41 72.68 67.93 73.43 69.92
77.04 77.26 72.1 76.32 78.52
76.76 77.03 77.11 73.68 73.5
72.02 65.54 65.43 66.21 68.95
60.53 54.12 49.78 43.81 49.66
40.49 36.25 42.37 35.38 26.75
