40.9 48.16 53.28 52.82 50.65
51.2 53.54 50.92 47.4 42.75
42.45 47.45 49.52 52.27 50.02
51.46 50.72 52.91 49.76 51.82
53.76 54.49 51.46 56.63 58.72
60.77 64.66 66.55 64.43 50.71
62.51 69.4 64.73 67.12 68.44
70.81 70.93 76.7 82.49 77.26
74.86 75.71 77.62 74.03 76.75
72.89 71.87 76.44 70.14 69.47
66.94 63.06 64.63 60.14 59.1
60.86 54.29 55.15 59.44 60.37
62.07 68.28 67.69 65.91 68.99
76.48 71.76 76.7 76.02 81.79
72.9 71.47 75.34 73.28 72.39
67.63 72.42 68.32 67.44 61.97
57.84 53.49 51.35 51.47 47.39
50.38 49.95 52.67 55.57 52.8
47.04 49.69 43.46 44.91 50.24
42.66 46.29 37.59 40.78 36.51
33.58 33.64 37.37 35.12 39.92
39.22 39.82 43.3 40.86 42.43
38.32 37.13 36.64 28.41 41.14
32.05 39.89 39.49 39.17 39.05
43.93 42.3 41.26 38.94 49.61
47.57 38.4 37.1 41.69 40.86
44.21 39.93 33.18 40.68 41.98
37.71 35.41 43.94 44.11 49.7
51.57 53.82 56.34 59.11 57.28
60.84 60.53 63.04 65.22 69.41
63.74 64.45 63.81 58.37 61.73
56.74 57.74 52.92 54.68 59.02
67.62 67.01 65.68 73.17 74.1
72.55 75.74 75.43 78.95 77.44
78.75 78.83 77.48 74.99 75.8
77.09 73.36 69.79 68.95 69.58
71.17 68.3 67.65 79.6 72.56
74.89 73.05 78.08 78.3 73.53
76.13 79.7 81.1 79.15 79.87
83.56 81.77 82.51 81.03 83.03
81.33 78.6 79.54 79.43 72.36
72.88 74.24 73.68 63.44 66.06
63.9 61.51 57.47 53.57 49.69
51.78 49.12 47.97 48.43 46.59
46.07 44.96 37.42
