34.52 37.65 40.57 41.8 44.63
42.06 47.75 50.62 56.75 53.82
56.12 60.68 65.62 73.23 76.54
76.11 77.88 82.38 83.55 87.81
93.55 95.02 97.28 98.18 98.24
98.46 98.42 97.92 97.83 98.15
98.67 98.71 98.61 98.21 97.72
95.16 92.22 85.43 86.09 77.15
85.79 95.13 97.82 98.4 98.76
98.89 98.87 98.83 97.83 96.65
96.11 95.34 96.75 97.51 96.37
94.42 93.27 92.68 95.04 96.13
94.59 95.9 97.84 96.7 95.49
97.61 97.21 95.48 95.76 95.53
97.67 98 98.51 98.74 98.77
98.77 98.64 98.64 98.26 97.37
96.72 96.64 96.08 96.6 95.29
90.81 85.88 87.25 84.81 91.22
89.83 93.01 93.37 93.42 93.47
95.04 95.56 94.96 94.53 95.47
96.38 95.75 97.45 96.81 96.53
97.76 97.6 97.93 98.52 98.48
98.3 98.61 98.7 98.56 98.47
98.5 97.95 97.59 97.21 96.13
94.83 95.29 97.4 97.3 98.1
98.64 98.76 98.89 98.91 98.75
98.14 96.78 97.68 98.56 98.53
98.3 98.63 98.83 98.63 97.96
98.46 98.49 97.58 96.52 97.72
96.17 96.55 98.57 98.41 98.75
98.86 98.92 98.82 98.57 96.84
97.23 97.28 96.35 90.55 87.7
89.03 89.56 92.84 95.88 96.35
97.15 98.37 98.05 98.45 98.73
98.89 98.89 98.87 98.72 98.37
96.01 95.84 93.75 93.83 90.6
91.51 94.59 95.36 96.56 96.64
96.57 97.58 97.39 96.75 98.13
97.85 97.6 97.86 98.25 98.03
97.36 97.61 97.81 97.49 98.12
98.42 98.63 98.62 98.7 98.57
98.33 97.12 94.18 91.33 92.47
92.53 92.83 92.26 92.66 93.8
91.19 87.15 78.7 63.56 59.57
59.44 55.98 67.73 75.36 83.56
85.59 87.13 91.96 93.58 91.39
92.28 96.84 97.36 96.54 97.83
98.67 98.54 98.34 98.6 98.81
98.4 97.34 98.15 98.1 95.39
