52.22 50.05 45.58 51.15 57.29
60.31 65.89 67.14 65.64 70.23
73 69.21 69.17 71.1 70.86
69.95 67.01 71 70.86 73.51
74.48 68.8 76.23 77.65 74.69
73.6 74.56 76.35 73.6 73.53
72.32 70.09 65.01 66.94 63.82
58 66.38 56.67 59.55 54.95
52.1 47.63 43.67 38.59 47.29
41.94 41.5 42.01 42.94 42.89
51.65 42.13 44.85 42.58 40.57
41.66 44.03 42.87 45.56 50.71
42.33 39.58 39.31 43.24 37.29
39.26 38.61 39.46 38.68 48.1
43.54 44.05 45.44 46.97 45.47
39.16 48.36 43.34 52.43 39.26
48.29 39.1 48.34 39.82 35.42
41.45 36.55 41.26 39.59 36.47
43.64 39.3 37.56 36.88 39.29
44.66 35.71 33.53 42.29 32.41
31.2 35.8 31.8 35.61 34.16
40.23 34.85 37.37 40.94 33.08
40.54 38.83 33.37 44.67 37.64
40.42 44.91 33.2 46.03 36.02
41.85 39.69 35.53 43.02 36.23
44.8 36.39 42.48 38.84 39.68
37.6 34.76 35.69 36.35 37.01
40.02 37.26 34.08 41.53 35.59
41.03 42.39 36.55 41.26 40.54
43.03 35.83 43.8 35.44 36.81
42.01 36.28 39.99 31.35 39.27
32.69 54.05 36.66 40.51 35.38
39.27 37.91 40.28 41.3 39.58
41.98 40.96 37.05 38.48 32.26
40.67 34.41 40.04 34.55 41.51
40.67 36.1 38.17 34.4 36.98
36.81 38.54 38.73 34.02 43.96
39.94 39.51 42.8 53.99 48.56
52.64 47.85 34.49 41.67 41.59
37.76 44.42 40.81 42.06 44.94
38.36 46.71 43.48 37.89 44.31
40.5 43.8 44.43 45.93 44.32
46.79 39.04 42.75 48.51 56.32
57.44 45.86 54.49 38.31 38.56
39.42 45.92 45.47 39.42 41.77
37.52 40.54 41.56 37.02 42.34
36.65 48.49 37.71 45.94 35.56
39.93 38.88 33.85 38.03 30.99
34.29 40.12 34.49 35.65 35.22
36.16 40.8 37.55 39.67 38.84
45.24 45.58 41.17 41.52 38.23
42.08 36.62 36.49 34.84 45.48
36.22 43.98 42.68 35.82 37.37
34 39.96 37.93 39.15 45.95
49.77 53.76 57.57 63.59 73.29
80.85 82.51 81.18 80.88 82.1
84.09 88.67 83.68 83.66 86.18
81.1 83.83 80.42 85.16 83.76
81.99 82.4 82.5 85.75 85.65
83.33 85.03 86.78 88.62 88.16
86.54 81.2 84.56 85.87 81.37
75.36 74.85 69.82 60.92 50.7
61.69 57.17 50.94 56.28 49.26
51.18 50.93 48.47 47.11 45.31
53.02 49.81 49.59 51.11 50.35
52.26 48.8 48.72 56.31 50.5
46.46 47.46 48.81 46.57 42.71
44.53 45.44 42.96 43.21 42
43.52 43.09 45.45 44.87 46.35
41.62 52.2 62.76 73.69 82.44
83.84 86.73 87.76 91.35 92.67
90.54 89.95 92.32 89.6 89.27
84.66 83.89 85.45 89.07 89.99
90.54 91.01 88.11 84.25 89.65
90.77 90.63 92.48 92.43 93.31
90.79 89.72 91.15 88.12 79.09
82.18 84.63 84.67 79.76 84.71
83.83 83.09 80.29 82.57 84.66
88.97 89.72 90.44 87.42 88.37
88.72 85.62 84.46 82.86 75.31
68.21 64.83 59.52 55.91 54.89
55.42 59.66 62.23 57.02 78.43
82.35 82.61 84.65 84.8 86.51
92.15 91.95 91.3 94.66 95.77
94.79 94.49 95.05 96.38 96.6
94.67 95.2 95.69 95.27 97.05
97.28 97.87 97.27 97.48 97.91
97.79 98.2 98.02 98.37 98.04
97.47 98.07 97.53 98 98.15
98.37 98.17 98.08 98.38 97.91
98.21 98.43 98.31 98.23 98.33
98.43 98.39 98.43 98.35 98.48
98.12 98.46 98.47 98.4 98.36
98.2 98.24 98.19 98.19 98.07
98.15 98.19 98.24 98.14 98.12
98.19 98.19 97.87 98.16 97.88
97.82 97.65 96.45 95.77 96.16
94.47 93.95 93.3 91.77 88.95
84.51 72.62 66.61 65.09 61.38
60.27 60.51 63.33 57.36 59.1
49.77 48.56 41.6 45.88 44.47
48.24 47.47 51.01 48.07 49.17
57.05 48.75 49.6 49.89 55.53
40.54 54.26 43.9 45.29 47.63
45.92 55.65 39.07 46.46 44.33
46.64 62 45.39 52.76 53.16
47.27
