40.2 42.63 42.56 40.89 47.21
42.48 34.63 37.11 34.27 36.74
38.75 29.6 36.25 34.3 36.91
31.78 34.7 30 34.47 33.53
34.55 32.26 31.76 33.24 43.78
36.34 38.14 34.44 39.78 33.02
34.29 35.76 32.94 36.69 34.06
28.34 37.52 32.93 37.85 38.2
36.89 40.28 38.48 42.35 48.82
49.59 53.78 58.04 61.13 67.17
62.2 71.9 65.14 69.63 69.51
70.29 69.58 63.52 59.28 59.36
53.24 57.03 49.56 47.96 48.21
49.29 54.27 60.14 63.07 75.7
78.54 78.52 76.84 74.85 74.07
70.29 71.54 68.32 70.7 71.81
73.07 74.29 82.25 86.69 88.81
90.53 92.35 93.78 94.13 96.08
96.55 97.26 96.83 97.69 97.91
97.78 97.68 97.19 97.41 95.96
95.54 95.62 95.52 91.36 89.41
90.8 90.94 89.29 87.43 83.4
83.32 85.76 88.06 87.21 86.83
90.86 90.79 89.54 92.26 92.41
93.56 91.72 88.98 87.84 84.67
89.36 92.36 92.48 93.26 92.84
92.96 92.71 92.06 92.94 93.72
93.87 93.19 91.45 92.17 91.21
88.29 91.19 92.88 94.14 94.26
95.23 94.7 93.34 92.08 90.13
90.79 90.02 90.82 90.93 92.52
92.36 92.54 92.86 93.59 92.69
93.03 93.71 92.79 91.56 87.18
84.27 84.08 85.05 90.26 92.05
93.42 93.42 93.76 91.5 90.51
91.01 94.25 95.1 94.71 94.09
92.87 90.95 88.79 87.86 88.14
91.9 92.48 93.81 91.74 94.22
95.11 94.67 95.24 96.22 96.17
96.25 97.08 97.07 97.45 97.26
97.74 97.72 97.56 97.91 98.05
98.02 97.76 98.06 97.54 97.56
97 96.69 96.77 95.71 94.4
94.22 94.28 91.52 91.56 90.43
90.07 86.62 84.78 86.09 85.51
84.95 89.67 90.54 90.19 88.24
90.08 90.17 90.07 91 92.26
92.81 91.94 93.76 95.02 94.25
94.23 96.32 96.28 96.19 97.13
97.86 97.38 97.29 97.81 97.34
97.42 96.88 97.11 96.75 95.96
94.73 94.88 94.85 92.96 92.8
90.74 83.42
