39.63 53.66 46.58 56.46 60.95
68.08 74.24 82.69 90.34 91.25
91.21 90.68 91.53 88.63 88.9
85.86 83.69 83.12 81.75 86.09
88.68 89.44 88.76 89.93 91.26
90.76 89.31 88.9 89.43 90.4
89.23 89 91.76 91.61 91.15
90.3 91.51 89.14 89.5 87.56
87.31 82.87 74.77 76.01 76.11
73.43 73.79 78.31 82.46 85.96
90.26 90.87 91.84 91.49 90.98
91.88 89.94 88.77 88.64 89.11
90.11 88.82 89.1 89.82 89.91
90.14 89.01 89.46 86.95 89.4
85.58 87.49 83.52 80.56 79.72
82.21 85.23 88.77 91.95 91.2
91.81 88.44 87.76 83.05 74.31
65.42 56.56 49.04 50.18 46.09
42.11 42.89 48.39 45.17 47.81
59.99 61.42 65.46 62.47 62.19
49.49 50.89 48.82 49.65 57.4
51.02 46.83 43.54 44.88 42.93
45.4 45.66 49.64 46.85 48.63
52.22 46.8 48.93 54.74 45.41
45.31 59.12 50.61 53.85 48.35
42.38 43.4 54.19 54.73 45.99
51.13 46.44 44.65 44.77 45.72
43.82 43.47 39.64 37.67 39.47
38.71 44.81 51.54 48.1 46.29
51.1 48.67 56.34 56.06 50.49
44.02 57.03 64.64 66.48 64.2
49.73 45.71 47.23 48.08 46.24
56 56.21 53.52 47.57 47.86
47.6 61.21 46.19 45.77 45.43
47.36 42.08 41.13 47.86 50.09
46.58 55.67 48.62 46.42 44.61
41.69 54.99 44.79 48.77 43.48
42.39 41.22 43.05 43.4 41.26
46.61 44.01 49.92 59.17 44.46
43.13 43.67 44.97 43.85 49.29
40.25 40.73 43.31 38.28 44.47
42.56 46.03 46.73 53.05 43.79
46.66 46.85 35.5 41.08 39.8
38.44 45.97 42.38 36.37 39.37
38.62 34.88 38.69 37.17 40.52
40.45 32.93 36.41 42.52 38.55
42.29 43.98 40.3 42.99 52.56
65.98 62.68 56.27 53.85 36.97
41.6 45.76 37.3 40.38 33.29
43.28 37.49 42.15 38.96 34.98
38.43 37.96 43.33 41.06 43.06
46.92 42.81 41.89 39.09 42.65
40.85 39.14 41.17 41.82 42.06
41.03 41.02 42.33 39.17 44.87
41.01 42.16 44.6 46.85 48.48
47.36 41.81 41.12 39 39.15
41.54 40.11 36.48 40.18 38.46
37.2 32.53 39.17 35.58 36.05
37.35 41.03 42.39 47.24 52.71
43.98 46.98 39.61 47.99 56.16
54.46 48.02 42.48 36.18 38.74
34.44 39.08 33.95 31.97 35.92
33.89 33.87 37.42 32.86 31.95
31.49 37.61 37.02 41.66 37.87
38.93 40.92 41.71 43.07 44.15
43.59 42.11 35.73 38.18 36.52
35.1 36.14 36.29 40.14 33.99
35.91 38.73 37.92 42.09 41.97
50.15 43.8 42.19 45.4 45.55
40.02 42.63 52.01 54.54 61.32
42.38 55.59 44.08 38.81 40.61
35.7 57.53 44.91 38.96 38.6
40.77 41.34 40.2 40.87 39.84
44.95 46.26 47.94 43.13 52.01
52.78 52.29 48.6 52.55 45.25
47.61 46.5 46.82 54.8 52.51
55.92 50.68 51.6 49.73 55.1
58.84 57.24 58.72 63.25 62.47
