76.72 79.3 87.06 90.73 92.81
94.51 94.59 96.08 97.15 97.58
97.87 98.21 98.21 98.1 97.15
96.62 97.41 95.9 93.23 93.62
93.71 91.68 88.24 88.36 90.82
91.45 89.81 88.84 89.1 89.66
87.77 86.08 85.78 85.23 85.79
86.46 83.8 85.3 85.73 85.46
85.69 87.66 88.15 87.89 90.79
92.4 89.55 91.07 93.63 91.22
89.54 91.28 91.16 90.48 89
85.81 90.7 88.3 87.37 85.4
83.19 81.08 78.42 76.39 84.25
85.63 89.79 91.49 93.02 94.87
95.49 95.87 96.46 97.93 98.17
98.09 98.44 98.39 98.37 98.08
98.01 97.88 97.71 96.37 95.65
93.69 91.5 84.92 83.18 74.26
68.85 60.23 57.27 57.87 64.18
73.4 82.14 87.34 90.01 92.72
93.16 92.86 95.12 96.37 95.34
95.82 96.58 97.18 96.22 95.61
96.26 96.92 95.72 94.78 96.33
96.41 95.51 94.7 95.94 95.35
93.17 93.15 95.2 94.39 92.11
92.58 94.25 93.2 90.93 91.5
94.19 94.87 95.32 95.65 96.9
97.54 98 97.51 97.61 97.08
97.72 98.02 97.43 95.26 96.31
97.39 95.62 94.05 95.03 94.33
90.04 88.27 90.98 93.08 89.45
90.79 93.62 89.14 89.16 93.22
92.94 92.32 91.5 95.29 96.24
95.12 96.27 97.68 96.8 97.53
98.27 98.26 98.21 98.54 98.35
98.24 97.87 97.57 97.52 95.99
94.39 93.65 93.63 92.52 87.82
84.93 86.43 81.78 68.61 69.74
61.47 56.19 57.78 50.06 52.62
49.37 54.57 52.8 55.38 55.41
60.93 68.05 69.78 78.6 85.22
87.08 89.32 89.54 92.06 92.84
92.41 92.59 92.66 92.52 95.11
94.92 95.27 96.16 95.84 95.82
96.7 96.28 95.15 94.43 95.12
93.08 88.57 91.18 91.19 90.96
90.92 93.04 91.55 88.77 91.73
93.64 91.45 89.96 89.89 90.99
88.78 87.27 88.63 86.67 87.23
88.98 86.63 87.88 88.78 87.07
86.58 90.21 91.26 89.07 86.91
89.07 92.27 92.78 93.36 96.04
97.3 96.69 97.02 98.06 98.27
97.98 97.45 97.75 97.19 95.31
95.96 96.36 94.7 92.3 91.59
85.46 89.13 91.67 92.44 93.14
94.05 95.08 95.45 95.49 96.01
96.38 96.52 96.53 96.42 95.08
96.1 96.11 95.54 95.25 96.5
95.42 94.6 94.34 93.55 92.03
91.27 91.23 87.64 85.89 82.87
80.16 72.97 67.63 64.92 68.61
68.38 64.58 61.35 72.26 83.16
86.85 86.77 88.75 90.85 91.9
92.58 93.09 94.48 94.81 94.42
95.51 96.05 95.71 95.95 97.49
97.11 95.69 96.77 97.65 96.91
96.66 97.68 97.23 96.87 97.35
96.76 95.49 96.44 96.18 95.23
95.03 95.31 94.5 93.26 92.03
89.32 85.19 84.91 90.22 91.95
91.74 93.72 94.82 95.93 95.47
95.66 96.68 95.72 94.79 94.92
95.1 92.35 91.7 91.25 89.27
85.82 85.28 83.93 77.44 80.17
85.3 84.8 81.78 86.35 87.74
88.02 88.27 90.01 90.26 89.11
88.27 91.97 93.51 93.22 94.32
95.68 95.32 94.38 95.48 95.45
94.5 94.26 94.75 94.36 93.44
93.24 93.1 93.95 92.44 89.71
91 88.48 83.3 74.44 67.67
66.95 56.24
