48.93 43.28 42.77 50.99 42.49
40.46 42 41.88 42.75 51.13
56.82 63.1 72.72 82.15 88.84
91.03 91.71 93.02 93.6 90.94
91.23 86.32 79.12 73.37 71.81
62.19 63.61 73.55 78.88 85.83
89.95 91.96 92.28 90.98 91.02
90.56 92.9 94.58 95.45 95.35
94.26 94.47 92.78 90.16 91.23
92.76 93.92 92.4 92.93 90.27
88.41 87.72 87.53 90.08 89.31
91.11 91.89 90.99 92.02 92.41
93.76 94.49 95.03 93.61 92.96
88.62 83.86 82.43 84.21 84.53
87.41 93.2 93.09 93.81 92.3
92.02 89.14 89.67 85.55 83.44
87.14 90.15 91.06 89.38 84.5
74.84 80.86 82.25 78.34 74.92
75.62 73.54 79.48 83.91 87.78
90.67 90.69 88.99 90.48 88.1
92.39 92.68 93.44 92.57 91.1
90 88.41 85.55 81.78 81.11
83.41 81.84 81.45 85.36 88.3
90.31 91.96 93.56 92.5 93.71
91.76 89.36 86.7 72.69 60.51
49 36.62 31.37 32.22 30.57
29.6 34.73 34.07 32.02 32.46
34.1 35.09 35.14 33.16 33.74
31.4 33.75 29.4 36.41 34.51
34.94 36.74 36.82 36.74 35.28
34.31 35.89 35.99 36.73 39.04
37.57 39.72 41.25 41.55 37.06
35.6 37.43 37.34 34.99 30.12
37.32 36.07 28.35 34.18 29.74
31.21 29.92 36.09 33.8 41.23
35.82 37.08 36.27 29.34 37.19
33.77 41.76 36.13 36.05 31.02
35.02 30.84 33.1 32.27 32.6
32.43 35.5 36.01 32.55 37.63
30.59 39.19 34.64 35.4 37.56
30.09 34.96 34.5 39.33 39.08
32.4 36.55 37.83 36.36 32.02
35.53 29.71 38.89 32.85 43.72
36.07 36.63 40.44 34.31 41.77
33 40.96 40.75 35.09 44.21
36.44 37.89 38.56 31.86 36.9
31.37 38.36 34.84 31.76 46.56
30.51 35.95 32.84 25.88 31.52
27.45 31.6 26.95 27.26 32.06
26.58 35.45 29.27 37.05 33.23
34.78 37.53 35.87 33.26 35.28
32.44 42.92 32.88 37.01 38.78
32.55 33.75 37.7 35.51 37.48
39.65 35.18 36.54 34.7 32.14
33.25 32.92 32.39 34.46 37.55
32.41 38.52 36.54 37.58 35.5
38.51 37.34 34.01 34.85 36.36
34.97 32.92 37.32 34.06 32.34
37.55 37.88 48.1 51.4 57.91
78.7 81.17 86.76 89.47 87.87
90.45 93.58 94.37 95.81 93.52
94.18 94.25 93.45 93.06 94.4
95.89 95.55 93.39 93.72 95.69
95.54 94.34 90 89.76 92.69
93.87 94.97 96.14 97.17 97.03
95.58 96.17 97 95.99 94.37
93.58 94.17 92.62 89.74 90.5
91.4 89.77 93.31 93.94 93.57
92.96 93.79 91.5 87.92 88.79
89.89 88.1 88.13 91.8 91.6
92.25 90.63 89.98 91.88 92.9
92.24 92.72 93.67 92.82 91.76
91.49 93.09 91.99 90.31 88.19
90.91 90.29 90.61 88.85 88.11
91.31 92.59 91.08 92.62 93.06
92.39 93.38 94.9 94.57 92.92
93.35 93.05 92.04 90.72 88.38
83.24 76.17 70.39 75.89 75.52
58.29 51.41 39.99 44.21 39.69
37.4 34.85 42.45 45.9 38.99
48.45 44.98 48.67 43.04 44.65
38.65 51.37 51.81 54.45 47.83
51.75 46.62 46.25 61.59 47.9
58.19 44.7 45.97 44.1 44.47
44.18 48.59 51.33 57.95 74.57
84.92 90.34 93.81 92.99 94.64
93.36 92.13 87.88 86.07 86.83
85.13 82.25 80.67 76.9 70.85
66.97 69.86 59.39 57.08 53.81
49.77 49.83 40.69 35.56 39.54
38.54 34.9 38.81 36.08 36.11
33.48 32.1 31.95 30.31 30
31.39 27.85 29.84 30.58 39.01
34.56 39.68 42.12 41.02 48.09
55.97 57.07 82.44 92.04 93.99
93.92 91.12 84.13 81.78 86.36
92.48 93.76 93.5 94.34 96.15
94.73 91.73 92.95 92.63 92.41
94.88 96.7 96.26 96.37 96.03
95.63 94.05 94.35 95.08 93.21
94.47 93.49 93.05 93.69 94.77
96.58 97.66 97.98 97.81 98.1
97.42 94.69 94.42 96.47 95.87
97.23 98.09 97.78 98.11 97.33
97.08 95.59 95.76 95.58 92.74
89.34 85.86 85.18 92.26 93.39
94.89 96.72 98.34 98.37 98.39
98.41 97.68 97.47 97.67 97.13
96.63 93.04 92.1 93.98 95.72
97.55 97.15 95.7 97.84 98.08
96.09 96.37 97.61 97.25 97.96
98.41 98.22 98.09 97.99 98.29
97.92 97.04 98.15 98.02 97.21
97 97.04 97.28 97.62 97.79
97.92 97.86 98.06 98.22 98.42
98.24 98.1 98.39 98.23 98.14
97.77 97.62 96.34 96.8 94.52
96.81 97.94 96.1 96.67 92.88
92.12 91.91 93.77 96.56 97.71
97.13 97.52 97.87 98.36 98.5
98.21 96.85 94.84 97.49 97.64
96.97 96.35 97.66 98.44 98.29
97.9 98.43 98.49 98.49 98.28
98.51 98.23 97 97.13 97.26
96.79 96.07 96.44 96.14 96.31
94.87 95.55 95.38 96.12 96.02
96.83 97.48 97.77 98.04 97.46
94.94 94.74 96.28 95.97 94.35
95.73 94.77 94.75 96.83 96.19
96 95.7 96.35 97.34 97.62
97.28 97.37 98.08 98.04 98.28
98.15 97.05 95.7 94.41 93.69
88.13 87.51 75.68 59.83
