42.3 49.77 37.39 43.3 41.9
40.86 36.36 44.42 37.99 43.97
30.46 32.4 39.76 37.5 37.34
33.33 36.25 31.3 32.8 42.03
32.26 38.77 37.05 39.25 36.31
35.63 39.62 37.54 41.31 38.67
41.98 34.32 43.81 45.6 47.06
38.62 48.8 45.85 53.59 50.91
43.37 54.41 67.54 71.29 71.05
72.19 81.22 80.45 78.47 81.51
85.81 84.9 82.38 86.07 87.65
82.37 83.88 86.65 84.77 80.92
83.82 83.05 75.21 76.44 77.76
72.41 56.75 59.14 59.69 58.87
69.15 72.68 70.31 69.25 78.58
79.98 80.57 80.18 85.26 85.47
80.76 84.71 85.81 83.18 81.4
85.61 82.12 81.36 80.57 83.13
80.25 74.8 78.75 79.5 71.13
69.24 74.21 65.91 61.06 62.57
60.97 62.32 60.27 62.95 61.06
72.8 70.24 74.17 72.03 75.29
82.45 81.94 80.69 84.12 85.54
83.73 86.12 89.71 88.33 87.3
89.92 90.09 87.52 90.55 90.96
88.64 89.22 90.59 88.07 84.45
87.29 87.79 79.79 75.3 73.57
67.26 76.61 83.74 82.5 82.15
87 90.27 87.93 90.09 92.81
91.34 90.2 91.89 93.28 89.55
90.92 91.55 90.53 87.25 89.76
90.34 86.91 85.52 88.83 86.06
84.55 83.28 87.79 83.8 83.46
81.73 81.12 76.85 76.92 76
77.75 75.6 73.52 69.93 61.5
