73.36 81.98 95.52 98.44 98.76
98.72 98.51 97.95 96.92 96.6
97.59 96.14 95.8 97.82 98.04
96.81 96.79 98.16 97.95 98.49
98.22 97.27 95.73 96.74 96.38
97.62 98.11 98.45 98.43 98.55
98.4 98.66 98.33 97.29 97.89
97.73 97.99 98.4 97.82 98.21
98.54 98.59 98.56 98.63 97.88
97.41 96.19 97.65 98.53 98.74
98.8 98.92 98.93 98.88 98.77
98.63 98.44 98.34 97.79 97.88
94.49 95.74 97.55 97.53 97.82
98.14 98.64 98.7 98.83 98.84
98.73 98.78 98.77 98.54 98.55
98.19 98.46 98.26 97.73 97.29
95.99 96.85 95.36 95.21 93.61
93.99 94.77 93.28 95.21 94.19
92.31 91.46 92.84 96.66 97.7
97.96 96.91 97.81 97.83 97.13
96.96 96.73 96.83 96.97 95.61
95.87 96.55 97.76 97.74 98.11
98.55 98.07 97.67 98.23 98.32
98.77 98.87 98.93 98.94 98.91
98.86 98.8 98.36 98.6 98.75
98.65 98.33 97.55 96.28 92.18
86.68 84.33 88.82 91.09 91.55
91.33 94.8 96.39 97.71 98.32
98.5 98.5 98.4 97.98 96.71
94.71 85.66 73.31 57.28 51.44
43.4 39.47 34.05 33.43 38.47
35.72 34.92 40.95 46.2 47.22
52.89 52.47 64.31 64.32 68.29
77.63 86.09 90.83 86.13 89.78
95.7 97.4 98.46 98.66 98.85
98.89 98.86 98.83 98.82 98.89
98.69 98.44 98.31 97.47 96.3
95.41 93.74 93.13 92.54 94.66
97.42 98.02 98.69 98.78 98.87
98.81 98.83 98.69 98.63 98.43
98.05 97.47 96.92 95.46 93.57
95.91 94.54 94.36 95.73 96.3
96.91 97.66 98.16 98.64 98.72
98.74 98.81 98.25 97.58 97.91
98.13 98.65 98.82 98.67 98.65
98.84 98.85 98.55 98.43 97.77
97.98 98.59 98.39 98.29 97.87
98.38 98.58 98.34 98.39 98.44
98.67 98.31 98.06 97.5 97.47
97.49 97.1 97.59 97.55 97.41
97.48 97.77 96.54 96.43 97.96
98.19 97.63 97.91 96.99 97.49
98.3 98.14 97.56 96.31 96.13
97.99 96.54 95.41 95.79 94.68
90.39 84.96 67.13 55.37 43.23
34.98 37.5 38.57 35.98 42.02
42.91 48.19 57.98 59.87 59.3
65.2 70.36 72.77 67.88 62.23
70.73 73.29 66.62 50.7 44.64
47.15 38.46 37.97 38 40.13
36.96 38.65 37.56 41.51 41.11
34.01 37.11 36.18 34.96 40.26
45.3 40.83 34.69 37.26 34.86
38.7 35.49 41.31 40.17 33.97
38.6 38.73 43.53 45.8 42.92
33.36 39.75 38.59 33.87 37.68
39.55 40.13 43.7 41.41 47.71
45.28 42.57 47.23 49.37 44.17
42.74 41.68 39.52 39.13 34.59
53.91 44 46.76 48.66 39.66
63.93 49.99 45.06 57.22
