40.05 36.81 36.66 30.31 40.21
34.11 40.25 41.45 31.79 35.34
34.51 30.57 36.83 31.81 30.65
32.99 37.95 34.75 38.53 38.2
42.61 44.62 50.81 47.98 62.07
80.5 91.21 95.34 97.51 98.28
98.44 98.63 97.95 96.36 94.38
91.93 91.22 93.16 94.7 96.93
97.68 96.99 97.69 97.73 97.09
96.88 97.1 96.16 93.81 93.89
94.89 96.91 97.13 95.45 94.19
91.39 87.01 88.58 85.12 86.7
86.95 88.25 90.2 90.5 93.69
95.58 96.95 97.51 97.79 96.73
95.23 93.35 89.74 85.37 87.41
90.5 94.81 96.23 97.41 98.36
98.25 97.82 95.71 93.22 87.94
87.79 89.2 88.42 78.8 74.29
80.02 82.6 90.52 91.08 91.9
93.33 95.13 95.17 95.63 97.08
96.86 96.17 96.66 97.75 96.13
96.51 96.09 96 96.2 97.34
97.8 97.63 98.17 98.59 98.59
98.57 98.3 97.66 96.06 95.92
92.9 89.03 95.01 94.72 94.98
95.1 96.39 96.52 96.24 96.87
97.25 96.61 96.93 98 97.84
96.91 97.23 98.13 97.93 96.8
96.15 97.69 97.88 97.27 98.31
98.56 98.76 98.6 98.68 98.35
97.42 96.05 96.83 95.57 96.06
95.2 91.54 90.07 94.16 95.55
97.02 97.07 96.61 95.82 96.63
95.26 95.14 94.15 93.75 95.83
94.94 95.64 97.23 96.76 95.92
97.69 97.79 97.27 96.75 97.11
96.49 97.31 98.11 98.1 97.81
97.78 98.02 97.01 95.94 92.1
91.32 94.04 92.9 94.76 94.95
94.8 93.8 95.16 96.35 95.41
95.22 96.64 97.74 95.86 96.4
97.95 96.36 94.91 97.28 97.42
94.7 95.75 95.55 94.32 92.61
89.15 93.87 96.16 97.56 96.82
97.29 97.25 98.12 97.94 96.41
96.65 96.22 94.55 93.73 93.71
90.41 87.81 84.07 71.68 61.87
67.37 71.66 82.72 86.96 90.85
92.33 92.58 93.5 95.42 96.32
96.33 97.36 98.22 98 97.44
98.06 98.35 97.16 97.1 97.92
98.21 96.33 97.56 96.75 95.59
94.95 94.12 91.76 90.59 90.57
90.27 85.5 86.31 89.6 88.67
89.59 90.97 90.05 90.48 91.38
91.98 91.35 91.5 91.99 91.56
92.79 91.04 92.76 92.23 92.78
93.83 94.35 93.75 94.48 94.97
94.85 94.94 93.5 94.94 94.35
93.87 93.96 93.48 92.53 91.84
92.24 91.37 90.41 87.89 85.61
80.9 70.56
