98.51 98.63 98.81 98.71 98.73
98.65 98.58 98.57 98.55 98.22
97.38 94.59 95.48 95.93 97.73
98.49 98.62 98.61 98.61 98.46
97.87 97.99 97.62 98.16 98.66
98.83 98.9 98.93 98.89 98.69
98.72 97.98 98.2 98.31 97.66
97.54 97.1 97.49 96.52 96.51
96.83 97.54 97.81 97.96 97.78
96.09 96.66 97.84 97.24 96.91
96.44 97.19 96.7 97.62 98.09
97.73 98.34 98.59 98.34 98.3
98.7 98.76 98.6 98.6 98.65
98.55 98.26 98.06 98.15 97.53
97.48 97.99 97.07 97.25 97.33
95.36 96.72 97.1 96.03 97.35
97.64 98.7 98.73 98.83 98.69
98.52 98.42 97.24 97.36 98.01
98.42 98.58 98.75 98.68 98.64
98.63 98.55 97.35 97.37 98.1
98.43 98.75 98.81 98.62 98.37
97.28 96.47
