34.82 35.49 35.08 38.31 31.81
34.09 32.98 36.14 33.71 31.45
33.25 31.72 35.69 31.98 34.38
29.72 32.37 30.7 31.91 33.88
35.27 42.04 44.71 49.97 58.95
69.08 69.75 74.8 78.27 77.66
76.64 81.87 82.69 78.89 77.21
82.98 83.7 75.06 83.28 85.94
84.19 81.98 87.51 86.1 89.45
87.46 88.03 89.07 89.91 91.52
92.82 92.47 91.98 93.81 95.46
94.26 93.4 94.62 95.82 93
93.43 95.4 93.54 91.28 92.73
93.9 91.34 89.44 88.39 90.77
90.04 87.64 88.34 88.5 88.71
86.47 87.16 88.67 89.4 91.2
91.4 92.47 92.76 94.84 94.53
92.77 92.89 91.55 89.55 89
88.8 87.42 88.89 88.11 88.47
84.82 86.95 86.05 87.06 87.47
85.47 87.75 88.08 86.75 86.9
88.44 88.51 87.59 89.72 91.59
91.26 90.56 94.29 92.65 91.64
92.6 93.17 90.02 87.52 89.43
87.64 82.56 79.02 76.75 69.03
53.5 49.59 55.28 63.46 64.47
69.41 69.24 77.71 83.35 77.78
78.32 84.27 88.15 87.19 83.86
86.92 89.84 85.53 83.6 87.46
87.29 82.43 83.19 86.29 83.5
80.65 81.94 82.29 83.64 83.23
80.63 78.66 71.21 69.47 68
61.01 58.08 57.16 55.5 58.29
67.12 69.34 73.36 70.68 67.39
62.97 56.33 55.34 55.5 55.46
61.59 68.08 79.92 85.64 86.62
88.36 89.28 89.66 91.19 91.53
90.14 92 92.42 91.73 92.01
92.78 94.3 94.12 92.48 92.16
94.15 92.4 89.86 90.8 91.34
87.35 85.24 88.42 84.93 83.52
88.32 87.08 83.33 83.42 87.14
82.63 79.55 79.67 78.97 74.58
62.36 57.67 56.96 54.31 57.93
63.71 64.12 65.95 68.22 65.76
67.84 68.25 69.72 69.8 65.84
66.98 65.75 64.29 58.77 60.96
63.65 58.81 59.64 70.29 72.77
68.6 73.52 80.22 76.97 75.21
81.28 84.3 82.65 82.84 84.85
85.85 83.73 82.05 85.65 87.88
88.21 91.86 92.64 91.26 91.23
93.54 90.89 89.24 88.16 88.96
82.76 71.58 76.04 74.99 78.17
83.25 81.78 81.25 85.84 88.91
84.56 84.26 89.37 88 83.96
85.47 86.56 89.24 92.88 92.62
93.3 92.89 93 94.22 95.2
94.28 92.17 94.56 95.23 92.61
90.24 92.51 93.01 92 89.5
90.65 92.25 90.55 88.85 90.76
91.91 89.55 88.65 88.93 86.41
83.25 81.91 81.66 75.35 77.08
75.3 77.82 81.64 81.85 78.26
82.41 84.1 83.7 82.64 82.12
86.83 85.51 82.02 80.35 84.75
80.11 79.11 83.05 80.28 82.94
80.85 81.67 78.44 82.7 81.97
76.1 78.22 80.64 77.15 71
72.27 72.68 69.02 64.25 62.97
54.16 54.19 50.7 47.6 41.14
44.36 36.87 42.19 41.87 45.54
52.27 63.87 76.17 68.03 69.05
77.42 80.47 72.54 78.07 85.48
80.46 74.23 83.1 84.89 77.57
79.17 86.14 83.92 81.13 85.21
88.1 82.61 85.2 89.34 88.93
84.7 88.84 90.61 88.33 86.62
90.1 89.7 87.12 88.49 90.05
87.39 85.93 88 87.95 84.93
82.11 83.47 81.54 77.71 75.21
59.87
