34.5 35.83 33.5 31.85 37.62
32.8 38.18 34.61 34.84 40.32
32.95 35.47 34.32 32.09 32.41
29.56 32.85 30.84 29.19 34.17
39.44 46.23 59.46 73.62 79.08
83.9 90.13 92.31 93.32 95.98
96.38 94.89 95.02 96.74 96.68
96.42 95.75 95.02 95.4 95.78
96.98 94.9 94.55 95.85 95.57
92.57 91.53 87.55 80.24 72.46
70.82 59.73 57.45 34.12 38.59
41.03 36.79 34.31 39.73 29.1
28.34 27.52 30.72 31.41 32.36
26.98 34.37 29.45 28.72 29.63
29.15 28.68 29.29 29.37 30.05
25.08 31.32 28.75 32.41 27.62
31.49 26.29 33 29.21 30.48
29.63 31.3 27.17 31.34 30.47
31.91 32.92 29.92 28.92 28.07
26.5 28.76 29.85 28.25 38.65
40.49 40.09 44.67 38.54 46.49
49.81 51.8 44.65 45.91 51.84
48.11 48.61 51.17 50.57 51.38
47.5 52.47 58.26 59.37 67.08
77.75 84.25 88.05 88.26 84.67
84.12 84.39 83.69 78.28 77.96
70.47 66.71 69.05 80.04 85.13
84.44 86.43 84.5 84.78 88.84
87.35 88.59 88.1 88.26 88.65
88.02 86.97 86.54 87.31 89.06
87.38 86.97 86.53 87.49 87.4
90.88 93.71 93.57 91.7 93.39
94.27 95.95 94.43 93.97 94.61
94.03 90.72 90.88 92.2 91.88
93.12 90.57 91.85 91.9 91.92
92.91 94.85 95.26 95.82 93.8
93.2 94.48 94.64 92.74 88.88
82.49 77.46 81.93 86 91
92.88 91.64 91.94 89.07 87.19
85.76 82.17 80.31 71.94 57.98
53.63 58.87 61.34 71.23 83.8
91.55 92.7 94.62 90.73 92.72
90.74 91.59 94.56 95.2 95.8
95.5 96.68 96.3 94.83 96.13
93.71 95.6 94.42 95.11 96.41
94.42 93.49 95.46 94.92 93.09
91.55 91.51 91.44 85.32 77.99
71.12 59.02 49.1 41.24 34.22
32.65 35.94 37.1 31.3 33.03
35.78 29.87 34.84 33.97 29.71
35.91 33.07 33.04 33.23 32.74
34.47 32.35 35.32 34.61 30.48
34.44 31.11 37.3 32.42 41.49
38.35 34.47 40.27 37.77 40.09
36.87 34.64 38.83 44.17 40.23
46.94 48.37 53.17 52.1 45.04
48.24 50.18 64.59 59.31 50.21
56.65 57.85 54.71 51.61 56.84
59.93 64.11 68.74 65.93 66.89
67.14 70.37 72.83 75.35 83.68
90.76 90.75 94.09 91.86 88.36
96.23 97.83 98.33 98.65 98.13
97.45 95.07 91.43 89.55 93.63
95.34 97.26 97.46 98.03 98.57
98.58 98.07 98.66 98.65 98.47
97.83 98.44 97.97 98.47 98.25
98.46 98.48 98.26 97.27 97.05
96.1 97.45 97.3 97.81 96.84
96.98 97.52 97.36 96.69 95.64
95.78 93.19 93 95.87 96.24
94.57 96.97 97.43 96.88 97
96.29 94.15 95.23 97.09 93.68
97.35 97.94 98.04 98.29 98.58
98.33 97.8 96.48 95.46 96.49
96.96 96.7 97.44 98.24 98.17
98.21 98.13 98.12 97.61 97.37
96.84 95.11 94.4 94.92 94.94
94.23 96.18 96.94 97.83 98.36
98.61 98.57 98.22 97.69 93.47
92.82 90.56 88.61 90.07 89.77
90.91 93.23 93.39 93.52 94.16
93.96 94.29 94.23 96.12 96.11
95.49 93.32 94.24 92.57 94.73
95.91 97 97.18 97.04 97.86
97.74 96.86 96.9 97.55 94.44
93.54 94.78 94.88 91.85 94.69
96.23 97.84 98.12 98.47 98.55
98.18 97.82 97.47 96.1 94.25
93.44 88.49 89.22 93.43 94.31
95.98 97.41 96.86 96.37 96.76
98.11 97.51 97.69 97.86 96.06
96.39 96.46 94.41 96.97 96.45
97.31 98.28 98.56 98.48 98.09
97.37 96.33 96.04 94.25 93.01
90.16 87.55 85.05 83.41 86.41
91.88 95.26 96.61 97.15 96.68
97.48 98.28 97.88 97.19 98.25
97.87 96.76 97.15 97.12 95.11
94.72 95.68 96.26 97.89 98.26
98.17 98.23 96.02 95.11 96.78
95.77 97.16 97.79 97.88 97.04
97.66 97.77 97.3 97.62 97.46
97.29 97.08 96.53 97.61 96.55
97.22 98.03 98.5 98.26 96.46
94.63 95.89 97.65 96.33 95.32
96.11 97.85 98.14 98.25 98.58
98.48 98.29 98.28 98.05 98.26
98.13 97.7 97.35 96.95 96.68
96.69 97.59 97.6 97.89 98.1
98.03 98.16 98.33 98.53 98.53
98.17 98.13 98.55 98.4 97.53
97.47 97.44 96.91 94.85 95.01
95.14 93.96 95.49 93.56 92.12
90.81 94.15 95.93 94.38 94.49
97.61 97.35 95.63 96.58 97.88
97.07 95.4 96.85 96.28 92.83
91.24 93.97 93.87 93.05 94.97
95.92 96.43 95.99 95.52 96.64
96.46 95.16 93.66 93.18 92.59
90.59 88.48 85.11 83.68 87.92
88.16 92.13 93.06 95.81 96.96
97.25 96.19 96.17 96.51 96.7
96.86 96.66 97.62 97.34 96.68
96.06 95 91.35 92 92.27
92.61 94.96 96.08 95.89 95.88
97.37 97.35 96.72 95.98 96.86
96.64 94.85 93.79 92.22 86.97
83.27 82.81 87.21 86.2 88.78
86.11 83.59 77.67 67.09 61.79
49.47 46.84 44.07 35.5 32.96
