43.11 38.81 48.29 54.93 48.09
51.19 47.4 43.34 48.63 45.4
45.3 44.64 44.03 40.09 41.92
40.21 41.12 43.48 36.44 35.12
37.07 34.22 33.72 36.47 34.99
34.49 30.61 40.47 44.24 52.48
55.65 64.08 71.71 82.27 89.47
93.01 94.63 95.53 95.33 88.17
78.3 79.22 81.82 86.48 92.78
92.09 92.37 94.7 94.78 93.21
93.71 93.6 94.46 96.15 96.83
96.34 97.02 95.82 93.29 92.03
85.16 81.04 68.74 57.95 52.77
47.41 41.64 42.76 46.92 41.99
48.88 52.81 67.39 78.56 88.77
94.04 95.87 97.09 97.97 96.98
94.94 90.95 74.3 70.65 71.12
77.95 87.25 89.71 93.46 95.57
96.71 96.76 94.38 91.71 85.33
85.11 89.14 92.16 93.4 93.1
90.28 88.07 85.31 90.32 86.6
87.22 92.82 95.31 95.1 95.2
93.15 92.53 89.24 87.34 88.35
90.07 87.38 91.3 94.33 94.95
96.85 97.32 96.53 94.8 94.07
91.41 94.58 93.1 89.19 89.39
93.08 91.68 91.78 94.39 96.34
96.67 97.52 96.72 95.3 93.2
87.21 81.91 83.17 87.15 91.15
94.34 95.34 95.98 95.16 95.48
94.18 93.98 91.97 93.15 93
94.19 95.17 96.99 96.07 95.02
95.06 90.61 79.65 73.73 74.83
77.93 84.03 88.61 90.35 94.95
97.05 97.55 97.71 96.82 97.36
97.67 97.13 96.69 97.83 97.47
95.79 95.87 95.36 96.92 96.94
98 98.24 97.74 96.37 94.95
97.52 97.21 95.67 94.92 95.45
94.97 90.86 86.59 87.78 90.88
90.23 89.95 90.22 91.56 93.26
96.06 98.12 98.34 97.37 95.74
95.48 95.34 96.08 96.56 95.13
94.37 90.53 87.21 86.47 81.69
86.22 80.02 82.72 85.71 82.4
79.9 78.75 76.78 76.8 77.99
82.68 86.85 89.08 93.02 92.27
90.91 88.84 87.6 91.61 90.3
93.85 95.48 96.39 94.76 94.85
94.44 94.3 97.09 98.21 98.25
98.08 96.34 93.21 87.34 89.56
88.64 91.78 92.61 95.07 95.5
96.39 96.03 93.45 94.59 92.26
90.79 93.13 96.61 97.46 96.35
97.01 97.85 97.97 97.8 97.73
97.98 97.88 97.46 96.69 96.27
95.96 97 96.97 97.44 97.7
97.34 96.57 96.14 97.07 96.56
96.53 94.64 94.56 92.88 90.77
88.44 89.36 90.54 89.4 90.91
87.15 90.78 92.52 95.21 97.84
97.53 96.53 94.34 94.09 94.35
93.2 94.39 91.44 91.31 83.54
84.55 81.78 74.05 69.48 72.26
73.01 69.1 60.01 65.17 66.99
65.64 80.48 84.15 89.88 84.84
89.04 86.27 82.39 77.42 74.37
70.3 70.73 73.86 78.63 78.94
88.07 85.23 88.66 92.07 91.42
87.21 92.39 94.12 97.21 98.09
98 98.22 97.48 96.31 88.59
77.45 62.63 46.44 44.02 41.08
33.17 42.52 36.83 29.49 36.14
36.95 35.44 36.55 35.21 35.34
33.98 38.27 29.23 30.69 29.75
33 29.97 31.6 27.85 29.35
27.72 24.19 27.7 25.99 31.27
31.92 29.14 28.37 26.75 24.48
22.83 25.58 24.03 30.02 26.02
25.02 28.45 30.51 25.31 32.78
29.58 38.41 29.43 30.65 28.19
30.41 30.76 34.19 29.92 33.57
29.31 32.25 32.91 31.68 29.2
27.94 29.93 29.2 31.78 30.05
36.97 31.54 32.31 32.95 34.69
33.83 30.69 30.2 27.03 32.96
32.7 31.14 32.92 32.98 31.58
27.86 33.6 31.19 33.99 36.39
33.99 41.99 33.33 35.37 30.85
37.78 31.4 36.29 35.96 31.22
35.7 38.56 42.3 41.22 43.37
46.78 45.85 40.68 49.2 49.15
47.86 53.75 52.67 54.3 54.67
55.27 53.29 54.13 54.2 51.18
51.78 49.54 48.86 48.84 44.77
42.5 42.76 37.35 32.22 31.24
31.92 36.69 35.82 30.74 36.5
34.22 35.76 34.94 40.9 35.65
44.14 37.61 34.63 36.52 36.43
42.31 34.2 35.66 43.62 34.45
32.06 34.98 34.88 34.96 31.08
32.92 29.17 35.52 34.43 37.83
32.49 36.36 35.88 39.16 36.63
36 38.73 34.72 35.25 34.01
38.62 34.08 40.55 32.35 34.81
31.28 32.75 31.29 32.44 34.74
34.28 46.46 35.44 28.88 38.41
31.04 34.02 30.6 30.9 29.05
30.7 28.73 28.96 29.63 29.44
30.29 29.05 28.04 30.77 28.4
31.98 29.07 32.06 37.03 34.48
36.56 28.22 31.52 31.29 28.67
29.19 34.84 35.82 35.73 35.79
36.64 37.11 38.67 37.73 33.28
33.44 38.79 30.34 35.33 30.37
35.18 37.79 38.31 31.72 33.26
35.53 33.21 35.78 34.62 35.71
32.64 34.58 37.41 37.31 34.89
38.7 38.21 38.45 35.97 37.63
38.42 29.45 35.78 35.09 29.09
45.94 32.79 37.22 34.9 36.22
34.6 36.78 33.83 31.67 37.58
32.89 35.8 36.63 34.11 31.3
32.21 30.47 30.87 31.68 34.44
29.32 32.84 30.93 28.29 30.85
29.57 27.46 32.46 33.8 28.7
32 31.36 34.09 32.33 31.08
29.21 33 31.32 32.04 31.22
33.75 35.8 36.19 37.62 39.22
35.46 45.8 47.23 64.42 77.37
78.88 77.22 83 89.75 90.87
90.96 89.16 84.62 88.23 88.35
90.62 87.78 82.89 73.3 69.36
67.22 74.1 81.91 88.94 89.79
90.56 90.22 89.16 86.62 86.87
91.29 89.05 89.79 88.94 91.32
91.71 91.83 90.42 87.64 87.3
87.84 89.98 91.8 89.76 92.38
92.33 95.51 95.26 92.92 93.69
91.23 89.15 93.79 95.77 97.95
97.29 97.64 97.5 96.18 96.22
97.14 96.66 96.92 96.85 95.03
97.29 97.95 97.2 95.52 95.18
96.04 92.81 89.94 89.26 88.19
92.93 96.02 98.28 97.81 96.72
96.17 90.45 90.38 94.05 93.12
95.51 95.97 96.09 96.54 96.85
96.02 95.68 95.79 95.01 94.18
94.28 96.2 97.58 98.48 98.24
97.46 97.45 93.35 90.09 86.55
72.22 71.7 78.98 79.68 81.28
90.1 91.37 94.46 93.87 88.93
85.02 81.43 79.13 87.79 84.91
91.46 93.92 96.09 96.09 94.28
93.01 87.67 91.24 88.08 81.72
73.89 56.82 44.41 54.37 53.94
67.54 81.73 87.45 94.71 97.15
97.14 97.92 96.45 94.16 92.72
92.94 91.85 94.78 97.06 97.51
95.29 94.08 92.14 91.05 92.4
90.78 92.27 96.27 96.24 98.02
98.47 98.37 97.71 96.97 93.81
91.32 91.15 89.76 90.75 90.37
89.92 91.27 92.67 93.27 91.37
91.67 90.74 92.66 91.94 91.56
90.99 81.64 77.27 77.21 79.08
77.84 75.98 84.57 86.57 86.55
84.26 82.31 85.06 88.65 89.87
92.97 93.22 91.86 92.79 92.48
87.22 84.19 90.59 85.23 87.54
84.49 88.94 87.38 90.97 92.47
93.69 92.91 92.52 91.94 86.23
87.21 88.94 93.17 93.92 94.83
92.35 91.51 90.32 91.38 91.25
92.33 90.5 86.07 76.23 68.63
57.18 50.3 45.49 38.53 38.49
43.83 40.88 41.93 42.82 41.75
42.02 40.8 36.72 40.87 40.5
40.97 40.24 41.81 41.13 39.07
44 41.54 39.58 43.35 41.4
39.99 44.63 53.13 48.23 42.26
47.44 54.16 48.52 53.5 51.92
51.82
