36.58 47.76 50.17 56.95 63.66
57.09 56.44 58.88 56.16 55.46
54.92 50 53.35 53.65 47.66
51.39 52.66 52.4 55.79 54.62
57.78 59.56 58.53 60.97 64.21
70.08 80.92 90.8 92.88 94.02
93.55 94.72 97.25 97.79 97.96
97.13 95.68 92.89 91.05 85.42
76.01 66.2 58.87 55.08 54.99
52.49 47.22 46.48 40.03 34.94
46.05 40.11 37.01 38.03 38.54
34.02 34.63 34.14 29.9 36.39
35.97 49.2 61.83 72.49 86.45
93.9 92.49 96.14 95.56 96.85
95.76 93.79 94.31 95.73 94.06
95.68 95.29 95.04 94.96 93.02
93.29 94.08 94.19 93 93.63
96.62 96.43 97.62 97.49 97.31
97.36 97.88 98.41 98.01 97.56
97.57 98.08 98.02 98.47 98.48
98.61 98.41 98.04 97.83 96.7
95.72 94.16 91.42 92.05 95.69
