48.04 56.29 61.34 59.06 63.86
65.05 64.96 59.9 64.36 52.92
55.34 52.41 46.71 39.92 38.87
37.04 33.17 31.18 33.72 30.59
30.99 31.29 29.92 34.19 31.46
31.39 33.28 29.46 37.15 32.87
34.65 33.04 35.7 38.65 38.26
43.19 39.26 43.81 51.92 55.47
64.43 68.86 70.92 69.38 72.51
76.65 80.56 85.5 85.47 87.33
87.27 86.98 88.1 86.32 86.28
89.18 86.34 84.99 86.06 84.48
79.94 78.16 76.35 80.43 81.35
80.96 81.77 83.26 85.97 85.01
85.01 87.52 88.48 87.31 87.74
90.99 90.84 89 88.5 92.11
90.47 88.32 89.15 87.84 91.83
92.28 92.26 92.12 94.82 94.35
93.99 93.7 94.39 94.15 92.18
92.35 90.68 88.95 89.55 87.94
85.94 85.52 80.56 81.39 84.15
85.68 83.69 83.01 83.14 86.83
88.17 89.31 89.67 91.29 92.21
91.97 92.68 93.4 90.71 90.68
93.67 91.49 94.26 95.41 94.3
95.32 96.4 95.93 96.44 96.28
96.27 95.16 94.45 95.09 93.54
91.4 90.58 89.23 87.88 84.87
84.28 76.34 76.43 82.39 82.66
85.04 85.35 87.15 86.96 89.93
91.72 91.55 91.3 92.8 94.45
93.49 92.18 94.64 94.18 92.5
94.64 94.13 95.64 95.77 95.43
96.64 97.56 97.44 97.06 97.37
97.48 96.74 95.16 95.29 94.5
93.72 90.89 88.41 83.27 79.75
66.21 54.41 41.22 37.57 35.64
41.33 37.88 40.16 34.27 40.65
41.5 48.66 58.99 69.92 85.09
90.4 92.73 91.86 93.1 95.8
95.36 94.73 96.68 97.16 95.09
96.54 95.26 96.75 97.21 97.43
97.68 97.89 98.19 97.8 98.18
98.29 98.14 97.21 97.47 97.44
96.37 94.18 95.17 95.06 92.5
90.65 90.88 92.4 93.92 93.29
93.02 91.49 94.44 95.48 93.23
94.39 96.16 94.44 94.43 97.14
95.69 94.71 97.44 95.66 97.35
97.45 97.4 98.09 98.03 97.77
97.78 98.14 98.03 98.12 97.89
97.56 97.64 97.33 96.52 95.54
95.18 95.13 95.96 94.49 94.24
93.39 91.39 88.37 84.2 74.43
66.72 64.13 64.3 68.17 77.3
83.02 88.59 91.71 93.16 93.78
91.53 90.66 93.38 93.2 90.51
91.99 94.8 93.51 90.59 94.59
93.49 90.45 94.58 93.52 96.67
96.54 96.76 97.7 97.31 97.54
97.38 96.87 96.5 95.91 96.28
94.71 92.56 93.06 93.47 90.87
89.41 90.57 89.23 86.82 83.11
84.53 89.47 87.01 85.34 88.59
86.44 78.87 69.61 58.39 51.84
51.11 50.89 52.22 51.83 49.65
48.42 53.89 57.37 64.66 64.12
66.99 68.51 67.05 68.43 72.79
70.15 68.39 65.4 69.17 70.74
61.96 53.56 52.18 48.9 52.89
53.23 49.02 49.29 49.09 53.06
52.9 50.08 50.65 51.08 51.95
50.46 47.51 52.44 50.2 49.71
46.76 48.06 50.82 54.03 54.6
56.58 56.18 54.3 59.33 66.76
74.27 84.97 89.65 92.13 90.01
88.26 93.21 94.1 91.99 95.28
94.65 95.89 96.38 97.06 96.94
97.33 96.6 96.91 96.76 96.42
95.11 95.29 93.98 94.01 93.25
92.82 92.97 91.36 88.05 89.37
88.56 88.52 90.7 90.91 87.79
85.93 89.91 89.95 87.15 90.41
92.51 92.54 90.46 94.33 93.64
92.12 95.36 93.74 94.31 92.14
92.06 94.51 94.66 92.36 93.59
94.56 94.42 92.37 91.42 92.73
92.2 90.94 90.87 89.7 86.06
85.22 87.94 89.56 89.58 87.52
84.39 84.02 90.19 92.07 90.27
90.33 93.98 95.51 94.09 94.72
95.28 93.81 93.75 90.71 89.32
86.61 86.07 91.68 94.47 90.97
91.89 95.29 95.57 92.89 93.76
94.23 93.49 90.72 89.59 89.34
90.69 87.62 91.44 92.68 92.09
92.74 94.68 95.17 94.3 96
96.58 96.46 97.24 97.64 97.07
97.15 96.51 95.87 95.14 94.8
92.75 89.9 86.42 91.29 93.22
90.14 92.23 96.99 97.13 95.03
95.69 97.53 96.52 95.88 95.34
95.98 95.01 93.22 94.88 95.46
94.86 94.98 96.84 95.6 94.73
95.22 94.73 91.2 91.22 93.11
91.57 87.17 82.05 79.43 76.91
78.92 77.88 75.35 79.09 83.43
87.84 90.17 89.57 91.28 88.37
93.49 94.04 95.63 95.9 96.39
97.2 97.34 97.11 97.49 97.49
97.27 96.9 96.54 96.2 95.29
93.63 91.66 91.17 85.62 89.12
93.45 91.24 89.45 89.75 90.83
88.19 87.03 90.1 92.2 91.7
91.49 94.26 94.21 90.55 92.61
93.38 91.93 86.01 87.8 88.96
88.53 87.18 92.89 93.98 92.63
89.86 87.58 80.86 76.93 66.46
61.86 47.58 38.68 40.41 34.56
32.44 31.84 31.3 33.74 28.06
34.84 31.18 35.01 30.84 41.1
43.61 53.52 71.93 81.49 83.2
84.35 84.64 87.73 87.89 88.61
88.92 89.14 89.57 88.35 87.57
88.79 84.13 82.8 83.89 78.72
82.52 85.72 86.55 81.85 87.76
90.89 90.46 92.37 93.47 93.68
94.63 95.78 94.06 94.69 96
95.07 93.29 93.74 93.78 90.76
90.34 86.46 86.24 84.55 85.21
81.2 83.16 86.56 88.13 90.01
91.15 91.85 92.67 94.51 93.82
95.09 95.4 95.72 95.31 96.38
96.41 93.81 94.15 93.72 91.74
89.38 89.03 88.06 86.02 82.48
75.95 66.19 59.89 64.55 57.63
58.95 55.34 53.4 53.9 52
51.01 53.15 53.18 52.16 62.41
72.29 80.94 85.96 86.5 89.99
92.32 92.98 93.62 95.77 96.85
94.18 93.89 95.8 95.89 93.99
93.66 94 92.39 91.82 92.52
92.65 89.24 88.05 89.86 89.25
87.93 88.5 91.34 91.84 92.46
93.24 94.09 93.53 94.76 94.91
95.21 94.4 95.24 94.96 94.1
93.34 91.52 90.46 89.82 87.96
85.02 83.96 83.48 76.62 73.57
72.6 68.02 67.4 68.79 71.91
76.31 80.79 81.82 83.66 85.68
87.85 87.1 87.18 91.71 91.24
88.23 89.53 90.51 87.73 86.37
90.4 90.04 86.64 82.57 88.82
86.92 86.27 86.34 85.37 84.46
82.98 84.93 82.13 82.21 89.96
91.55 90.43 89.91 90.29 90.89
90.9 89.48 90.65 88.53 87.37
89.32 88.19 85.44 86.64 86.96
86.65 84.54 83.63 87.81 88.23
88.08 87.94 89.87 91.27 88.51
89.51 89.35 89.83 84.54 85.26
84.59 82.44 85.71 87.29 85.1
87.23 85.98 81.6 78.75 75.17
81.65 89.3 89.58 91.72 92.92
92.36 94.48 91.95 91.84 86.8
85.21 86.1 77.8 74.78 70.42
73.57 74.61 81.94 83.5 84.13
85.65 86.44 84.89 81.36 78.3
83.92 84.49 86.9 88.52 89.41
89.24 91.98 90.17 93.03 91.36
93.61 90.9 89.05 89.47 83.08
86.39 87.65 88.64 86.74 89.5
94.05 94.22 94.77 94.98 93.18
92.42 90.58 85.48 85.8 85.86
87.81 89.98 90.62 90.42 91.5
91.09 92.36 90.63 85.24 84.08
89.4 90.07 83.74 80.09 68.9
67.71 72.57 77.65 82.69 89.41
89.68 93.25 90.4 92.82 91.04
90.37 89.02 86.68 83.65 82.91
84.1 83.73 86.1 83.49 86.54
86.63 89.2 89.66 90.17 93.03
93.58 95.09 96.26 95.05 93.55
91.14 88.04 82.15 69.36 62.06
50.41 47.27 43.03 33.05 31.36
27.06 29.76 30.07 25.17 24.97
26.23 26.7 28.19 25.06 24.36
31.09 27.02 34.19 36.54 51.44
62.22 72.4 79.46 86.27 91.04
92.87 92.89 93.67 93.6 91.37
91.48 92.61 90.84 90.32 88.35
89.15 88.01 86.88 84.2 79.55
74.36 69.44 53.5
