69.52 77.19 87.68 92.56 94.64
96.79 96.26 96.2 97.52 97.7
96.9 97.35 97.92 97.87 97.25
97.73 98.15 98.66 98.71 98.8
98.72 98.24 96.4 96 96.27
97.69 98.17 98.09 98.01 98.75
98.72 98.54 98.42 98.52 98.25
97.23 98.05 97.41 97.26 96.03
96.56 96.96 97.71 96.87 95.5
96.23 97.45 96.47 93.45 94.91
94.73 95.86 97.06 97.62 97.65
97.86 97.14 96.66 98.12 97.91
98.42 97.17 96.46 95.87 93.58
95.88 94.16 90.45 90.14 92.64
92.21 88.76 91.65 92.1 93.32
94.69 95.26 97.58 98.18 98.42
98.53 98.56 97.7 96.34 95.47
96.09 97.83 98.23 98.66 98.62
98.73 98.6 97.98 97.7 95.88
97.01 97.96 98.21 97.03 97.24
97.61 97.97 97.68 97.28 97.52
97.05 96.35 95.11 94.95 93.07
93.29 90.56 89.15 91.75 94.25
97.6 98.1 98.49 98.58 98.65
98.54 98.07 96.71 96.68 93.29
93.39 94.88 92.84 87.47 87.1
89.53 87.33 86.99 90.44 91.35
93.61 95.75 96.24 97.7 97.42
97.68 98.24 98.27 97.45 97.92
98.38 98.11 96.68 96.99 97.06
93.66 93.67 94.31 95.22 93.31
92.21 92.91 97.43 97.93 98.27
98.35 98.63 98.35 98.34 97.62
96.28 94.96 92.85 88.88 80.55
76.64 78.12 69.34 61.6 59.67
56.34 58.87 59.61 57.83 56.46
58.41 59.03 52.73 48.54 63.83
60.68 66.7 78.96 86.9 88.83
90.44 92.4 95.33 95.98 96.46
97.78 98.25 97.86 97.94 98.32
98.25 97.9 98.03 97.81 96.25
96.62 95.95 95.09 97.2 97.96
98.09 97.2 97.33 96.86 96.67
95.46 93.78 94.76 93.29 91.8
90.56 86.89 90.33 92.94 92.93
91.8 88.68 89.17 90.96 92.11
94.89 96.14 95.34 95.58 94.29
95.29 96.73 96.22 95.33 95.95
97.21 95.84 95.49 96.54 96.75
94.4 94.74 96 95.2 93.48
93.32 95.26 93.83 92.77 90.56
88.23 85.99 76.41 80.91 66.59
67.4 63.36 55.67 56.44 59.5
57.73 52.09 46.17 44.65 41.99
39.73 41.72 38.95 38.9 42.4
37.51 38.85 40.29 37.04 46.16
39.58 40.2 41.12 39.21 40.77
41.32 34.72 43.9 46.69 39.63
45.97 59.17 46.06 46.98 50.11
37.91 42.9 41.79 35.85 38.78
35.76 38.6 39.93 37.25 35.09
41.17 40.9 40.6 35.41 40.28
47.49 38.39 44.24 45.29 38.8
44.27 43 44.6 51.16 58.16
59.18 60.25 47.67 38.13 42.02
40.18 39.52 41 40.55 33.73
40.18 37.01 38.07 38.66 34.34
34.8 41.68 34.81 34.87 34.68
34.48 29.39 35.68 36.4 36.96
37.86 30.81 32.2 25.74 30.6
28.74 26.42 29.22 26.2 29.11
28.5 33.05 31.13 29.5 35.23
29.57 28.76 32.35 31.15 30.8
28.07 30.63 26.89 33.27 27.46
32.63 27.92 33.7 32.3 31.1
32.62 32.49 33.52 35.37 33.58
34.7 35.36 30.41 35.8 34.1
37.46 37.16 29.02 33.8 36.94
43.61 46.63 48.17 50.69 46.28
47.21 46.28 46.4 39.13 41.05
35.66 32.66 35.07 28.83 36.78
27.76 37.17 34.26 40.19 33.45
39.39 32.19 32.28 34.95 31.82
36.31 43.8 32.69 37.67 43.28
39.48 45.26 44.62 48.35 47.06
47.45 58.04 53.25 56.34 51.26
60.05 59.07
