39.63 44.19 41.85 43.09 51.84
41.77 38.43 41.58 35.54 37.59
40.44 43.34 44.31 32.22 34.07
40.2 33.44 39.95 34.43 38.97
30.66 41.39 36.55 31.88 37.54
38.8 37.76 42.15 42.49 49.28
46.22 54.01 63.21 75.96 81
87.41 91.81 92.71 91.86 91.45
88.25 88.07 90.56 88.13 89.5
92.72 91.62 92.34 94.48 94.24
93.39 95.61 94.34 92.81 93.25
93.11 91.53 90.73 92.05 87.34
89.03 89.46 89.49 90.43 91.46
88.08 91.88 91.88 92.4 90.85
92.94 93.2 93.65 92.94 95.05
94.03 94.75 95.5 95.98 95.48
95.67 95.2 95.53 94.63 94.06
92.42 93.92 94.31 93.08 90.73
87.71 87.91 90.18 90.27 91.71
89.89 88.2 86.44 80.8 74.12
63.42 57.08 54.46 56.02 53.95
61.39 71.16 82.57 85.41 88.66
86.83 90.49 92.93 93.63 96.12
97.4 97.66 98.1 98.17 98.51
98.48 98.48 98.42 98.06 98.38
97.65 96.7 97.4 97.92 98.5
95.96 96.93 97.68 98.25 97.34
98.05 98.57 98.13 98.33 98.48
98.52 98.12 97.85 97.16 97.79
96.71 95.69 93.64 93.61 91.36
88.98 82.12 82.9 79.06 74.71
77.43 74.48 71.83 67.01 66.49
70.63 67.52 66.42 70 75.22
77.51 84.4 85.6 83.96 88.35
91.11 90.54 90.11 95.04 94.64
95.13 95.06 96.82 95.96 96.83
96.87 97.16 96.88 97.27 96.51
96.92 96.22 96.43 96.27 95.84
96.52 96.4 94.65 95.52 95.09
95.95 95.23 95.24 95.21 93.09
94.47 93.37 93.65 92.13 90.94
93.43 93.48 92.83 91.84 92.23
88.86 91.21 90.56 89.12 88.09
87.79 85.99 84.56 82.07 81.87
77.8 66.29 59.72 53.73 53.39
52.31 48.19 45.1 41.89 46.62
42.76 48.21 40.85 41.95 40.75
43.08 45.44 41.08 44.21 36.68
42.81 37.17 47.41 41.86 38.79
41.73 38.22 44.15 40.68 42.92
41.3 45 38.51 42.75 40.92
46.26 42.58 49.03 49.05 50.49
55.13 60.59 55.92 56.46 61.35
61.13 61.33 65.31 64.82 65.03
65.44 65.81 65.64 66.78 61.24
67.87 62.52 66.38 64.82 52.73
42.91
