40.56 37.4 37.19 38.91 41.24
47.53 42.23 37.63 37.07 37.82
36.69 37.77 36.46 35.8 40.49
42.17 43.6 51.02 54.16 61.32
68.73 76.95 80.03 83.5 84.2
84.93 85.63 84.49 87.13 86.51
84.5 83.96 84.33 80.77 82.98
85.34 85.15 84.37 81.81 83.93
83.81 84.19 87.54 90.64 92.75
90.61 92.48 95.42 95.58 95.87
96.09 96.66 96.46 96.55 95.88
96.15 94.21 94.1 94.53 95.18
96.29 97.19 96.18 95.5 96.29
96.69 96.68 96.1 96.94 97.44
95.98 96.34 97.12 97.47 96.13
97.74 97.98 98.03 97.98 97.78
97.8 97.57 97.23 96.12 94.47
93.95 90.13 90.33 89.76 88.44
89.02 89.62 90.23 85.13 85.99
86.85 87.42 84.47 85.11 91.54
89.93 88.25 89.89 81 67.72
61.42 54.63 50.69 50.82 49.6
53.85 53.07 52.42 56.24 61.81
57.92 57.75 56.78 54.42 53.67
41.87 37.64 33.64 32.76 29.54
30.45 33.45 29.56 36.32 34.82
36.97 33.22 37.46 32.54 32.54
34.75 33.05 31.06 32.54 33.05
36.42 33.66 27.08 31.82 35.66
37.08 33.31 36.83 33.84 34.6
36.34 30.47 35.87 30.14 33.4
35.32 32.62 31.28 32.93 37.77
39.47 43.09 44.24 40.63 51.71
37.02 44 38.43 49.78 53.08
47.75 57.37 61.38 82.75 91.85
94.86 95.09 94.62 93.65 95.09
94.25 95.62 97.25 98.12 98.58
98.6 98.6 98.14 98.06 97.73
97.28 97.43 96.3 96 96.96
96.25 94.99 95.03 94.71 92.78
90.88 89.9 89.27 91.38 91.48
94.08 96.1 97.31 98.17 98.68
98.66 98.61 98.67 97.84 98.03
98.08 98.23 98.25 98.48 98.26
97.88 98.32 97.96 97.31 96.92
96.37 95.19 97.42 96.57 96.03
95.24 96.42 97.23 98.2 98.6
98.46 98.27 98.11 97.44 96.6
95.83 95.7 93.01 93.87 93.45
93.65 96.35 95.68 95.4 95.56
96.8 96.81 96.32 98.01 97.69
98.18 98.68 98.49 98.47 97.55
97.05 98.19 98.31 98.38 98.12
97.8 96.78 97.68 96.9 97.38
98.34 98.42 97.88 98.11 98.61
98.33 97.78 98.45 98.28 97.72
98.11 98.39 97.02 97.32 96.5
97.44 98.14 98.37 98.3 98.13
97.63 98.06 98.14 97.8 97.35
96.67 96.77 94.45 94.78 97.65
96.14 94.93 96.95 94.72 94.06
95.78 97.37 97.98 97.73 95.9
94.5 97.26 98.32 98.46 98.11
96.95 94.99 95.44 96.96 97.47
97.89 98.38 98.66 98.55 98.53
97.89 97.59 98.33 98.37 98.6
98.68 98.68 98.7 98.76 98.63
98.57 98.46 98.15 98.48 98.27
98.33 97.25 96.89 96.76 94.82
93.61 91.96 92.41 91.79 91.06
89.81 88.56 87.11 85.81 85.82
88.06 84.13 85.54 87.47 90.22
92.57 95.2 96.01 96.5 96.96
96.23 96.95 98.14 98.55 98.17
98.04 96.86 93.39 85.2 75.78
57.03 47.83 35.36
