41.94 45.97 50.65 56.77 55.67
55.45 60.03 60.74 61.58 62.42
69.76 65.86 67.62 61.74 60.64
59.86 58.24 57.36 53.43 53.03
54.06 54.55 59.43 64.41 79.31
85.57 88.49 91.12 91.75 91.13
89.48 91.17 92.04 93.54 94.77
96.01 96.02 94.94 93.59 94.79
95.5 95.65 95.25 94.84 94.11
93.13 92.41 90.67 88.49 84.46
78.47 76.88 79.04 82.67 86.11
90.16 92.05 93.88 95.04 94.62
94.24 91.46 86.49 78.65 71.39
75.36 81.38 84.35 90.17 91.94
92.53 91.77 91.9 91.18 88.12
85.21 79.91 69.77 62.9 60.41
52.19 49.74 45.78 46.32 47.09
48.92 49.26 47.41 48.91 48.8
49.37 53.39 55.61 58.96 67.37
78.98 84.65 88.84 90.46 92.16
93.36 93.78 93.87 93.54 94.4
94.98 94.24 92.4 91.27 92.47
92.67 92.05 94.59 94.6 94.4
95.06 93.85 93.16 90.98 88.26
83.67 79.09 73.21 72.89 71.73
69.8 73.16 77.55 81.69 82.79
89.29 91.45 92.94 92.5 92.53
94 93.67 94.5 94.79 95.59
96.32 96.1 96.07 96.89 95.67
96.8 97.5 97.07 97.28 96.83
95.91 94.11 88.29 87.11 88.93
86.34 84.23 81.59 81.54 73.28
70.17 70.72 71.87 79.94 89.39
93.28 95.87 96.92 97.59 97.97
97.52 97.79 96.57 94.75 94.93
95.66 95.03 95.66 96.2 95.93
96.68 95.51 97.19 96.74 95.52
94.49 93.65 94.75 94.7 94.84
92.03 92.05 92.46 90.93 82.17
65.35 54.75 39.4 36.8 35.72
37.4 38.49 36.24 34.57 35.38
36.3 40.96 32.87 38.72 39.73
41.31 36.71 34.12 36.92 33.64
38.99 34.49 43.13 36.15 49.76
39.2 43.63 43.27 40.36 44.2
39.58 35.9 37.79 41.39 35.84
37.44 36.75 35.27 37.94 36.31
34.34 36.11 35.13 34.54 35.78
42.21 35.81 38.65 37.74 35.43
39.96 34.66 35.58 31.44 40.49
37.47 38.66 36.05 37.62 36.91
40.53 35.52 33.72 36.93 37.64
36.58 44.61 43.05 40.39 46.44
48.92 47.12 54.24 46.17 51.08
49.72 55.11 52.3 51.55 56.14
55.39 54.05 49.45 56.88 57.56
64.63 77.9 85.58 90.49 94.38
95.22 95.76 95.28 93.43 95.22
95.74 95.2 94.32 91.04 89
88.49 87.95 94.49 95.33 96.35
96.81 97.26 96.96 97.31 96.98
95.2 93.17 90.81 89.88 87.89
87.84 82.23 87.43 91.06 91.19
93.59 94.35 96.78 97.22 97.51
97.33 97.12 97.49 96.78 96.93
96.18 94.77 95.4 93.7 95.77
95.75 96.3 96.54 97.37 97.02
97.35 97.48 95.5 95.45 94.3
95.06 93.47 86.59 92.57 93.56
94.52 94.73 94.15 94.95 94.09
88.95 87.73 91.85 93.04 92.67
91.51 93.94 95.35 95.87 96.68
95.87 96.49 95.6 93.33 93.18
93.88 91.14 93.31 93.36 94.75
95.7 95.75 94.64 95.03 94.73
95.36 95.75 96.57 96.77 96.09
94.17 90.72 92.25 93.94 94.35
90.89 91.5 90.92 93.95 93.98
95.14 96.08 95.33 94.46 94.52
96.15 96.23 96.2 94.53 94.31
92.54 93.7 93 90.84 90.15
91.87 92.25 91.59 93.24 95.35
95.04 95.46 95.45 94.85 95.22
93.54 93.88 91.95 91.52 91.92
93.28 94.38 93.53 94.07 93.97
94.1 95.01 93.9 92.43 91.78
88.37 80.44 70.1 66.71 60.24
56.01 55.32 53.9 43.98 49.53
47.74 49.33 49.66 44.6 42.36
40.54 44.66 42.23 44.01 45.15
45.33 46.3 42.68 44.87 44.29
41.19 45.15 40.09 46.36 41.72
48.26 42.87 56.77 39.23 50.16
50.78 50.87
