41.45 38.03 40.91 37.71 43.9
43.16 42.44 46.47 43.26 43.78
46.55 43.87 44.06 38.76 38.35
36.51 31.6 33.29 32.31 41.97
49.42 59.63 74.9 85.58 93.77
96.95 98.46 98.56 98.61 98.59
98.29 97.43 97.57 97.4 97.82
97.47 97.66 98.21 98.03 98.02
98.09 98.23 98.02 97.9 97.98
96.48 94.73 97 97.62 96.36
98.03 98.06 98.42 98.13 96.93
96.12 96.01 96.3 96.76 94.45
94.61 96.22 94.82 95.79 94.7
94.28 96.22 98.01 98.53 98.62
98.59 98.49 98.01 97.51 96.87
98.04 98.11 97.92 98.2 98.37
98.42 97.91 97.92 97.9 97.38
97.57 97.19 97.04 97.69 95.36
96.07 97.85 98.35 98.25 98.2
97.95 96.82 97.59 96.91 96.48
96.72 96.7 96.27 95.51 96.25
96.01 95.25 95.6 97.26 95.87
96.16 96.39 95.69 90.8 77.33
94.83 95.21 96.65 98.39 98.33
98.39 98.33 98.62 98.75 98.72
98.83 98.6 98.59 98.79 98.79
98.56 98.68 98.77 98.66 98.61
98.54 98.55 98.41 98.01 97.8
97.77 97.2 98.27 98.61 98.67
98.82 98.88 98.86 98.84 98.75
98.84 98.88 98.83 98.76 98.78
98.8 98.85 98.94 98.93 98.94
98.87 98.79 98.77 98.49 96.79
94.01 89.2 88.15 92.41 93.94
96.86 98.3 98.76 98.9 98.93
98.95 98.93 98.96 98.9 98.91
98.9 98.86 98.74 98.87 98.88
98.9 98.93 98.94 98.85 98.92
98.9 98.81 98.67 98.81 98.75
98.18 97.8 98.19 98.04 97.45
97.67 97.83 97.24 97.78 97.29
97.39 96.37 97.61 97.72 97.33
97.79 98.36 97.47 97.71 98.25
98.62 98.89 98.93 98.95 98.93
98.91 98.93 98.95 98.92 98.92
98.91 98.88 98.91 98.79 98.55
98.52 98.17 97.31 96.45 97.26
98.29 98.02 98.58 98.76 98.85
98.81 98.86 98.62 98.42 97.29
96.18 93.94 95.72 97.34 98.34
98.69 98.76 98.89 98.86 98.88
98.66 98.64 98.85 98.82 98.51
96.34 95.76 96.68 98.39 97.85
97.25 94.36 94.17 97.62 98.08
98 98.09 98.4 97.87 97.95
98.04 98.44 98.66 98.63 98.61
98.47 98.68 98.76 98.77 98.75
98.89 98.87 98.92 98.92 98.87
98.88 98.92 98.87 98.79 98.88
98.86 98.79 98.66 98.57 98.31
98.12 98.47 98.76 98.74 98.89
98.92 98.92 98.92 98.91 98.79
98.58 98.32 97.02 97.88 96.81
97.88 96.01 96.97 96.42 95.21
91.59 90.44 91.26 90.65 92.12
93.22 95.07 97.3 97.32 96.12
96.88 98.38 98.16 97.13 98.1
98.56 98.3 98.01 98.43 98.62
98.13 98.25 98.35 98.36 97.6
97.71 96.6 96.43 89.92 92.05
96.06 96.42 97.81 95.96 95.44
89.34 77.69 62.38 63.73 71.04
66.19 71.39 80.75 90.07 92.95
95.95 97.22 97.59 98.26 97.73
97.84 98.61 98.62 98.53 98.14
98.35 98.1 98.61 98.48 98.76
98.71 98.59 98.6 98.59 98.52
98.82 98.73 98.43 97.51 97.54
97.92 98.53 98.4 98.63 98.58
98.69 98.53 98.31 98.14 98.54
98.69 98.41 98.44 98.81 98.75
98.45 98.43 98.8 98.69 98.51
98.71 98.77 98.48 98.57 98.75
98.74 98.62 98.71 98.56 98.36
98.34 98.18 93.9
