38.56 37.06 38.17 37.24 36.67
37.54 34.35 36.22 33.46 35.37
36.04 34.98 31.62 33.84 34.2
35.77 32.4 33.67 32.97 31.97
31.99 34.52 36.93 34.6 38.58
42.94 47.98 54.08 69.09 78.11
85.27 91.54 94.63 95.73 97.46
97.33 97.89 97.93 98.1 97.94
97.54 98.07 97.38 96.7 96.57
94.59 94.47 95.33 94.46 93.46
94.59 92.86 93.83 94.61 92.11
92.46 92.05 95.76 96.01 97.85
98.72 98.81 98.86 98.74 98.31
97.95 98.26 98.28 98.58 98.82
98.77 98.67 98.15 97.39 95.85
95.66 97.86 97.91 98.4 98.29
98.66 98.67 98.42 97.71 94.37
86.65 87.58 93.93 97.35 97.53
96.49 95.93 97.25 96.73 98.35
97.48 96.98 98.5 98.35 98.41
97.52 98.46 97.85 98.36 98.63
98.51 98.81 98.71 98.27 98.21
98.53 98.37 98.29 98.47 98.71
98.77 98.82 98.78 98.81 98.53
98.66 98.54 98.57 98.52 98.65
98.57 98.57 98.15 97.97 96.44
94.56 88.37 93.15 96.14 96.9
97.74 98.32 98.19 97.81 97.11
95.91 96.84 98.4 98.49 96.48
94.94 98.46 98.52 98.7 98.57
98.44 98.01 98.36 98.29 98.62
98.76 98.78 98.75 98.5 98.39
97.43 97.57 97.94 98.43 98.67
98.62 98.59 98.56 98.25 96.75
96.24 97.57 96.62 95.89 94.54
94.04 95.73 96.76 97.57 97.68
97.33 96.26 96.34 97.83 98.43
98.07 98.3 98.67 98.62 98.56
97.52 97.2 97 97.88 97.61
97.98 98.57 98.68 98.75 98.79
98.29 97.48 97.36 98.15 98.51
98.6 98.58 98.5 98.61 98.36
98.21 96.63 97.57 97.81 98.03
98.01 97.77 96.93 97.67 97.76
97.68 98.06 98.56 97.33 98.05
98.65 98.7 98.63 98.58 98.7
98.68 98.44 98 97.16 96.08
94.65 96.39 98.46 98.65 98.89
98.87 98.81 98.81 98.62 98.45
98.5 98.64 98.88 98.73 98.83
98.72 98.2 96.68 94.56 96.03
96.18 97.51 98.21 98.15 97.85
98.1 98.32 97.5 98.22 98.52
98.41 98.51 98.6 98.8 98.15
98.6 98.83 98.82 98.87 98.65
97.53 97.31 98.22 98.23 98.67
98.89 98.92 98.9 98.73 98.19
96.02 97.12 96.18 98.11 98.78
98.82 98.83 98.7 98.28 98.45
96.08 95.72 96.5 97.43 97.67
98.29 98.62 98.22 98.4 96.6
94.43 90.29 92.19 94.8 96.55
94.85 98.17 98.77 98.82 98.84
98.67 98.12 97.17 95.72 96.84
98.01 98.81 98.74 98.48 96.92
93.2 83.24 65.41 57.09 51.39
45.02 44.43 45.34 42.39 45.36
44.69 48.03 51.94 66.12 87.93
94.04 96.34 96.42 97.87 98.07
96.95 95.67 93.84 91.07 84.06
73.33
