32.93 33.9 31.77 28.36 31.6
32.39 32.3 31.47 31.09 43.17
43.71 49.57 52.38 53.84 53.85
58.56 61.36 59.68 61.56 63.48
64.2 58.42 61.35 62.29 52.85
54.22 48.98 55.96 53.78 47.92
55.4 56.64 59.75 61.47 65.78
70.34 73.09 76.67 76.07 72.79
78.89 78.94 75.13 77.07 79.4
72.12 74.62 74.95 69.97 66.8
68.64 54.28 51.48 51.6 49.68
45.08 53.2 45.93 32.59 36.15
44.66 34.51 26.8 31.74 27.4
40.91 26.52 27.4 26.84 26.84
27.19 27.47 37.27 31.21 27.1
32.29 24.8 28.08 33.37 32.26
39.62 49.27 48.45 55.29 58.08
55.97 58.35 56.65 58.22 59.89
58.63 59.11 58.64 59.36 57.15
59.2 54.19 58.09 57.71 56.71
54.3 62.12 65.05 65.07 70.01
76.32 73.41 73.08 78.43 79.72
77.22 78.68 82.37 83.28 79.47
79.93 81.03 81.26 76.71 77.78
77.37 76.3 76.84 78.23 84.3
81.36 84.24 84.4 88.43 87.69
89.39 90.8 91.88 91.9 91.63
93.17 91.19 93.14 93.39 94.2
94.17 94.83 94.53 95.03 95.42
95.48 95.51 94.76 95.9 95.16
94.07 95.38 95.18 94.89 93.86
94.77 94.16 93.68 93.13 92.66
93.07 91.43 91.44 91.23 92.98
91.63 90.88 89.4 92.6 90.47
92.06 91.55 91.12 91.22 91.45
91.41 92.22 93.18 94.26 94.17
93.18 94.27 93.5 93.8 94.65
94.67 94.37 93.71 93.88 93.4
93.62 91.98 89.75 91.16 89.21
87.69 88.44 90.61 90.28 89.69
89.65 91.14 90.81 89.84 90.75
92.36 91.41 90.08 88.29 89.62
88.1 87.8 81.8 83.16 85.03
88.03 87.37 84.62 86.8 84.64
88.35 92.33 93.14 93.45 92.94
93.31 93.6 93.2 94.21 94.47
93.32 93.18 92.95 92.14 91.76
91 89.78 91.5 90.44 87.93
88.48 89.03 85.17 86.92 88.69
90.59 92.36 92.25 92.67 92.49
94.3 95.32 93.81 94.36 94.96
95.1 94.51 93.81 94.53 95.31
93.88 92.97 94.44 95.18 94.29
94.72 94.62 94.94 94.51 94.46
95.04 95.43 93.57 92.2 92.34
90.68 89.3 86.85 85.62 80.11
66.49 49.49 54.85 50.14 50.25
46.95 50.38 56.49 59.28 62.39
70.58 79.61 85.92 86.63 86.82
90.19 93.2 92.12 90.99 94.93
95.03 93.48 93.11 94.62 91.86
90.39 93 93.24 91.35 92.51
95.06 94.34 92.85 94.95 94.96
93.52 93.66 92.08 88.11 87.47
89.33 91.23 92.68 95.81 94.23
94.85 95.48 95.72 94.9 95.29
95.87 95.88 95.41 95.98 96.61
96.15 96.14 95.9 95.25 94.68
92.91 90.51 92.53 91.67 89.33
88.96 91.97 90.5 88.93 89.35
90.3 89.13 88.51 88.69 88.72
86.49 83.95 79.94 73.71 80.62
89.24 90.12 91.81 91.54 92.43
92.94 93.65 91.47 92.94 94.09
92.51 92.91 94.33 93.66 92.08
93.33 93.89 93.67 93.58 94.95
93.83 93.77 95.35 95.8 94.55
94.75 95.87 96.3 91.78 89.64
88.38 89.24 90.45 91.29 93.55
92.25 93.19 93.92 94.81 93.35
92.58 93.6 93.62 92.53 89.75
92.43 93.17 92.52 89.55 91.69
92.96 91.45 89.21 91.19 90.49
90.8 91.46 90.8 90.48 89.61
90.49 92 94.16 91.75 92.5
94.26 93.38 91.68 92.98 94.71
91.42 89.32 91.47 91.5 90.95
88.36 88.02 87.37 86.15 84.13
86.55 87.82 85.01 83.77 87.9
90.55 88.07 88.54 93.14 93.09
91.15 90.86 94.25 93.39 93.8
93.92 94.63 94.2 93.5 95.29
94.31 93.35 95 94.47 93.79
94.23 94.45 94.15 92.69 93.25
94.61 94.01 93.95 93.02 93.02
94.18 92.05 90.24 92.96 89.57
88.52 88.27 83.77 84.83 86.32
87.59 86.57 85.74 86.33 87.32
83.56 84.56 86.13 83.23 78.03
81 84.41 80.17 78.81 80.38
81.27 78.87 76.89 78.86 74.35
62.9 61.69 55.59 43.8 45.56
40.59 36.5 35.41 33.5 31.24
28.14 28.55 31.66 22.99 31.45
25.1 31.7 27.54 23.9 31.89
22.82 28.17 25.08 31.3 25.31
26.93 22.78 28.9 25.02 27.33
26.23 27.02 24.81 30.01 24.02
33.55 29.45 31.45 34.48 38.53
42.51 42.79 45.5 49.86 53.36
58.13 62.7 73.8 84.59 90.52
91.03 93.5 92.35 89.95 91.07
92.16 88.68 86.84 89.34 88.61
84.32 85.17 88.32 85.53 82.72
86.56 86.26 85.44 81.93 82.7
85.61 87.14 84.81 85.09 87.88
86.83 86.97 89.47 92.06 91.55
91.77 93.83 94.47 94.5 94.41
95.16 95.38 95.02 93.61 93.37
94.23 94.01 92.44 92.49 92.38
90.56 88.63 87.5 89.63 90.84
90.98 91.89 93.41 94.42 93.19
93.52 95.12 94.11 91.35 92.99
93.24 90.52 87.13 88.82 87.45
84.74 82.87 81.47 78.58 70.54
67.5 56.28 55.18 53.34 57.8
48.65 51.84 51.79 53.3 50.09
55.43 54.21 58.55 70.27 72.68
70.16 72.86 69.43 72.29 67.17
70.54 70.35 66.96 65.97 64.87
59.76 55.2 54.37 55.41 51.27
52.46 55.78 52 55.34 51.25
51.64 51.67 55.91 54.47 62.74
61.38 61.13 63.91 64.38 65.09
63.2 62.86 63.39 57.54 65.02
61.3 65.11 55.96 49.35 47.6
55.94 54.07 59.43 73.32 77.37
79.33 82.42 84.14 88.02 88.96
91.44 93.19 93.2 93.4 94.55
94.56 93.87 94.24 94.16 94.86
93.17 93.27 92.17 92.79 91.79
91.56 90.67 90.54 90.72 90.29
87.5 88.36 89.04 88.58 87.92
87.14 87.69 85.42 85.66 85.08
84.29 81.81 79.89 81.34 79
74.96 74.27 76.86 67.92 63.91
62.14 61.68 65.46 68.6 67.63
66.99 71.33 76.18 77.13 78.83
82.34 83.16 81.74 83.56 84.03
85.9 87.25 87.42 87.08 87.08
87.65 88.7 88.13 87.84 88.61
89.98 89.28 87.68 89.2 89.72
89.45 88.59 88.94 89.08 88.77
88.21 88.91 89.21 87.74 87.84
88.97 86.28 74.78 82.03 81.04
84.78 85.77 86.77 86.54 87.56
88.67 90.37 90.57 92.47 91.21
89.41 91.29 91.7 89.89 89.79
90.9 89.72 89.58 90 89.25
88.95 88.18 88.5 85.85 85.88
85.48 83.96 80.36 82.51 81.42
80.59 79.79 82.89 81.16 79.86
79.9 81.41 82.6 82.47 81.35
83.45 82.07 81.65 82.47 83.23
83.09 82.06 81.1 81.41 73.92
62.05 52.53 44.03
