35.48 39.14 45 46.09 51.45
54.81 53.01 57.66 67.12 76.02
80.12 83.81 86.84 88.32 91.23
94.95 96.01 95.69 95.06 94.87
94.04 93.32 94.27 92.73 93.16
92.07 92.78 91.29 91.8 95.03
94.98 94.84 95.14 94.42 92.81
87.05 87.62 87.04 87.91 89.24
91.49 93.7 95.24 93.58 95.1
94.21 95.59 94.43 96.29 96.02
96.38 94.33 93.16 92.94 93.25
94.37 96.66 96.94 96.61 95.88
95.79 95.33 95.55 95.15 95.19
93.83 92.32 91.03 90 89.03
91.91 93.57 93.18 94.61 95.51
95.85 95.79 95.73 94.63 94.27
92.78 86.58 78.54 84.74 92.42
94.24 95.08 95 93.98 93.61
92 87.74 91.19 92.27 88.39
93.3 94.7 95.98 96.44 96.56
94.83 95.56 93.49 94.45 94.81
95.88 95.44 96.08 94.96 92.87
88.86 80.98 67.58 52.98 52.6
50.46 45.44 52.25 55.56 50.03
48.92 51.9 54.61 53.32 47.66
39.17 46.29 41.98 41.15 47.46
43.7 42.02 38.55 42.16 48.11
53.22 61.87 64.28 63.28 65.17
67.57 61.16 57.33 58.2 52.3
49.05 51.06 47.92 51.58 55.65
54.17 54.87 51.22 48.8 53.82
50.73 52.62 54.65 49.32 52.97
50.97 42.45 54.87 54.16 49.54
59.12 62.68 68.1 72.22 80.6
83.92 85.29 81.71 85.81 89.78
84.95 88.43 89.38 86.93 83.77
86.99 84.35 83.9 79.6 80.5
75.65 69.38 66.29 54.03 51.18
47.14 46.94 43.9 47.72 50.9
52.04 52.69 55.86 59.62 56.59
57.82 57.37 52.97 57.3 58.97
63.15 59.45 57.5 57.25 52.77
52.9 47.24 53.64 54.78 53.04
46.51 41.59 54.46 45.5 47.19
55.12 48.07 46.21 49.38 40.5
52.12 45.55 41.12 44.31 35.8
41.65 44.2 41.94 49.99 38.6
47.39 41.13 36.64 35.68 43.03
39.08 52.04 49.36 57.58 59.53
64.24 69.91 76.89 76.79 75.96
80.06 81.09 79.96 79.51 80.44
77.86 73.72 65.29 53.31 54.5
56.92 52.15 58.25 56.32 58.77
61.6 70.91 65.1
