29.71 29.21 28.8 32.71 32.58
35.12 36.04 42.55 40.84 37.67
44.3 46.76 45.92 42.23 39.56
44.59 39.18 46.19 48.44 53.43
57.6 53.21 59.16 59.86 65.34
59.73 61.07 63.99 62.1 59.59
59.86 64.08 66.52 62.88 63.58
64.63 55 53.21 52.49 53.96
59.57 60.26 68.24 74.86 77.92
79.1 76.27 74.77 76.27 81.46
81.61 83.35 85.91 86.38 86.51
86.46 89.04 87.47 86.85 88.58
89.34 87.18 86.8 88.42 87.5
86.51 83.95 84.35 85.13 82.74
76.08 77.11 73.85 72.5 72.71
76.72 77.77 76.9 74.4 74.76
76.62 74.66 75.94 77.42 77.68
80.53 79.21 81.95 86.18 85.97
86.51 87.6 90.69 88.5 89.42
90.65 90.17 87.89 89.46 88.61
87.15 87.54 87.74 86.95 82.9
77.16 77.81 82.12 84.38 87.12
89.34 88.11 88.71 91.46 91.25
90.33 90.28 90.46 91.19 89.83
86.82 89.97 87.75 88.67 88.39
89.32 88.2 90.48 90.13 88.14
88.06 90.2 89.14 84.65 86.17
87.86 82.93 82.74 85.77 80.42
73.09 77.06 84.11 86.14 82.13
84.12 86.34 85.12 82.13 82.61
79.99 76.07 73.24 70.21 57.66
56.37 60.47 74.22 79.64 84.07
86.87 85.19 88.78 91 90.39
90.55 92.56 92.2 90.16 91.99
92.31 91.39 88.26 90.81 91.35
90.17 89.93 91.35 92.2 89.5
89.82 90.65 90.15 89.25 87.91
89 89.6 87.38 86.6 89.62
89.76 86.2 88.08 89.55 88.37
85.17 88.49 88.84 85.82 85.22
86.96 87.38 84.86 82.84 83.62
82.07 79.34 77.73 75.55 68.25
66.23 65.41 62.15 66.62 70.34
70.57 69.45 66.48 73.86 78.14
74.86 77.72 82.56 82.47 77.77
74.96 82.94 84.59 84.82 82.72
88.31 89.8 86.89 89.76 89.61
88.72 87.26 86.19 86.31 85.52
85.6 84.65 81.98 83.78 85.24
84.42 83.41 82.35 85.54 83.78
82.26 83.7 86.48 84.28 83.06
86.64 86.42 82.81 83.39 84.81
87.13 87.02 84.96 87.23 89.94
87.5 86.71 89.62 90.12 87.48
86.78 89.8 88.37 83.58 86.78
87.98 84.31 81.85 86.95 85.69
79.25 82.22 87.5 83.61 77.74
84.98 88.82 82.43 82.87 88.75
87.82 84.32 87.28 89.54 86.58
82.82 84.93 91.13 84.87 81.51
85.57 86.62 82.12 82.64 87.54
83.92 79.1 84.39 88.42 86.88
87.61 89.75 90.01 88.51 88.43
88.96 90.04 89.92 88.52 88.76
88.39 90.4 90.75 89.12 91.01
91.44 91.92 92.42 93.61 93.61
94.62 93.67 93.57 94.17 93.35
92 93.75 92.99 89.99 89.76
90.9 89.64 87 87.11 86.18
83.28 80.85 81.83 81.98 76.84
76.73 83.1 85.61 83.36 81.56
84.81 87.65 83.87 81.16 85.53
87.84 81.95 78.35 83.74 83.34
76.47 78.58 83.23 74.29 74.7
73.09 74.96 77.21 76.76 79.99
83.58 82.67 82.92 83.08 83.8
81.69 81.28 84.29 84 79.23
81.18 81.51 80.09 77.53 77.73
78.92 77.78 81.13 79.74 76.59
78.79 84.34 79.71 77.46 84.13
85.86 79.84 79.82 88.41 86.69
84.78 86.94 89.85 87.09 84.71
88.65 89.54 84.77 83.43 84.31
82.58 72.33 61.32 58.24 58.44
59.87 65.2 76.72 77.32 79.7
78.29 75.91 73.63 78.23 75.84
80.23 83.11 83.33 87.67 88.85
88.17 87.7 87.5 87.58 88.6
86.34 83.58 74.26 64.55 54.35
43.86 37.86 32.02 29.08 32.32
28.89 25.4 28.54 29.82 30.76
32.39 33.57 33.57 35.06 32.52
32.56 32.02 30.06 23.63 31.16
30.67 31.4 26 29.01 30.44
29.69 33.36 26.9 33.34 28.33
30.78 37.2 35.34 35.12 32.09
29.74 32.88 31.99 31.21 30.94
28.57 25.91 27.54 28.65 30.83
35.26 45.67 60.44 65.64 79.48
86.77 87.28 84.83 88.7 89.93
90.47 89.85 89.27 88.43 87.43
86.46 89.86 91.46 93 92.02
91.91 89.3 82.93 79.27 72
70.34 82.45 81.87 87.5 86.57
87.72 89.98 90.5 86.15 87.84
87.69 84.42 80 79.13 82.73
79.13 84.49 83.2 84.97 85.6
88.26 87.98 88.08 87.1 84.64
79.38 85.1 88.46 91.33 91.68
92.06 88.2 84.11 79.71 83.8
86.36 85.55 78.27 73.92 75.49
84.94 88.53 90.97 87.58 89.27
92.52 90.59 87.23 80.25 84.29
87.48 90.46 91.33 90.13 92.08
91.17 93.28 92.39 92.76 93.11
92.9 92.68 92.22 91.49 87.9
89.38 86.86 82.08 83.53 84.99
81.44 74.31 74.49 67.24 72.39
82.54 85.65 83.78 79.1 72.47
72.25 63.18 57.27 62.07 61.42
63.64 65.4 71.31 72.3 71.01
77.97 85.12 85.81 87.58 90.72
91.82 91.72 93.08 93.53 92.67
92.52 93.17 93.3 88.62 90.07
89.55 89.02 91.26 93.03 93.37
93.26 90.14 86.58 85.11 84.96
75.15 70.65 74.43 69.03 68.79
74.25 81.37 82.54 84.12 87.91
89.37 89.4 89.63 90.66 90.51
90.1 87.41 89.26 88.7 89.23
85.71 84.92 90.23 92.2 92.96
93.28 93.4 91.6 86.09 79.22
76.68 79.08 80.37 83.58 85.79
84.92 83.82 87.35 90.36 91.31
92.19 91.82 90.64 88.8 84.7
81.2 81.02 88.05 88.6 86.73
88.87 89.27 88.35 89.85 86.43
86.74 88.71 86.7 84.21 85.34
82.64 78.15 82.34 80.57 83.56
82.51 80.27 75.57 77.17 73.69
66.56 59.97 55.37 45.17 43.04
42.26 32.34 32.41 31.07 34.08
35.33 39.25 39.16 38.58 37.65
37.69 39.13 36.7 41.27 35.75
39.17 37.94 31.6 30.11 28.64
28.9 27.54 29.63 30.38 25.9
27.46 29.68 28.15 29.46 26.34
32.87 27.96 34.45 31.2 29.36
30.39 29.33 27.24 26.96 33.16
27.5 25.78 26.23 25.92 24.51
24.23 24.61 24.43 25.53 25.19
28.53 28.67 27.48 32.96 34.5
40.88 43.84 46.54 52.58 53.9
56.54 56.54 53.36 50.18 52.73
45.73 49.89 49.31 46.84 53.29
62.82 73.64 80.41 85.42 88.79
90.24 91.23 92.22 90.99 93.63
93.62 93.06 92.1 90.27 87.52
91.04 91.79 92.09 92.25 90.69
92.88 94.43 92.43 93.28 94.49
93.56 92.32 93.05 92.43 89.16
88.46 89.39 87.63 83.75 83.75
86.64 81.75 76.49 82.77 84.98
77.13 77.1 79.55 77.94 74.4
73.8 71.12 63.67 60.19 57.33
52.78 49.53 53.99 55.96 51.21
48.34 52.46 51.58 46.44 50.18
45.72 51.75 48.59 49.41 51.62
42.89 46.13 49.14 49.17 52
50.03 60.78 60.74 70.87 79.39
74.18 74.57 82.74 84.73 80.37
80.26 86.49 85.18 82.45 87.71
89.58 86.61 87.97 91.36 92.37
88.69 90.36 92.51 92.6 90.63
92.49 93.41 94.47 92.54 92.58
93.35 93.4 92.51 92.81 93.86
93.79 92.35 92.55 93.53 93.81
91.91 91.95 92.33 91.69 90.3
90.77 90.93 88.51 87.55 89.67
87.82 86.77 81.74 84.65 82.7
73.16 71.39 73.03 68.77 70.29
63.88 70.33 80.53 77.6 74.03
82 85.58 81.62 77.41 85.21
89.48 87.33 86.46 91.81 91.97
87.51 86.46 91.18 92.1 88.75
89.84 91.94 91.15 88.25 92.54
92.39 89.83 89.78 92.87 92.92
88.57 90.67 91.25 90.86 87.82
87.97 89.67 87.42 85.6 86.05
85.32 81.15 79.96 83.62 82.06
80.92 81.68 85.18 84.73 84.1
85.22 83.32 84.78 83.86 85.3
86.12 86.61 88.18 89.14 88.72
87.14 86.93 88.23 87.33 82.45
82.64 83.58 82.76 75.87 79.27
81 75.61 72.23 75.48 74.87
69.07 67.16 69.68 69.42 65.14
67.91 72.99 69.47 69.54 76.19
77.22 75.46 77.02 80.14 78.51
77.33 78.72 80.59 79.01 84.51
82.14 79.23 79.43 81.37 69.03
64.55 59.18 54.27 45.11 41.91
46.68 49.81 56.6 56.55 60.32
70.95 75.89 79.35 80.96 84.68
86.34 85.31 87.1 91.06 90.4
88.61 90.08 90.76 89.15 89.5
90.04 89.91 89.09 89.1 90.42
89.25 88.4 90.88 89.15 87.69
87.9 88.58 86.25 84.4 83.46
82.88 77.88 63.69 64.33 68.34
74.99 77.9 77.53 79.12 82.12
83.64 82.52 82.98 85.67 85.62
83.7 85.86 87.76 83.88 82.43
85.87 80.15 79.53 84.84 87.3
87.55 86.86 91.06 88.42 86.43
87.04 88.96 84.26 82.56 88.35
85.37 79.28 84.59 89.29 82.37
85.28 90.61 86.91 84.95 88.69
89.35 85.86 86.79 88.27 85.22
82.75 82.25 79.95 80.41 79.86
71.61 60.21 59.07 53.53 56.04
51.03 51.62 54.25 57.25 64.83
72.34 73.63 80.14 85.37 86.45
84.51 85.76 87.41 92.78 93.9
93.98 93.43 92.08 90.74 92.17
92.37 89.43 86.08 76.68 75.06
72.18 72.61 71.03 79.1 84.21
84.91 88.73 87.37 86.99 88.5
90.86 90.86 92.98 92.8 91.32
90.31 87.15 89.94 90.32 92.09
90.41 90.19 86.76 78.16 71.64
67.16 67.01 78.79 78.84 84.53
82.65 86.89 89.81 89.2 88.5
90.73 91.63 91.56 90.92 88.91
87.42 86.67 88.25 87.18 88.52
88.7 91.12 92.68 92.67 91.72
90.28 85.38 87.66 87.9 87.69
84.19 83.11 82.11 83.26 85.61
84.16 84.48 88.9 91.22 86.87
88.68 91.23 92.09 90.76 89.43
84.65 77.13 73.85 80.34 82.34
85.39 84.77 81.76 83.39 89.71
90.56 92.9 90.33 90.86 91.69
90.36 87.07 85.92 86.46 85.17
89.8 92.63 91.78 91.72 91.14
92.15 93.76 91.35 90.56 91.22
90.08 85.16 83.99 83.51 86.89
87.8 86.12 85.22 88.51 88.23
86.6 85.36 80.08 84.54 90.11
89.88 90.11 88.64 85.99 84.59
79.86 66.86 66.75 69.63 71.68
80.2 79.81 75.77 73.53 73.87
83.89 86.17 83.72 86.81 89.37
88.43 87.73 90.48 89.83 88.4
88.52 89.63 85.18 84.89 87.67
90.74 92.59 92.57 91.94 89.51
84.96 78.24 72.9 70.81 62.25
60.32 67.5 66.32 67.53 68.51
69.39 72.6 75.79 75.87 76.02
77.8 79.48 79.19 80.57 79.56
81.84 78.83 83.47 81.04 82.87
90.12 92.52 91.64 92.02 90.19
87.51 76.06 69.15 67.73 72.78
72.02 74.76 79.23 79.23 80.04
84.58 89.26 91.46 91.07 91.01
89.41 87.37 84.96 80.73 80.95
88.23 88.89 87.71 88.86 90.35
89.4 88.83 84.99 84.45 86.47
84.23 81.87 80.71 80.1 69.41
77.93 78.95 79.21 81.9 79.67
77.91 74.95 76.53 70.7 64.77
63.24 55.67 40.77 36.31
