49.83 44.3 45.8 61.32 52.42
57.65 42.16 53.58 42.65 51.51
45.68 54.8 45.65 56.1 53.9
50.85 57.02 55.14 50.93 55.78
54.2 44.66 44.74 42.73 45.2
39.09 46.92 39.79 40.35 41.9
39.1 41.8 41.6 41.24 43.78
45.3 42.64 46.13 49.27 52.68
48.66 57.71 50.62 44.88 48.61
54.42 45.21 43.68 42.11 48.78
40.55 41.36 50.26 43.62 42.73
40.45 48.4 43.41 43.13 55.2
57.67 42.99 57.17 55.88 50.52
49.09 57.78 57.19 57.35 56.46
57.72 56.64 63.12 65.11 57.8
63.17 58.64 53.83 60.43 52.57
47.48 59.17 60.08 56.43 61.25
63.35 71.26 63.31 69.5 71.62
72.58 75.12 74.77 72.93 72.3
71.71 77.65 68.04 56.49 60.84
57.87 59.54 63.12 71.45 72.23
75.64 75.23 76.28 79.51 82.42
75.95 71.4 71.78 55.28 58.38
53.96 47.01 49.72 41.9 37.89
41.99 37.23 40.52 39.1 35.75
39.91 38.98 50.9 40.81 41.01
37.19 43.68 42.61 41.94 40.37
44.62 41.11 40.8 48.15 46.43
37.32 40.87 41.05 41.28 40.27
32.73 38.52 31.74 42.07 42.6
40.12 43.81 46.31 41.76 38.69
42.7 41.69 38.97 41.91 38.86
48.69 40.78 38.22 43.72 42.68
37.46 47.17 41.53 51.66 37.69
41.14 37.6 44.62 40.54 51.33
43.28 49.04 49.61 47.89 43.15
44.62 51.37 51.35 50.45 40.47
40.93 45.71 41.84 52.04 45.53
51.17 44.09 49.18 42.29 41.24
40.15 39.18 41.87 43.42 40.19
36.96 43.67 40.9 42.89 49.65
36.18 37.63 40.84 40.44 34.67
42.6 38.77 38.28 46.72 38.81
42.31 45.43 41.6 38.43 40.1
42.62 38.95 39.64 36.92 37.91
34.13 43.16 38.86 44.36 55.35
55.17 52.06 46.03 52.58 49.54
53.38 49.29 66.57 49.74 38.57
41.43 36.51 45 42.61 42.97
44.87 48.05 44.11 44.83 48.85
38.51 43.34 35 41.4 38.87
38.94 39.08 36.66 40.64 35.41
50.75 38.86 35.94 38.3 36.4
42.33 39.95 41.71 37.02 41.8
39.77 43.33 39.54 40.3 46.67
48.29 39.17 38.46 42.08 37.44
46.03 36.46 41.91 44.2 49.94
58.97 66.43 63.39 71.63 75.12
76.6 79.6 83.21 84.21 85.32
86.95 90.78 89.4 91.09 86.23
85.66 80.08 76.24 69.84 65.02
60.35 58.09 56.71 53.37 50.71
47.21 39.44 41.16 41.24 44.53
42.15 40.77 38.23 48.08 54.18
56.4 50.41 53.25 48.84 50.61
46.22 48.79 41.82 42.65 36.95
42.39 39.08 54.22 46.64 42.72
42.13 43.4 40.57 43.44 39.33
38.27 36.91 36.08 32.19 37.69
34.61 42.77 37.31 49.33 43.2
44.55 50.48 44.51 43.91 39.92
44.61 51.36 46.26 47.79 50.39
52.07 58.32 60.19 60.39 56.62
56.72 50.8 55.53 46.79 53.18
52.06 52.62 54.52 56.97 55.96
58.02 58.58 59.28 58.29 66.38
72.49 73.78 78.25 82.33 81.45
85.46 87.46 87.83 86.63 88.31
90.07 89.03 90.02 86.08 87.13
86.43 83.18 85.73 88.02 89.95
87.84 88.7 91.69 92.07 89
91.38 93.66 91.9 92.88 93.56
93.29 94.18 93.89 94.27 95.02
95.73 94.5 94.01 95.69 92.31
94.8 90.08 91.42 90.57 90.15
94.05 95.81 96.73 96.34 96.61
97.29 97.77 97.27 97.99 98.32
98.29 98.28 98.28 97.8 98.48
98.39 97.82 97.69 97.72 96.06
94.97 95.34 96.9 94.58 94.82
94.31 92.85 94.6 95.3 92.1
92.8 95.27 89.55 93.02 89.25
87.31 76.79 66.67 79.13 83.28
88.7 87.63 88.3 91.02 93.39
93.26 95.33 95.81 96.75 96.6
97.79 97.43 97.94 97.87 97.11
96.8 97.43 95.54 94.66 93.95
94.97 93.66 92.87 91.64 91.32
93.45 94.16 91.66 93.66 94.63
90.98 92.53 91.13 87.09 89.36
85.61 88.84 89.87 88.01 83.98
84.53 82.5 83.25 86.28 83.34
84.06 84.38 82.18 83.29 83.98
83.84 77.54 80.42 84.68 81.12
83.69 86.44 87.84 90.13 92.2
93.83 94.11 95.65 94.88 94.16
94.83 93.45 95.38 95.18 95.36
95.92 94.75 94.99 94.47 93.39
89.43 90.77 92.44 90.69 91.61
88.7 91.15 90.99 93.58 91.94
91.59 92.21 93.47 91.57 93.74
93.53 93.65 90.27 77.58
