58.45 76.69 83.74 77.96 74.91
77.15 75.35 72.61 70.19 68.79
63.78 61.86 58.73 55.17 61.92
60.14 65.48 64.83 68.45 66.41
63.2 62.82 67.02 69.7 76.91
78.44 78.6 78.29 75.2 71.68
71.01 71.72 70.09 73.8 83.89
86.74 88.02 90.48 90.76 90.46
92.26 92.77 93.07 90.93 92.45
92.78 92.21 94.85 94.22 94.02
94.21 95.03 95.23 96.6 95.84
94.97 96.6 95.96 95.18 92.59
90.9 87.9 88.12 86.5 92.02
94.42 96.84 96.73 97.88 96.41
96.76 97.15 95.83 96.69 95.45
96.26 95.52 91.43 93.41 94.07
94.44 94.53 95.95 95.33 96.23
93.67 93.92 95.9 96.45 96.27
96.37 94.76 93.17 90.59 89.4
92.19 90.81 89.03 90.26 90.07
90.35 89.78 91.41 90.71 89.58
86.45 84.77 82.85 81.12 81.44
82.04 78.81 79.81 81.82 82.52
77.31 78.14 81.12 72.59 68.25
60.42 59.95 52.78 54.37 48.99
43.86 45.89 40 40.14 37.82
44.19 38.3 35.6 39.28 41.86
40.23 43.83 44.49 51.61 53.36
58.7 63.62 65.63 62.33 67.82
55.6 59.44 56.71 59.8 62.16
58.13 60.68 60.9 61.26 62.29
60.78 58.76 50.01
