88.34 89.42 88.49 93.47 94.27
97.35 96.84 96.56 96.87 97.74
97.9 97.86 96.54 97.28 98.01
97.23 96.6 91.51 88.98 88.98
93.18 94.54 97.53 96.45 97.04
91.15 86.36 87.53 93.68 94.13
93.85 94.77 93.41 91.7 95.58
94.36 96 97.08 97.56 94.2
92.65 95.8 96.63 98.13 98.29
98.17 96.86 94.14 89.04 91.71
93.2 91.88 88.73 87.85 92.5
93.8 93.43 94.76 94.31 95.91
94.87 94.87 92.87 90.36 89.49
95.56 97.35 98.2 98.09 98.23
98.49 98.27 97.76 96.28 94.49
96.37 95.45 95.41 93.64 92.48
89.19 87.13 82 89.28 91.83
95.84 98.05 96.62 95.01 94.87
93.69 97.18 98.09 97.84 98.23
98.38 97.77 96.62 89.32 86.85
86.04 92 96.53 96.98 97.97
97.93 97.17 94.72 93.13 94.64
95.11 94.47 93.73 92.46 86.18
85.4 86.85 91.62 90.57 90.81
93.61 94.78 94.63 96.84 95.38
96.35 93.59 91.19 88.88 91.9
95.26 95.81 98.04 96.81 97.29
94.52 92.92 89.3 84.69 78.38
73.86 80.68 86.6 90.78 93.06
94.6 95.62 95.17 96.49 93.87
87.88 84.74 74.56 62.81 56.19
46.11 44.04 46.58 48.18 45.86
45.99 51.3 53.39 67.59 83.94
87.1 91.19 92.04 89.78 92.81
92.02 91.88 91.5 93.88 95.14
92.45 93.75 95.66 95.28 94.72
96.45 97.15 98.24 98.32 98.2
98.38 98.48 98.21 97.73 92.2
90.7 85.51 83.76 94.49 95.13
95.65 94.77 92.96 72.2 56.48
55 52.7 46.89 43.48 46.22
47.57 46.19 46.87 43.25 46.79
43.69 38.6
