63.95 68.84 70.9 73.29 77.77
79.98 79.09 83.48 86.46 90.36
87.77 90.91 92.3 93.71 94.52
94.73 96.2 95.28 95.46 95.45
95.05 93.43 89.24 89.78 88.52
85.51 83.24 80.5 82.7 87.98
90.45 91.13 93.3 93.53 95.32
93.13 92.92 92.96 93.87 93.31
94.81 93.51 91 92.79 93.38
93.26 93.7 93.84 95.22 96.03
95.55 95.02 94.22 93.61 91.56
88.96 87.25 89.2 87.5 90.7
89.2 92.14 94.07 92.94 91.99
92.33 94.3 95.93 96.39 96.2
96.66 96.85 95.88 95 92.29
94.27 92.67 94.34 93.75 95.3
95.95 96.17 96.61 95.55 94.98
93.36 93.35 95.2 94.96 93.54
92.98 90.39 88.73 81.09 72.28
67.01 56.83 55.93 54.94 55.21
61.12 59.4 64.7 69.04 78.19
84.31 91.95 95.46 96.68 96.16
95.55 97.4 96.4 95.79 95.65
94.51 94.58 93.97 93.4 88.69
88.24 90.83 90.82 92.59 94.45
94.65 90.38 90.02 92.36 93.31
95.74 96.49 97.16 96.92 95.69
96.61 96.36 93.65 94.42 95.7
95.19 91.63 92.46 94.57 94.19
94.4 92.29 88.04 88.86 85.23
89.5 92.03 91.12 86.72 70.6
74.6 78.32 75.14 77.23 72.17
72.41 69.05 69.06 57.4 56.45
43.68
