57.91 62.91 73.22 68.15 68.45
68.12 68.71 66.17 66.04 65.21
62.46 61.74 59.19 56.98 52.78
44.45 44.34 49.91 49.73 51.49
51.16 52.55 52.21 54.39 57.53
58.88 54.37 53.42 55.77 54.36
58.14 59.78 63.98 62.11 71.5
69.6 65.82 67.79 80.48 82.26
81.94 84.48 87.14 88.89 88.74
89.95 91.73 91.67 91.09 92.64
93.52 93.39 94.11 95 93.52
93.74 94.65 94.14 92.72 93.79
93.15 91.57 84.69 86.17 87.7
89.75 89.7 91.96 92.71 91.51
90.6 92.51 92.47 90.97 90.16
92.43 89.96 88.96 87.82 87.74
84.85 84.18 84 82.94 76.21
77.69 76.88 70.74 61.33 60.08
61.27 59.49 55.43 50.84 57.16
62.45 71.77 77.23 77.3 81.72
84.95 86.24 88.28 89.6 91.08
92.83 92.36 93.39 94.56 94.86
94.9 94.53 95.03 96.2 95.58
94.38 94.69 94.96 94.27 93.64
92.15 94.14 92.97 91.17 89.34
91.76 92.32 94.33 92.98 93.81
95.53 94.56 94.68 96.05 95.38
95.11 95.49 95.54 94.79 95.41
94.99 94.18 93.26 94.18 92.99
91.33 90.32 91.5 90.41 88.4
89.08 89.78 85.72 84.47 87.44
86.2 82.51 83.92 84.53 78.49
66.82 63.91 62.02 58.23 57.68
58.28 57.47 57.86 56.58 54.51
55.44 57.18 56.96 56.03 54.05
56.89 56.5 59.28 57.28 59.6
57.85 51.86
