49.6 37.25 43.38 46.8 46.07
43.28 45.22 42.83 47.3 44.27
39.97 47.32 48.94 42.19 47.45
48.06 44.16 42.77 48.54 42.02
39.69 44.01 47.81 42.88 42.83
44.85 44.42 49.89 53.33 47.03
42.87 52.02 41.57 38.88 39.05
39.31 45.44 45.83 41.55 44.18
50.48 51.14 44.86 43.19 46.86
44.13 46.17 44.03 43.81 41.55
39.72 42.98 39.88 40.12 40.67
39.81 42.07 42.33 38.31 41.37
38.43 42.85 37.82 43.34 41.59
39.38 47.37 41.17 50.1 40.14
48.04 49.12 49.64 44.92 42.74
46.28 43.63 45.02 44.23 41.98
40.95 44.24 41.19 44.31 41.74
38.98 48.06 41.9 41.26 40.14
35.3 39.02 38.16 35.79 38.22
40.03 36.2 37.64 38.03 38.38
38.16 35.33 40.88 39.1 35.7
41.31 40.14 36.17 41.11 38.72
37.94 39.17 41.21 41.29 39.32
36.67 38.75 40.07 35.24 37.24
36.45 38.98 39.53 35.37 46.24
39.2 39.02 39.17 39.28 44.03
40.86 42.88 41.06 36.75 42.31
38.7 41.06 36.65 35.64 48.07
39.55 38.63 37.62 36.34 38.41
41.84 44.81 48.78 52.72 40.27
42.07 44.11 42.69 43.98 42.41
40.31 47.65 43.69 49.69 44.36
44.94 44.82 41.95 39.53 39.67
39.49 38.95 40.21 37.44 44.92
38.73 48.84 43.77 47.18 36.95
42.77 43.16 41.68 43.63 37.64
43.33 39.27 40.4 39.9 42.79
39.63 42.6 40.3 39.54 42.48
41.56 40.79 43.99 42.81 42.42
40.31 40.67 42.78 43.72 43.8
47.75 43.45 43.68 42.73 42.21
45.46 43.24 42.89 44.3 44.47
43.04 42.21 47.52 47.87 52.06
51.79 49.02 49.42 50.35 50.13
47.39 50.7 53.02 50.25 53.82
55.59 55.06 55.41 62.98 64.12
63.95 63.58 69.46 71.64 72.39
68.21 75.96 76.63 73.73 77.33
78.71 79.63 74.47 78.94 79.93
78.88 76.96 78.89 82.18 73.34
80.27 76.48 76.3 74.46 75.5
73.8 64.14 60.63 57.67 52.08
48.28 45.4 47.65 39.57 54.15
48.3 45.67 51.8 42.96 44.13
44.94 44.27 43.71 41.99 42.77
43.1 40.08 46.7 40.04 44.54
38.98 36.68 38.97 40.19 39.18
43.09 38.77 43.27 36.23 42.35
41.57 38.36 44.97 40.25 44.59
41.71 44.02 41.21 45.89 47.21
42.59 50.48 40.72 51.58 50.8
39.26 51.27 43.15 57.77 54.55
50.34 56.02 45.53 49.84 42.47
37.7 42.18 41.88 38.7 46.23
37.04 44.86 36.15 42.94 35.01
40.34 37.19 45.92 40.64 48.63
54.64 64.12 69.55 78.55 79.66
76.85 72.38 75.33 73.49 71.73
70.96 74.49 76.69 82.07 88.14
90.23 91.24 93.37 93.48 93.28
93.65 95.14 92.94 92.08 96.24
97.25 98.14 98.14 97.98 97.92
96.11 95.41 92.82 94.42 96.26
96.29 96.52 97.14 97.03 96.07
97.41 96.32 96.05 95.67 96.09
96.79 97.35 95.14 94.32 93.54
93.82 93.73 95.99 95.94 95.66
96.09 97.3 96.36 96.24 95.97
94.8 93.1 91.34 91.99 91.65
95.12 97.23 98.06 98.25 98.23
98.34 97.47 97.21 95.14 93.37
94.78 94.99 96.93 98.01 97.33
97.28 97.95 97.94 96.93 96.79
93.84 93.26 95.41 94.64 93.09
91.35 85.25 86.24 88.66 88.04
92.34 92.7 94.86 93.77 90.77
87.92 86.86 86.51 87.63 87.49
87.85 84.83 87.77 87.82 88.48
92.82 96.22 96.93 96.12 97.06
96.43 97.22 95.91 96.31 95.8
96.25 97.19 97.35 97.51 97.16
96.59 96.54 96.54 95.64 96.37
97.27 97.3 97.13 97.16 95.83
95.67 96.43 94.63 96.45 96.67
97.22 95.52 95.23 93.95 95.12
96.05 95 97.54 97.22 97.7
96.98 96.02 96.3 97.15 97.26
96.95 96.82 97.51 97.08 95.72
96.2 96.47 93.37 89.53 90.97
87.73 89.66 89.6 89.01 89.72
89.97 90 89.6 90.92 88.72
85.84 84.92 80.99 71.75 68.76
63.14 60.15 53.69 59.35 55.14
52.39 53.44 49.9 53.3 45.16
42.12 49.22 48.76 46.83 47.08
44.31 46.47 45.98 48.89 43.73
46.49 46.05 42.66 42.39 43.05
43.48 46.18 42.55 49.07 39.78
47.08 45.83 44.13 41.1 41.94
43.54 48.93 46.46 47.84 42.53
54.22 42.55 43.23 45.4 47.46
41.48 37.45 41.79 39.02 36.12
40.27 42.73 42.22 49.07 49.36
51.42 63.8 57.1 46.95 47.62
47.68 46.84 47.82 53.26 53
51.68 56.1 65.87 73.42 77.87
76.09 77.46 80.92 75.91 78.4
80.63 79.38 82.23 81.97 84.11
82.36 86.72 84.6 83.94 81.22
79.24 75.97 74.83 61.71 64.9
63.44 55.9 59.89 54.67 51.5
46.21 41.6 41.07 56.97 57.32
47.42 58.08 53.25 51.98 44.85
40.98 54.45 48.54 42.51 40.26
42.27 40.17 41 41.1 47.27
51.09 53.25 60.15 64.65 61.8
52.2 47.56 46.27 56.12 49.16
43.48 44.79 40.5 43.78 43.34
43.89 51.59 46.88 41.45 41.37
44.49 45.43 44 45.68 46.32
54.39 56.19 56.57 63.43 77.4
82.41 83.13 82.61 84.55 83.1
84.79 83.69 86.44 85.85 80.65
76.46 77.12 63.72 57.36 59.86
56.49 54.51 44.93 45.97 39.28
36.45 41.48 39.03 39.83 44.74
41.58 46.43 45.67 46.26 45.69
48.7 50.86 48.31 51.39 52.04
51.53 52.84 50.5 56.17 57.8
59.67 57.93 62.9 64.02 68.23
68.22 75.95 72.45 75.31 76.83
78.56 79.8 79.62 78.86 79.64
80.1 77.27 75.19 74.81 72.69
69.88 66.79 63.82 60.79 59.37
57.38 55.73 55.16 55.04 54.78
50.81 39.31
