48.71 70.39 73.5 69.31 69.76
66.84 67.04 69.25 74.02 71.82
79.17 82.02 83.35 85.35 88.37
87.7 86.44 88.2 90.7 89.69
88.11 91.34 89.73 87.71 89.71
88.08 87.75 85.21 88.31 91.67
93.03 91.09 90.89 92.58 92.96
92 91.11 92.14 88.14 86.08
86.16 84.49 85 90.54 91.08
90.69 91.37 92.49 92.8 92.62
93.63 93.28 93.42 94.32 95.4
93.71 92.49 92.16 89.69 92.74
92.68 93.08 92.24 92.05 91.79
93.04 93.13 94 94.3 93.88
92.24 89.02 89.89 90.72 89.56
92.41 91.01 92.09 90.97 89.94
91.51 93.4 93.19 92.99 90.56
90.51 88.38 87.56 89.06 89.67
85.39 84.24 85.77 84.86 89.3
92.13 91.58 92.76 92.01 87.69
88.13 79.14 72.53 71.23 72.78
64.44 65.67 68.44 66.3 58.62
54.91 47.88 45.06 45.06 46.02
52.84 52.65 53.96 55.18 57.25
62.62 59.81 61.86 63.94 62.97
65.29 64.93 60.44 54.34 52.56
46.36 44.62 36.55 34.47 38.3
43.07 38.34 54.59 46.44 42.4
44.94 47.62 50.27 40.47 47.31
55.76 47.94 57.07 59.56 56.31
59.35 60.33 62.21 68.41 73.71
71.5 73.4 73.72 76.68 74.48
74.08 74.56 71.41 67.83 64.98
58.97 59.14 59.1 56.37 56.83
57.95 57.17 58.23 55.16 57.35
55.84 57.94 57.69 48.47
