44.84 47.4 56.98 64.1 66.57
72.69 76.73 77.17 76.73 78.93
80.35 79.51 83.15 82.89 81
79.24 80.54 80.51 80.08 74.8
72.98 73.59 77.66 76.74 73.53
75.17 77.79 79.94 79.19 78.66
77.4 77.71 80.27 84.43 85.46
84.42 85.02 83.64 79.72 73.77
71.11 70.78 65.17 59.03 56.87
52.82 57.97 56.15 54.83 56.81
61.05 69.27 74.17 74.3 77.74
79.87 82.14 81.76 81.25 79.63
78.24 72.79 72.22 78.62 81.48
82 81.27 75.56 73.93 75.98
80.62 81.05 81.87 82.95 82.41
78.31 79.36 79.16 81.16 82.19
79.12 79.69 74.21 71.93 65.23
68.56 60.47 57.94 60.05 66.14
75.77 79.59 80.58 81.49 79.13
81.78 83.61 83.07 83.87 82.11
81.59 76.94 76.46 77.08 76.2
80.82 81.66 84.17 84.2 85.7
84.61 84.91 83.23 77.46 75.28
73.88 68.13 64.43 56.03 45.25
31.35 29.94 28.89 28.89 25.09
28.24 28.66 25.8 29.15 28.37
34.09 36.36 46.75 52.64 60.65
61.61 67.39 74.48 74.09 76.62
78.26 80.6 76.5 76.89 75.11
77.99 76.2 77.92 77.67 79.59
79.54 85.06 84.98 85.53 84.28
86.1 85.41 85.36 84.73 83.59
81.87 80.54 78.8 71.81 70.76
63.71 59.93 60.58 67.73 71.28
74.81 74.83 78.04 80.13 81.02
81.1 84.19 86.06 85.64 85.55
87.94 88.38 86.34 86.35 88.28
87.42 86.09 84.64 85.59 83.61
81.26 81.58 74.66 76.88 78.63
77.21 72.32 76.18 76.88 74.51
78.96 79.47 77.98 80.35 82.76
82.28 81.55 82.65 85.43 83.54
84.99 86.44 86.53 84.65 86.42
86.89 86.26 85.22 85.15 86.88
85.31 82.89 84.01 84.44 84.84
84.08 81.79 81.21 81.22 81.04
75.8 80.07 82.14 80.45 81.37
85.82 85.48 84.72 85.16 86.3
85.55 83.18 83.99 83.87 83.07
81.6 79.24 77.84 76.08 75.08
76.44 69.59 71.94 71.15 72.77
74.72 74.04 71.21 71.51 74.16
75.75 78.39 81 82.46 83.55
83.09 85.66 86.75 85.01 84.41
86.72 85.56 85.21 85.98 82.99
83.59 82.54 84.05 84.17 83.16
80.71 83.4 86.7 83.46 82.75
85.52 85.44 83.72 84.21 86.13
84.45 82.04 83.43 82.37 77.72
71.57 62.15 58.44 56.53 50
44.27 45.6 45.81 52.18 54.16
61.25 69.43 73.99 74.8 74.89
80.62 83.14 83.52 81.67 83.96
85.69 85.2 84.53 85.49 84.87
83.97 83.94 80.08 77.66 82.66
81.59 85.6 86.16 84.06 85.37
86.97 82.33 80.63 84.89 82.93
76.83 77.21 80.28 77.51 76.47
67.98 62.51 53.23 47.37 52.62
57.57 61.96 65.86 70.26 76.05
78.4 80.85 79.13 84 85.89
82.65 82.63 85.21 83.95 80.78
82.18 82.07 81.45 76.03 68.18
61.35 60.26 50.64 38.27 34.54
28.34 33.48 28.86 31.23 29.85
29.1 31.68 34.06 41.07 39.32
36.08 41.51 41.15 43.56 40.01
43.3 38.47 34.41 35.07 35.49
38.52 39.87 32.04 42.69 53.72
63.26 67.09 72.6 73.62 77.68
82.49 84.56 85.25 85.52 87.84
86.9 87.45 84.98 86.48 87.23
85.48 82.61 84.72 84.19 82.1
78.32 77.25 69.88 59.99 52.33
49.88 51.52 51.04 51.17 54.65
57.13 59.56 63.09 66.99 68.04
76.26 79.25 65.76 70.32 74.11
65.76 76.23 67.13 68.18 69.33
65.9 63.28 63.53 59.93 55.07
52.53 49.31 50.3 53.92 55.62
56.6 58.09 63.74 68.11 73.88
79.21 82.06 81.25 82.37 79.1
75.13 76.93 81.84 86.88 89.75
89.37 92.57 93.29 91.14 92.92
93.66 92.16 91.45 90.85 90.69
90.46 88.93 90.25 91.39 90.16
88.75 89.58 90.15 88.02 83.79
84.06 87.75 87.28 90.58 91.03
89.13 90.44 88.78 84.22 84.31
86.72 91.16 93.54 93.94 94.28
94.4 92.81 94.44 93.84 93.4
92.45 91.5 92.68 92.25 92.02
93.54 92.43 91.22 91.41 92.17
90.75 90.56 90.27 89.08 90.74
89.73 88.63 87.55 89 90.12
89.92 84.49 84.81 86.89 90.82
92.83 93.03 93.12 93.5 92.15
93.3 92.35 91.54 91.1 90
92.43 91.2 92.27 91.32 91.62
89.98 89.01 88.59 87.2 85.87
79.67 70.48 64.84 60.24 64.46
68.82 78.56 82.28 83.93 85.8
87.66 88.33 84.27 84.34 86.74
88.52 92.05 91.8 91.47 90.78
88.73 90.51 89.69 85.78 84.76
85.53 87.45 87.98 88.1 90.24
89.35 89.01 88.44 89.26 87.23
85.7 83.35 82.46 86.26 84.75
84.64 84.26 85.83 87.53 87.19
85.14 84.82 82.88 85.98 87.84
86.61 85.33 82.79 81.22 82.83
73.26 77 75.37 76.74 79.98
80.57 79.34 80.98 80.33 80.92
78.46 70.27 65.64 62.89 61.95
56.34 55.31 48.49 50.06 49.52
43.05 43.22 41.08 33.05 29.33
37.3 30.55 33.9 30 32.04
34.02 33.34 33.49 36.05 35.33
36.28 35.9 33.82 34.98 28.77
33.47 35.44 29.94 31.59 37.19
33.44 30.59 34.08 32.2 31.45
34.81 34.16 35.45 31.27 31.21
33.71 36.3 45.77 53.3 50.66
61.25 70.98 70.01 73.76 81.06
80.43 79.13 84.38 84.39 82.27
83.62 86.62 86.28 79.56 81.16
80.27 78.63 73.77 74.02 79.16
80.8 75.08 75.71 75.69 70.2
74.66 57.79 53.46 45.9 36.62
36.6 32.85 35.27 30.77 31.35
34.24 30.52 35.06 30.63 28.76
36.38 44.57 53.39 51.35 59.22
66.28 62.96 49.66 54.98 62.1
62.38 72.34 69.69 63.45 74.39
66.18 59.12 58.34 56.35 55.36
48.91 43.15 45.22 40.8 41.77
35.01 42.49 48.72 54.08 67.03
75.41 82.23 84.72 85.21 86.67
85.08 82.06 80.35 85.54 88.34
91.58 90.34 92.61 93.44 91.57
92.98 93.31 92.56 90.34 89.74
90.95 88.63 87.88 88.72 90.58
88.15 85.99 88.75 87.99 85.92
83.1 84.17 88.14 87.78 88.26
87.01 88.85 90.2 90.72 89.5
87.31 88.48 90.91 93.4 93.15
94.19 94.15 92.75 93.95 94.01
92.54 91.56 90.82 92.88 90.98
91.72 92.3 93.19 92.38 91.12
91.62 90.43 88.7 84.04 81.52
86.32 89.33 89.82 91.5 90.98
91.96 92.28 91.18 89.7 90.3
92.84 93.89 93.83 94.84 94.35
93.37 94.13 93.74 91.47 88.83
90.11 91.51 89.69 89.89 92.02
93.07 91.9 91.95 92.2 91.19
89.52 87.95 88.01 91.12 91.92
91.03 88.76 91.41 91.73 92.27
91.44 89.33 89.06 91.62 93.13
92.82 93.12 92.74 91.57 92.47
91.74 89.75 90.35 89.83 90.07
88.31 88.26 90.95 90.51 87.92
88.9 90.06 88.26 87.22 84.18
84.77 88 86.34 85.63 82.98
87.01 88.14 89.09 87.74 87.85
85.09 87.5 87.86 85.69 85.43
84.94 82.66 84.17 77.77 70.43
61.73 76.58 80.54 80.31 81.25
78.69 78.64 79.15 75.14 69.88
63.97 60.41 51.74 48.65 51.27
44.33 41.93 44.95 39.05 37.45
39.01 32.08 27.99 29.53 29.92
25.65 25.94 25.91 29.46 27.36
29.2 30.42 28.84 31.67 31.2
32.31 31.49 29.42 30.41 32.96
29.85 29.2 32.16 25.29 31.59
28.79 25.93 28.14 27.15 27.9
24.64 28.74 26.03 24.52 25.35
23.27 26.61 24.33 23.89 24.55
27.17 25.87 27.78 24.53 24.86
28.53 23.91 29.5 26.11 27.37
25.53 30.05 32.85 29.16 31.07
34.9 34.82 35.26 32.12 28.97
31.51 28.32 26.31 26.83 26.13
25.84 25.64 26.26 25.46 24.05
27.6 24.27 27.25 29.22 23.68
28.63 23.93 31.52 28.33 29.38
30.29 32.43 26.47 32.24 28.79
28.03 26.62 26.86 29.82 27.05
30.72 27.6 29.87 25.19 28.7
27.12 22.58 30.17 24.06 29.7
29.98 24.98 32.56 28.02 28.21
30.17 30.81 34.85 32.82 26.93
31.12 26.21 31.72 27.04 32.08
29.67 27.56 31.56 27.97 28.28
26.58 32.83 33.45 28.51 33.65
34.47 31.61 38.82 32.77 36.8
36.86 33.77 38.12 35.9 37.41
33.26 40.81 36.22 32.24 37.59
36.01 39.74 37.67 40.98 48.09
