40.7 40.79 34.65 44.12 43.82
40.77 33.7 31.17 36.16 33.53
33.44 29.8 29.44 33.21 35.6
41.78 47.03 44.38 53.31 60.55
62.16 64.61 67.39 75.37 81.34
78.52 81.51 86.37 89.34 87.43
89.19 92.4 92.77 92.4 92.85
94.24 92.83 93.36 93.47 91.04
91.74 91.96 90.06 89.01 87.34
86.42 84.78 83.37 81.77 80.91
76.18 65.47 65.09 68.41 66.13
71.32 82.18 83.01 85.75 87.53
89.61 90.18 90.5 92.01 92.96
92.7 93.91 93.65 94.14 93
93.04 91.05 90.09 89.53 88.15
82.87 81.61 83.22 77.09 68.79
68.74 65.31 63.6 58.64 53.94
55.69 53.68 55.78 55.32 63.17
68.26 71.01 78 77.73 73.03
79.16 84.13 80.9 72.07 80.61
87.11 87.69 86.13 90.85 92.56
91.63 92.94 94.27 93.09 92.97
94.16 92.98 91.03 93.62 92.68
89.34 89.17 90.1 88.74 85.77
85.89 85.21 82.18 76.88 76.75
65.67 64.96 60.41 64.66 66.55
69.92 72.41 76.15 83.04 85.79
87.48 88.91 91.52 92.41 93.45
94.05 95 95.12 95 95.38
95.46 94.89 95.36 94.54 93.2
92.74 92.33 89.44 88.14 86.41
86.19 80.46 76.53 80.71 80.75
71.55 70.13 72.74 66.68 60.4
61.05 66.4 69.13 71.25 76.17
77.5 71.3 80.42 82.75 85.2
83.69 88.4 89.44 90 89.49
91.53 93.7 92.28 93.32 94.53
94.96 93.96 94.23 94.51 93.4
94.15 93.18 90.78 90.68 89.99
88.93 85.56 84.07 84.13 76.2
64.16 67.73 67.95 70.48 73.1
69.24 68.61 72.76 74.76 65.15
68.52 67.72 75.22 81.77 81.55
84.07 86.81 86.4 88.54 90.52
89.49 89.63 92.55 93.45 91.37
93.14 93.54 92.73 90.39 91.25
90.82 87.82 87.02 86.61 84.15
83.16 82.54 82.24 75.72 74.94
79.31 80.25 67.9 61.45 58.5
49.06 51.2 50.64 39.12 39.3
36.29 30.02 30.76 35.5 40.39
36.44 44.47 40.98 45.39 42.65
46.28 44.61 46.78 47.04 48.45
51.12 54.54 53.99 61.23 62.26
66.13 65.31 65.38 72.6 74.68
72.55 78.19 83.17 83.38 83.31
87.82 89.64 89.39 87.93 88.66
91.61 89.59 90.64 90.69 91.58
88.59 88.23 86.58 85.62 81.37
81.7 66.22 63.63 49.1 47.35
40.01 36.15 34.32 40.32 36.8
36.53 37.09 38.78 41.16 41.21
33.94 32.37 38.29 42.11 35.86
34.68 35.53 38.4 40.27 44.46
47.2 48.88 48.82 38.39 39.96
40.66 36.66 37.07 40.86 37.8
42.51 37.93 32.29 33.22 33.83
39.79 36.85 37.34 35.53 36.41
36.52 36.19 36.75 34.24 35.75
38.84 38.99 38.28 37.72 41.01
41.3 41.2 38.99 42.47 41.18
45.21 43.15 49.28 46.71 42.83
47.05 49.85 54.94 62.23 53.46
51.24 49.71 44.65 45.54 47.35
48.76 45.21 56.2 52.08 57.33
54.31 46.26 52.68 41.52 42.26
36.8 32.47 34.02 36.04 31.71
33.24 31.38 34.74 36.29 35.7
36.4 36.46 37.34 36.34 35.58
34.75 37.41 35.14 34.68 36.29
32.41 32.68 36.96 33.49 41.9
29.4 32.58 34.05 32 36.76
36.38 37.88 39.52 41.78 48.35
42.69 57.65
