42.45 44.54 47.47 51.38 60.56
51.79 54.51 56.56 54.97 54.18
53.66 53.45 52.37 50.04 51.77
55.33 45.14 46.6 45.03 46.2
45.45 40.47 46.17 39.58 44.11
42.27 45.54 43.49 44.53 47.59
40.67 50.21 45.45 48.67 45.56
37 41.86 37.07 39.63 40.68
51.12 46.96 43.71 45.4 45.64
49.18 41.72 57.53 54.03 51.3
43.63 46.65 42.62 38.8 40.35
42.19 40.15 42.69 39.44 40.78
44.39 43.22 37.43 41.09 44.28
42.36 43.24 40.42 37.32 40.42
31.92 40.11 38.03 38.7 44.53
38.57 38.38 39.98 37.7 39.98
40.86 39.34 35.9 37.34 32.78
32.07 32.08 35.69 32.63 35.5
37.27 37.84 33.94 31.31 36.21
38.22 36.32 39.51 41.17 36.18
35.92 33.73 33.41 30.82 35.06
41.28 36.68 34.39 40.4 47.89
44.32 48.61 58.2 55.59 55.69
55.36 60.38 59.26 61.27 71.15
74.54 74.75 79.44 81.4 77.35
82.37 82.03 79.89 81.02 82.45
80.46 76.78 78.43 82.83 84.05
86.03 87.49 87.63 91.41 90.9
91.66 92.58 93.67 91.25 90.95
92.77 94.16 91.4 90.62 92.06
91.23 89.01 88.54 90.15 88.33
84.52 83.83 84.12 77.65 73.39
71.53 72.29 69.01 74.83 74.54
76.7 76.67 74.02 70.22 70.49
72.69 77.67 78.82 78.48 80.07
77.9 76.97 80.33 76.71 73.97
73.23 72.3 68.42 71.51 77.8
82.11 85.57 86.66 84.98 87.3
87.62 87.06 85.96 88.7 87.03
85.71 86.89 87.24 87.14 89.68
89.47 88.93 91.02 91.55 91.76
87.93 89.51 89.95 88.86 84.56
87.48 88.6 84.56 82.77 85.9
84.32 79.36 77.78 78.08 74.58
69.04 64.92 53.81 54.37 56.62
52.66 53.15 53.67 50.23 55.07
55.76 60.63 68.83 71.72 73.02
69.68 78.36 74.88 77.95 82.05
85.37 86.41 85.07 88.42 87.86
86.19 83.07 87.89 84.12 85.24
86.69 89.57 87.83 87.84 89.74
89.16 88.57 87.28 88.77 85.29
82.67 85.41 82.17 79.91 76.41
73.41 71.24 69.95 71.34 66.93
64.54 49.7
