40.16 36.37 35.46 38.04 38.25
36.46 40.16 38.94 38.41 38.8
44.12 44.67 45.32 51.07 62.51
72.68 82.23 89.31 88.55 91.46
93.44 91.24 91.41 93.62 93
91.24 91.94 92.9 90.44 85.71
89.28 87.84 84.47 84.29 87
83.43 85.44 83.02 85.81 88.08
87.68 89.77 91.3 89.54 89.7
91.35 90.09 87.34 86.1 89.56
87.08 82.8 85.22 82.23 84.9
86.28 88.38 88.23 92.32 87.51
89.25 88.55 88.96 88.42 84.56
85.15 84.25 89.69 89.65 84.85
89.19 89.34 92.22 92.31 94.48
93.97 94.84 94.86 94.48 93.73
92.48 92.2 91.44 89.36 88.22
86.53 79.11 56.98 54.26 44.86
32.2 28.03 30.43 28.17 27.02
35.65 26.1 29.51 26.68 29.04
27.55 28.71 26 36.66 24.61
28.45 26.14 24.31 23.83 27.44
23.95 28.44 22.78 30.04 22.89
24.7 24.25 24.76 23.81 22.61
25.33 23.21 23.69 25.26 25.73
26.15 28.72 37 64.32 83.5
86.82 85.08 82.93 73.63 77.29
84.28 82.76 86.19 89.56 89.78
90.66 91.66 91.14 91.25 91.35
92.25 89.74 89.47 86.34 84.67
79.1 66.42 72.51 66.26 73.97
83.48 88.31 87.5 88.76 83.22
83.1 88.22 87.18 82.76 84.66
85.86 82.36 74.18 71.41 62.5
51.15 46.17 40.55 32.49 29.57
28.74 34.01 34.16 40.41 52.38
62.11 72.64 76.99 82.44 84.68
80.76 82.78 88.74 85.52 82.94
86.98 86.42 89.5 89.23 88.47
88.93 79.98 72.35 59.14 63.34
78.43 87.84 91.11 92.46 91.11
89.29 88.58 88.9 90.56 91.17
90.85 92.5 92.62 91.61 91.36
90.46 87.56 85.09 78.59 73.97
54.81 47.79 28.14 29.19 26.26
27.64 24.81 24.25 23.75 23.63
24.5 24.47 24.25 24.43 27.28
26.26 24.82 26.37 26.31 23.96
28.77 24.59 25.06 26.5 25.17
27.56 26.35 26.85 26.83 27.81
27.48 29.69 27.43 31.61 36.51
41.45 57.44 75.13 89.82 93.85
96.52 97.24 97.49 97.59 95.63
97.5 98.26 97.96 98.27 98.2
98.71 98.35 97.66 95.81 91.56
85.99 85.07 78.47 61.78 56.95
48.86 61.89 60.84 68.56 79.18
87.35 91.11 92.76 93.45 95.39
96.15 95.93 97.43 97.95 97.48
97.59 96.83 97.28 96.53 95.88
95.27 94.98 95.58 94.47 94.1
96.15 96.41 98.57 98.66 98.78
98.41 98.42 98.15 97.39 96.45
95.66 93.9 90.96 92.61 92.01
91.94 91.8 95.15 96 97.69
97.69 97.81 97.39 95.62 97.61
98.22 98.59 97.46 95.46 92.35
89.21 87.94 85.19 88.4 90.55
89.19 88 90.09 88.58 83.37
81.33 77.3 84.84 88.81 84.48
85.63 89.65 92 88.86 89.18
93.44 91.51 88.15 90.98 89.8
93.59 92.11 94.99 97.44 98.26
98.02 97.67 95.27 91.28 80.72
66.73 61.01 58.42 60.53 58.73
67.23 76.03 80.08 82.67 85.08
85 86.12 88.08 90.14 91.02
91.99 92.56 93.98 94.89 94.06
95.48 96.03 94.95 91.16 91.47
93.45 97.49 97.82 97.74 97.92
95.8 95.12 91.83 89.52 91.13
93.19 95.51 95.33 96.26 97.68
98.51 98.35 98.24 98.19 97.91
98.42 98.19 97.43 97.35 97.65
97.18 96.65 96.86 95.56 95.87
97.34 97.32 97.34 95.98 94.66
89.44 84 76.03 63.33 48
47.11 40.96 32.64 38.72 35.93
33.84 30.94 29.59 35.55 47.82
57 69.54 75.97 87.49 91.56
94.16 93.87 95.12 94.21 95.95
96.09 93.28 91.86 93.97 93.98
89.15 84.89 83.99 80.78 63.42
63.42 68 71.82 77.13 87.75
93.23 94.87 89.39 91.51 97.3
94.38 89.77 94.57 95.98 92.85
92.68 91.29 83.02 86.58 90.77
88.34 87 89.41 93.77 94.81
93.08 95.36 96.94 96.87 95.75
96.38 97.62 95.92 97.29 98.14
97.84 98.21 97.92 98.01 98.1
97.87 98.21 96.96 97.08 96
95.27 95.79 93.85 94.85 95.66
95.67 97.06 96.52 97.38 97.48
96.29 95.58 95.45 95.41 89.08
83.66 77.97 82.77 87.5 89.06
94.44 92.97 93.17 95.03 94.42
95.12 97.7 96.98 96.62 97.08
96.91 96.03 96.78 96.53 95.38
93.61 92.19 93.34 90.16 89.48
81.72
