81.43 82.17 86.02 89.97 91.63
90.63 92.41 92.85 90.01 89.51
91.41 92.78 92.13 95.14 95.69
95.24 95.52 96.68 96.33 95.95
96.46 95.28 94.91 93.62 94.08
93.27 91.75 91.8 91.64 89.93
86.52 85.34 82.86 77.72 68.07
64.72 63.8 61.12 63.48 64.85
74.82 81.57 87.44 89.63 88.43
89.59 92.6 92.42 89.69 90.4
92.65 93.49 90.25 88.58 83.79
77.37 76.11 74.96 65.39 65.21
71.44 64.33 69.47 75.61 81.3
89.67 92.74 93.54 96.05 95.68
95.36 96.92 97.55 97.58 97.89
97.53 97.84 97.89 97.59 97.09
97.7 97.83 95.85 96.49 96.27
94.22 94.17 92.66 92.7 94.59
96.05 94.89 93.66 95.65 96.99
94.35 93.92 95.38 96.41 93.92
93.01 90.33 89.1 87.49 81.38
85.27 90.81 90.88 90.3 94
96.05 95.12 96.35 98.24 98.15
97.71 98.51 98.49 97.29 96.92
97.81 97.24 95.43 95.32 95.55
96.55 96.89 97.71 98.42 98.2
96.98 97.91 98.29 96.95 94.62
96.33 96.85 91.96 90.96 94.2
95.1 96.2 95.61 97.31 98.15
98.05 97.87 98.53 98.4 97.77
96.98 97.61 97.27 95.69 94.81
96.11 94.35 89.78 88.23 84.93
85.5 88.09 92.87 94.35 94.72
94.6 94.64 94.33 93.4 94.83
93.5 91.96 95.19 96.36 96.54
95.59 97.67 97.92 97.76 97.41
98.38 98.64 98.02 98.47 98.46
98.33 97.46 98.12 98.08 96.45
96.79 94.21 94.42 92.85 94.15
96.66 96.19 96.26 94.09 92.08
92.79 96.24 97.1 95.69 96.3
97.97 97.73 96.01 97.37 97.51
95 94.66 95.08 94.03 93.4
96.38 96.93 95.37 94.41 92.5
92.49 92.08 88.86 82.87 75
72.22 57.77 52.7 60.58 69.1
79.13 83.89 89.98 93.15 93.05
91.61 91.18 95 97.13 97.48
96.42 97.85 98.61 98.49 98.19
98.31 98.45 98.3 97.76 97.03
95.93 95.74 94.7 93.06 92.99
92.12 89.23 84.93 72.01 58.82
54.16 49.33 45.88 36.46 36.53
40.16 39.64 39.44 34.73 38.78
35.67 37.4 38.71 42.66 43.47
49.44 49.52 58.47 60.52 67.62
75.15 83.28 88.61 92.61 95.57
97.42 97.97 97.45 97.47 98.41
98.3 97.57 97.72 98.18 97.89
96.41 97.27 96.78 95.09 94.41
94.56 94.24 94.51 93.62 93.17
94.02 92.79 90.77 91.85 91.76
92.37 88.51 88.98 88.93 89.2
92.17 94.2 91.43 92.81 92.34
91.9 94.88 95.87 95.71 97.12
97.34 96.34 95.53 96.05 95.17
94.63 93.23 93.13 91.94 91.89
89.69 83.1 77.03 81.14 84.63
91.46 92.65 94.53 95.57 96.44
96.65 97.46 98.06 98.15 98.47
98.57 98.47 98.06 98.23 98.17
97.4 96.22 97.02 97.03 95.84
94.49 95.21 94.46 95.03 95.54
94.11 93.9 92.17 91.54 93.74
94.67 94.5 95.01 94.97 95.42
96.03 93.27 90.45 95.17 93.5
93.19 95.57 95.77 96.7 96.39
95.38 94.71 94.18 93.45 89.9
80.96 71.95 53.22 42.85 33.11
32.8 38.32 35.23 35.93 33.23
33.77 32.99 33.74 31.71 31.14
34.42 33.08 28.66 37.44 32.01
35.4 35.73 39.39 40.32 29.43
36.95 33.48 31.88 37.83 34.8
29.05 35.67 35.82 30.1 30.35
31.66 32.67 27.03 30.28 29.89
25.89 29.55 30.46 27.93 27.76
30.87 33.23 31.74 29.79 33.88
28.56 30.31 27.71 30.83 30.68
28.93 29.2 33.17 38.5
