38.76 40.27 39.71 36.96 42.18
39.52 41.32 37.1 37.15 37.29
34.29 34.63 38.54 35.15 44.3
39.64 39.54 45.54 51.01 55.95
70.78 82.32 79.68 90.27 94.11
94.76 95.19 97.05 95.94 92.67
89.52 83 76.22 76.86 86.02
92.32 94.45 96.53 96.02 95.85
95.8 96 96.36 95.89 95.18
96.23 93.65 94.23 93.31 91.4
93.82 96.76 97.72 98.03 98.4
98.49 98.31 97.4 94.31 91.35
87.47 80.13 80.73 84.74 87.49
92.55 92.69 92.09 93.8 95.23
93.82 92.78 94.38 93.31 89.88
86.72 81.75 83.95 89.61 91.39
85.69 83.15 75.82 69.58 64.33
62.32 63.72 69.2 71.28 74.29
84.18 90.46 95.39 96.51 97.09
96.49 95.96 94.15 92.99 93.51
89.12 89.65 91.84 88.96 92.58
95.45 96.51 97.22 97.79 98.12
97.92 95.99 93.54 89.09 83.49
83.23 76.01 73.17 65.89 64.98
67.44 59.52 70.99 74.24 81.55
87.27 89.2 90.84 93.05 93.15
94.1 95.03 96.64 96.97 96.71
96.66 97.45 97.7 96.84 97.98
98.07 98.03 96.57 95.11 94.12
92.88 91.86 93.12 92.3 87.54
83.23 84.64 87.02 86.83 79.48
80.17 84.96 83.87 87.6 89.19
87.97 90.4 92.83 88.81 90
92.69 93.62 92.47 89.79 85.7
80.98 72.78 64.8 65.15 58.99
58.97 61.58 62.08 73.42 81.94
83.08 82.95 85.67 90.6 90.25
87.34 90.15 94.38 96.65 97
97.57 98.05 97.65 97.51 96.57
95 93.51 93.83 90.68 92.21
93.01 93.83 94.81 90.92 91.17
91.26 94.83 95.81 96.61 96.63
96.62 97.17 96.08 96.87 96.27
94.49 93.47 93.37 93.66 91.81
91.11 89.58 87.78 84.63 81.69
87.57 87.65 86.67 87.34 86.47
86.45 87.09 90.01 89.78 92.06
92.54 90.3 92.28 93.43 93.1
90.93 93.5 94.68 91.86 94.36
96.58 97.8 98.1 97.96 96.96
96.57 93.61 92.6 92.23 91.11
86.7 87.94 85.27 82.7 85.65
83.14 81.2 82.25 83.35 82.42
84.64 85.73 86.54 87.11 88.61
89.72 91.29 92.24 93.68 92.5
93.78 93 94.65 95.57 94.12
94.89 96.75 97.21 96.52 96.26
97.18 96.45 95.63 95.3 95.18
95.02 94.12 96.31 96.87 93.15
88.79 80.84 72.77 80 87.18
92.67 95.85 95.52 94.65 93.47
95.62 97.33 96.53 95.09 97.06
97.12 96.67 96.02 96.68 95.51
94.79 94.62 93.18 92.24 92.66
90.65 91.8 92.53 94.48 93.4
92.03 90.34 91.74 92.44 92.25
91.05 91.63 93.01 92.18 91.98
91.07 91.87 94.01 94.83 93.89
95.02 96.18 96.68 96.35 97
96.85 96.85 96.83 97.39 96.38
96.18 96.15 96.41 94.52 94.49
93.19 91.84 92.17 93.29 94.57
93.56 89.93 91.92 92.58 92.48
93.13 94.61 94.31 93.24 94.92
94.92 93.15 94.29 95.05 93.79
93.16 94.29 95.29 91.9 92.82
94.46 93.99 89.29 88.88 89.06
90.44 88.62 84.38 82.23 72.61
74.28 78.5 86.29 89.68 85.43
85.99 90.94 92.34 88.66 89.22
93.56 92.71 90.35 93.61 94.33
93.57 92.94 95.27 95.27 93.53
94.93 95.73 95.8 94.9 96.16
96.47 96.74 96.06 96.41 96.37
95.9 95.76 95.69 95.8 94.6
94.53 95.23 95.15 94.54 94.12
93.1 92.83 92.32 92.8 92.08
90.95 90.45 91.22 88.53 90.01
90.02 86.05 86.99 86.68 88.09
90.06 89.64 89.96 91.11 92.79
91.49 92.21 92.95 92.62 92.28
93.89 94.47 93.62 94.16 95.61
95.2 92.56 93.84 93.66 92.54
90.84 93.71 92.59 92.23 93.95
93 91.54 92.2 94.26 92.65
90.82 91.97 92.26 89.72 88.2
89.29 89.46 86.86 86.95 89.18
89.19 87.57 88.19 89.44 88.66
86.95 85.86 88.21 84.78 84.11
83.64 85.14 85.29 86.07 87.04
86.84 87.7 88.77 86.08 85.25
87.56 87.65 84 85.38 88.49
85.25 84.76 87.64 88.36 84.34
85.62 89.98 87.6 88.76 90.27
90.82 87.32 88.57 90.06 90.26
87.52 87.35 89.72 88.71 86.13
85.36 88.07 85.52 81.17 79.84
85.41 79.7 77.11 80.56 81.83
77.56 78.85 84.76 83.53 79.92
80.57 86.08 83.18 80.48 84.23
83.76 81.5 83.29 87.17 85.19
85.39 89.05 88.73 86.73 89.49
91.24 89.95 90.51 93.24 93.97
92.59 92.13 93.65 92.28 90.05
91.33 91.13 88.06 87.93 89.03
87.93 85.38 85.96 86.17 85.41
84.83 84.45 86.54 88.25 85.64
88.3 90.37 87.94 88.61 92.04
91.84 88.76 89.36 92.26 89.91
86.58 88.79 88.62 84.84 83.23
82.84 73.6 65.81 54.48 51.34
56.13 53.49 52.16 56.83 58.14
55.7 59.44 56.37 56.44 54.74
56.11 53.29 53.45 52.21 49.62
48.35 52.56 44.8 45.2 42.55
40.69 46.47 44.41 42.6 39.63
43.29 40.51 42.57 44.57 41.24
40.56 39.77 43.35 45.23 37.48
