46.49 48.54 45.47 51.15 50.86
45.3 49.25 52.57 59.38 66.02
70.47 74.83 81.25 84.78 84.77
88.21 90.65 88.45 89.09 90.39
91.26 87 88.25 89.67 87.71
85.82 86.56 81.98 81.46 79.66
75.83 65.27 58.22 59.01 58.24
58.97 69.19 72.06 79.61 85.02
86.18 86.13 88.34 91.12 90.49
89.63 90.91 91.37 90.65 89.35
89.31 89.46 86.94 86.05 85.69
83.55 81.79 78.94 71.36 65.45
60.2 50.18 43.52 42.99 40.68
45.84 48.64 54.68 56.48 61.45
74.36 81.64 87.03 87.89 89.35
89.7 88.93 91.88 92.41 93.76
94.72 93.71 94.72 95.23 95.15
95.14 94.62 93.73 92.5 91.26
90.42 91.9 90.52 89.28 88.57
89.7 91.35 92.15 92.87 92.99
91.74 92.76 92.81 91.81 91.9
89.25 91.74 90.56 91.2 93.01
92.31 90.16 91.47 93.84 90.69
88.15 90.16 91.08 94.33 95.39
95.17 93.97 95.13 93.88 93.91
91.26 89.36 89.78 89.73 88.01
91.34 89.25 90.74 88.92 90.02
89.3 89.84 87.5 86.52 84.99
89.46 87.65 86.99 89.64 91.55
91.29 91.76 90.37 92.4 93.56
95.06 95.29 95.77 95.34 96.53
95.8 95.62 94.46 93 93.61
91.84 90.31 92.22 92.31 92.28
92.28 93.14 94.21 93.39 92.03
93.08 94.61 92.4 90.44 92.46
92.53 89.22 88.98 89.87 87.21
84.47 82.25 79.32 75.28 74.62
82.79 85.87 86.84 87.94 89.33
89.51 88.17 92.04 91.73 90.19
88.98 92.25 92.09 89.69 88.37
90.57 86.47 89.2 85.49 79.66
68.95 63.85 55.91 52.47 38.99
37.64 39.44 40.88 43.51 38.89
40.89 36.59 42.35 39.89 39.69
43.08 38.9 45.95 41.29 42.16
43.33 40.26 44.27 49.36 42.35
44.89 48.18 53.66 53.89 48.77
52.77 53.09 52.79 45.27 45.79
46.25 45.5 50.8 53.71 56.24
51.76 51.26 45.31 46.89 47.12
48.38 44.39 45.33 36.87 45.82
37.69 42.42 42.63 38.46 42.39
42.29 43.69 47.79 52.91 45.28
46.04 53.91 49.12 49.64 47.37
40.9 40.35 39.87 39.15 45.15
39.26 45.88 39.61 39.75 40.53
39.74 39.29 43.68 41.69 36.04
40.35 43.15 37.38 34.02 40.74
45.97 41.98 41.21 41.77 38.87
44.58 41.42 41.57 42.71 40.44
41.08 35.8 38.94 45.92 43.2
35.81 45.9 40.73 39.85 41.84
40.13 37.25 42.98 42.63 47.13
46.1 44.61 52.3 42.36 51.71
50.41 44.3 46.05 39.78 53.81
50.06 60.61 52.97 57.08 46.96
51.38 44.38 47.64 44.15 43.5
47.78 46.02 52.1 55.71 55.07
47.63
