75.05 70.59 81.5 87.25 88.52
89.46 85.31 89.16 92.72 94.31
93.7 94.16 96.17 95.42 95.56
96.94 96.15 97.4 96.2 96.93
95.18 94.94 90.72 86.4 85.52
91.29 92.46 90.99 92.45 93.36
96.17 94.31 93.43 94.24 95.74
93.75 94.06 95.3 94.56 93.73
93.45 91.9 90.16 91.22 88.99
82 72.6 67.33 68.7 75.84
87.59 89.77 92.46 94.68 96.07
94.8 95.87 93.76 93.05 87.94
89.83 88.13 88.28 86.67 89.77
91.65 89.49 92.04 92.05 90.87
94.62 94.5 95.05 94.7 93.26
94.03 95.8 96.44 96.75 97.1
96.92 96.35 95.93 95.17 93.53
91.1 90.27 87.76 85.76 86.77
88.04 88.29 90.07 90.21 88.28
90.5 92.79 92.08 92.6 92.69
92.17 89.68 92.04 92.02 89.65
91.39 90.25 88.72 93.33 94.61
95.74 95.6 95.72 95.69 94.99
95.08 93.83 93.99 91.04 87.97
82.14 80.46 75.47 73.15 75.23
72.3 75.37 74.02 81.45 83.83
89.4 92.77 91.52 92.04 93.18
89.75 90.66 91.8 89.09 89.03
90.97 89.26 91.4 93.52 94.23
92.72 93.21 95.02 93.83 92.8
95.02 94.44 92.74 93.83 95.25
93.91 93.18 94.92 94.64 91.67
92.44 91.79 91.75 88.99 86.66
86.78 80.76 74.93 60.69 51.54
49.05 55.18 62.73 73.39 83.81
86.7 89.23 92.14 91.89 91.5
87.8 87.91 88.88 81.62 79.99
78.19 78.46 73.44 74.85 75.98
82.02 83.62 82.98 88.31 87.53
88.39 89.78 90.45 92.03 93.27
92.52 92.78 94.3 95.18 94.4
95.15 96.4 95.79 95.25 95.92
97.5 96.38 95.43 95.59 95.71
93.32 91.67 91.69 91.68 91.17
91.9 94.82 96.02 94.51 95.02
97.49 95.99 95.06 96.2 97.42
95.5 95.85 97.3 97.18 95.98
94.34 94.29 94.74 96.43 96.04
97.24 97.81 97.63 97.73 97.96
98.32 97.66 97.4 97.48 97.77
96.92 96.08 96.29 95.62 94.11
92.59 92.85 92.61 85.39 84.22
85.81 87.95 72.1 65.18 53.76
46.82 41.88 37.88 46.75 30.88
33.64 28.97 25.08 25.67 24.8
27.74 28.32 33.74 28.17 28.31
29.94 26.95 23.99 26.2 23.85
26.88 25.59 25.54 26.92 27.33
31.67 33.01 28.59 34.55 37.69
35.9 32.8 30.63 33.6 40.11
32.96 32.97 32.31 28.72 44.47
33.5 30.6 36.05 40.15 38.62
38.17 43.5 47.06 55.24 68.38
82.53 89.87 93.28 92.46 90.62
88.96 94.27 96.29 96.22 96.12
97.47 97.43 96.54 97.33 97.5
96 95.91 97.08 95.59 93.42
93.68 91.14 86.52 87.65 90.31
91.31 91.75 93.34 94.48 93.62
94.27 95.57 95.44 95 95.54
96.08 96.05 95.52 95.04 95.73
93.9 92.43 93.17 93.49 95.11
95.27 95.95 95.12 95.61 96.34
94.54 94.55 94.16 92.37 89.09
89.22 87.53 86.02 85.93 78.78
82.4 77.69 76.64 82.94 85.65
84.07 85.88 86.98 89.3 90.88
90.92 91.91 94.16 94.12 93.35
94.35 95.83 94.96 95.18 97.16
95.54 93.57 94.92 93.84 96.4
95.99 96.11 96.22 97.29 97.39
97.2 96.85 97.33 97.15 95.84
95.5 96.12 95.16 93.7 93.48
93.58 91.47 89.19 86.93 87.49
85.76 87.77 89.62 91.82 94.19
92.88 92.18 95.03 95.73 94.78
95.34 96.81 95.42 94.45 96.65
95.02 93.81 94.79 96.26 93.41
93.56 91.55 92.58 90.68 89.47
85.89 85.01 84.19 69.85 66.1
63.28 73.13 84.42 86.14 88.4
93.86 92.8 93.98 95.12 95.66
94.94 95.7 96.74 96.91 96.15
96.65 96.74 95.92 94.92 95.29
94.62 92.43 93.77 93.05 90.31
91.25 91.13 93.49 94.42 95.4
96.44 96.38 96.9 96.99 96.66
96.11 95.87 95.47 93.85 92.37
92.81 92.6 90.7 92.64 94.16
95.13 95.74 96.11 95.67 96.57
96.1 96.51 96.43 96.5 95.83
95.42 96.57 95.1 94.58 93.92
95.15 92.36 89.51 91.77 91.35
90.94 92.42 92.16 92.4 92.5
92.12 90.33 85.4 72.78 68.46
77.56 85.63 90.26 92.52 93.81
93.5 95.02 94.19 94.84 92.18
91.49 93.73 93.98 92.71 93.5
91.65 92.05 92.97 92.97 93.58
93.29 93 93.33 90.37 85.08
85.31 91.96 91.36 92.41 90.57
88.59 81.5 67.11 51.16 50.48
43.23 42.02 40.64 36.63 38.9
44.73 46.89 43.01 50.79 64.64
70.74 54.68 50.12 58.81 50.97
54.46 58.04 55.08 46.1 40.21
40.92 39.37 38.69 41.21 44.85
48.52 65.63 71.82 84.58 83.49
92.08 92.81 95.45 95.34 95.21
92.82 94.19 94.25 94.65 94.97
94.69 95.02 94.27 94.5 94.42
93.84 95.73 93.84 96.28 94.53
95.93 95.49 95.84 95.23 95.79
94.89 93.22 95.05 94.45 94.86
93.79 94.25 93.4 91.66 93.13
94.19 94.24 94.96 93.17 92.38
89.85 92.64 93.69 93.03 94.36
95.34 94.77 93.41 90 84.3
88.4 89.75 91.19 93.96 93.68
94.94 95.38 95.05 94.88 95.96
96.07 95.02 94.71 94.36 93.54
93.46 94.23 93.55 93.3 92.78
93.59 94.86 95.31 95.63 96.51
96.27 96.01 94.67 96.54 96.37
96.04 94.79 93.96 92.69 89.39
85.39 84.26 85.14 76.48 77.42
83.15 80.66 80.03 73.84 79.32
85.53 91.11 92.83 93.69 94.97
95.08 95.44 94.93 94.6 93.93
92.33 91.4 91.89 91.1 91.44
93 91.8 91.92 88.13 87.32
82.07 76.25 71.99 70.34 69.17
65.94 60.71 55.4 53.7 55.06
61.48 66.67 70.89 72.29 83.34
88.75 92.1 91.17 92.96 92.19
93.52 92.84 92.14 90.38 93.48
91.54 93.22 93.22 93.72 93.43
93.65 92.86 92.88 94.16 94.81
93.27 91.08 91.5 92.97 93.73
92.57 92.48 91.31 92.91 91.31
91.97 91.08 89.89 88.35 85.25
82.46 67.7 64.82 70.24 72.39
80.58 81.87 80.86 79.41 83.41
89.36 91.84 90.65 93.13 89.49
88.18 88.45 86.3 88.16 88.65
87.77 87.79 90.16 91.07 92.41
94.05 92.77 92.35 94.26 93.75
93.13 91.59 92.67 92.82 93.2
93.73 93.56 91.66 90.47 88.12
88.9 86.02 88.43 81.06 70.19
59.67 51.16 50.56 49.45 49.53
48.35 43.72 43.3 40.99 37.84
32.3 29.76 28.44 27.28 30.71
30.69 26.27 28.8 29.76 27.27
29.13 27.48 33.59 29.43 30.47
28.04 33.13 27.9 31.32 30.74
24.4 34.43 29.58 25.84 30.69
31.53 29.9 24.38 36.34 32.01
26.86 29.21 27.4 30.31 30.42
29.03 30.39 40.51 47.53 66.69
80.13 87.84 87.18 89.53 90.14
90.38 90.85 92.1 91.47 92.78
92.83 93.86 94.18 93.45 92.47
93.01 90.61 91.61 88.45 89.59
90.82 93.66 93.54 93.55 91.11
90.48 90.59 91.3 91.26 92.11
91.32 91.5 90.78 91.36 91.17
89.68 91.82 90.77 89.84 89.61
85.2 83.8 87.24 87.33 86.28
83.36 78.45 78.6 70.56 77.55
75.08 82.24 84.53 83.88 87.16
89.56 88.85 90.28 89.08 91.09
90.59 91.87 88.15 89.21 89.16
90.55 90.65 92.53 91.77 91.61
89.02 85.73 77.08 69.37 67.61
75.69 82.05 86.67 89.99 89.24
89.43 87.09 84.98 88.38 87.31
89.41 87.4 88.26 87.62 88.5
86.33 87.72 86.29 85.88 84.59
79.18 75.09 67.21 57.44 55.96
51.02 49.96 43.43 40.85 40.18
45.37 43.51 44 51.06 46.1
56.65 66.71 68.22 73.27 72.19
70.47 72.5 75.89 75.18 76.04
78.58 79.33 78.79 84.58 84.24
84.2 83.47 85.41 85.92 84.15
83.69 85.9 85.13 90.27 91.8
93.53 93.1 92.86 88.39 90.6
90.49 91.32 93.29 93.35 92.58
91.66 90.77 88.38 87.07 84.67
79.41 81.66 84.05 82 79.29
79.38 83.96 83.41 80.08 81.91
85.96 84.62 83.58 81.74 81.92
83.83 85.04 84.39 86.12 87.14
87.33 86.56 84.24 82.47 83.69
80.4 75.99 66.49 59.41 59.11
65.34 73.06 80.69 80.79 85.03
85.22 85.36 85.19 87.42 87.38
88.27 89.58 89.95 89.57 88.94
88.49 88.34 86.95 87.31 81.78
80.97 76.44 81.11 81.47 83.95
80.13 85.32 86.6 87.36 87.73
89.04 89.14 89.66 89.75 89.77
87.98 82.29 79.08 71.38 76.94
74.45 81.29 84.45 85.59 87.78
85.81 85.63 79.9 83.4 86.22
88.74 88.32 87.72 85.91 84.38
86.49 86.41 88.88 85.92 85.5
86.17 85.14 85.82 86.96 87.45
84.04 81.95 86.71 89.15 89.73
89.37 87.98 88.07 87.25 88.91
89.71 89.06 90.21 88.72 87.37
86.77 87.45 88.19 89.12 88.98
87.85 85.61 85.18 82.77 76.32
77.51 69.74 64.32 55.3 54.55
54.35 57.26 64.22 69.35 71.74
67.91 65.86 73.58 74.19 72.24
76.12 74.11 74.71 83.44 86.17
87.2 87.9 87.34 86.56 80.42
66.82 60.58 45.13
