39.56 44.33 39.87 44.3 46.69
47.06 44.93 52.26 50.15 43.01
53.82 55.28 54.49 54.7 59.4
58.1 53.34 55.14 57.8 51.79
50.24 57.89 41.8 40.13 37.16
36.01 33.71 33.62 31.49 32.81
31.7 31.02 31.22 29.63 36.2
29.56 30.86 31.52 29.91 36.42
31.41 37.84 35.33 34.74 39.24
36.18 36.13 36.02 31.6 29.55
31.55 31.4 36.74 38.31 35.96
34.57 27.44 31.62 35.8 38.44
37.56 36.26 40.18 32.91 47.09
42.67 37.54 36.62 41.04 37.39
31.78 38.8 37.3 37.76 38.19
29.43 37.61 30.02 32.61 33.37
37.41 33.79 31.14 33.64 31.16
32.95 34.54 33.27 33.14 36.58
28.44 36.33 28.34 32.29 35.77
39.25 30.31 32.92 28.92 28.96
35.9 28.6 32.51 33.1 33.08
32.13 30.56 35.29 34.54 33.41
35.35 31.35 36.27 28.76 27
33.73 31.28 37.45 35.2 37.09
38.75 34.52 36.43 34.32 33.82
32.32 33.79 33.57 29.7 27.72
29.99 28.69 31.2 26.13 27.37
27.11 25.12 27.8 25.85 28.92
26.51 28.4 26.62 29.25 25.88
24.35 25.53 26.78 27.07 25.89
26.66 25.22 24.67 24.31 24.33
26.38 27.75 27.03 27.66 30.92
26.27 29.03 32.04 28.82 31.6
29.26 31.3 26.2 29.84 25.44
28.58 26.13 30.8 30.39 32.69
32.38 33.32 37.85 38.22 29.36
33.88 31.07 29.84 29.48 29.74
29.72 31.74 29.5 34.17 40.65
42.42 36.81 34.63 42.56 33.39
36.04 35.02 37.05 31.79 31.02
32.28 26.53 27.14 31.62 31.16
27.32 26.45 30.96 27.15 31.71
29.38 30.49 31.11 31.59 29.58
30.62 27.79 31.26 27.4 32.86
27.21 31 31.5 27.44 32.6
31.46 30.35 30.83 34.59 29.16
34.49 33.4 34.02 35.78 33.31
32.85 33.28 37.27 36.55 30.16
30.62 28.6 37.71 33.43 30.94
36.87 37.94 40.51 40.38 39.23
42.85 36.16 36.88 34.65 36.43
32.13 28.07 33.48 30.98 32.39
27.56 34.83 26.23 34.01 32.07
27.25 34.92 35.25 37.55 32.26
33.13 30.06 34.86 31.08 38.06
34.31 34 36.01 34.7 32.18
25.93 31.2 29.53 26.8 35.16
29.98 30.52 26.68 30.35 29.4
29.33 27.93 27.11 29.67 32.3
26.05 30.34 32.66 26.42 33.33
28.2 30.15 28.3 36.62 33.85
33.47 39.61 39.22 36.46 38.33
37.21 37.61 35.16 34.36 32.95
32.97 32.46 26.45 35.11 26.91
26.81 30.03 24.25 30.69 23.97
30.18 30.62 33.87 30.31 25.93
27.51 30.15 26.71 30.58 27.35
29 26.13 30.88 29.13 25.96
28.01 24.54 29.58 26.41 31.12
32.52 26.47 31.68 24.84 26.98
23.47 27.61 27.67 27.08 28.89
30.67 33.33 30.38 32.31 28.57
30.42 29.4 29.16 32.78 29.73
33.66 31.27 33.67 29.76 33.73
31.98 29.85 40.72 36.63 31.91
32.48 33.95 35.42 38.68 32.04
35.22 28.39 35.48 28.76 30.63
25.2 26.4 25.6 37.91 44.5
37.84 32.39 34.57 41.1 30.35
35.7 27.37 30.09 37.92 39.6
29.59 28.08 28.65 32.22 29.76
35.78 33.71 30.72 33.62 33.21
33.52 28.94 30.37 29.24 27.1
31.49 28.09 35.3 31.92 27.39
28.82 26.97 26.78 25.4 26.14
27.02 27.91 30.81 34.37 29.21
32.97 26.93 33.41 32.44 34.47
28.73 40.8 29.58 35.75 36.47
35.02 32.42 32.2 32.84 29.66
41.49 39.83 34.41 39.78 32.88
30.71 29.33 34.16 29.31 37.22
31.57 36.38 29.47 32.09 36.67
34.03 32.04 33.11 33.26 35.54
34.79 34.44 36.09 35.5 33.61
37.84 34.11 40.84 33.35 41.48
37.46 35.85 35.49 36.42 33.58
33.01 31.71 32.18 27.06 32.24
32.16 29.53 33.63 34.31 32.92
37.5 37.49 34.46 27.92 32
25.82 32.89 31.94 34.76 31.71
32.87 31.08 34.31 31.35 27.59
31.33 31.21 28.62 33.28 30.16
27.01 33.92 27.51 28.01 35.74
36.63 45.87 59.42 78.91 86.59
88.12 87.8 89.99 93.28 92.14
90.58 85.22 84.38 88 93.01
94.48 96.18 96.19 95.29 91.56
94.24 93.53 92.04 91.64 92.77
95.1 95.28 95.31 94.36 94.73
92.29 87.86 83.26 76.06 70.26
61 60.93 63.84 63.51 69.09
83.22 89.24 91.51 95.87 96.77
97.57 97.55 97.88 97.24 98.04
97.51 97.47 96.51 94.65 95.01
87.12 81.37 83.51 89.58 91.57
85.31 86.35 90.56 87.02 88.75
93.43 94.83 97.34 98.01 98.49
98.28 98.29 97.97 98.38 97.87
98.05 97.22 96.49 96.65 95
93.07 92.18 94.91 95.25 92.55
86.25 93.63 89.99 90.62 95.72
95.5 98.02 98.46 98.67 98.55
98.43 98.14 98.48 97.97 98.25
97.22 94.93 96.96 94.66 94.22
90.94 94.65 95.35 93.13 90.99
95.02 90.46 92.07 95.74 95
97.85 98.14 98.61 98.36 97.89
97.64 98.51 98.01 97.91 96.42
96.23 96.71 94.81 94.6 92.03
95.1 94.82 92.72 90.5 90.33
87 86.8 92.95 88.13 90.43
95.16 93.5 96.73 97.89 98.36
97.84 96.87 96.54 97.94 96.96
96.71 94.15 93.63 95.9 94.33
94.51 93.3 93.3 94.46 91.52
89.46 91.82 88.99 90.07 94.57
93.38 96.39 97.49 97.73 96.6
94.86 93.98 95.86 93.8 94.19
91.71 89.67 91.1 94.04 92.86
91.16 91.65 92.24 89.25 87.37
87.12 88.35 81.84 85.92 92.61
93.51 95.46 96.42 96.43 95.24
93.31 89.23 87.28 90.62 91.11
89.43 89.75 91.13 91.03 88.06
90.15 91.33 90.26 90.97 91.26
92.07 90.85 89.44 88.87 88.06
88.07 91.59 93.32 93.25 91.28
88.28 80.45 78.24 74.94 78.11
66.01 64.97 58.51 56.22 62.22
68.91 79.16 70.96 72.71 71.22
75.99 80.38 83 77.21 83.87
78.71 80.46 84.2 84.84 88.71
87.65 86.37 86.68 87.29 84.71
81.77 78.19 73.9 66.97 66.58
67.39 61.26 80.25 88.73 92.65
93.97 94.36 92.77 91.56 86.5
76.08 61.17 43.16 36.34 31.95
35 33.03 40.77 28.13 35.09
29.28 29.54 35 31.98 39.82
46.49 40.46 37.94 41.07 48.91
44.49 46.72 47.88 54.76 47.37
52.59 54.96 51.05 48.58 58.24
53.91 58.51 60 54.27 62.14
62.31 57.25 64.58 61.42 57.88
58.01 63.95 60.64 58.96 53.94
58.97 52.5 55.94 52.69 57.96
56.66 56.46 51.51 60.76 58.69
52.76 54.4 55.64 56.24 56.11
56.79 60.99 54.07 55.52 53.68
56.07 48.84 54.34 54.83 47.3
55.51 59.27 50.78 52.27 57.85
57.1 50.77 52.73 54.5 51.51
48.38 48.35 50.16 53.42 42.77
50.75 49.36 56.25 53.01 54.57
52.3 54.07 57.31 54.16 46.59
56.74 50.2 49.23 47.49 43.98
44.12 35.88 37.78 37.66 34.51
30.47 31.86 32.14 30.74 30.33
33.49 32.22 29.54 28.87 32.13
29.72 39.2 40.55 44.68 49.14
54.95 56.88 64.78 67.35 68.95
73.95 76.22 73.65 75.93 83.77
79.32 84.7 81.78 86.61 86.58
84.72 85.46 87.83 86.52 86.77
86.92 87.54 84.28 84.19 84.65
83.46 78.4 80.79 77.38 75.98
70.28 72.52 65.38 61.12 56.45
58.2 53.9 50.1 51.45 50.92
40.83 37.27 43.39 45.71 39.02
39.93 43.7
