46.06 44.13 48.65 54.75 47.03
52.17 46.17 52.59 49.81 46.87
53.2 42.55 50.78 47.09 51.4
47.16 51.09 52.2 52.41 67.54
66.02 74.65 76.69 74.45 78.17
76.22 72.95 73.35 71.27 61.73
70.62 54.74 45.15 48.32 40.85
39.58 47.18 49.9 40.98 40.67
46.85 39.9 39.94 40.51 38.24
43.63 44.38 42.45 43.96 38.4
43.06 51.18 58.75 77.31 83.82
85.56 86.36 86.71 88.29 86.28
83.29 81.81 81.17 74.6 78.6
79.78 83.47 86.14 87.05 89.59
89.49 87.98 85.13 88.6 90.55
89.63 90.37 88.26 85.97 86.24
80.76 83.16 82.92 77.8 77.78
77.76 79.99 74.23 75.42 71.42
66.18 71.72 67.1 64.85 75.48
81.28 85.55 86.04 88.31 85.49
86.56 88.76 86.76 85.24 85.48
84.5 82.57 81.88 80.11 79.81
74.26 73.4 72.61 60.57 56.77
53.87 52.31 52.64 38.89 34.78
46.67 45.96 42.84 44.95 37.57
38.4 42.93 39.48 39.14 41.56
38.83 40.82 36.5 41.07 39.09
41.98 38.17 38.01 39.95 31.14
37.04 36.23 31 35.89 35.59
38.8 34.44 40.85 37.76 37.76
37.61 36.53 36.34 32.63 35.58
41.74 35.63 33.96 35.85 35.93
33.29 34.73 35.73 38.26 34.49
31.17 37.84 33.09 33.48 34.66
32.45 36.81 29.67 36.75 32.49
38.39 32.23 36.85 40.45 44.25
40.1 44.73 43.97 45.31 45.23
45.05 49.72 44.76 39.51 49.34
39.11 39.88 40.62 40.46 37.36
30.87 37.15 34.25 36.36 34.18
31.25 36.56 40.36 47.09 47.59
56.33 63.47 79.08 76.92 82.3
84.62 82.31 80.37 81.93 80.44
80.72 79.8 79 76.36 70.97
72.85 68.37 66.55 63.45 60.58
61.69 60.09 67.38 62.46 64.28
58.21 58.78 48.63 57.55 53.19
53.44 49.21 45.69 52.86 50.95
44.61 45.77 43.74 43.16 43.16
45.54 41.64 45.38 49.13 42.46
41.65 43.52 36.09 46.83 54.39
49.33 57.49 54.32 58.19 61.6
61.75 59.37 61.58 60.13 64.35
64.49 66.82 67.54 63.42 70.17
73.83 83.44 88.87 91.51 91.47
89.43 89.31 87.67 82.48 84.37
83.92 76.47 78.72 81.37 86.02
88.88 89.91 90.97 90.45 87.95
86.53 88.16 89.6 91.38 91.74
92.5 91.43 89.89 90.69 90.47
89.26 82.25 82.86 88.37 87.42
85.84 85.67 84.99 85.29 78.82
79.43 83.57 87.72 88.86 89.64
86.75 86.09 84.95 80.1 73.38
73.98 70.05 63.13 56.5 53.78
54.43 57.3 56.64 61.47 68.57
64.59 74.93 68.35 67.15 68.36
71.64 66.65 63.27 68.25 65.66
62.59 61.36 54.95 60.78 64.26
71.2 76.42 77.66 83.03 80.52
82.95 84.07 82.22 81.43 85.81
82.11 79.94 79.14 79.02 78
71.47 71.7 62.71 62.52 53.93
50.48 52.55 52.58 53 46.31
55.66 56.48 55.02 53.24 55.96
62.3 65.76 77.83 76.91 84.37
84.37 81.01 76.18 84.41 82.24
79.21 77.31 84.92 77.37 75.69
66.82 68.52 53.77 58.25 51.49
50.33 47.57 46.45 50.39 43.35
48.72 52.03 41.44 44.49 49.93
43.14 43.92 34.75 41.97 36.72
37.09 40.69 38.6 37.33 40.59
39.26 37.34 35.97 34.86 34.83
41.06 48.53 56.11 66.22 81.49
77.81 79.88 78.01 76.61 78.17
84.03 82.12 81.16 82.47 82.53
83.66 85.64 85.89 84.05 81.38
80.55 83.62 81.62 81.87 80.71
80.62 75.76 78.83 74.02 67.28
53.52 37.74 33.89 38.79 35.56
29.56 32.66 31.83 35.81 37.92
36.43 36.27 39.75 40.58 34.65
38.51 31.91 35.3 28.52 28.25
33.85 31.7 35.33 34.28 37.17
36.37 34.25 34.33 34.46 35.67
35.73 35.12 36.9 35.54 37.64
34.99 39.59 37.69 36.92 32.82
33.45 32.99 40.9 33.7 33.69
29.48 37.61 33.62 31.62 34.96
27.33 32.4 34.13 31.45 29.82
34.96 30.28 30.26 32.23 48.24
40.34 32.75 32.69 30.87 42.31
33.09 38.15 36.89 31.93 44.42
34.89 31.92 35.47 35.6 35.8
34.68 36.47 35.37 35.04 36.71
33.89 37.67 46.3 28.64 35.18
40.44 36.3 38.98 34.41 48.42
39.29 33.64 39.44 34.66 38.39
36.78 40.32 36.53 35.65 39.76
35.03 29.95 31.39 29.79 32.93
38.33 32.8 30.61 32.78 36.07
34.77 37.12 34.55 29.89 30.79
38.55 30.08 34.36 31.83 28.86
36.8 30.18 36.71 32.36 35.28
32.04 34.11 35.88 38.14 34.27
28.02 35.7 36.7 40.77 35.79
36.69 40.28 38.59 32.57 35.76
34.06 33.47 34.62 37.42 30.4
35.31 31.59 35.67 32.72 38.76
36.67 39.57 34.49 43.66 38.24
32.6 41.56 38.58 40.03 44.31
38.4 37.1 28.08 42.53 33.01
36.27 34.97 32.95 37.55 38.71
40.38 39.18 38.09 37.92 38.82
52.95 36.54 37.62 36.1 32.3
35.98 27.56 34.74 31.93 36.38
32.38 35.35 35.6 37.21 36.94
35.13 35.97 37.63 34.33 34.03
35.49 35.85 35.67 36.49 36.95
32.65 36.96 37.84 30.76 34.08
26.58 32.93 31.69 38.7 33.73
34.67 34.5 38.84 39.84 31.43
34.25 32.11 32.74 30.42 32.2
35.94 38.53 39.55 34.49 32.09
38.94 37.22 36.02 36.45 35.56
35.97 32.54 32.44 29.48 31.42
31.42 29.95 29.27 27.46 28.6
35.42 38.29 33.93 48.72 36.8
43.06 37.52 39.91 36.47 38.49
33.06 43.97 37.05 32.95 35.31
30.6 34.57 32.7 37.7 32.97
32.58 32.01 38.28 31.86 30.94
36.02 33.58 31.69 37.26 46.76
55.6 46.55 46.85 61.48 60.77
54.57 66.31 62.78 60.47 57.29
63.01 61.18 56.18 49.6 49.01
55.84 52.54 52.43 47.01 58.77
56.19 62.48 61.41 57.18 62.1
74 73.6 68.27 74.36 74.54
72.05 75.87 74.43 71.46 73.73
73.52 68.61 73.77 72.05 71.62
66.11 68.13 48.76 41.03 35.81
33.84 35.1 32.8 30.68 34.33
29.57 29.39 34.82 29.13 34.31
34.25 30.2 29.72 29.68 32.64
28.08 31.67 29.9 31.5 36.23
31.83 38.04 30.84 41.4 46.2
57.28 69.91 79.99 83.84 86.74
92.24 92.51 93.19 93.07 93.55
87.61 77.42 67.34 75.47 81.78
86.9 91 91.19 91.76 90.68
85.45 86.58 89.26 93.3 94.42
96.17 95.78 94.78 93.8 88.95
86.66 86.04 91.47 91.49 92.93
92.78 92.65 89.46 87.88 89.8
86.11 87.66 89.81 89 89.73
91.78 90.7 91.32 92.67 94.28
95.43 95.55 96.15 94.73 93.41
89.74 86.44 85.78 88.25 88.68
90.5 95.18 95.06 96.06 94.36
93.32 92.23 90.08 86.46 88.23
89.84 93.54 92.82 93.56 92.51
88.51 89.63 90.32 91.33 87.48
78.9 69.78 63.49 57.98 45.94
41.96 45.47 48.2 51.04 59.46
62.08 63.45 71.85 78.23 81.02
79.44 81.17 82.41 81.78 80.09
80.7 81.71 79.4 80.59 78.93
74.97 70.78 69.77 62.2 58.63
54.67 57.17 51.48 37.76 37.35
35.01 50.21 42.94 42.42 44.71
43.31 37.85 39.43 37.12 39.14
39.52 33.02 40.32 42.67 38.9
53.77 58.45 65.75 79.77 73.37
79.14 75.71 75.74 75.3 70.67
69.61 62.36 56.75 55.75 47
43.5 46.67 51.35 59.65 67.8
80.29 82.01 85.72 91.26 93.88
94.12 95.19 92.07 93.04 92.57
95.74 95.53 95.14 93.08 93.27
89.19 89.42 91.49 93.25 95.47
95.34 95.21 93.45 91.37 83.15
64.91 50.5 35.54 33.19 33.2
29.21 36.07 33.72 33.62 33.18
34.39 33.66 34.75 35.38 37.96
37.95 39.08 37.52 36.78 36.55
37.74 39.34 36.95 32.32 36.42
36.57 35.31 36.76 37.75 34.13
40.62 38.98 32.81 37.79 36.02
40.81 39.8 39.43 36.04
