37.08 35.19 28.61 35.89 33.91
31.61 31.02 29.79 28.26 30.42
29.64 30.01 32.32 33.87 29.67
31.57 28.28 24.39 22.52 27.88
26.28 21.65 27.25 26.61 23.81
26.71 23.87 24.8 24.88 24.51
29.03 26.04 23.05 27.15 24.7
24.39 28.82 21.59 22.32 22.23
26.9 25.66 23.19 32.76 30.34
37.25 26.84 27.62 31.81 29.59
27.92 33.81 29.37 29.12 27.79
27.03 29.96 29.41 27.29 26.63
28.29 28.82 29.64 41.78 38.41
50.34 59.06 73.4 80.71 86.95
88.43 92.42 94.08 92.87 91.44
92.69 94.84 92.86 90.84 93.9
94.74 92.25 91.99 95.03 92.23
88.1 91.86 91.23 94.59 93.57
94.46 96.42 96.22 95.4 96.21
96.53 94.68 94.11 94.92 94.92
96.35 96.63 95.91 97.79 97.98
97.6 96.51 97.94 98.16 96.3
96.83 97.48 97.07 95.85 96.8
97.38 96.35 97.13 97.32 95.87
95.16 95.89 95.38 93.47 94.23
93.99 91.01 89.25 87.48 88.21
89.76 88.04 88.92 90.66 91.08
90.91 92.71 94.34 93.52 93.24
94.06 95.47 93.83 93.12 95.36
94.23 92.96 93.99 95.1 94.11
93.56 94.23 95.58 94 94.07
94.85 95.64 94.59 95.46 95.65
95.67 95.33 96.4 96.14 95.84
96.81 96.4 94.84 95.49 94.75
92.61 92.85 93.25 91.07 88.42
90.63 90.3 87.02 86.14 88
85.49 78.54 73.05 67.98 65.47
64.42 66.81 69.1 82.07 85.74
84.98 87.05 90.64 91.25 93.85
93.97 94.13 95.74 95.7 94.96
95.31 95.42 94.68 94.58 92.5
93.59 92.97 91.85 89.32 88.49
88.27 84.17 72.17 65.14 60.26
60.84 62.19 61.7 69.7 79.78
84.15 85.15 90.03 91.62 91.84
92.51 94.12 95.11 94.43 95.6
95.77 95.07 95.59 95.83 93.89
93.75 94.59 92.52 89.01 88.02
88.63 83.37 79.69 74.79 75.36
70.78 67.07 61.7 56.5 53.86
54.44 52.37 51.04 51.27 50.05
48.51 49.17 47.15 44.67 43.49
45.57 38.66 31.32 42.22 30.47
33.45 32.48 36.3 31.22 36.95
38.62 39.01 40.89 41.51 47.46
47.57 50.5 55.37 68.2 71.36
80.8 84.17 88.51 89.97 92.08
93.13 90.53 89.69 86.53 84.86
88.02 90.22 91.3 93.32 95.21
94.56 96.25 96.57 96.87 96.76
96.46 96.63 96.97 96.1 94.59
94.39 91.48 90.04 93.46 92.17
88.36 90.36 92.33 89.58 88.41
90.91 90.25 89.45 89.9 93.63
93.6 95.48 95.82 96.61 97.57
98.14 97.62 97.88 98.24 98.16
97.55 97.96 97.98 97.08 97.14
98.03 97.77 96.61 97.98 98.09
97.7 96.48 97.19 96.42 95.55
94.31 94.62 92.63 90.32 89.8
89.82 84.49 85.36 90.82 91.23
90.67 92.41 92.54 89.65 88.15
88.86 88.63 84.22 80.27 78.04
76.04 72.83 69.54 82.08 87.73
89.6 88.69 91.32 93.23 93.74
92.9 94.31 94.77 95.2 95.25
93.09 93.82 93.82 93.02 89.55
90.87 92.58 89.41 86.38 89.66
90.16 84.56 86.15 89.3 87.57
81.82 85.13 87.08 84.85 78.85
82.28 81.78 74.31 69.47 66.78
72.63 77.33 81.19 85.6 86.71
87.62 86.46 88.04 91.15 92.37
92.12 93.06 94.5 94.17 94.24
95.34 95.86 95.97 95.96 96.27
96.11 94.93 95.73 94.58 92.31
90.62 85.99 90.95 92.82 93.38
93.01 94.48 95.23 94.39 95.14
95.92 96.04 96.33 96.15 96.71
96.97 96.7 96.76 96.53 96.54
95.58 96.66 96.35 96.31 96.05
95.99 95.31 94.66 93.87 91.71
91.42 89.7 83.56 79.61 79.27
79.9 77.7 77.34 84.77 86.19
87.15 89.56 90.55 91.64 92.73
94.13 93.91 94.04 95.72 95.8
93.04 93.85 95.77 94.99 93.66
95.33 94.99 93.69 93.56 93.64
94.37 92.87 92.08 91.77 91.02
89.07 88.09 88.98 85.7 78.79
68.57 58.1 47.28 40.17 38.07
36.42
