48.63 47.59 47.85 40.87 49.26
56.55 55.31 43.22 51.16 42.58
45.13 40.51 38.22 43.82 43.49
47.14 42.57 38.77 40.23 42.26
41.22 39.49 38.4 39.77 40.71
44.03 49.97 47.39 40 43.64
39.01 43.37 42.41 40.99 46.35
49.14 50.42 43.06 48.31 41.12
43.61 37.96 39.4 39.94 36.42
43.61 43.69 38.2 38.02 38.17
38.53 38.87 38.91 38.78 49.15
44.97 44.15 45.21 44.72 50.11
40.38 37.1 47.91 41.05 41.84
43.58 38.98 40.06 33.74 37.02
39.78 40.84 43.37 41.36 39.98
40.15 35.23 43.48 35.64 33.6
42.56 36.59 37.22 39.89 33.36
36.91 39.62 32.25 39.95 41.49
34.26 46.73 40.54 42.65 39.28
42.67 42.79 39.16 40.31 41.76
39.6 31.19 40.4 40.78 36.52
34.76 39.07 42.52 44.08 37.09
36.34 45.25 43.44 44.75 44.6
46.77 42.92 52.07 56.95 57.22
52.75 56.17 52.89 63.25 65.94
63.08 68.62 76.59 80.69 77.59
79.87 80.42 83.44 84.5 85.77
86.64 89.26 88.07 88.73 89.86
89.32 91.88 92.99 94.14 95.64
96.36 96.28 95.77 95.6 94.98
93.2 94.06 92.79 90.66 89.1
87.45 86.35 76.95 77.64 68.83
69.37 68.96 71.34 71.97 69.5
75.42 73.34 72.67 71.93 72.85
70.5 57.92 60.99 54.63 47.04
47.35 38.93 49.89 39.04 44.38
39.04 43.74 42.52 41.16 45.16
42.79 41.29 46.33 47.86 48.05
45.08 39.42 40.76 40.14 57.96
49.45 69.26 63.15 54.02 61.95
52.74 58.25 54.43 48.43 46.35
44.68 39.6 38.31 41.69 43.89
36.22 37.74 38.98 44.61 39.87
41.6 41.56 39.72 50.9 44.66
45.35 40.17 43.17 43.92 38.71
40.06 45.01 38.01 38.82 39.92
39.6 37.96 34.75 33.57 32.55
43.9 42.65 31.64 33.55 36.22
29.72 40.06 35.42 31.62 36.91
