37.3 36.89 40.66 39.19 45.76
43.72 53.33 57.89 56.9 59.93
58.15 58.05 58.84 61.53 63.08
67.97 69.26 77.26 77.65 78.41
82.31 82.48 82.37 85.18 83.96
82.6 84.15 85.58 83.17 81.67
85.52 85.57 82.4 80.19 72.84
72.28 73.15 71.87 70.25 68.9
68.83 75.39 83.5 94.37 97.55
97.89 98.09 98.15 98.11 97.81
96.81 94.81 94.06 96.88 97.89
98.06 98.35 98.03 98.1 97.59
96.7 95.28 94.32 92.25 88.34
85.04 88.04 92.53 93.66 93.63
94.25 93.55 94.36 94.07 94.64
96.25 97.2 97.26 97.27 97.11
96.19 94.7 95.94 97.4 98.06
97.65 97.5 96.1 95.23 92.6
92.51 92.42 92.55 93.93 94.45
94.5 95.06 95.53 96.17 96.99
96.32 96.21 97.43 97.68 96.74
96.29 97.08 97.47 96.68 96.41
97.29 97.42 96.64 95.77 95.34
94.2 95.56 96.69 97.31 97.62
97.52 97.53 97.6 97.43 96.83
96.67 94.94 95.27 93.57 94.77
93.87 91.68 90.14 88.05 89.14
88.67 91.6 91.51 94.91 96.36
97.8 98.17 98.29 97.85 97.56
97.2 95.22 94 94.58 94.94
96.89 97.51 98.08 98.23 97.5
97.73 96.64 94.82 94.71 93.75
96.93 97.46 97.37 97.3 97
97.23 97.89 97.84 97.88 96.82
94.95 94.29 95.52 95.99 97.23
97.52 97.94 98.2 98.17 98.01
97.92 97.95 97.86 97.15 97.46
96.02 94.78 94.38 96.07 96.97
96.34 96.7 97.18 97.49 97.72
97.43 98.02 97.99 97.66 97.75
98.09 98.05 97.56 97.82 97.19
96.86 96.99 96.61 95.73 94.25
92.94 95.32 94.62 94.65 96.63
97.48 97.86 97.99 97.76 97.78
97.13 94.64 90.56 88.32 89.48
92.88 93.97 94.49 95.31 94.31
91.63 95.77 93.97 94.04 91.05
90.31 88.84 87.85 88.01 90.98
90.34 91.42 89.2 88.06 89.38
91.73 91.29 92.6 92.97 92.5
94.49 94.99 94.31 93.73 95.36
94.86 93.72 94.05 92.41 91.45
84.45 88.27 81.2 80.78 70.98
65.16 64.65 65.86 67.83 66.91
71.19 67.12 71.66 64.76 67.95
67.26 63.66
