44.47 52.31 52.46 52.47 50.81
54.58 53.99 51.49 56.66 54.05
52.95 43.38 49.11 51.91 43.05
49.68 55.81 54.79 54.38 69.76
79.35 78.69 82.65 82.75 86.61
86.7 87.77 87.24 88.45 89.05
86.63 85.9 86.18 84.83 85.53
84.5 83.75 82.52 83.48 87.99
87.29 89.29 90.11 89.65 89
90.09 92.78 91.6 90.17 89.99
88.71 87.58 86.69 82.33 82.52
79.9 84.3 81.97 76.84 73.32
74.32 75.97 83.28 85.33 88.56
88.6 91.34 89.98 88.03 87.93
85.66 86.87 81.4 82.14 85.64
87.97 88.08 88.94 89.23 90.69
91.02 91.52 91.33 93.03 93.51
93.32 94.68 92.92 94.73 94.25
93.54 91.39 92.88 92.82 93.19
93.73 94.55 93.61 91.85 91.41
93.28 93.85 94.26 94.45 94.95
95.11 95.21 95.4 95.2 93.86
93.62 93.85 92.34 89.51 90.19
89.42 90.1 90.09 89.74 90.48
90.18 88.53 89.77 89.24 88.6
86.45 88.75 87.07 86.35 88.62
87.53 91.31 91.1 92.91 92.9
94.28 95.12 94.23 94.44 95.04
94.61 94.39 94.26 94.38 94.15
94.56 95.15 95.64 94.2 91.95
89.48 93.25 92.58 90.53 91.7
93.41 92.19 92.64 93.57 93.94
93.44 94.07 94.96 95.89 95.48
95.48 95.53 95.84 95.14 94.84
94.75 94.01 92.64 92.33 92.63
92.06 93.7 94.1 94.89 93.23
93.19 94.3 92.28 94.39 93.38
93.65 92.24 92.72 92.11 89.7
91.07 91.46 90.44 90.69 93.59
91.51 90.01 91.83 95.86 93.75
93.55 96.7 96.45 96.35 96.3
97 96.99 97.46 97.45 97
97.13 97.28 97.46 96.68 97.14
97.67 96.81 97.31 96.64 96.58
96.2 96.26 96.25 96.71 97.05
96.31 95.37 95.88 95.77 96.46
94.14 94.47 94.55 93.26 90.8
92.09 90.36 86.64 86.53 86.67
85.37 82.42 79.06 82.49 81.18
75.47 80.16 81.91 82.8 81.48
85.88 84.9 84.09 87.71 89.85
88.52 86.25 88.43 89.85 87.42
84.02 87.33 87.32 85.09 83.75
86.47 85.14 84.52 82.95 79.45
76.68 77.93 74.28 77 72.78
70.9 74.6 70.8 72.68 73.5
74.99 73.09 72.34 71.73 70.34
71.73 67.23 68.3 70.86 66.82
64.35 66.52 67.8 59.09 60.58
59.66 55.89 47.48 40.34
