40.63 43.05 42.3 31.11 46.06
49.81 47.26 53.17 66.96 63.53
68.53 87.95 92.5 92.58 93.03
93.65 95.17 94.95 94.45 94.24
94.74 94.6 92.78 92.26 91.47
93.45 90.53 84.82 81.7 83.37
89.64 92.29 92.24 92.67 92.61
94.71 95.89 95.52 95.75 96.06
97.1 96.89 96.7 97.26 96.74
95.98 93.68 93.42 94.67 95.2
96.22 96.58 97.25 97.03 96.8
96.03 96.77 95.65 93.62 94.44
94.5 94.62 94.22 94.21 95.23
93.38 93.8 92.61 93.31 94.79
95.67 95.68 96.48 97.12 97.24
97.23 97.65 97.13 97.07 97.42
96.25 94.93 95.27 94.14 96.06
95.28 95.96 96.49 96.91 96.56
96.21 95.98 95.43 93.87 92.91
90.44 91.35 93.48 93.07 91.74
90.5 94.21 94.64 94.03 94.7
95.69 94.26 94.49 95.11 94.91
93.51 93.64 94.75 94.38 91.59
92.43 93.2 92.27 90.36 92.53
93.37 90.93 90.18 91.89 92
92.05 93.78 95.82 96.01 95.07
95.58 95.54 95.11 95.7 95.73
94.36 94.55 94.09 93.79 94.31
93.66 92.67 93.17 92.86 91.61
91.61 88.77 90.47 89.16 87.62
82.77 88.56 91.68 90.81 91.05
91.56 86.83 89.45 91.55 92.58
93.67 92.71 92.18 91.09 86.08
81.91 72.97 63.72 50.59 45.59
42.37 41.04 37.17 39.53 48.37
43.18 38.24 45.17 35.7 40.1
35.31 35.88 41.46 39.06 40.76
50.04 47.63 57.22 61.08 63.75
70 82.06 82.67 86.46 85.7
86.5 88.74 90.8 89.75 91.97
91.94 92.22 93.8 92.14 92.48
93.9 93.48 87.26 71.07
