39.55 42.2 40.05 39 42.79
38.69 40.33 41.7 42.39 43.91
41.43 44.27 46.31 55 46.02
48.79 48.81 47.32 51.43 54.38
57.41 58.41 61.64 67.57 68.38
73.46 77.4 77.73 79.8 81.68
84.94 82.25 80.32 81.79 78.81
78.34 81.56 79.4 79.47 77.74
78.68 82.23 84.71 89.06 90.3
91.7 91.9 92.29 91.17 90.52
88.51 86.22 84.48 82.35 86.33
83.28 84.53 81.08 83.48 84.39
83.11 79.47 78.58 76.95 71.65
65.14 57.28 51.84 52.42 53.7
45.45 42.64 43.66 37.33 43.44
36.97 35.56 43.98 43.5 44.47
44.65 43.64 42.85 52.17 53.66
59.98 70.48 81.12 82.33 85.82
83.73 85.33 83.26 84.22 81.65
80.63 74.39 77.77 73.88 81.52
84.47 85.26 87.88 87.46 89.71
88.48 89.39 85.6 82.66 76.55
70.04 75.18 68.51 72.84 73.66
74.67 76.52 75.69 75.74 78.82
81.64 85.33 87.43 87.1 88.9
90.05 90.33 91.67 92.2 92.09
92.36 92.35 92.24 90.58 89.68
90.49 89.14 87.01 86.99 85.93
83.96 79.62 75.55 71.02 77.72
71.22 73.31 79.65 79.52 86.21
86.71 92.3 93.17 92.11 92.7
93.5 93.31 93.39 93.05 92.23
90.29 88.68 83.74 73.28 83.64
84.9 89.06 88.42 87.73 87.65
89.74 90.21 88.66 89.85 91.42
91.58 89.51 91.02 90.68 88.7
89.12 92.54 93.31 93.39 92.34
92.78 93.14 93.54 91.56 88.2
89.95 89.56 88.87 89.3 90.74
89.44 91.47 91.77 90.67 90.08
92.09 91.78 91.17 91.02 92.06
91.91 90.5 91.81 92.03 90.86
90.78 93.01 90.71 88.93 89.07
84.9 87.4 84.04 75.2 73.74
70.39 64.35 61.17 64.13 62.29
69.72 68.46 77.03 77.96 78.71
76.92 78.01 81.04 77.94 79.59
81.73 82.29 82.71 81.45 82.37
82.1 83.19 89.62 91.48 92.6
91.91 90.22 84.32 81.92 78.08
79.73 81.86 84.09 82.99 76.11
78.04 78.56 81.42 82.13 82.73
82.12 84.54 86.39 87.86 88.71
90.4 89.63 88.02 88.78 89.14
88.35 86.74 83.87 86.01 86.66
85.57 85.23 87.05 89.04 89.22
87.11 87.78 89.37 87.02 84.86
85.62 84.38 80.66 76.7 78.38
82.26 85.42 85.82 88.84 90.22
89.61 90.12 90.38 90.35 89.98
90.29 90.66 91.09 91.91 90.01
91.11 90.11 90.34 90.39 89.78
87.17 87.41 88.95 86.55 82.85
82.68 78.52 74.88 70.61 64.64
59.68 55.02 49.87 52.01 43.34
36.11 36.44 39.13 42.12 37.66
36.4 41.98 42.42 44.02 48.93
46.64 50.02 59.16 65.35 68.16
67.13 70.5 76.91 78.38 78.45
80.68 81.89 80.71 83.73 86.11
83.09 80.54 85.63 85.42 79.91
79.98 87.77 82.55 82.72 84.74
83.91 79.64 77.7 82.44 79.61
70.77 71 67.81 51.22
