39.52 49.95 49.57 52.85 61.6
64.2 66.19 71.03 70.87 68.08
68.87 68.82 73.06 70.79 67.96
69.8 69.31 65 64.52 64.34
59.1 61.86 58.18 56.07 58.74
58.26 55.65 52.96 50.19 44.83
39.5 36.85 39.89 46.1 46.14
49.66 50.15 48.62 51.51 51.68
53.94 51.77 56.51 54.68 60.15
64.37 78.24 81.13 84.04 86.45
86.33 85.69 87.76 90.02 91
89.62 89.77 91.92 90.98 88.25
90.81 91.12 91.9 89.06 92.93
95.64 93.39 95.75 94.58 91.24
92.06 93.29 92.29 88.55 90.87
89.92 87.48 84.62 80.01 72.42
70.79 72.63 72.25 78.64 83.63
85.23 88.3 90.1 93.83 94.47
97.2 96.9 97.96 97.62 97.48
96.79 95.23 92.69 93.51 92.26
89.21 87.36 86.64 83.71 78.37
76.85 87.15 93.22 94.32 95.48
96.85 94.71 92.02 90.74 91.22
88.53 88.99 89.76 85.28 83.99
86.72 88.74 89.95 91.28 92.77
94.12 95.02 94.72 94.64 95.39
93.93 94.83 94.32 96.68 97.81
98.36 98.24 96.56 95.26 93.04
90.67 92.2 93.25 94.85 94.59
94.45 96.98 95.5 95.23 94.53
94.18 94.75 94.35 94.16 93.01
88.93 87.18 92.03 92.81 94.19
93.06 93.26 92.84 93.18 94.52
95.02 96.64 95.39 95.29 94.89
92.74 92.68 90.46 88.16 91.89
95.66 97.86 97.93 98 97.47
95.54 95.45 95.81 93.89 94.97
94.15 94.37 94.33 93.66 91.74
91.74 92.8 94.37 93.48 93.43
94.28 94.71 93.88 94.95 95.41
95.92 96.6 95.81 94.17 92.59
90.8 88.58 92.58 93.6 96.32
97.06 95.86 95.29 94.81 94.13
92.55 93 93.23 94.33 94.2
93.16 88.87 84.73 76.29 61.66
