45.08 45.71 48.5 48.66 43.74
44.6 48.76 50.72 57.13 57.7
51.4 42.38 40.86 47.05 40.53
47.54 49.94 38.72 42.99 45.11
42.07 45.37 45.14 39.36 52.08
42.99 37.25 45.28 50.79 41.82
44.3 41.11 43.78 49.34 49.32
49.4 50.23 41.62 45.06 58.21
63.84 67.83 49.05 42.71 46.11
44.24 46.03 47.56 44.31 46.23
43.31 49.3 49.04 47.78 47.18
49.18 49.76 52.67 52.2 53.49
47.5 43.83 47.44 48.48 48.67
44.28 52.01 49.42 50.29 52.63
45.22 59.01 48.08 53.13 48.53
46.62 39.25 45.04 39.58 39.57
40 37.85 44.21 51.28 38.26
41.07 37.97 33.82 34.5 46.05
33.03 39.02 28.03 35.98 35.02
44.1 33.58 36.62 30.14 35.28
35.75 45.4 36.87 33.17 35.67
36.18 34.82 43.69 36.68 34.25
37.2 32.74 37.32 42.5 34.36
42.23 37.94 34.69 42.77 46.52
36.8 42.74 36.93 35.15 40.32
40.38 35.11 36 29.83 29.63
36.79 38.43 29.94 33.91 35.1
39.39 33.84 31.92 37.27 36.35
39.28 53.64 57.01 70.15 74.93
77.18 81.39 79.52 80.65 74.36
67.82 68.89 76.06 79.76 75.35
79.28 76.93 69.19 67.46 58.23
52.67 52.25 44.55 43.05 44.61
53.08 58.8 65.01 74.49 72.38
73.76 76.58 75.64 74.41 77.08
75.44 76.17 74.71 72.33 68.19
69.53 65.15 64.42 66.08 62.99
60.32 62.29 72.73 74.52 76.94
81.04 75.36 73.28 70.3 74.6
71.62 69.26 64.64 58.62 63.06
59.61 68.91 68.07 67.67 65.93
68.26 64.58 69.88 71.57 71.3
73.87 73.45 78.06 78.53 79.11
79.12 74.25 73.13 65.17 61.29
60.53 57.52 58.87 60.23 60.23
64.06 67.49 73.8 73.37 76.72
82.38 83.13 84.27 86.22 89.82
88.41 88.71 92.28 90.3 91.79
92.63 93.23 90.94 90.28 92.81
89.64 88.46 90.08 90.27 87.01
86.71 88.53 85.75 84.81 85.64
86.42 82.51 74.9 79.4 67.55
70.99 73.67 79.13 77.73 76.09
83.49 81.84 81.2 84.2 86.58
84.93 84.15 87.55 89.06 88.55
89.91 90.24 90.19 90.54 92.11
91.07 90.78 92.64 92.41 90.6
91.01 92.34 89.49 89.88 88.84
87.77 85.98 85.6 84.81 75.06
72.04 68.79 67.99 66.11 63.52
68 74.71 74.78 75.42 79.7
83.4 83.13 85.74 87.7 89.5
89.36 90.69 92.89 90.98 91.73
92.36 92.74 91.2 91.88 91.47
89.23 89.67 90.34 89.18 85.92
88.22 88.37 85.42 84.62 83.3
83.91 79.2 80.66 81.16 79.89
73.55 71.25 70.28 64.82 60.5
57.15 59.01 58.02 55.52 40.8
