42.93 45.85 50.41 50.7 49.32
55.61 45.57 54.76 45.9 54.89
52.25 57.81 51.61 45.83 55.68
46.1 57.07 52.73 46.04 52.06
48.98 59.9 53.12 60.85 58.23
52.93 60.69 56.74 61.04 64.26
67.7 71.36 79.41 77.44 77.8
78.22 74.9 72.87 68.84 65.65
72.09 69.04 71.64 75.72 73.06
70.32 67.8 62.34 63.18 63.6
63.42 68.14 67.61 61.7 58.39
57.68 54.82 57.04 47.91 48.09
50.58 56.7 49.7 53.81 43.76
42.15 44.97 45.65 39.2 45.63
42.81 45.95 53.07 54.52 49.81
56.4 60.99 53.56 52.66 51.87
56.95 54.01 55.61 55.82 57.42
59.84 55.6 54.73 55.08 48.88
58.46 54.72 55.44 54.84 46.43
50.18 55.35 58.02 62.78 63.37
74.36 76.56 78.72 84.53 85.53
85.29 88.63 89.94 88.53 89.82
91.21 91.96 90.34 91.47 93.54
92.11 93.33 89.36 90.59 91.42
86.76 84.56 83.7 83.31 75.15
69.71 66.8 65.97 55.93 58.34
53.38 52.96 54.15 57.87 55.83
54.82 53.46 57.21 55.52 55.75
55.62 57.38 58.3 66.16 62.24
66.51 62.14 67.2 68.19 68.81
73.84 77.49 79.79 83.3 82.29
82.3 80.51 81.28 67.69 65.42
68.18 61.15 60.86 64.2 61.56
57.39 64.61 57.62 54.7 59.8
54.45 58.91 52.85 59.71 62.01
68.35 61.53 62.2 58.55 54.74
55.43 58.97 54.82 57.65 52.52
50.46 42.18 49.04 45.89 42.61
39.89 45.34 42.75 45.5 49.3
49.83 48.3 51.04 53.51 43.8
42.59 52.07 46.15 51.22 43.11
54.68 45.07 55.48 50.23 52.28
46.84 54.42 52.65 46.35 41.58
40.12 38 45.44 42.97 50.04
44.02 47.5 47.52 41.86 43.17
45.43 45.39 54.39 44.8 54.94
55.95 57.71 57.28 51.4 54.97
57.1 51.96 62.04 54.1 60.13
51.62 56.1 71.62 52.86 64.33
52.49 67.48 57.3 58.53 58.36
53.06 52.34 53.83 61.33 56.66
54.93 56.71 61.15 53.11
