28.37 23.58 31.51 32.53 32.93
45.51 44.6 48.97 57.16 54.07
65.87 79.31 91.52 94.23 96.79
98.69 98.53 98.56 98.1 97.71
97.37 95.13 95.35 94.28 94.59
92.14 88.57 88.44 95.62 97.36
97.59 98.46 98.09 97.82 95.87
94.06 92.8 94.04 92.77 94.02
95.67 95.23 95.69 95.43 95.97
96.83 94.51 92.31 91.57 88.75
90.43 90.26 91.94 91.94 92.72
93.11 92.74 93.84 93.63 94.1
93.03 96.15 97.23 96.6 97.79
97.66 98.2 98.28 98.16 96.07
92.22 93.81 90.17 91.55 94.37
95.98 95.68 97.09 97.26 97.54
98.24 98.31 97.68 98.15 98.31
97 96.41 96.57 95.26 96.07
95.78 94.23 94.4 95.99 94.09
94.69 95.78 94.46 96.07 96.38
95.85 96.03 95.51 96.38 95.79
96.18 96.99 97.07 97.67 98.18
98.02 97.95 98.29 98.49 98.03
98.01 98.09 97.69 95.88 94.53
93.33 93.18 95.44 94.92 95.02
94.09 92.85 95.16 95.65 97.78
97.26 97.85 96.98 95.77 94.23
95.01 94.17 95.19 94.65 93.54
95.63 94.77 94.55 94.61 95.11
95.34 93.38 93.12 95.22 94.4
95.31 95.37 95.67 93.9 90.62
86.4 78.53 70.61 65.33 54.49
49.99 49.5 44.78 40.19 43.77
32.06 29.61 31.9 38.03 37.7
34.95 41.32 39.39 37.04 35.26
30.13 33.2 37.98 37.27 37.17
48.96 50.85 63.63 81.37 92.59
95.33 94.56 96.01 96.06 94.31
94.24 93.38 90.91 85.42 78.08
76.93 77.3 83.68 90.91 92.72
93.43 94.39 91.8 93.1 91.67
92.83 95.26 93.74 94.48 93.72
95.47 94.62 94.01 93.98 96.03
95.89 96.05 96.24 96.58 96.45
96.82 95.3 93.01 93.43 87.65
91.71 93.97 92.61 93.69 95.65
94.41 94.44 95.02 96.64 96.91
96.24 95.25 96.7 96.44 95.93
94.87 94.59 93.74 94.72 90.29
86.97 91.13 90.24 80.99 81.9
78.2 71.81 63.98 56.66 53.24
48.26 40.22 39.99 36.61 34.85
37.3 31.08 35.57 40.81 43.72
39.16 44.85 55.38 62.19 48.49
55.86 51.55 52.82 50.25 36.69
