77.74 89.11 91.89 93.57 93.73
93.35 93.07 93.27 92 90.48
89.02 90.37 89.47 92.24 92.59
92.22 92.16 92.59 93.95 93.21
91.9 92.39 93.36 92.14 92.47
91.21 93.76 94.45 92.99 91.71
93.17 92.44 92.39 90.23 88.22
90.72 92.56 92.53 93.49 94.23
93.82 93.14 93.34 93.2 92.31
94 94.17 93.31 94.06 94.34
94.16 94.22 93.85 92.38 92.63
91.72 91.28 91.57 91.81 89.29
89.29 88.38 91.07 93.51 94.05
93.51 94.32 93.11 91.17 85.38
75.5 64.42 57.41 54.26 57.33
65.23 78.13 85.67 88.6 91.88
92.57 92.06 91.7 90.42 88.8
87.78 85.19 87.26 86.15 90.32
89.85 90.66 91.54 91.18 92.35
92.76 91.14 92 93.08 92.36
92.2 90.01 90.14 90.61 88.66
86.92 90.43 90.05 90.01 87.59
85.63 88.63 90.63 91.83 91.66
92.19 90.09 90.22 86.92 86.47
88.28 89.94 91.98 91.35 91.5
93.69 93.65 93.29 93.13 91.27
91.71 91.8 89.9 90.44 88.5
83.45 81.15 83.38 87.72 90.71
91.83 91.33 93.69 91.15 90.43
84.35 71.01 64.33 56.84 54.47
53.55 56.96 54.51 52.96 59.07
55.55 56.18 57.32 61.76 66.46
67.59 72.51 66.9 67.57 73.14
70.51 68.72 75.06 74.16 78.49
72.69 75.78 70.21 67.95 72.8
73.24 67.97 59.18 58.67 58.08
49.81 46.69 43.24 36.02 42.61
37.96 44.45 39.11 39.71 32.99
40.71 41.04 43.67 37.61 36.74
38.09 37.05 35.4 44.16 37.61
38.65 41.35 40.24 40.18 36.51
38.44 33.95 33.75 38.43 39.57
36.07 37.07 35.25 40.84 41.27
39.85 37.23 40.08 39.57 41.18
45.57 46.19 43.8 40.4 42.07
40.64 40.45 50.91 50.67 55.07
57.92 58.77 56.14 58.35 58.34
58.1 58.27 58.19 58.12 54.55
53.55 53.94 47.64 48.64 47.22
50.92 46.79 42.09 40.37 39.49
40.57 41.92 39.03 47.21 38.32
43.13 45.24 47.9 45.87 41.42
44.59 43.15 46.67 40.1 34.81
47.12 40.35 54.24 49.17 48.17
44.66 47.79 44.94 46.92 41.25
49.74 46.26 37.72 42.96 44.33
40.58 41.06 43.85 44.9 47.84
41.14 38.85 37.57 37.76 35.51
33.04 33.51 37.81 39.32 37.66
35.28 39.91 32.18 40.11 35.18
43.63 40.35 43.51 45.69 47.51
47.22 48.16 40.79 44.71 43.28
37.38 42.61 42.62 52.26 42.84
44.56 40.15 42.96 41.03 39.51
40.09 41.46 41.38 51.48 43.67
43.77 42.23 47.63 43.8 45.17
42.49 42.96 42.79 44.99 42.05
39.14 41.86 35.72 39.06 38.85
38.08 40.11 42.9 42.74 38.97
40.57 41.23 41.14 42.69 38.94
47.26 42.46 44.58 46.26 49.01
44.24 51.51 53.35 52.64
