60.69 74.13 85.12 91.08 94.97
95.05 96.8 97.38 95.52 95.76
96.8 95.12 94.51 95.86 96.39
91.16 89.33 85.79 90.81 96.05
97.41 97.94 97.5 96.71 95.63
95.68 93.34 90.18 85.05 87.76
90.55 92.36 94.44 96.06 97.22
97.25 97.8 98.05 97.74 96.94
95.04 93.34 91.77 89.8 89.9
89.63 88.34 92.49 93 94.76
96.46 95.76 97.7 97.09 94.62
94.83 97.73 97.79 97.2 95.55
94.83 94.11 91.87 89.9 93.33
95.85 96.5 96.35 97.34 96.76
96.09 92.79 91.34 91.55 90.76
93.04 95.54 96.05 95.93 96.89
97.08 97.07 96.84 94.76 96.04
97.64 98.08 96.45 96.13 98.02
97.59 95.41 97.55 97.94 98.61
97.88 98.65 98.74 98.76 98.63
98.19 94.99 94.85 93.94 95.84
98.42 98.7 98.84 98.8 98.59
98.26 96.61 94.74 92.16 95.44
98.43 98.61 98.79 98.72 98.38
97.37 95.64 96.1 97.62 98.19
98.33 98.05 98.26 98.22 98.15
95.6 93.55 96.62 94.86 96.01
95.59 98.22 97.26 98.32 98.73
98.64 98.71 98.44 97.15 95.87
95.75 96.63 98.09 98.7 98.8
98.77 98.68 98.26 98.17 98.02
98.43 98.41 98.68 98.66 98.68
98.59 98.31 97.25 96.42 97.11
97.66 97.82 97.62 95.97 97.25
98.02 98.31 97.07 96.16 98.53
98.17 98.5 98.6 98.85 98.77
98.77 98.84 98.73 98.64 98.57
95.68 94.86 97.01 97.31 98.39
98.74 98.89 98.89 98.86 98.9
98.8 98.73 98.69 98.85 98.89
98.83 98.75 98.73 98.1 97.34
94.56 94.27 94.9 96.08 97.52
96.54 95.79 97.73 98.3 98.32
98.34 98.02 96.54 98.15 98.84
98.92 98.89 98.75 98.88 98.86
98.84 98.29 98.32 98.26 97.6
95.33 94.35 97.52 96.56 97.89
96.51 94.85 93.58 89.85 89.27
90.92 92.31 93 94.96 96.48
97.27 97.31 96.46 98.03 95.91
97.61 98.73 98.77 98.92 98.93
98.94 98.94 98.89 98.87 98.79
98.82 98.85 98.84 98.77 98.87
98.83 98.57 98.65 97.81 97.63
97.86 97.81 98.18 98.48 98.5
98.61 98.76 98.71 98.28 98.31
98.8 98.91 98.94 98.89 98.85
98.9 98.78 98.5 97.55 97.25
97.86 97.96 97.99 98.66 98.8
98.92 98.9 98.94 98.88 98.59
98.3 98.54 98.66 98.72 98.36
98.64 98.38 98.47 97.06 96.21
93.29 93.1 96 97.98 97.44
95.87 97.19 95.23 93.78 91.11
91.43 94.25 97.92 98.78 98.9
98.84 98.79 98.85 98.35 96.68
92.71 87.18 88.7 94.23 97.25
98.35 98.63 98.74 98.62 98.1
96.19 96.93 96.19 98.09 96.59
96.06 94.6 90.92 84.7 82.54
85.45 86.34 91.12 93.46 94.97
96.25 97.6 97.36 95.71 94.78
93.1 92.2 97.6 98.52 98.75
98.69 98.69 98.61 98.27 96.65
95.44 93.1 92.55 95.78 97.58
98.58 98.73 98.63 97.63 98.2
97.46 97.66 98.31 98.67 98.24
97.94 97.1 94.52 88.33 69.99
53.56 46.2
