87.09 89.83 92.47 93.54 93.06
92.47 90.78 87.96 82.39 75.82
71.87 78.75 87.4 91.8 94
95.14 96.14 95.7 95.9 93.68
89.65 85.11 85.38 85.23 90.43
91.95 90.41 91.04 93.02 92.76
91.21 92.26 92.57 91.1 92.17
90.9 92.89 94.9 96.71 96.37
96.6 95.57 94.92 94.05 90.98
92.36 89.92 88.43 85 87.02
81.95 84.92 85.79 83.78 85.15
87.49 85.49 88.58 89.99 93.01
93.13 94.08 94.07 95.68 95.84
96.92 96.96 96.82 96.19 94.48
93.65 93.95 92.99 91.59 91.09
84.81 82.73 86.66 85.6 91.52
94.13 95.31 96.52 96.84 97.24
97.4 97.06 95.26 93.05 92.72
93.28 91.43 91.19 91.4 92.75
94.94 94.33 95.16 96.65 96.07
96.54 96.43 95.64 94.48 89.63
89.64 92.66 94.08 95.98 96.47
96.77 96.05 94.68 92.09 87.44
85.72 88.71 85.46 86.37 88.51
89.53 89.47 89.05 89.92 90.83
87.82 83.42 85.73 84.81 75.26
67.08 58.08 57.75 56.74 58.92
74.23 87.14 90.89 92.16 95.29
95.26 96.05 93.79 90.84 91.55
95.04 95.93 94.97 93.11 90.78
88.46 87.16 82.12 79.8 77.44
83.98 86.37 85.28 89.05 88.66
91.97 94.37 95.28 94.6 94.1
93 91.76 90.43 89.49 87.19
83.06 80.36 82.68 81.3 88.87
89.9 90.18 91.12 91.27 93.12
93.49 93.89 94.15 94.55 96.23
96.54 95.14 96.03 96.06 94.64
93.66 93.53 92.41 89.61 89.48
86.47 86.57 84.42 85 82.92
81.49 83.46 83.47 87.7 91.47
92.61 95.3 95.19 95.6 94.58
92.78 93.65 94.84 94.92 95.82
95.47 96.37 95.35 95.54 95.33
94.67 94.52 94.28 92.27 92.34
94.06 93.37 91.85 90.42 88.16
89.46 89.12 88.92 90.59 92.02
91.45 91.37 90.44 90.58 92.33
91.31 93.3
