53.22 55.81 65.68 82.48 87.03
88.55 89.99 90.51 92.23 93.11
93.94 95.5 95.56 95.34 96.54
96.86 95.8 96.78 96.66 96.58
95.72 96.94 96.14 95.46 96.13
96.25 95.7 95.85 96.21 95.8
95.63 96.61 94.44 94.92 94.79
95.38 93.97 92.63 92.18 89.12
87.85 83.99 81.37 80.34 77.24
73.7 64.29 59.49 55.54 51.93
49.19 47.16 42.9 44.4 43.94
44.21 46.27 49.12 51.52 51.38
50.13 52.41 54.39 50.39 53.89
56.53 56.82 63.67 67.41 71.41
75.65 76.32 78.68 80.39 84.31
86.43 88.55 89.65 92.61 91.4
93.99 94.78 96.12 96.52 96.07
97.14 97.55 97.71 97.62 98.41
98.28 97.96 97.84 98.5 98.1
97.81 98.56 98.24 98.32 98.62
98.68 98.14 98.51 98.57 98.36
98.02 98.2 98.37 97.42 96.71
95.91 92.52 91.86 90.44 88.58
83.59 82.8 80.22 69.69 61.95
57.6 57.58 65.25 71.25 75.84
80.27 83.31 85.02 88.57 88.97
91.65 92.52 91.38 93.87 94.42
95.43 95.84 95.79 96.08 96.78
97.13 96.52 97.31 97.37 97.39
97.21 97.05 97.36 97.41 97.58
97.87 97.71 97.92 97.93 97.53
97.42 97.73 97.75 97.79 97.63
97.39 97.27 97.06 96.32 97.88
97.57 97.62 97.18 97.84 97.73
97.55 97.86 97.81 97.86 97.55
97.36 97.22 97.51 96.38 96.97
96.66 95.61 95.67 94.06 93.68
93.53 91.47 89.35 87.75 85.84
80.41 78.98 75.15 72.94 70.77
63.97 62.14 61.11 58.81 56.6
57.96 55.09 56.67 55.17 56.1
51.69 43.48
