69.94 62.28 63.66 72.17 73.17
74.77 82.41 89.19 92.52 94.16
94.15 93.93 95.62 96.41 94.8
95.23 96.77 96.59 94.69 94.5
95.44 95.68 94.65 95.01 96.99
96.97 95.68 95.42 96.13 96.58
96.61 96.17 96.71 95.53 94.03
94.01 93.11 92.77 87.8 90.63
93.38 92.55 89.53 92.07 93.79
91.67 89.81 91.75 91.53 87.59
88.01 87.2 85.69 81.11 77.94
69.37 54.29 52.13 50.06 43.77
45.06 44.39 45.1 56.76 55.93
54.41 56.76 62.88 67.55 71.2
77.64 81.76 86.74 87.01 88.05
89.21 90.94 91.78 90.88 91.23
93.31 93.74 90.78 92.18 93.44
94.04 91.54 93.67 94.75 94.23
95.1 96.16 95.47
