65.89 83.57 91.42 93.88 95.85
97.55 97.63 97.78 97.63 97.49
97.48 98.2 97.47 96.59 96.67
98.48 98.3 98.41 98.72 98.67
98.56 98.8 98.75 98.63 98.65
98.7 98.46 98.36 98.4 97.99
97.05 97.34 97.76 97.79 97.87
97.75 96.92 96.27 95.39 93.43
87.59 89.83 87.86 92.24 95.1
96.21 96.56 96.18 96.79 97.65
97.88 98.47 98.52 98.68 98.7
98.69 98.64 98.36 98.05 98.58
98.36 98.62 98.71 98.66 98.58
98.53 98.26 98.39 98.28 97.95
98.04 98.1 98.59 98.32 97.49
98.41 98.49 98.2 97.56 98.34
98 97.54 97.12 96.67 96.01
95.29 94.18 93.78 93.13 90.2
85.37 83.64 89.58 92.61 95.92
95.99 97.6 97.84 98.1 98.13
98.01 97.8 96.66 94.99 93.85
86.87 77.41 69.76 72.86 67.26
78.54 72.23 72.86 77.13 86.1
91.1 93.74 95.39 95.96 97.12
97.41 98.27 98.25 98.09 97.97
97.37 97.09 96.79 95.4 93.81
95.46 95.66 96.98 96.69 96.96
97.22 97.38 97.21 97.31 97.18
97.84 98.09 97.78 98.39 98.41
98.12 97.69 98.36 98.1 97.93
97.87 97.82 97.42 95.92 96.97
95.96 95.71 93.4 92.96 91.55
90.94 75.9 83.02 89.29 92.51
93.57 93.09 94.15 93.76 93.75
94.81 92.91 93.63 95.62 95.53
95.09 96.81 98.08 97.65 97.15
96.67 96.9 96.43 95.37 97.96
98.44 98.4 98.3 97.98 98.28
96.78 97.68 96.45 97.05 94.34
93.59 84.77 69.02 54.63 50.3
46.53 45.09 47.29 48.28 49.82
49.86 48.23 41.54 43.38 42.51
45.14 42.2 38.37 33.82 36.34
29.19 32.32 30.91
