36.93 50.37 52.36 45 52.58
53.17 49.58 46.89 44.92 46.13
50.68 53.53 49.36 48.69 48.24
52.34 50.24 48.94 48.27 43.91
44.12 39.41 34.49 31.02 37.25
41.93 54.67 77.65 88.15 92.79
94.11 96.21 95.86 97.26 96.67
96.8 96.04 92.97 93.07 93.87
94.33 94.64 94.53 94.74 93.51
95.24 94.74 95.65 94.73 92.45
90.79 92.78 90.2 91.23 91.52
91.29 88.83 90.94 93.77 96
95.86 97.29 98.12 98.53 98.61
98.56 98.33 98.23 97.41 97.71
97.46 97.28 97.5 97.33 95.74
95.3 97.37 97.13 97.01 95.63
96.46 96.97 97.62 97.65 97.57
98.21 98.31 98.57 98.63 98.46
97.75 97.12 95.51 95.27 96.45
96.91 97.45 96.97 97.24 97.95
97.83 97.32 97.81 98.27 97.8
97.16 97.44 97.53 97.73 97.31
98 98.37 98.4 98.27 97.66
96.56 93.35 93.6 89.29 88.72
88.32 85.88 86.41 88.64 89.36
91.17 91.77 94.1 93.4 92.07
91.92 90.99 89.61 86.27 91.66
91.85 94.47 94.83 96.96 97.29
97.49 97.47 97.01 96.84 95.61
95.15 94.84 95.78 96.66 96.22
95.91 97.17 97.11 96.14 96.89
97.71 96.39 96.53 96.04 96.46
96.71 96.61 98.14 98.32 98.41
98.19 97.18 96.66 94.7 91.67
87.46 84.88 81.48 76.12 79.25
77.81 75.23 74.38 77.65 78.38
84.22 83.25 85.79 85.43 83.68
74.91 63.88 58.19
