45.12 48.56 54.24 52.98 54.66
54.23 53.54 53.9 52.47 52.76
50.99 52.4 46.93 43.22 40.25
40.37 37.16 42.27 39.04 41.21
38.8 35.59 39.59 41.2 35.95
41.72 45.46 44.97 42.93 38.82
40.85 38.56 48.04 41.65 42.8
41.41 38.11 42 42.41 41.73
47.92 46.24 42.49 43.46 42.68
42.18 41.56 41.76 46.8 41.5
36.98 42.03 41.45 39.81 44.45
45.19 47.58 37.49 47.07 41.51
43.36 40.05 40.09 37.83 37.66
38.95 39.4 37.57 38.57 36.02
41.71 41.34 35.09 42.66 39.6
45.54 47.05 37.55 34.55 42.35
34.78 44.72 42.64 40.6 37.1
45.9 44.27 43.99 54.91 56.48
62.55 47.06 46.05 41.01 37.7
41.24 47.91 46.19 37.67 43.79
41.82 38.86 42.82 42.44 37.08
38.15 37.52 31.9 37.88 37.3
38.65 38.79 35.29 39.76 36.49
40.18 43.71 44.19 43.64 47.08
52.28 54.74 55.22 50.41 54.66
50.01 49.6 51.64 42.24 56.84
57.6 56.18 51.6 56.6 55.72
47.75 55.35 50.81 40.94 43.92
40.12 35.81 35.42 35.48 36.19
40.4 36.81 31.22 35.58 35.53
35.97 38.67 35.23 38.77 35.29
33.72 35.85 35.57 37.46 38.25
48.64 43.66 36.7 45.39 39.63
38.88 45.79 37.93 44.57 43.88
45.61 42.39 36.22 35.9 41.7
40.24 40.39 43.98 43.82 35.22
47.39 50.66 46.72 46.53 49.43
54.06 48.49 53.22 54.8 58.96
63.62 62.61 64.16 71.13 75.18
76.95 80.13 85.08 84.91 83.63
85.48 88.4 87.37 86.32 89.35
89.91 89.96 89.84 91.47 90.17
89.36 89.08 90.37 89.16 87.88
88.01 87.37 85.79 84.97 83.4
78.18 68.17 63.92 63.63 59.6
61.28 63.26 57.92 62.6 66.49
76.02 76.48 81.89 82.85 84.94
85.82 86.39 85.34 88.73 87.54
90.03 85.21 85.53 87.31 85.65
87.08 88.11 89.31 87.66 88.83
91.1 89.46 86.76 87.42 89.15
85.03 83.55 82.89 83.93 79.2
77.31 77.29 75.27 69.04 68.86
65.82 59 55.55 61.45 56.15
55.49 55.92 56.47 57.88 60.91
61.95 67.99 73.73 74.82 80.49
79.43 81.74 84.91 85.74 87.44
88.63 88.74 89.83 91.42 90.87
90.93 91.86 91.76 91.03 91.21
91.17 91.56 89.51 89.76 88.72
87.62 86.66 85.49 82.36 76.65
69.53 70.4 68.71 75.07 78.15
83.05 84.47 86.8 86.25 88.2
89.19 89.28 89.23 89.74 91.33
91.4 90.53 89.65 91.18
