64.03 59.13 69.23 58.91 66.27
58.6 50.74 57.02 52.55 59.72
56.97 51.17 61.69 53.33 53.11
58.82 62.27 55.64 58.63 68.09
58.76 53.4 62.39 62.11 56.9
60.18 59.83 62.47 64.72 60.44
55.44 58.95 68.34 64.61 65.55
48.29 51.48 50.7 45.44 38.19
39.89 39.52 43.15 41.62 43.49
50.54 49.95 53.46 47.3 44.67
46.35 39.14 39.05 46.08 45.37
42.47 42.37 38.16 45.39 38.71
40.54 34.34 37.93 34.99 44.96
39.83 46.83 42.25 44.25 41.52
41.98 43.1 37.22 44.57 40.1
33.93 42.83 41.42 45.96 42.77
49.35 47.14 50.45 54.39 58.38
70.86 80.3 71.99 75.01 73.1
69.28 70.67 68.84 67.36 63.91
61.68 60.66 61.21 63.42 64.28
67.71 68.73 72.98 74.8 82.18
85.49 88.85 92.81 95.53 95.85
94.62 93.56 96.1 95.48 93.48
95.3 96.01 94.08 94.72 94.86
94.07 92.04 90.08 88.82 88.73
88.37 87.25 85.1 86.43 86.21
84.97 85.98 87.32 85.54 85.97
83.98 82.24 82.1 78.3 77
69.81 55.57 46.73 55.93 54.73
53.06 44.91 44 43.97 39.15
37.86 42.85 42.05 42.29 43.63
40.59 44.23 46.22 42.77 50.61
58.01 58.55 62 62.1 73.28
64.57 75.73 80.03 76.77 68.88
66.03 59.41 60.97 62.77 58.07
52.56 58.54 54.37 53.76 55.81
59.51 61.45 55.08 59.55 63.93
59.63 55.32 52.08 52.68 48.4
45.42 49.51 55.26 55.6 63.02
71.04 74.39 81.68 86.22 92.24
96.1 94.18 94.62 94.7 96.65
94.96 94.84 96.12 96.83 95.27
95.19 95.88 94.94 92.69 93.44
95.01 93.68 92.95 92.46 93.52
91.93 90.39 87.67 91.24 82.35
83.5 80.61 66.45 60.8 52.31
44.74 44.67 44.69 36.4 45.42
43.04 40.46 53.51 50.63 44.32
48.84 44.8 41.1 44.51 43.92
55.81 56.76 63.47 64.76 68.24
65.67 68.46 66.18 63.06
