46.04 50.74 48.4 68.16 54.68
44.21 38.98 43.06 52.32 43.71
37.65 52.2 49.83 53.85 51.36
63.35 72.51 78.9 84.22 85.86
91.33 92.44 88.16 87.12 92.11
93.93 91.43 90.84 93.99 94.65
91.96 93.57 96.61 95.42 96.35
97.54 97.72 97.05 97.82 97.87
97.6 96.57 98.31 98.15 96.31
96.79 98.12 97.56 93.87 95.89
96.94 94.47 91.07 94.23 93.26
91.86 91.96 95.83 95.87 94
95.44 97.29 96.12 94.72 97.48
97.66 96.82 95.82 97.78 97.46
95.59 95.93 93.12 93.48 93.24
93.03 93.03 95.06 94.13 92.74
94.64 94.38 90.5 83.71 82.42
79.34 69.92 74.5 78.55 78.33
81.59 86.94 91.84 91.19 92.72
94.38 96.08 96.31 95.39 95.85
95.51 96.66 96.3 95.11 95.51
97.21 95.97 95.23 96.25 97.64
96.45 96.56 97.76 97.96 96.8
97.16 98.07 97.92 97.32 97.75
97.78 96.5 97.31 95.12 97.21
97.58 98.09 97.79 98.25 98.3
98.22 98.2 98.47 98.44 98.19
98.53 98.4 98.32 98.32 98.44
98.11 97.94 98.07 97.69 96.88
96.3 96.32 95.59 95.12 95.36
94.88 94.08 91.89 91.4 86.47
86.14 89.61 91.07 91.09 91.74
93.16 93.1 92.83 94.42 95.57
94.73 96.72 97.37 97.13 96.68
97.89 97.83 97.2 98.2 97.92
98.21 98.14 98.14 97.45 97.87
98.04 96.92 97.3 97.19 96.42
96.93 97.58 96.65 96.66 97.79
97.36 94.92 96.25 97.11 94.69
93.9 95.66 94.43 91.78 93.62
94.99 92.86 90.81 93.32 93.32
91.26 91.79 93.13 91.06 88.06
85.89 78.21
