32.86 36.24 35.02 37.86 33.09
38.21 34.12 43.93 42.35 49.19
55.36 64.06 80.46 83.28 86.49
91.87 93.03 94.89 94.17 95.8
97.56 97.75 98.09 98.23 98.11
98.52 98.52 98 98.02 98.03
97.57 93.74 93.22 93.92 94.88
95.35 95.88 96.79 94.82 94.67
95.61 97.31 97.09 97.97 98.02
98.33 98.09 98.32 98.25 97.83
96.69 97.07 97.62 97.41 97.34
97.5 96.82 96.36 94.85 96.13
94.53 93.42 93.23 91.38 89.84
87.1 85.81 80.61 79.63 81.8
81.73 87.23 92.94 95.47 95.66
95.56 93.92 94.1 96.28 96.12
93.72 95.01 96.37 94.98 92.98
94.44 94.57 91.9 89.98 91.59
89.64 88.62 90.06 92.26 90.6
91.08 93.01 91.85 89.51 92.29
91.68 89.25 88.65 91.15 86.05
90.15 90.69 94.63 94.63 95.97
94.46 94.2 93.13 92.55 92.21
88.47 91.09 90.59 86.57 88.45
89.61 86.92 84.88 87.11 89.65
92.18 90.36 93.15 91.92 94.13
92.63 91.53 93.64 93.26 91.01
93.54 93.52 92 92.54 94.52
91.32 92.76 92.17 95.35 94.86
95.63 94.76 95.35 94.04 92.62
93.6 91.79 90.08 88.01 87.14
84.12 79.76 66.72 55.63 50.18
42.69 36.33 35.97
