38 31.57 36.02 36.84 43.09
34.87 38.65 32.97 36.5 39.64
37.94 38.91 33.52 35.1 40.62
38.55 41.76 41.06 44.95 44.32
40.68 39.6 42.23 42.17 42.25
48.08 46.96 58.5 70.07 77.29
80.38 83.56 83.6 86.49 86.67
88.3 92.09 92.31 89.64 91.2
87.58 90.48 86.38 84.14 83.31
80.47 79.35 75.05 70.48 73.43
57.61 50.47 43.56 46.08 42.32
39.4 44.85 37.98 41.22 43.75
45.14 43.01 50.55 51.57 61.08
63.8 82.26 90.67 93.88 96.35
97.05 98.22 97.97 98.33 97.82
96.08 90.54 86.31 92.49 96.34
98.24 98.71 98.78 98.73 98.36
97.7 95.94 94.95 89.18 79.1
81.82 84.47 88.27 90.22 94.77
96.5 98.4 98.52 98.88 98.81
98.57 97.63 97.3 96.63 97.81
98.48 98.48 98.3 98.33 98.47
96.83 96.41 96.13 96.6 98.14
97.89 96.36 96.23 96.97 96.08
94.64 94.85 95.05 96.37 97.21
98.39 98.51 98.86 98.79 98.75
98.48 97.92 97.38 98.23 96.95
98.02 98.09 96.59 96.89 95.69
95.91 94.1 96.12 96.09 96.89
95.3 95 95.68 96.26 95.33
94.21 95.56 95.44 94.67 94.59
95.97 95.48 94.81 96.59 96.36
95.48 95.17 90.46 92.96 96.17
97.95 98.24 98.87 98.67 98.61
98.24 98.29 98.55 98.33 98.06
97.59 97.6 97.8 96.59 95.89
96.11 94.13 88.37 71.21 62.07
66.66 69.6 94.02 95.55 97.12
98.03 98.76 98.74 98.78 98.28
98.54 97.98 97.28 98.06 96.79
97.23 96.97 97.04 97.22 96.31
95.82 97.14 96.14 94.05 94.77
93.3 95.5 96.8 98.06 98.72
98.78 98.64 98.55 98.42 97.9
98.09 97.52 94.86 94.16 96.24
97.12 96.29 96.6 98.11 98.36
97.95 98.23 98.4 98.17 97.86
97.2 96.04 95.88 97.83 98.32
98.59 98.6 98.38 98.24 97.52
97.37 97.73 97.45 97.69 97.04
97.49 97.3 96.79 96.17 97.32
97.19 96.64 98.15 98.53 98.6
98.37 98.33 98.59 97.97 98.05
98.41 97.65 94.04 94.63 92.88
79.87
