32.95 30.41 28.88 29.35 30
44.27 33.6 34.79 31.66 33.56
28.41 28.71 43.43 35.62 36.65
38.79 42.26 50.5 55.56 53.93
53.56 57.46 59.11 60.12 72.3
71.29 67.06 69.18 76.62 75.29
70.18 76.64 80.54 74.25 74.14
79.62 81.93 67.55 66.03 79.7
77.46 73.03 78.57 84.27 68.96
72.04 80.35 76.8 72.41 73.74
78.55 70.31 73.54 78.47 76.62
74.44 72.84 74.56 71.02 67.6
74.15 72.98 71.94 71.75 73.48
69.93 70.77 68.09 70.11 66.93
62.61 67.52 64.17 61.5 58.17
55.91 51.86 51.33 47 35.71
33.7 35.21 41.69 34.42 33.8
27.57 40.91 26.63 32.57 34.11
34.46 36.5 40.23 46.98 48.3
58.03 59.85 60.01 59.2 68.89
69.79 67.59 74.21 74.58 76.5
61.79 71.97 74.52 72.86 70.54
76.26 74.8 75.75 75.06 78.27
77.37 69.16 77.38 79.09 76.13
78.84 81.51 78.2 73.69 78.84
77.29 76.86 74.79 81.63 81.31
74.84 79.47 81.82 82.09 78.77
80.92 82.28 83.13 80.6 84.19
86.36 84.28 82.67 83.23 80.07
77.05 81.26 81 84.56 76.51
78.45 80.8 77.57 77.04 81.93
80.09 70.8 75.77 73.51 74.42
69.68 68.52 77.26 72.47 75.97
72.6 71.7 77.06 77.77 71.74
75.88 77.07 75.77 71.51 78.43
83.53 79.13 80.07 75.16 78.66
72.77 81.52 76.94 77.54 78.22
78.92 79.5 74.76 77.68 80.92
74.09 78.07 77.95 79.31 76.16
78.64 79.7 77.87 75.59 80.05
80.89 77.84 77.62 77.65 75.34
79.48 75.95 73.99 74.2 77.37
73.75 73.14 72.79 73.11 66.61
61.46 66.52 62.33 57.34 56.93
58.3 52.22 49.87 47.43 46.05
51.09 50.99 48.76 46.77 44.45
45.72 45.31 43.43 41.44 46.38
32.48 30.94 30.51 26.84 28
33.28 31.21 49.27 59.73 53.75
45.38 54.29 56.99 53.73 52.98
58.08 60.46 57.29 55.02 65.86
71.06 60.87 70.48 72.47 66.65
73.85 75.06 71.57 70.84 75.1
75.32 73.79 76.13 74.21 73.94
71.71 73.54 74.73 75.66 71.93
77 73.77 74.47 78.03 75.97
75.09 77.56 76.22 74.61 76.44
78.73 74.22 74.34 77.68 78.58
76.67 77.57 79.43 78.58 70.05
73.14 76.51 75.56 71.74 79.09
76.41 75.75 76.48 81.01 77.89
74.7 78.73 77.2 72.76 75.48
76.5 74.26 72.58 73.4 71.32
71.45 67.49 71.2 61.56 58.63
67.4 65.03 64.18 66.55 64.47
59.76 63.03 66.02 64.23 63.37
65.8 68.23 64.63 63.11 65.59
70.05 63.79 62.43 72.57 65.82
61.66 59.51 65.68 62.22 59.74
62.03 57.49 54.26 52.39 50.26
51.34 45.12 38.59 32.23 33.19
28.12 28.14 29.46 27.76 26.33
33.36 23.04 29.06 25.75 25.37
23.6 31.95 25.82 26.63 25.91
26.7 42.98 26.17 33.11 33.55
30.84 31.67 30.64 30.4 43.36
39.01 38.36 51.4 51.16 52.27
55.07 56.09 54.87 63.34 62.38
61.3 62.02 65.77 64.21 66.1
69.5 71.45 64.26 68.41 74.57
69.35 70.11 70.09 73.86 69.32
71.99 74.69 70.41 68.53 71.05
72.81 66.04 71.74 73.96 71.75
73.74 73.93 76.17 76.23 78.01
77.03 74.01 76.06 78.02 78.57
69.79 77.15 77.89 77.1 74.97
78.88 76.7 73.22 74.44 75.79
73.47 67.62 73.07 70.09 64.73
67.18 67.98 59.28 55.74 61.76
59.71 55.77 56.19 57.93 52.35
49.58 59 55.56 55.8 59.74
64.21 62.98 61.83 68.47 67.08
69.46 71.22 76.46 70.11 68.26
76.86 77.37 74.58 72.41 78.92
75.19 74.19 78.11 77.25 76.81
76.14 78.8 77.21 76.33 79.41
79.02 77.88 75.87 77.91 73.71
75.85 82.22 82.46 78.89 77.61
79.15 78.8 76.17 76.55 80.17
79.22 76.32 78.83 76.23 72.98
73.29 74.04 70.19 70.01 71.74
73.47 70.17 69.18 71.23 69.16
71.95 65.23 70.87 74.88 69.83
70.99 67.62 72.99 66.41 62.07
65.41 71.35 64.22 63.27 67.77
66.01 57.19 64.36 69.71 63.56
63.62 60.36 64.87 55.75 59.38
61.28 60.44 58.21 63.86 62.86
58.86 60.34 60.52 60.29 58.3
58.65 57.69 60 58.95 57.55
56.57 57.58 59.45 57.3 58.88
52.51 60.98 53.62 61.25 56.51
52.92 50.27 57.73 54.88 50.71
49.72 60.83 54.51 55.17 57.84
63.26 63.78 61.8 61.85 68.79
63.58 62 59.21 68.08 61.46
63.46 62.95 65.12 68.45 65.84
71.23 66.07 75.59 68.31 66.58
71.09 73.37 68.67 73.88 77.04
70.59 72.05 73.98 78.97 75.87
73.96 73.2 76.96 76.5 74.52
78.32 78.04 73.09 75.45 80.72
75.33 72.43 81.4 79.75 77.49
75.04 80.14 75.63 74.13 79.54
78.37 74.42 72.46 78.8 75.05
72.47 77.36 75.73 72.55 72.67
75.15 75.5 72.93 75.88 75.29
69.65 68.77 74.92 72.61 68.8
73.56 74.76 72.66 75.28 75.28
73.99 74.29 73.87 75.05 70.9
71.04 73.35 72.84 74.1 74.92
77.07 76.48 74.31 76.41 75.97
72.09 74.42 77.89 76.33 73.82
74.26 76.38 71.74 74.46 74.64
70.56 72.9 74.51 74.2 71.74
72.43 74.12 74.98 71.9 74.24
75.84 72.78 76.33 74.82 73.51
71.13 73.72 72.7 70.91 71.45
73.7 68.62 70.14 66.71 71.17
70.4 64.6 68.81 64.37 64.22
62.14 65.4 64.96 63.74 67.19
61.59 66.94 62.04 61.47 62.07
61.24 64.01 67.05 53 66.69
63.5 60.54 49.14 60.63 65.2
60.44 61.74 69.98 71.99 70.13
72.11 70.45 73.88 74.55 67.84
75.84 74.27 72.2 74.31 78.74
77.69 70.19 75.48 77.19 74.12
74.12 78.44 77.78 73.86 72.26
78.74 73.53 72.13 72.25 77.24
70.35 70.94 76.36 68.12 70.33
73.89 73.62 70.8 70.24 70.98
70.54 67.36 69.82 70.53 69.14
72.69 73.75 76.8 73.85 75.11
74.21 74.83 75.49 77.96 78.49
72.74 76.1 75.97 77.1 74.19
75.37 78.12 74.84 75.16 78.87
77.41 75.93 77.3 76.43 75.52
75.52 76.44 76.54 71.96 76.74
76.98 74.2 78.03 74.75 75.44
74.12 76.29 78.21 73.9 75.32
75.62 73.77 74.04 75.16 74.57
77.22 75.22 76.32 73.7 77.04
73.21 72.01 70.74 67.05 68.97
71.31 68.32 67.31 72.46 68.99
64.61 70.49 70.72 71.06 70.75
70.75 69.89 70.13 73.02 67.44
66.76 57.51 69.91 64.66 69.52
68.22 71 73.68 74.59 74.02
70.94 70.26 67.29 74.97 72.14
62.75 73.14 70.71 72.42 71.78
72.76 75.1 73.15 65.9 72.4
72.9 64.87 66.99 70.77 69.9
62.58 68.61 79.55 64.48 64.71
74.9 71.82 71.14 75.24 77.57
76.3 78.73 73.95 75.89 72.89
69.56 75.71 72.68 71.43 71.09
77.44 71.21 74.25 72.26 72.23
72.99 72.77 72.07 68.3 65.47
75.38 70.07 70.87 65.51 76.96
68.25 63.43 70.42 70.8 68.29
63.63 74.14 67.85 64.41 65.06
74.57 67.47 61.64 65.77 72.97
67.42 60.97 71.37 62.9 57.9
65.23 68.17 61.93 57.45 71.24
59.4 52 65.55 62.56 54.59
59.41 66.61 56.34 52.49 64.11
54.31 54.53 56.14 64.02 49.7
58.43 61.07 55.04 59.98 53.1
65.4 56.71 58.75 56.26 60.49
56.29 55.64 61.75 61.53 53.6
53.38 66.11 61.37 52.46 63.52
59.22 54.7 56.58 59.57 66.26
64.18 66.15 70.58 64.53 57.17
67.89 64.2 58.25 68.12 60.05
61.98 54.75 60.79 62.96 61.46
58.11 66.74 60.62 54.56 62.98
50.61 56.16 62.87 51.82 59.64
60.12 70.63 51.17 61.53 61.24
54.62 59.48 53.87 64.23 54.59
64.09 61.04 53.24 49.73 57.45
62.59 42.74 48.27 47.94 47.37
22.94 20.44 35.85 58.97 7.55
20.95 45.42 41.84 36.64 49.95
47.53 52.85 38.32 45.05 54.16
50.59 51.6 55.52 50.55 51.66
58.54 55.25 56.04 53.22 59.41
56.25 62.38 65.6 62.78 68.19
59.92 69 58.91 71.95 70.55
70.02 64.9 71.13 67.91 68.4
69.32 70.76 66.34 64.45 70.32
72.33 63.96 71.68 65.14 70.24
67.31 66.78 64.91 63.39 64.73
63.16 63.12 64.1 64.96 69.96
63.44 62.13 66.46 67.14 56.23
65.13 70.56 59.84 60.16 69.09
65.71 66.58 60.3 72.06 65.51
65.98 57.8 65.15 57.11 59.14
57.79 58 54.94 55.28 54.09
49.16 49.79 54.09 51.71 50.34
59.38 56.63 48.78 59.88 66
59.65 53.42 59.34 64.57 57.19
60.73 66.37 62.01 58.7 61.55
67.57 57.87 67.17 70.58 63.24
61.31 64.86 70.98 67.51 69.02
67.18 64.11 70.12 62.27 72.44
67.11 62.16 69.13 68.52 64.55
64.73 70.66 68.48 63.43 66.28
69.79 69.85 55.55 70.31 68.26
58.37 64.42 63.33 62.97 55.64
58.42 59.42 46.45 54.1 54.3
48.67 52.23 44.99 40.65 36.32
46.78 47.52 40.53 50.67 37.61
32.57 37.62 38.98 29.13 30.78
31.08 38.7 33.36 35.36 24.71
28.87 19.84 20.23 35.96 42.6
53.36 53.16 36.93 34.56 51.33
26.91 37.85 45.75 40.1 29.12
38.68 45.03 30.4 31.77 45.9
46.96 38.73 42.46 31.93 32.47
46.98 33.77 38.43 4.23 24.73
24.44 54.09 10.48 42.8 22.8
25.61 29.01 21.24 28.84 36.01
36.09 26.74 43.48 32.36 33.15
32.2 47.61 35.3 38.96 50.55
38.37 25.95 19.43 32.83 36.29
28.91 29.06 30.88 28.82 33.53
35.86 37.62 41.23 53.84 58.11
59.98 58 53.93 59.6 57.57
55.59 59.1 56.64 55.04 60.23
59.14 61.94 57.29 59.11 60.88
59.97 61.69 59.89 66.8 64.23
66.88 62.86 69.32 66.54 61.65
63.82 62.58 69.05 64.89 63.73
61.92 63.8 62.66 61 63.96
62.3 60.89 59.73 63.69 65.25
60.62 66.78 65.55 67.56 72.21
71.25 74.29 68.98 73.64 74.57
71.65 71.84 72.1 71.94 71.12
69.88 70.93 72.39 68.21 68.63
71.45 67.46 72.3 63.56 74.91
67.21 70.44 69.95 71.07 68.15
74.15 70.18 67.95 71.81 70.45
73.46 69.07 74.7 67.34 70.45
71.07 70.96 71.64 69.24 72.97
69.16 69.84 72.52 72.19 71.61
71.68 68.58 66.65 71.52 66.6
66.51 67.29 61.1 64.08 64.28
62.1 64.32 62.35 62.27 61.99
55.95 54.8 50.72 48.92 54.24
50.66 48.97 52.83 52.63 51.67
45.79 48.59 53.95 50.18 48.55
50.82 58.55 49.94 48.68 62.34
54.45 52.35 56.92 57.73 53.14
47.39 54.01 52.98 53.43 50.7
54.83 50.35 54.03 56.99 48.93
55.86 63.04 52.78 53.19 54.97
56.23 55.89 57.2 61.92 56.4
57.47 54.83 61.58 53.54 55.7
53.3 58.22 49.19 50.39 55.52
48.77 48.02 47.74 51.18 53.16
50.2 53.19 50.96 51.32 50.22
41.57 37.49 56.92 54.47 47.08
58.23 56.89 55.15 59.65 64.03
64.02 59.44 68.4 74.49 72.16
69.2 74.08 76.71 73.27 70.61
75.77 74.24 69.59 71.49 74.6
73.77 71.95 77.11 77.26 73.95
74.06 77.05 76.1 71.54 77.26
74.55 73.08 69.97 74.32 69.91
70.7 71.27 70.6 68.87 74.29
72.12 73.01 75.01 71.78 74.32
77.17 76.35 75.98 72.35 75.44
77.24 77.04 73.7 74.52 76.51
76.31 75.38 76.64 77.83 70.59
74.18 75.71 67.63 64.69 71.5
67.35 63.91 56.99 64.19 54.99
53.14 56.03 54 53.01 51.25
52.26 53.8 57.03 59.57 59.13
62.03 63.67 64.07 66.18 65.01
70.18 72.73 68.3 75.9 75.99
70.15 71.02 75.62 69.73 68.73
75.81 75.36 69.28 67.64 76.2
68.71 67.49 69.37 74.4 68.39
70.65 75.13 75.08 72.99 71.54
75.13 72.33 70.64 76.2 68.5
68.23 67.54 70.59 70.79 67.14
69.05 66.68 67.85 68.66 67.11
66.77 66.87 69.44 63.64 63.65
63.81 59.16 63.58 59.36 63.8
57.52 56.47 63.31 58.87 59.08
57.14 58.06 61.21 58.91 66.12
60.43 64.06 63.31 68.26 67.14
58.61 67.02 69.17 67.02 56.32
66.78 68.51 65.85 61.95 74.61
71.38 75.73 72.82 71.51 63.42
56.21 69.69 68.6 63.54 61.33
56.49 63.42 48.23 63.4 50.05
53.7 49.73 57.43 55.47 47.5
59.6 59.52 60.94 63.19 68.71
60.74 67.06 68.32 69.39 67.87
70.63 68.17 67.84 71.23 72.57
70.93 73.37 74.65 75.33 73.1
73.82 72.84 72.99 76.76 75.92
78.99 77.96 78.35 75.23 79.84
81.94 79.47 75.55 75.57 78.16
77.6 76.04 80.53 76.52 71.66
76.16 79.43 78.76 73.8 77.71
79.18 76 68.98 78.28 73.68
72.47 74.01 79.95 79.38 78.41
79.17 74.81 77.83 75.44 75.64
73.48 70.55 76.75 77.27 76.91
75.5 77.85 75.02 75.68 72.4
78.47 73.09 78.17 76.43 77.73
72.35 75.94 76.94 70.4 76.16
79.63 77.82 78.6 81.52 81.99
82.34 81.08 83.72 81.8 84.32
79.64 83.01 80.11 82.75 83.84
80.21 81.44 82.46 78.57 76.59
77.84 79.89 72.08 76.09 75.34
75.53 69.8 73.02 65.5 65.46
57.87 57.57 50.21 54.41 52.52
42.46 42.28 39.91 33.34 38.07
43.05 41.68 46.18 52.91 51.56
57.16 60.47 53.9 61.95 54.47
62.4 58.65 59.44 75.93 68.74
69.15 72.76 72.18 66.33 57.72
67.62 60.05 58.73 61.63 67.11
48.05 55.18 60.94 55.75 52.47
66.87 54.62 57.17 62.93 57.48
55.62 59.95 64.66 57 65.39
63.78 70.69 67.24 65.91 72.4
74.14 72.16 66.41 74.65 72.35
71.66 75.33 75.08 73.56 75.81
77.77 78 74.68 76.57 75.31
73.57 70.54 76.45 76.06 72.42
79.47 76.83 77.1 71.88 77.97
72.74 70.93 75.09 72.25 70.16
65.34 73.88 71.82 71 71.47
75.96 70.29 68.79 74.36 74.43
71.87 75.07 74.84 73.88 73.5
76.3 76 72.95 72.45 76.72
74.81 73.2 75.58 75.13 69.02
69.77 75.11 72.15 69.48 72.94
73.13 67.56 63.1 69.27 67.06
63.15 64.49 64.7 63.42 56.84
66.17 65.05 59.51 64.21 71.15
69.88 62.95 71.43 72.12 68.84
67.85 74.45 68.72 64.83 75.23
71.84 66.57 71.1 72.5 68.81
66 75.16 74.01 64.06 69.96
70.76 65.58 56.73 71.3 69.62
55.68 62.5 68.43 59.02 57.52
63.48 53.57 50.05 49.33 52.58
46.16 50.78 52.95 47.47 45.08
52.71 52.24 44.4 61.96 36.77
39.75 15.68 33.29 8.36 55.19
57.78 55.22 45.46 61.69 45.12
40.16 57.01 38.77 27.56 52.86
40.37 39.14 55.37 27.07 53.63
48.61 52.85 50.42 54.85 56.15
50.32 32.45 52.15 48.82 45.9
53.3 60.99 54.81 57.32 58.98
55.23 52.68 56.98 59.29 58.84
57.16 59.83 62.31 63.29 57.3
60.8 69.17 61.68 69.35 65.74
63.67 66.11 69.04 69.94 66.12
68.68 68.89 61.88 63.39 70.32
62.95 63.21 66.61 67.5 61.88
62.31 67.62 58.21 52.38 64.51
61.99 57.06 59.24 67.19 62.82
59.75 67.11 72.69 65.22 67.5
72.51 67.17 64.56 73.46 75.25
67.84 67.27 74.89 72.37 67.58
75.37 79.06 67.35 65.37 76.03
72.17 68.51 67.16 73.09 66.27
61.55 67.3 67.25 62.58 56.63
59.9 55.79 51.74 52.21 61.01
53.97 55.55 58.18 60.5 52.26
62.66 58.98 57.12 60.92 64.67
61.41 65.2 64.58 64.61 66.37
60.47 65.64 60.31 63.48 63.03
61.67 62.33 64.27 63.92 62.59
62.49 65.6 60.19 62.67 67.06
64.8 57.43 56.45 63.79 61.66
59.09 59 62.41 58.21 58.27
64.02 58.62 57.92 59.96 61.13
60.17 65.8 60.87 62.57 62.01
59.35 64.64 59.73 60.09 63.36
61.18 57.21 58.48 58.7 52.98
57.96 55.47 53.45 48.36 57
54.25 45 47 51.37 49.7
42.07 46.23 50.06 42.93 38.42
43.49 47.4 42.94 39.88 43.51
44.45 41.36 35.59 36.08 28.72
27.88 29.46 35.08 45.73 34.45
31.21 27.64 33.15 46.36 40.38
42.09 35.41 43 50.17 42.14
45.24 41.92 44.43 39.12 43.42
47.75 50.39 44.5 44.49 43.68
42.54 45.11 41.05 51.73 36.95
49.78 39.78 41.55 38.04 51.71
34.53 35.59 42.38 36.9 28.95
34.86 47.22 30.93 31.09 30.17
26.96 26.93 25.22 28.04 33.51
44.3 34.8 25.7 45.09 38.85
39.96 25.81 32.18 27.57 29.48
27.74 25 28.12 32.61 30.39
29.54 34.67 36.45 34.5 31
47.51 47.63 46.11 48.33 61.35
48.77 54.78 61.22 64.54 64.1
64.84 70.59 68.36 66.73 71.59
67.07 74.91 67.88 72.61 73.81
68.67 71.53 75.28 69.97 71.9
76.44 77.41 73.12 72.35 73.62
75.88 71.39 75.42 76.07 76.2
73.58 73.93 72.44 73.69 72.36
72.57 72.81 71.66 71.36 76.5
75.37 70.54 74.04 73.39 73.72
73.56 76.52 75.02 70.47 69.67
74.87 74.61 72.71 71.04 71.77
71.26 73.11 72.47 73.59 71.98
72.98 71.95 68.64 70.24 66.97
65.41 65.12 64.82 56.05 58.74
56.99 53.96 52.1 51.54 49.72
50.63 39.65 40.27 30.29 45.26
33.16 33.18 35.03 39.45 36.48
35.98 35.36 43.85 31.8 35.4
33.22 34.31 27.07 27.48 27.69
29.88 27.53 26.75 27.09 25.99
28.95 42.59 47.26 42.52 41.47
37.47 34.71 38.74 42.47 42.19
41.41 49.84 47.8 48.96 51.81
53.8 54.04 50.01 60.26 69
65.67 72.47 74.16 73.77 78.55
75.79 76.8 75.79 77.17 76.97
77.8 81.32 77.39 80.66 79.62
81.4 77.2 83.09 81.15 79.43
78.8 81.82 77.97 81.5 82.14
80.08 80.54 80.88 80.86 79.17
80.03 79.2 75.53 76.2 76.86
74.93 71.02 77.12 78.33 70.89
74.19 74.42 72.62 56.76 55.62
56.76 52.91 51.07 43.27 38.03
38.74 35.21 32.97 32 36.64
32.45 34.57 32.45 29.68 30.63
33.59 28.86 35.59 28.74 29.11
28.02 31.19 31.43 32.11 30.82
33.01 31.26 39.31 45.39 42.37
54.3 55.81 52.26 60.02 67.14
65.12 62.08 67.56 74.63 72.26
69.04 76.28 77.46 74.81 71.67
74.57 73.89 75.58 75.8 78.03
68.16 71.52 75.88 74.99 71.71
75.3 72.77 75.42 72.96 73.36
69.98 69.71 73.1 74.34 75.67
71.62 75.33 69.92 78.31 77.42
75.8 80.35 77.83 80.32 79.78
82.89 81.27 80.3 81.35 80.58
79.76 74.86 78.61 73.3 75.12
65.96 67.82 72.98 73.48 76.49
76 77.12 79.06 79.8 82.43
78.28 80.28 81.19 80.97 75.51
76.74 74.06 69.07 66.85 65.71
61.69 52.91 46.86 45.25 44.6
38.28 41.31 37.3 31.09 30.8
29.53 33.27 29.36 37.84 28.11
28.04 29.63 31.7 33.24 33.9
36.67 32.44
