48.14 37.28 35.88 41.25 42.17
38.53 42.77 36.49 42.55 39.97
38.69 41.11 44.03 42.81 42.01
47.03 43.85 38.46 47.26 38.75
36.66 36.64 31.84 35.99 34.82
35.67 37.1 43.8 36.1 40.82
34.29 33.97 35.89 35.73 30.21
33.97 30.39 35.38 34.82 30.78
35.91 38.46 37.09 46.12 50.37
59.1 73.39 78.05 79.65 75.6
78.59 77.2 78.68 77.99 73.08
66.9 64.08 66.07 66.88 66.65
70.27 74.55 78.21 83.7 87.39
89.52 88.59 89.95 91.16 93.45
92.68 91.5 91.13 93.47 91.71
91.01 91.59 92.1 90.2 86.19
90.35 90.46 88.08 86.55 87.43
89.14 89.35 90.85 90.91 87.73
88.61 91.78 91.4 89.36 90.85
93.12 93.23 92.53 92.61 94.98
95.93 93.85 93.71 95.67 95.61
93.07 93.16 93.06 93.15 91.04
91.88 92.05 90.69 88.99 88.36
89.32 89.32 83.92 84.78 84.99
86.46 88.75 91.15 92.92 94.52
95.27 96.12 97.33 97.37 97.59
97.89 98.29 97.95 97.77 97.87
98.28 97.78 95.76 97.33 97.79
96.42 95.9 97.02 96.98 96.01
95.4 94.71 94.73 95.64 94.31
94.85 94.03 92.36 91.84 91.6
88.41 89.26 90.72 90.8 91.1
92.84 90.76 90.79 88.45 85.57
80.21 68.59 68.72 71.14 69.33
71.4 76.59 79.29 83.99 85.79
85.28 88.34 87.33 86.53 86.68
84.02 83.78 86.91 85.89 87.69
88.13 85.54 83.07 84.43 83.64
78.83 75.88 79.44 76.4 76.19
78.03 84.34 89.13 88.82 91.52
95.36 94.99 94.55 96.89 97.27
95.77 96.07 96.69 93.95 93.87
93.94 94.26 93.83 94.49 94.77
94.53 97.17 96.6 95.61 96.8
96.61 96 95.46 95.56 94.4
93.41 94.55 93.27 89.95 92.55
93.94 91.31 88.63 92.07 90.61
85.29 85.55 89.74 87.81 85.53
88.37 89.68 89.9 88.85 88.84
92.06 91.83 89.67 92.49 93.25
93.7 92.78 94.1 96.15 96.28
96.31 97.37 97.81 97.34 97.61
96.8 95.34 95.79 93.39 91.96
89.94 87.89 86.72 81.62 69.93
74.29 72.4 76.81 75.58 79.85
76.93 75.98 81.15 80.66 82.07
83.01 86.33 89.51 89.17 89.07
87.08 87.07 87.01 86.46 82.83
83.48 83.81 81.42 78.01 79.75
81.52 79.06 79.67 82.7 81.86
83.68 84.64 88.77 88.13 89
88.02 86.82 88.33 87.09 89.09
90.27 90.05 90.9 93.35 93.68
93.18 94.72 95.26 95.66 95.99
96.44 96.61 97.06 96.32 97.29
97.49 97.16 95.52 95.87 96.9
94.76 93.65 95.14 94.98 93.28
92.55 94.19 94.36 94.02 92.24
90.46 86.79 86.28 91.8 93.64
93.81 93.4 92.2 94.67 96.11
93.85 94.72 97.21 96.97 94.75
94.83 96.87 95.67 93.03 95.37
96.71 94.94 93.95 94.5 94.15
92.7 90.61 91.49 88.87 86.42
84.04 77.5 82.91 70.67 76.85
85.56 91.09 92.87 93.96 96.3
97.27 97.04 97.12 97.59 97.94
97.63 98.12 98.64 98.39 98.34
98.43 98.1 97.42 97.8 97.6
96.65 96.09 96.12 95.8 93.11
93.24 93.36 91.4 89.11 89.29
91.35 88.95 89.26 91.62 92.42
91.31 92.15 90.86 93.07 92.77
93.94 94.9 95.35 93.86 94.32
96.94 95.78 93.13 94.68 95.12
94.14 94.04 93.07 93.4 91.95
90.54 89.88 87.05 83.61 78.04
78.34 78.24 79.41 78.61 78.88
83.03 84.82 83.97 84.73 80.07
82.1 82.65 77.44 79.31 76.51
76.83 71.72 67.42 60.84 57.9
55.52 53.91 54.29 47.41 43.69
39.58 40.48 37.47 42.81 44.43
38.54 38.33 40.89 42.7 42.63
41.64 42.9 41.02 36.88 39.61
40.2 37.25 39.99 39.68 41.19
42.56 41.02 41.97 50.26 47.31
53.21 50.66
