55.29 65.12 65.53 73.87 69.71
70.9 72.94 70.38 69.66 71.89
73.14 68.74 65.36 66.06 75.75
74.31 77.05 80.18 80.92 80.51
82.76 79.48 79.32 78.94 79.16
74.87 75.29 75.02 80.47 83.72
83.45 85.78 88.24 87.38 91.45
91.74 92.55 93.68 95.43 95.72
96.98 97.45 97.39 96.3 96.77
97.24 96.66 97.7 96.98 98.11
98 98.23 97.94 96.84 93.37
91.03 91.19 95.25 97.28 98.29
98.53 98.66 98.36 98.13 96.89
94.61 92.38 90.69 86.96 86.36
89.59 94.75 97.76 98.55 98.85
98.88 98.9 98.6 97.4 96.21
94.83 95.55 96.7 97.95 97.57
96.62 98.32 98.04 96.92 98.44
98.2 97.54 98.28 97.68 95.38
93.7 91.66 95.01 97.41 98.33
98.62 98.73 98.69 98.6 97.76
96.6 94.87 95.81 93.96 94.56
97.54 95.3 92.55 86.95 77.89
80.63 83.16 93.63 94.21 95.32
97.19 97.17 96.56 97.47 98.48
97.29 97.21 98.26 98.44 97.57
98.38 98.48 97.89 97.41 96.9
96.53 96.52 96.2 95.46 94.66
97.1 98.12 98.39 98.89 98.9
98.84 98.63 97.63 97.82 98.66
98.65 98.37 98.81 98.91 98.72
98.72 98.89 98.71 98.46 98.61
98.49 97.35 97.68 98.38 98.3
97.17 98.29 98.85 98.82 98.86
98.8 97.91 98.01 95.92 95.93
94.57 91.74 87.17 78.47 75.57
70.83 71.19 73.39 70.27 70.95
72.63 70.37 69.01 70.33 70.53
65.35 63.8 61.78 56.77 52.27
57.8 66.99 71.29 80.69 86.65
89.71 92.33 94.18 93.99 93.85
94.51 94.26 94.76 94.4 94.93
94.7 93.22 94.08 93.97 93.13
92.27 94.1 94.3 93.65 88.09
85.54 79.35 84.03 87.69 89.62
90.78 89.35 90.42 93.57 93.59
93.57 93.66 94.51 93.91 92.71
93.41 93.08 93.6 93.67 93.22
91.91 93.21 93.8 91.2 91.19
92.82 91.62 88.62 90.58 89.27
86.89 87.6 85.29 89.07 92.45
90.54 94.24 96.4 97.88 96.61
97.04 97.96 97.34 96.62 97.84
98.44 95.87 97.11 98.09 98.74
98.69 98.81 98.78 98.71 98.27
97.45 95.92 95.55 92.66 92.41
92.95 93.59 95.82 95.23 95.57
97.55 96.37 96.35 97.8 97.02
96.62 97.19 97.38 91.85 93.15
95.59 97.41 98.48 98.58 98.55
98.38 97.35 96.39 97.64 96.39
96.96 95.78 97.77 96.81 94.75
95.93 97.17 97.44 98.22 98.37
98.45 98.6 98.63 98.61 98.26
97.58 97.64 97.63 95.07 94.16
94.18 92.26 83.56 79.48 73.25
68.48 64.22 57.98 64.51 61.81
56.97 43.78
