39.75 43.11 40.15 40.13 45.26
44.6 44.9 49.51 43.55 50.24
43.08 40.31 46.99 42.05 43.45
40.44 39.17 38.39 37.66 38.01
40.24 37.98 38.29 32.6 38.55
34.83 40.25 45.55 41.91 46.84
53.19 55.83 60.4 64.2 65.52
66.74 68.29 57.57 63.92 62.97
57.54 56.98 51.29 46.02 41.39
41.35 42.5 41.17 33.38 39.23
38.16 41.5 52.37 42.7 43.7
48.93 44.3 39.78 46.98 43.81
39.66 43.08 45.78 42.4 48.73
50.7 38.93 51.05 46.57 50.78
49.49 45.36 39.18 41.32 35.82
41.67 41.65 41.25 35.29 41.1
41.23 47.4 42.1 44.6 47.1
51.24 47.43 43.78 51.58 51.57
48.94 51.95 54.3 55.41 64.79
76.13 83.43 82.45 84.19 86.64
88.99 88.87 90.69 92.11 93.03
94.77 95.06 96.25 96 97.14
97.22 97.82 98.08 97.64 98.05
98.25 98.27 97.91 97.99 97.97
97.78 96.77 97.45 96.25 94.55
95.23 96.17 93.8 96.23 95.79
94.34 94.99 96.08 95.04 94.36
95.93 95.11 91.94 95.56 94.32
94.46 95.65 96.63 97 95.7
97.34 97.63 96.64 95.43 96.26
95.72 94.67 93.67 93.5 92.11
88.7 88.82 89.55 82.96 86.42
83.07 87.04 84.16 85.08 86.53
89.88 90.28 91.87 92.28 94.6
94.69 95.51 96.23 97.54 97.77
97.94 98.12 98.01 97.84 98.24
97.9 97.38 97.67 97.28 95.55
94.82 96.13 95.07 93.74 94.32
94.01 94.8 94.89 95.86 97.27
96.45 96.71 97.53 97.22 97.18
97.44 97.99 97.28 97.85 97.87
97.25 96.39 96.78 96.06 93.82
94.26 93.57 91.29 88.32 90.4
87.89 81.51 81.38 81 79.51
77.24 79.86 83.92 84.87 89.42
92.04 91.93 92.59 95.67 95.48
94.44 95.97 95.95 95.16 94.93
95.59 93.4 92.15 91.92 91.28
90.03 87.51 88.74 86.84 80.58
80.49 84.8 83.56 83.98 86.92
85.22 88.69 89.82 89.3 92.06
94.06 94.83 95.47 96.46 96.83
97.21 97.47 96.82 96.64 97.01
96.97 95.05 95.28 96.1 94.51
92.8 93.32 92.82 90.4 87.34
88.95 83.09 72.4 63.24 64.01
57.07 58.25 69.27 71.18 71.2
67.16 73.49 82.22 86.97 90.56
91.23 93.1 95.26 94.94 94.84
96.62 97.81 97.45 97.42 97.97
98.21 97.5 98.1 98.16 97.03
97.3 97.31 96.26 93.6 93.67
94.28 91.39 88.6 80.33 71.4
54.59
