49.52 36.66 47.49 41.41 50.77
45.48 48.95 47.59 40.36 48.57
38.26 53.53 38.27 50.07 40.62
52.25 44.11 42.54 47.01 43.55
42.16 45.15 43.51 45.26 43.12
44.35 41.41 40.86 45.15 50.09
50.24 44.84 48.67 50.02 53.73
50.84 54 42.55 46.92 46.19
38.66 52.69 51.43 55.61 63.05
64.83 63.24 70.46 66.19 63.58
65.54 67.8 62.24 56.05 67.52
59.55 58.78 63.76 59.7 62.65
62.38 59.48 66.06 61.79 57.31
69.5 58.79 58.95 65.82 58.81
58.8 62.86 59.92 58.81 58.08
55.9 56.73 48.99 56.65 54.32
52.96 56.4 54.76 51.86 56.49
57.02 65.63 55.42 56.02 55.17
58.28 58.59 60.3 56.23 58.79
59.6 56.86 57.94 64.74 58.38
67.22 77.11 78.52 77.73 81.08
76.67 76.78 79.34 76.06 64.39
69.09 68.63 63.63 69.95 71.32
78.46 86.42 88.63 88.71 92.46
93.63 93.38 93.78 95.83 95.46
95.92 95.76 96.71 97.35 96.65
96.28 96.34 95.06 94.14 94.69
93.3 90.82 91.88 90.91 88.59
85.62 82.46 84.77 87.38 89.06
93.29 93.58 90.74 91.39 90.2
93.98 95.36 95.64 97.47 96.98
97.68 97.47 96.25 97.23 97.96
98.43 98.55 98.58 98.24 98.6
98.64 98.28 98.2 98.37 98.3
97.44 97.48 95.89 95.98 96.89
98.14 98.58 98.35 97.71 96.92
95.72 94.96 95.66 95.7 96.01
97.55 97.6 97.05 97.86 97.78
97.02 96.98 97.01 95.53 94.14
94.81 96.03 96.77 97.4 97.96
98.65 98.74 98.64 98.49 98.45
98.31 98.01 97.11 95.35 96.14
96.74 94.8 96.45 97.62 98
97.94 97.15 94.91 95.33 95.76
94.67 91.99 89.86 92.48 96.19
96.73 97.94 97.98 98.15 97.8
97.13 98.07 97.21 97.39 97.38
96.23 96.13 95.95 96.86 98.27
98.35 98.53 98.64 98.56 98.65
98.01 96.24 96.28 97.69 98.2
98.62 98.56 98.42 98.49 98.46
98.33 97.75 97.88 98.35 98.19
98.48 98.73 98.48 98.27 97.87
97.01 95.19 92.49 90.86 80.25
65.42
