84.81 89.51 91.54 95.04 93.7
95.69 97.48 97.15 95.63 92.93
93.15 90.47 85.13 82.26 81.11
79.59 81.28 83.1 85.26 84.21
84.21 81.03 78.07 79.34 76.95
73.4 79.56 69.31 60.86 52
51.61 41.86 40.72 38.75 36.92
33.77 44 43.28 51.44 55.52
63.34 65.95 65.34 70.91 79.37
86.01 84.82 83.32 83.2 80.3
78.86 75.84 75.96 79.68 78.01
81.71 78.87 86.57 89.75 90.73
92.86 93.27 94.99 95.63 95.31
95.47 95.95 95.08 95.74 95.7
94.46 93.24 93.81 92.89 94.56
95.55 96.76 96.5 96.49 94.41
92.48 84.19 77.45 76.07 76.58
79.23 70.22 64.04 59.16 54
54.82 45.92 43.22 42.56 43.37
44.56 41.95 45.41 52.48 59.99
68.12 82.76 87.9 91.01 92.56
92.28 91.27 84.57 83.1 83.3
82.1 78.66 71.48 62.24 56.01
46.97 49.43 46.55 50.56 57.55
63.74 78.45 83.94 87.16 85.65
87.62 90.45 91.12 90.36 89.67
92.08 92.28 90.94 90.93 90.56
88.44 88.78 88.47 86.06 83.44
87.33 83.93 81.98 84.97 87.84
90.84 91.36 89.46 86.74 81
74.97 66.11 63.18 58.15 56.3
62.78 65.23 67.64 70.66 74.94
72.66 81.07 80.42 78.84 81.46
85.1 84.4 83.17 86.23 85.96
84.95 83.91 84.79 84.98 84.3
88.2 87.32 85.95 83.94 80.62
77.19 71.86 65.42 51.42 44.62
44.41 43.74 39.02 38.05 39.46
32.86 39.86 33.03 34.53 35.89
37.37 40.71 41.89 44.59 49.16
44.96 45.14 48.83 51 54.63
67 71 77.25 79.28 80.05
84.83 84.68 84.49 86.42 87.54
86.87 86.99 89.83 86.81 86.5
87.26 86.26 83.67 81.7 78.96
65.21 53.2 43.74 36.33 29.21
27.42 28.34 35.14 31.93 27.91
30.76 28.19 26.89 27.62 33.63
36.45 45.92 48.87 59.82 77.35
83.95 87.37 91.65 93.85 94.49
94.16 92.13 92.83 89.77 89.07
90.97 87.44 84.94 87.78 88.25
88.87 89.06 92.39 90.94 88.89
91.5 91.89 91.58 91.77 92.98
92.34 91.65 90.91 91.68 90.48
86.7 87.45 86.15 90.74 93.93
95.61 95.91 94.36 94.17 91.73
88.34 80.31 78.71 79.23 73.51
67.52 63.51 57.01 42.12
