36.63 47.61 47.93 54.75 52.22
61.22 64.42 77.12 87.2 91.48
92.93 94.31 96.01 96.45 97.19
97.93 97.88 97.38 96.86 95.87
97.01 97.44 97.85 98.23 97.45
97.43 96.95 97 96.1 95.5
94.88 94.95 94.13 96.85 96.51
96.63 97.18 97.02 97.49 98.1
97.88 97.54 98.07 97.83 97.24
96.97 96.67 96.23 94.38 92.8
95.03 93.15 93.26 93.71 93.1
94.14 94.78 95.7 95.92 95.25
94.06 95.97 97.48 97.89 97.72
97.69 97.93 97.86 98.33 98.2
97.4 97.9 97.71 97.72 97.24
97.03 96.28 95.93 94.58 90.39
81.75 75.01 71.27 63.25 58.77
52.34 51.83 60.62 61.12 65.27
64.14 72.89 76.28 72.94 66.59
65.77 59.95 53.46 56.71 45.9
40.65 43.11 43.41 43.62 46.04
44.76 46.81 43.25 56.15 51.72
48.94 58.09 57.58 42.51 58.91
62.14 48.59 47.86 49.18 57.3
54.21 59.15 46.26 50.24 57.2
49.98 41.35 40.84 40.85 46.13
50.74 46.51 42.43 44.44 43.74
36.79 44.11 42.62 42.78 43.99
37.94 43.3 35.34 44.12 41.55
46.7 46.98 42.86 52.41 42.59
49.64 46.28 45.89 48.24 64.67
58.78 60.95 56.73 50.86 47.05
46.21 45.5 45.17 50.37 42.98
46.99 46.98 43.94 52 40.4
43.36 44.57 40.93 40.11 48.59
42.91 44.69 41.71 41.72 44.26
41.09 42.18 49.82 46.9 46.33
42.29 41.71 42.98 46.25 42.52
51.5 46.91 44.56 53.69 52.7
43.37 38.6 50.23 44.64 48.43
49.98 48.68 51.18 43.81 46.44
48.99 47.07 42.47 39.8 41.83
48.67 53.47 47.81 55.98 55.95
57.63 56.26 54.54 57.25 48.01
48.74 45.37 49.02 47.24 47.87
40.02 49.73 51.66 51.47 50.62
43.19 49.01 44.24 45.17 44.81
54.92 48.2 56.07 56.7 55.45
54.5 56.26 62.49 60.77 65.18
59.12 71.37 69.56 74.67 76.8
77.66 83.03 83.03 85.46 85.48
82.79 82.9 83.94 78.22 81.3
75.25 71 71.36 76.04 72.71
72.69 71.11 73.32 77.09 74.09
73.74 73.06 74.41 70.66 63.75
58.53 55.82 48.9 48.33 44.48
45.46 38.83 47.84 40.06 40.77
41.77 43.4 42.51 38.64 35.6
37.64 35.93 39.66 31.33 41.11
37.52 40.36 38.98 40.57 43.02
38.09 53.11 48.77 47.04 59.16
57.16 61.71 67.63 61.43 68.29
74.76 82.08 79.22 80.17 77.93
75.6 75.67 72.66 68.65 66.61
64.88 66.34 60.2 58.43 55.74
56.5 55.75 54.18 53.05 49.54
58.73 60.83 71.39 79.43 80.51
86.89 87.14 87.09 86.47 89.89
87.98 85.68 87.64 88.49 86.55
82.67 80.11 76.3 62.33 58.36
55.02 49.4 48.76 47.25 45.28
49.51 44.43 49.7 50.05 43.67
41.55 48.66 49.15 46.11 48.5
46.7 48.77 47.16 44.13 46.84
48.03 47.25 48.49 46.66 53.13
49.93 49.12 51.29 46.74 52.41
50.32 58.05 56.19 56.32 57.25
