37.71 34.7 35.5 31.88 31.87
35.02 31.84 33.82 37.04 36.02
35.73 42.48 39.19 42.86 41.83
43.32 49.55 47.07 46.31 48.14
46.2 39.81 44.4 51.69 51.66
57.33 66.59 72.8 78.9 77
77.55 81.44 84.93 83.94 83.36
84.15 87.98 86.44 84.69 85.56
84.77 85.17 85.8 86.24 84.26
82.62 75.49 73.73 67.8 67.75
63.64 57.83 55.97 50.69 59.76
55.82 53.88 60.51 59 59.64
66.53 71.82 81.79 83.92 83.84
79.87 82.76 85.57 84.7 83.98
87.05 85.82 85.91 87.14 91.58
90.19 91.91 91.23 89.58 91.17
92.02 92.2 91.21 93.63 93.32
93.14 92.51 92.45 94.47 95.12
94.86 94.12 96.11 96.1 94.21
94.85 96.18 95.04 92.51 94.7
95.08 92.5 90.96 93.58 93.76
92.29 92.66 94.48 93.98 93.8
94.95 95.09 92.07 91.47 94.33
90.43 93.21 91.84 91.49 92
94.42 95.09 94.43 95.77 96.81
96.5 96.45 96.71 97.67 97.29
97.37 97.14 97.21 95.82 95.68
95.27 93.11 91.61 93.32 94
94.89 94.88 96.18 96.28 96.22
96.23 94.29 92.88 92.63 95
95.62 93.28 94.32 95.33 92.54
89.67 92.23 92.04 87.36 86.54
87.88 86.83 76.93 68.63 59.3
51.28 52.35 48.75 47.48 47.02
53.83 70.8 76.02 82.25 85.23
85.63 89.44 90.71 92.13 94.26
95.27 95.5 96.34 97.45 96.98
97.63 97.74 98.14 98.17 97.51
97.8 97.7 96.95 95.32 94.84
95.17 93.42 91.66 90.86 89.11
88.28 82.69 77.46 68.81 70.41
67 69.02 73.51 76.57 85.12
89.09 88.95 93.21 93.81 91.41
91.89 94.8 93.59 91.42 94.17
95.36 93.75 94.75 95.04 92.4
92.61 94.61 92.62 89.53 92.87
93.68 91.45 92.38 94.27 94.38
88.71 89.12 79.62 78.88 66.45
67.18 70.19 70.26 76.56 81.05
87.83 86.26 89.42 91.8 90.55
89.77 92.74 92.81 90.65 92.22
93.33 93.29 91.03 91.56 91.85
89.95 91.36 92.06 92.71 93.15
94.57 95.85 95.37 94.96 95.65
96.26 96.05 96.06 95.32 95.97
95.56 93.92 92.15 92.35 90.31
85.17 87.33 86.87 83.03 77.74
83.74 80.41 67.39 68.49 73.64
73.58 68.22 71.01 75.23 84.14
84.67 86.79 90.79 92.13 92.48
93.73 93.59 93.4 94.09 94.75
94.06 94.4 94.42 94.63 93.05
93.04 92.28 89.68 88.89 89.46
89.27 88.92 89.72 88.82 91.52
90.46 92.3 88.73 85.86 81.74
81.44 79.04 79.43 85.83 88.66
86.59 91.04 94.26 93.2 93.04
92.08 92.35 91.46 92.81 92.91
94.67 94.25 93.1 95.53 94.88
91.85 93.48 96.37 93.04 91.68
94.82 94.52 91.8 91.67 93.37
92.37 91.18 90.18 92.54 90.66
87.97 89.79 91.74 90.14 90.23
92.24 93.15 93.18 91.42 92.46
91.21 91.5 88.89 88.66 87.5
90.4 90.85 92.15 92.96 93.82
94.68 95.86 95.95 96.98 97.46
97.87 98.25 97.94 97.32 97.05
97.21 97.04 96.27 95.39 97.12
97.62 98.11 97.45 95.54 94.13
91.64 86.49 86.78 91.63 93.71
90.65 89.99 94.19 92.21 88.61
90.19 90.63 93.4 93.59 94.5
94.49 95.93 96.11 95.98 96.66
97.47 96.58 96.82 96.35 95.47
95.04 94.92 93.45 90.91 90.14
91.02 88.46 85.39 80.04 85.9
87.94 89.24 89.95 92.73 93.98
95.32 93.81 95.14 95.68 94.05
94.58 95.83 93.57 92.28 94.18
91.57 88.44 90.54 89.09 81.87
86.56 91.58 88.99 89.39 91.54
90.17 88.25 90.33 92.72 92.64
93.18 95.15 94.44 94.09 93.3
94.52 93.92 94.58 96.53 96.19
96.43 96.94 96.85 97.3 96.3
96.84 96.51 96.77 94.56 94.8
94.81 92.66 89.33 89.69 88.56
90.29 93.05 92.43 92.18 94.68
94.64 93.21 94.94 96.02 94.21
93.44 94.6 93.38 91.46 91.73
91.77 89.7 88.51 90.12 85.96
87.49 90.22 93.06 92.83 94.06
94.54 94.17 95.54 92.54 88.95
84.26 88.75 87.62 90.78 92.94
93.15 93.26 92.32 90.63 89.88
91.69 88.67 91.24 92.15 91.51
91.2 90.01 87.75 87.56 92.09
93.04 94.46 95.45 94 93.4
90.46 89.89 92.38 91.5 91.9
92.16 91.32 92.98 91.71 90.37
91.33 93.28 91.81 91.25 91.44
92.94 90.6 89.2 88.46 86.65
81.62 79.21 81.86 82.55 84.73
84.89 82.14 83.06 84.92 85.1
83.13 86.59 87.79 86.04 86.65
87.29 87.74 85.34 86.59 88.92
88.92 88.28 89.44 89.51 86.3
88.16 87.58 87.54 83.99 84.03
79.94 79.35 77.08 75.55 62.19
66.63 51.57 39.59 50.66 41.65
31.88 27.7 24.17 25.52 24.19
27.46 27.69 28 24.53 22.67
23.59 25.37 22.79 23.53 21.91
21.27 22.64 21.28 22.92 23.83
22.3 24 19.37 22.62 19.78
22.87 18.13 22.64 20.43 18.89
20.31 21.7 19.76 21.13 20.16
19.41 23.03 18.79 20.83 21.32
19.15 21.63 21.99 23.44 25.45
25.81 26.81 33.36 42.71 53.5
63.98 73.66 70.99 74.48 69.99
74.87 74.96 78.13 75.41 75.98
80.48 82.58 87.6 89.6 92.1
93.71 95.19 95.43 94.58 93.63
91.37 91.06 91.41 90.6 92.25
90.84 92.54 92.77 92.96 92.58
92.25 92.12 91.98 93.09 92.25
91.36 92.43 92.2 90.34 89.94
90.49 87.94 85.56 84.58 85.46
89.12 90.14 93.24 94.47 94.53
93.62 91.44 91.37 90.46 87.76
87.96 90.07 89.36 88.24 89.56
90.72 89.2 87.82 87.12 87.26
88.59 88.56 84.18 77.74 78.4
85.9 87.12 84.52 85.92 88.92
91.82 92.63 87.88 91.08 92.61
92.55 91.37 92.19 92.29 90.94
90.26 89.19 89.07 86.17 82.74
68.13 59.34 47.21 34.06 36.31
34.63 26.73 29.25 28.55 28.62
29.66 30.51 24.91 32.28
