45.83 51.28 63.43 74.16 76.58
81.06 77.11 76.67 74.1 81.34
84.04 81.99 83.36 85.3 88.47
90.4 93.23 95.04 96.82 98.35
98.7 98.79 98.85 98.78 98.38
97.39 97.44 98.08 98.06 98.48
98.22 98.36 98.6 98.5 98.43
98.08 97.4 98.16 98.54 98.41
98.13 98.31 98.09 98.49 98.48
97.77 97.98 97.88 98.55 98.75
98.84 98.78 98.79 98.76 98.67
98.78 98.7 98.69 98.67 98.1
96.55 97.59 97.9 98.56 98.69
98.76 98.66 98.26 98.47 98.17
96.38 94.79 91.64 92.8 92.68
95.21 97.09 96.23 97.28 98.45
98.72 98.61 98.37 98.45 98.45
97.87 98.19 98.7 98.72 98.62
98.52 98.23 98.03 98.16 98.64
98.43 98.02 96.75 95.7 94.44
96.79 98.22 98.56 98.6 98.57
98.52 98.66 98.67 98.42 98.18
98.16 98.41 97.64 96.25 96.82
97.83 97.78 98.22 97.25 93.17
95.64 97.69 97.44 97.28 97.52
96.75 97.37 98.23 97.51 98.07
98.01 97.92 98.1 97.97 98.22
97.41 97.93 97.45 97.42 96.98
95.8 95.98 96.5 97.47 98.01
98.31 98.57 98.73 98.43 98.46
98.62 98.57 98.68 98.54 98.37
97.86 97.37 98.09 97.92 97.99
98.05 97.52 97.14 95.73 94.54
92.63 94.94 96.29 97.07 97.72
97.84 98.01 98.63 98.65 98.41
97.73 97.83 98.54 98.48 98.11
98.33 98.49 98.26 98.31 98.35
98 97.49 97.9 97.05 97.79
97.75 98.09 98.4 98.36 97.01
97.81 98.19 96.85 96.8 97.83
97.85 96.44 96.23 97.08 96.66
96.4 96.2 96.54 96.85 96.29
96.91 96.55 94.67 95.99 96.1
95.14 96.22 96.37 96.67 96.1
89.69 89.3 95.21 97.25 97.52
95.71 90.82
