39.23 38.43 40.31 42.93 49.8
50.75 57.34 77.75 85.93 91.42
92.71 90.28 89.54 91.43 91.91
89.4 87.84 87.37 84.99 81.09
75.55 67.27 58.63 62.59 76.21
88.69 92.22 94.15 95.85 96.45
95.56 94.81 91.71 89.71 88.88
90.4 92.47 87.77 87.49 90.8
93.97 93.71 89.02 86.16 92.8
94.11 94.88 94.56 88.96 85.82
88.7 89.66 90.08 89.67 92.05
92.43 91.89 91.74 91.49 92.17
90.9 90.95 89.34 91.49 92.01
91.09 89.75 91.07 92.2 89.14
88.25 88.77 85.92 78.55 77.95
81.34 80.43 81.98 84.17 85.23
86.97 85.67 86.81 90.6 94.03
95.03 96.1 96.13 94.56 94.13
94.45 92.64 89.97 88.29 87.8
86.7 85.07 86.76 87.69 85.29
84.77 89.8 92.4 92.7 92.61
92.72 93.99 93.93 92.74 93.63
93.54 92.36 91.95 89.82 91.77
89.89 90.9 94.15 94.33 95.18
95.91 94.4 91.5 94.89 95.93
92.7 92.42 94.41 91.91 90.06
88.68 88.49 84.8 83.31 86.76
87.01 81.98 70.77 51.91 46.89
40.36 44.15 39.98 34.6 30.45
34.77 43.89 41.77 46.07 38.29
42.11 44.63 39.23 44.78 46.38
53.99 69.64 88 94.92 95.44
94.87 95.98 92.54 87.97 92.58
97.45 98.03 98.44 97.07 96.05
96.48 95.22 96.02 97.08 95.07
93.58 95.43 93.66 92.29 95.79
94.47 92.72 91.39 95.04 97.7
97.67 98.69 98.72 98.81 98.69
98.69 96.29 93.13 91.23 94.76
95.19 97.14 96.11 96.37 96.77
97.67 97.2 96.31 97.25 98.22
98.63 98.61 98.63 98.62 97.13
95.99 93.02 94.52 88.32 88.32
89.6 94.17 96.85 98.14 98.2
98.27 98.62 98.49 97.92 98.34
98.67 98.17 98.06 98.64 98.23
97.65 97.44 97.51 92.65 95.84
95.13 93.08 95.23 96.6 98.65
98.59 98.81 98.62 98.16 94.74
93.29 96.43 97.03 98.24 98.72
98.73 98.7 98.81 98.88 98.76
98.8 98.72 98.6 98.23 98.26
96.89 94.75 92.99 93.83 95.33
97.55 98.33 97.75 97.12 98
98.49 97.25 93.34 97.03 96.51
93.34 91.58 93.62 92.34 93.64
97.27 97.07 97.94 94.59 95.71
96.98 98.44 98.27 98.01 98.5
98.63 97.99 98.04 98.15 97.92
96.91 96.26 95 91.51 87.4
79.38 65.19 57.17 52.43 33.13
43.18 43.96 46.56 46.98 40.86
44.89 34.67 38.14 37.3 32.96
35.96 35.43 35.33 37.58 37.3
39.55 39.75 48.11 41.49 38.36
44.48 36.58 39.75 34.07 35.73
41.96 39.97 39.64 42.53 41.11
43.65 42.25 40.33 48.04 48.41
36.37 40.1 37.36 41.5 39.66
40.32 41.95 40.26 41.9 43.42
38.41 40.79 36.57 41.16 44.69
39.94 44.83 39.52 37.24 43.43
40.48 39.31 45.17 40.36 35.18
36.43 32.84 36.35 30.95 37.06
34.99 35.71 37.49 36.29 37.68
37.51 44.83 38.47 38.62 43.43
40.04 38.93 36.48 33.2 37.26
31.99 41.18 39.9 39.39 40.34
42.8 41.14 42.34 40.34 45.16
39.36 40.32 38.83 32.37 35.88
40.63 46.29 37.16 39.98 39.01
37.75 36.6 32.56 31.42 30.57
33.03 34.76 33.39 30.57 33.21
31.86 30.76 31.27 29.62 29.13
30.35 31.57 33.98 33.63 35.63
35.34 36.54 33.4 33.89 31.21
35.59 36.23 34.97 37.44 38.55
39.89 37.21 37.9 37.16 34.34
37.28 32.51 31.74 33.3 34.96
34.68 36.87 37.03 30.38 36.27
34.77 32.68 35.3 32.48 35.08
38.89 37.54 37.9 35.01 43.03
44.47 39.45 41.19 40.2 40.94
38.8 46.44 45.84 40.4 36.85
37.12 37.36 39.95 38.37 38.82
44.7 36.32 39.24 38.56 40.5
39.21 38.95 37.25 35.52 40.42
37.45 40.12 38.23 41.28 40.79
41.11 41.14 36.76 36.81 33.61
34.1 30.87 31.31 34.17 31.4
30.47 38.48 29.6 27.84 29.41
29.44 27.94 30.11 33.13 29.6
30.36 28.54 30.51 29.79 30.24
29.63 33.2 33.56 33.04 32.73
31.97 33.69 35.33 39.31 40.75
39.73 38.57 34.94 33.18 36.52
34.72 31.1 33.29 31.47 33.36
32.51 33.95 27.55 38.13 34.09
31.77 37.33 35.74 38.04 32.88
42.12 31.91 37.09 38.07 33.84
39.39 33.08 36.89 32.28 37.49
29.9 37.55 30.85 36.8 34
31.35 36.03 32.06 41.13 38.03
40.98 39.45 37.94 38.84 39.41
39.28 42.01 39.66 37.89 37.66
40.81 39.27 41.5 39.72 40.48
38.37 41.55 37.45 39.01 39.28
36.74 34.76 40.5 36.98 33.83
36.84 37.29 37.79 35.45 35.36
36.59 27.21 34.95 29.93 30.74
35.69 34.79 38.16 33.92 37.55
34.23 34.16 32.28 37.75 32.9
34.52 35.83 38.36 38.72 36.81
38.87 42.93 45.48 45.19 50.12
43.99 43.65 44.04 47.4 43.21
38.6 45.03 35.58 38.71 38.43
40.42 38.64 35.61 34.24 33.5
36.87 34.65 36.29 38.84 37.53
35.73 40.96 38.81 35.15 39.03
38.38 38.69 40.56 41.52 35.42
42.37 38.81 40.34 42.48 38.76
40.86 44.49 47.58 55.67 57.1
65.67 58.48 56.29 57.48 64.69
