55.04 65.47 73.92 83.52 83.68
81.83 82.66 83.73 83.98 78.83
84.15 76.51 68.65 60.75 57.24
51.47 50.49 45.63 39.78 43.61
47.17 44.78 47.59 48.17 42.87
53.78 52.41 44.29 47.94 49.71
48.48 51.17 55.08 45.59 44.87
50.16 47.26 44.88 42.01 39.68
48.62 41.43 46.85 42.18 45.59
46.04 47.38 46.05 49.43 53.13
54.46 59.13 52.52 62.02 71.39
67.01 64.06 65.85 59.86 58.35
58.06 59.22 57.96 57.17 59.54
58.05 58.69 58.17 52.75 53.1
59.48 66.28 63.92 66.7 66.16
65.11 61.69 60.59 61.63 62.85
62.31 60.86 62.92 62.8 60.17
62.72 61.94 58.84 60.29 59.84
62.47 66.13 73.51 74.74 73.93
74.4 69.64 67.02 74.43 71.69
65.84 62.04 61.95 58.47 52.44
47.07 53.57 43.31 45.91 45.18
42.96 52.4 57.09 51.14 62.84
57.71 68.42 67.81 64.96 62.16
61.82 63.79 60.99 54.89 60.32
52.48 52.23 49.48 44.22 42.88
45.83 49.85 46.17 55.12 52.33
49.06 50.54 46.08 51.64 56.31
52.19 46.66 58.51 42.34 55.8
54.22 59.76 55.55 62.46 44.34
50.46 57.57 48.17 51.95 43.98
43.51 43.87 49.37 42.05 42.81
46.53 44.83 42.18 50.44 48.55
46.89 60.34 60.81 61.48 54.55
57.67 59.12 50.22 57.58 50.48
46.92 40.41 48.63 41.36 39.43
40.73 42.85 43.48 57.82 45.91
54.7 55.52 57.09 52.51 49.48
52.12 46.94 48.28 55.11 49.64
60.32 58.09 53.14 55.5 49.36
59.57 43.49 45.33 50.51 46.57
42.14 44.03 42.25 44.74 43.75
46.91 38.41 39.4 54.42 41.79
55.04 45.63 46.8 50.12 39.84
44.43 50.25 39.93 46.98 50.33
57.6 51.34 52.21 53.55 46.39
67.22 51.31 56.52 52.65 48.15
54.3 52.07 46.52 50.36 44.24
46.42 44.1 42.6 47.37 41.05
44.94 41.15 46.77 37.88 50.34
46.99 45.43 49.88 40.05 56.1
37.79 55.02 40.94 46.84 48.78
38.27 42.13 43.48 48.65 48.21
36.45 54.42 47.69 44.58 44.23
56.54 54.91 44.38 51.24 48.3
56.97 64.85 73 87.77 92.81
94.64 95.3 96.25 96.67 95.77
96.05 97.36 97 95.63 95.67
97.32 96.67 96.5 97.09 96.44
97.57 97.45 96.76 96.77 97.57
96.6 96.51 95.32 95.42 96.01
96.23 95.34 94.98 96.74 96.82
97.23 96.17 94.02 94.34 95.41
96.96 97.87 96.98 97.04 96.02
96.19 94.98 93.51 92.01 93.59
95.76 94.71 93.39 94.52 95.93
94.67 93.33 94.31 96.07 93.96
94.53 96.25 95.63 96.37 95.57
95 95.37 95.84 96.45 95.41
95.5 94.67 93.93 91.85 85.73
76.18 74.02 78.65 82.2 81.52
80.98 68.67 66.98 63.15 59.88
54.89 56.06 57.68 58.56 54.5
52.49 56.51 47.21 48.39 38.89
50.21 47.47 52.4 43.37 43.44
40.24 48.03 41.25 43.04 42.34
44.49 40.13 45.26 42.66 40.17
47.67 47.72 52.28 59.64 56.17
60.88 65.82 80.48 83.36 85.12
83.96 83.83 82.25 82.55 84.87
84.05 87.46 82.71 67.09 59.04
54.78 53.36 53.65 48.24 52.11
56.13 61.88 60.66 73.84 69.05
79.91 75.57 77.91 78.14 73.94
75.11
