38.85 37.06 34.13 30.48 42.53
34.76 33 33.29 40.47 33.6
45.91 51.71 51.83 54.34 53.94
56.31 56.33 57.27 52.89 48.78
47.97 39.26 31.13 35.57 32.68
33.01 29.12 35.08 27.61 32.51
30.21 29.62 38.07 42.44 52.68
61.09 73.45 85.28 87.04 89.3
86.6 89.16 85.27 85.81 80.8
66.56 59.97 52.35 49.87 51.67
49.14 50 40.28 43.48 33.21
37.57 33.11 35.44 37.61 48.46
53.71 66.46 75.14 80.52 82.53
86.04 89.3 91.33 91.79 93.09
91.48 90.71 87.5 86.32 90.61
92.97 94.59 94.3 95.04 93.15
92.86 91.38 90.31 90.87 84.59
79.98 92.14 92.52 89.27 81.07
80.49 85.58 82.56 86.38 85.89
85.56 83.24 79.34 86.84 84.79
80.03 69.4 77.53 77.53 79.13
78.51 77.25 77.63 78.49 76.04
77.3 82.37 88.94 91 94.34
94.66 94.57 94.2 94.53 95.28
93.21 91.17 92.38 86.75 86
92.47 93.2 95.4 96.24 94.6
92.43 90.67 86.59 82.22 83.93
89.76 91.57 94.34 94.17 94.99
91.66 90.52 83.46 73.07 76.14
86.11 89.93 91.96 92.15 93.07
89.73 86.34 76.87 63.69 54.74
48.4 49.05 49.27 49.91 53.15
57.18 65.35 79.95 89.04 88.03
90.91 89.08 88.35 83.76 77.03
73.37 67.93 56.31 57.6 66
60.12 63.77 69.61 62.96 46.56
46.63 42.51 41.83 34.07 30.16
28 25.96 28.3 27.45 26.84
27.47 27.81 29.62 27.07 25.18
29.02 30.19 26.87 29.94 27.73
31.3 29.47 29.75 29.27 43.28
44.39 53.84 66.34 75.38 89.49
90.94 95.69 94.83 97.4 96.54
98.52 98.39 98.6 98.15 97.67
97.97 97.61 97.38 97.07 93.15
91.85 91.81 93.91 94.74 92.3
92.07 91.77 95.43 93.78 92.88
94.95 97.47 96.58 95.84 97.54
98.01 97.15 97.04 97.98 96.84
94.94 95.16 95.9 92.14 90.02
92.78 90.6 94.13 92.17 95.61
93.66 95.65 92.08 91.53 95.96
93.98 97.31 96.51 93.67 93.03
93.22 95.8 86.24 90.66 90.02
93.23 88.73 85.97 81.04 81.18
77.33 77.06 86.19 87.98 84.75
84.12 93.81 88.69 83.18 89.2
90.6 80.3 73.65 79.11 77.73
66.28 63.95 74.6 83.78 90.79
95.02 96.88 97.3 98.58 98.55
98.48 98 96.07 94.48 91.61
85.18 77.26 74.02 76.14 76.92
87.19 88.49 86.15 88.1 81.51
79.14 81.83 86.62 93.37 89.57
85.23 81.1 79.75 85.87 93.27
95.12 95.47 96.4 96.73 95.84
95.66 91.08 90.71 87.09 90.9
93.95 93.15 93.1 95.56 97.17
95.75 95.2 97.99 98.03 95.74
96.16 97.67 96 91.52 93.81
94.89 85.44 88.84 79.84 83.02
80.07 75.3 76.78 82.08 84.97
86.94 87.91 85.65 84.73 82.43
77.66 76.47 78.39 82.34 88.01
91.96 94.14 91.35 86.17 73.56
78.55 76.82 75.58 76.63 81.42
88.98 90.55 88.59 90.72 94.05
93.17 92.12 89.12 93.09 93.82
88.71 86.3 92.82 89.8 81.27
85.32 86.57 78.05 70.08 71.64
81.04 87.03 82.95 87.56 91.54
84.65 79.06 74.77 71.62 64.87
53.38 45.67 40.65 45.64 44.59
48.5 55.47 58.91 62.94 69.48
70.39 63.27 61.75 57.9 62.44
62.31 61.32 68.67 76.66 82.98
82.03 77.79 78.18 69.24 71.58
70.74 70.05 68.44 77.28 82.49
81.81 88.26 92.62 90.24 90.58
85.59 84.96 87.99 81.98 91.17
91.41 92.82 92.54 91.27 94.04
92.64 89.18 85.82 78.34 77.48
82.14 90.67 90.98 91.79 91.86
93.1 94.4 93.19 92.46 91.42
89.86 89.03 90.78 90.04 88.51
86.08 84.84 86.87 80.23 83.25
90.01 91.84 90.3 91.58 91.03
90.91 92.49 92.14 90.69 90.1
89.53 87.57 86.11 83.38 83.97
88.25 82.82 81.33 89.98 89.76
93.33 93.19 91.27 92.02 93.87
93.3 93.91 92.55 91.55 89.91
91.65 93.74 93.72 92.42 88.55
83.9 85.14 84.08 90.54 89.24
93.27 94.56 93.15 89.42 90.9
92.08 90.09 81.37 81.4 86.03
82.08 87.93 89.85 92.53 95.46
95.71 95.66 95.39 94.49 95.03
96.57 97.11 96.34 96.02 96.27
96.48 96.21 94.7 91.87 90.64
85.4 89.8 92.66 92.88 91.75
84.61 80.98 75.38 68.83 73.28
73.88 83.27 88.15 90.38 95.18
96.29 95.6 94.37 94.41 96.03
96.75 96.08 95.22 94.26 92.89
94.22 95.95 95.48 94.74 90.4
85.38 81.27 74.24 73.08 66.42
59.62 54.6 45.11 52.11 62.31
75.92 85.02 87.12 90.65 91.98
92.3 92.85 90.63 86.22 86.59
86.36 89.78 91.08 93.71 93.47
94.57 92.71 90.86 86.46 78.72
66.48 58.02 49.62 43.39 40.86
38.76 43.61 42.6 41.74 42.84
46.61 55.74 74.44 86.09 92.11
87.08 86.2 90.09 93.62 94.18
94.47 92.2 89.84 89.25 93.05
93.98 93.13 88.35 84.08 88.21
92.72 94.75 92.4 87.69 71.54
70 83.82 88.23 89.49 91.99
92.4 93.65 94.55 94.8 94.7
94.76 95.84 95.04 91.63 95.02
93.59 95.53 95.44 94.25 90.57
90.87 92.57 95.31 96.08 95.51
95.14 93.87 91.56 91.68 94.61
92.38 93.49 93.92 95.12 95.3
95.1 94.51 92.71 90.57 88.36
91.4 91.13 93.81 91.69 91
88.3 84.98 83.37 80.97 72.55
58.38 56.36 54.74 54.54 57.29
61.82 67.59 74.81 77.26 80.77
82.38 86.45 84.46 84.07 84.26
83.59 82.81 79.9 81.77 80.22
77.15 78.09 79.44 79.85 75.37
76.68 79.27 75.29 71.6 77.06
67.81 56.97 48.41 48.08 43.29
42.07 41.16 41.08 35.24 39.82
34.99 32.02 30.96 31.46 27.26
35.67 31.3 36.05 29.8 30.17
28.46 32.85 34.05 36.83 32.27
28.94 43.08 32.44 27.72 34.93
26.03 32.71 31.29 27.16 23.17
31.87 27.31 30.57 26.89 23.03
30.33 26.51 27.68 29.46 27.87
25.51 27.43 26.64 28.2 23.94
22.83 28.69 25.06 35.35 27.45
23.58 23.5 27.52 22.7 29.06
25.05 21.73 28.39 31 29.9
26.6 27.85 29.55 26.5 26.48
28.8 26.63 30.89 28.43 30.42
26.31 28.74 33.98 26.77 33.35
26.63 29.01 29.43 28.01 31.81
35.25 26.21 36.2
