51.06 51.18 50.26 57.55 64.01
68.33 73.24 75.43 81.59 81.54
83.36 86.2 87.19 87.28 88.98
91.1 90.67 90.44 90.66 92.23
90.57 92.15 91.29 89.55 89.25
90.47 91.46 87.95 88.35 87.03
84.9 80.06 82.35 78.78 73.52
71.92 67.08 63.66 58.83 55.78
57.51 52.76 50.85 49.59 51.26
46.73 43.29 43.35 48.15 51.76
54.4 65.22 77.94 86.81 91.42
91.6 91.42 87.81 89.17 89.59
91.19 92.14 93.19 95.77 97.04
98.24 98.4 98.26 98.37 98.25
98.18 97.2 97.39 96.13 96.08
98.05 97.3 97.22 97.98 96.45
94.94 92.36 90.72 92.23 92.66
94.14 97.31 98.19 98.45 98.1
97.75 98.11 98.35 98.16 97.49
98.29 98.34 97.26 96.97 97.29
96.75 97.28 96.77 93.95 94.36
95.15 94.2 94.36 96.18 96.64
97.96 97.81 97.7 97.24 94.49
95.8 97.37 96.33 96.83 97.3
98.35 98.65 98.6 97.45 97.14
98.29
