47.14 54.31 59.07 62 67.99
67.11 69.23 74.01 82.31 84.74
84.54 86.8 91.23 92.02 94.77
93.02 91.72 93.51 91.98 91.83
91.36 93.23 92.19 93.15 94.42
94.52 93.6 92.77 89.4 91.95
90.36 93.31 94.19 95.35 95.68
94.22 93.64 94.01 91.18 89.51
88.68 85.14 83.39 82.63 79.04
71.42 69.37 69.07 61.98 60.55
66.55 75.28 83.09 88.96 90.94
89.09 91.14 92.53 88.84 89.4
88.73 87.14 84.86 82.07 83.01
84.79 90.27 92.92 92.92 92.18
91.42 91.07 92.05 92.24 91.22
90.04 90.28 87.47 85.15 85.38
81.25 69.74 66.83 55.45 47.16
37.85 37.58 33.52 36.74 44.43
53.73 61.07 81.79 86.27 89.58
87.47 85.76 87.5 82.69 88.92
89.7 91.68 91.07 92.63 94.31
93.89 92.3 92.38 92.3 91.8
92.13 92.89 93.75 93.33 91.55
92.11 93.04 93.28 90.38 90.65
90.45 89.97 91.08 89.5 89.6
95.73 92.94 93.38 92.87 93.09
89.54 86.1 87.17 90.49 90.64
90.7 90.36 90.56 93.45 95
95.2 96.14 97.19 97.29 97.77
97.76 97.69 98.17 98.29 98.28
97.76 98.29 98.25 97.98 98.06
98.07 98.39 98.18 98.29 98.28
98.42 98.29 98.15 98.41 98.3
98.03 98.49 98.43 98.28 98.05
98.17 98.03 97.36 97.42 98.13
97.69 96.52 98.14 97.87 96.27
94.78 97.57 97.43 95.01 95.74
97.84 97.01 94.63 97.07 97.61
96.14 95.46 97.18 97.02 94.89
95.19 96.91 95.51 93.43 95.18
95.7 92.38 92.61 94.27 92.76
90.28 91.48 93.61 90.16 89.84
92.45 92.02 89.31 91.48 93.72
91.37 91.16 92.53 93.56 92.08
92.79 94.35 92.8 92.59 93.89
94.79 91.79 93.06 95.14 92.99
92.28 92.87 93.48 91.14 91.29
93 90.92 90.06 90.05 92.51
88.88 91.45 89.37 87.39 87.05
91.7 90.47 88.32 87.65 89.48
89.69 90.73 88.92 89.33 90.84
88.56 88.61 87.95 86.52 88.43
84.91 86.77 86.36 85.68 82.45
75.31 72.38 73.9 77.25 77.54
75.22 70.02 81.55 75.03 83.3
86 86.56 87.42 86.76 87.81
88.89 88.49 84.38 84.65 86.15
85.92 79.7 82.19 86.15 86.89
88.67 88.18 91.29 93.23 93.18
92.67 95.34 95.46 94.47 92.87
93.17 93.35 91.73 82.17 79.18
72.6 69.68 71.61 78 79.65
85.68 88.89 91.29 92.99 92.25
92.33 93.73 93.48 94.26 93.01
91.9 86.98 81.9 75.44 67.49
59.4 56.61 54.65 52.3 59.01
58.06 58.59 59.79 52.01 48.95
44.47 45.08 39.51 44.56 41.16
43.01 47.12 49.37 58.47 72.11
80.29 87.15 89.76 91.48 92.39
90.17 91.03 92.96 94.84 94.66
95.3 95.78 96.97 97.06 97.24
97.19 97.32 97.52 97.19 96.45
93.97 91.76 93.49 92.26 92.24
94.37 94.69 96.58 96.87 95.41
91.94 89.52 76.55 69.37 62.27
51.48 48.89 47.65 45.79 42.83
47.88 51.75 52.2 57.07 57.46
59.32 73.45 85.86 87.78 90.63
85.16 84.34 89.42 91.41 95.31
95.79 96.49 94.73 94.17 90.4
86.65 85.7 87.72 90.66 93.34
94.8 95.18 92.86 90.66 87.49
80.52 71.87 62.71 59.44 58.43
60.7 66.63 74.6 81.82 86.23
89.07 92.45 93.51 93.86 87.15
86.96 85.69 90.37 91.5 93.95
95.12 96.04 97.12 96.99 97.94
97.59 97.52 96.68 95.98 94.55
95.69 96.18 97.26 97.67 97.25
97.48 95.11 94.41 93.58 93.25
90.21 85.42 89.83 90.1 92.25
94.77 95.68 96.02 96.87 94.67
91.66 91.95 88.49 87.34 77.77
84.86 92.25 94.34 94.5 95.74
94.51 94.07 91.83 90.85 87.29
81.95 84.07 84.1 91.56 93.85
96.6 96.38 96.39 95.12 87.76
76.5 63.03 55.07
