39 43.89 54.26 47.57 52.31
53.1 56.42 44.23 46.69 44.91
49.86 45.56 51.57 56.5 48.98
54.03 59.01 56.09 53.53 52.85
52.4 53.34 57.08 60.77 61.81
63.7 66.78 65.39 66.96 68.89
70.4 66.88 63.83 63.88 60.63
59.33 56.48 56.88 53.25 50.88
51.64 51.29 52.92 58.89 69
78.05 89.02 90.99 92.36 94.41
93.37 97.68 97.51 97.87 95.29
96.77 97.1 95.1 92.67 94.2
97.02 97.26 97.34 97.48 98.39
98.14 97.99 98.38 98.66 98.48
98.27 98.29 98.34 98.39 97.91
97.71 97.92 97.97 98.18 98.29
98.51 98.56 98.65 98.61 98.58
98.26 98.44 98.33 97.75 97.53
97.22 95.69 95.15 93.91 92.82
83.74 66.66 59.83 52.9
