32.39 27.27 31.06 29.16 35.02
30.08 32.65 28.26 29.55 27.4
35.16 36.6 32.44 36.61 32.69
35.08 34.69 28.78 32.43 27.2
33.08 28.28 28.17 30.34 28.35
34.04 48.58 53.98 72.25 87.97
89.48 89.81 85.89 81.75 73.01
67.34 61.4 74.7 75.6 76.46
81.2 86.82 88.56 86.17 84.48
82.99 77.01 77.4 77.33 75.22
81.36 81.89 82.41 84.39 86.36
83.5 82.47 81 84.25 82.47
86.74 87.14 85.44 81.93 81.15
78.81 85.85 88.8 91.78 92.54
93.28 91.33 85.25 83.88 74.54
67.08 78.2 80.3 79.5 88.58
91.07 91.88 89.56 87.91 80.23
79.77 84.89 83.77 84.76 89.61
90.22 88.06 87.37 91.73 88.91
88.66 86.5 88.52 88.08 90.19
89.5 88.7 88 82.85 71.08
74.38 72.87 63.31 58.93 52.5
48.71 41.81 39.1 34.78 30.66
30.73 30.59 30.34 31.32 30.57
29.5 29.59 32.35 34.49 28.38
31.23 29.63 30.8 29.93 30.06
32.64 31.55 33.12 33.41 33.44
34.23 36.43 35.8 37.94 34.82
40.06 40.35 39.02 42.18 37.1
38.94 36.39 37.52 34.49 37.81
33.55 38.32 37.62 31.18 35.91
33.82 35.98 33.71 40.85 31.86
35.22 29.26 35.28 30.39 36.45
31.76 35.89 35.15 37.94 34.68
37.24 34.59 37.72 38.08 41.26
35.14 31.82 33.89 30.5 33.49
29.81 35.41 27.89 29.39 29.16
28.86 27.68 28.48 32.38 30.4
26.21 27.1 27.72 26.64 24.19
25.97 25.73 25.6 25.6 25.12
25.71 27 28.51 29.7 33.76
29.83 34.85 36.72 38.54 37.84
36.36 37.7 34.03 38.25 39.4
36.59 30.38 30.37 29.65 28.52
28.95 28.6 30.67 27.83 33.73
30.89 34.01 32.78 32.21 32.71
33.46 35.13 33.95 42.08 39.47
37.28 42.54 44.77 37.99 38.91
36.75 38.71 36.7 37.64 43.86
39.27 36.78 39.24 39.78 39.62
34.67 40.13 32.65 30.65 34.64
27.89 36.24 34.65 42.66 36.82
36.93 38.41 39.29 37.81 36.86
35.64 36.71 41.76 34.15 34.54
36.81 38.8 35.22 43.31 37.33
31.65 35.48 30.13 34.27 29.9
37.92 36.6 35.78 32.38 34.22
36.26 46.45 39.47 39.58 39.21
39.14 37.38 32.8 38.08 37.58
33.45 37.16 31.46 34.29 31.43
37.55 29.94 31.05 38.8 30.5
33.74 28.55 29.95 34.25 40.97
35.73 31.51 29.02 30.48 32.47
38.47 35.47 33.97 34.21 33.54
31.24 33.99 37.38 31.77 36.61
38.12 34.91 42.39 45.95 39.18
39.08 35.34 32.73 34.24 29.35
34.72 31.49 31.95 32.65 34.7
36.2 34.3 35.38 32.98 42.61
34.17 33.96 32.91 44.13 32.94
32.72 36.02 39.64 35.96 46.4
34.92 34.52 36.47 43.79 31.79
35.25 35.37 34.72 43.22 39.23
34.08 34.6 30.5 35.28 28.48
26.93 25.63 27.82 26.02 26.56
24.61 25.17 24 27.48 28.26
27.71 29.88 30.66 32.58 33.74
39.25 36.08 38.6 40.35 41.19
45.14 46.05 47.55 42.16 47.42
46.33 44.89 42.73 39.52 36.11
39.2 37.32 36.37 37.3 36.27
33.45 27.52 33.53 36.17 36.68
32.03 38.45 35.52 33.97 35.79
34.88 34.87 36.33 36.24 40.88
35.76 40.3 35.11 34.11 33.12
34.15 33.13 32.93 33.2 34.98
34.3 36 39.87 31.13 34.88
36.89 35.2 36.96 37.22 32.36
35.8 35.77 37.72 36.03 37.08
39.18 36.84 35.5 31.98 33.91
34.79 35.34 33.4 43.37 30.54
30.36 31.85 32.66 33.14 34.15
43.75 42.18 33.86 45.29 31.14
38.14 34.9 36.69 34.96 36.4
36.86 37.81 33.8 31.87 35.91
31.71 36.33 35.88 35.73 35.26
34.3 37.28 33.05 35.59 32.11
34.65 34.14 30.68 44.72 36.79
35.82 36.81 38.42 39.1 37.87
38.37 36.06 32.95 42.24 37.31
34.23 31.98 32.52 32.5 29.26
33.41 33.86 34.4 42.3 32.33
37.55 34.89 46.36 36.82 38.33
34.65 36.29 34.46 34.98 31.08
41 35.2 35.42 32.53 34.03
26.02 42.71 38.89 26.65 36.63
29.68 32.11 30.2 31.57 31.2
35.06 31.69 26.21 32.14 26.76
30.89 27.18 32.29 29.56 29.91
33.5 32.77 33.67 40.99 43.31
49.3 53.33 51.13 56.32 60.2
61.55 57.78 65.65 68.04 62.76
63.24 68.57 66.13 61.95 65.23
60.72 57.29 48.36 50.26 44.67
45.2 40.5 35.54 36.42 35.58
32.02 31.87 35.35 32.59 36.73
36.48 30.57 34.37 28.32 32.9
32 38.74 34.49 30.33 31.89
33.12 33.91 31.71 34.85 27.71
30.69 29.66 32.33 34.32 35.75
38.73 37.26 34.23 42.47 36.72
41.8 49.43 44.12 43.47 44.77
47.7 43.71 34.81 31.64 34.92
31.21 29.61 30.96 28.46 30.92
33.63 27.62 32.26 30.85 27.64
28.88 31 32.47 27.72 29.37
30.08 31.91 28.99 34.69 32.06
28.06 29.36 32.4 28.21 29.6
32 29.01 31.87 26.59 35.42
31.91 38.36 31.42 30.07 29.5
35.09 31.12 33.57 34.96 32.48
37.1 34.61 31.92 29.95 32.47
33 32.22 32.9 35.66 34.42
35.64 36.61 36.18 34 34.43
29.41 33.98 35.12 32.72 29.66
30.1 29.64 25.83 29.59 25.24
26.07 25.73 24.82 26.89 36.35
37.12 45.36 50.9 53.63 58.49
56.15 65.05 83.4 88.25 86.83
84.98 88.01 88.69 86.9 86.69
89.46 89.51 85.48 78.72 73.3
77.33 70.59 70.19 73.31 77.84
74.03 77.62 80.65 82.8 87.46
88.16 86.97 87.77 89.84 91.98
93.03 96.27 93.55 92.53 92.99
92.76 92.17 90.91 91.78 93.52
93.37 93.87 92.8 90.46 90.47
91.86 91.65 92.1 92.17 92.36
93 95.75 96.33 95.1 95.74
97.24 97.33 96.89 97.57 98.09
97.33 97.38 97.68 97.18 95.4
94.63 94.99 93.15 89.14 87.87
88.11 92.61 94.41 95.01 96.51
97.48 97.48 96.62 96.86 97.55
95.39 94.87 95.15 93.34 90.97
90.44 91.53 89.57 90.89 94.63
94.2 95.18 96.45 97.61 97.65
96.34 97.34 98.02 97.25 96.33
96.7 96.73 94.79 91.81 94.05
91.43 93.12 93.27 93.39 95.91
96.8 95.42 96.8 97.64 97.27
96.94 98.02 97.77 94.98 94.75
95.38 92.67 87.26 88.68 89.5
90.06 92.5 90.45 87.41 88.06
91.77 91.27 90.04 93.16 94.94
93.14 91.83 95.03 95.4 92.3
91.81 93.98 92.27 88.44 89.42
88.72 87.9 90.38 85.73 77.54
78.3 88.85 91.59 94.21 92.58
90.24 94.87 95.08 89.4 90.44
93.8 92.3 84.62 86.34 88.01
81.03 71.92 73.82 67.97 58.99
55.31 46.44 48.18 49.04 46.81
49.29 50.91 65.26 82.98 87.19
89.56 92.17 86.38 84.53 90.99
90.44 82.71 86.83 90.93 87.74
83.32 84.72 82.9 75.12 70.68
80.3 86.74 87.3 80.46 84
87.96 92.76 89.98 86.46 91.28
92.41 89.29 86.69 91.47 88.26
82.6 86.32 88.99 87.41 87.54
88.85 90.44 94.48 95.27 94.4
94.62 96.05 94.57 94.05 96.39
95.68 94.06 95.82 97.1 95.5
95.27 96.5 96.5 96.8 96.45
97.64 97.56 97.53 95.73 97.96
97.53 96.42 94.29 90.95 90.8
89.15 80.86 82.05 90.51 88.67
82.5 85.74 90.88 88.81 83.35
87.36 89.57 85.55 83.48 88.27
88.12 82.68 79.61 80.8 84.46
89.55 92.46 95.51 97.24 97.67
96.65 97.68 97.87 96.46 95.99
97.54 96.45 91.32 95.22 95.85
91.97 87.2 88.14 82.32 83.5
91.54 97.03 96.91 94.22 89.53
94.02 96.8 95.99 94.97 96.62
97.25 96.67 96.43 95.81 95.63
93.29 95.96 96.16 96.91 97.27
97.49 96.97 97.34 97.48 97.29
95.91 97.21 97.27 96.81 95.27
94.92 97.5 97.19 96.05 97.43
97.94 97.6 97.54 97.54 97.88
96 96.38 97.44 96.55 95.08
96.82 96.56 95.83 96.5 97.12
97.18 97.56 97.37 96.95 97.16
96.88 96.84 96.66 97.63 96.54
96.24 97.8 97.73 93.85 95.13
96.57 96.1 90.38 94.45 96.34
95.06 88.52 87.07 84.7 80.16
77.98 79.97 78.07 81.58 87.22
80.85 81.85 89.24 92.45 89.78
92.18 96.64 96.82 96.06 97.06
98.01 97.7 97.84 97.68 98.08
97.57 96.7 96.54 96.38 95.14
94.44 91.02 91.46 90.17 79.33
72.14 70.24 56.3
