40.54 43.51 59 80.56 88.58
94.15 95.13 95.63 96.18 96.75
96.55 97.14 95.86 96.49 96.05
95.96 95.4 94.23 93.36 94.77
94.07 91.48 90.66 91.96 90.36
92.99 92.23 90.51 91.12 90.24
93.09 95.56 93.03 92.13 90.71
93.39 94.57 94.17 94.26 95.51
95.4 94.98 94.78 94.06 94.21
93.13 92.9 92.83 93 93.16
90.74 94.32 94.79 95.13 94.49
95 93.01 92.56 93.43 91.98
88.26 88.31 90.02 85.48 81.09
83.27 81.94 73.43 69.52 70.71
67.01 56.92 54.96 53.52 50.21
53.9 51.5 50.91 52.99 46.03
50 58.24 54.74 60.82 72.57
74.3 74.07 79.78 81.49 81.11
81.59 86.64 86.53 85.58 90.4
93.27 91.99 93.08 95.02 95.08
96.13 96.73 96.99 97.56 97.76
97.72 97.9 97.99 97.75 97.59
97.83 97.49 97.48 97.62 97.87
97.38 97.1 97.62 98.1 97.71
97.43 97.27 97.91 96.28 96.24
95.82 95.48 94.67 94.15 93.41
94.38 94.53 93.3 93.9 94.73
94.38 93.89 94.17 93.96 95.02
94.9 94.08 94.58 94.63 94.11
93.02 93.92 94.41 95.07 93.27
94.29 94.24 92.47 91.53 91.96
91.21 87.58 87.33 86.37 84.45
84.98 87.18 87 86.63 91.37
92.91 92.56 93.05 93.83 95.04
94.96 94.7 95.14 95.73 95.88
95.22 94.98 95.2 94.44 94.16
94 91.16 91.32 90.56 91.81
87.81 90.34 92.25 89.4 89.97
85.09 86.86 89 92.65 94.59
95.97 95.54 95 97.63 97.48
96.51 97.05 97.16 97.58 96.63
97.68 97.02 97.49 97.41 97.54
97.31 96.4 96.77 97.03 96.72
96.37 96.8 96.43 95.08 94.94
95.22 94.57 92.94 91.37 92.43
91.68 87.61 87.2 89.53 85.69
81.89 85.3 87.03 78.78 82.1
82.91 87.03 87.61 83.88 87.51
90.85 91.31 89.2 92.22 93.55
92.35 93.16 94.6 94.35 94.78
95.89 96.14 95.67 97.18 96.12
96.15 96.78 96.28 95.75 95.82
95.09 95.7 96.08 96.67 96.84
96.84 97.06 97.5 97.34 97.52
97.81 96.96 95.51 96.45 95.15
93.84 94.16 94.83 94.75 93.11
92.65 93.5 92.26 91.94 92.62
91.41 91.88 92.8 91.37 90.61
90.21 93.12 94.23 92.95 94.2
94.52 94.29 91.96 93.72 90.17
82.68 82.24 82.99 87.8 90.18
92.78 93.6 92.61 92.98 93.71
94.26 94.5 94.85 94.98 95.23
96.18 95.48 96.12 96.2 96.59
95.88 95.72 95.26 94.41 93.7
92.44 90.95 90.02 88.32 86.31
83.06 77.03 64.87 62.61 58.21
67.31 73.43 79.19 82.63 85.37
87.89 90.95 91.23 91.46 92.67
94.48 93.71 94.53 95.5 95.71
94.91 94.75 95.02 94.73 94.49
93.93 94.35 94.13 93.47 94.58
93.05 92.71 94.04 93.83 93.14
94.13 92.78 92.14 94.47 95.56
95.11 96.33 96.79 96.78 96.52
97.36 97.62 96.7 96.31 97.62
97.98 97.42 96.7 97.45 97.76
96.92 97.59 97.75 97.05 97.55
97.84 96.65 96.2 96.88 96.63
95.56 95.06 94.37 94.45 92.42
91.92 91.68 91.46 88.24 85.5
87.18 85.28 81.17 75.34 73.84
67.36 63.98 60.46 52.47 48.9
46.99 40.17 37.79 40.07 46.33
51.54 43.14 40.2 36.25 41.05
40.16 37.78 40.09 38.52 40.5
42.39 32.34 37.18 32.76 37.57
32.71 38.65 32.71 33.4 35.83
35.06 33.05 39.91 35.85 34.27
29.56 31.54 30.15 29.38 32.33
31.47 34.59 36.18 35.95 35.03
37.2 37.5 35.56 36.39 31.6
33.58 34.7 27.2 29.51 33.36
29.15 35.66 34.33 34.01 35.78
31.57 30.54 33.97 33.21 30.84
31.2 32.94 31.28 31.16 30
34.95 28.85 28.39 30.19 29.93
29.41 30.53 34.16 35.46 36.35
36.23 39.72 32.8 48.96 40.01
34.95 33.55 42.72 40.19 40.35
43.78 51.08 47.81 46.91 52.69
53.36 53.76 48.24 45.61 52.05
54.42 50.81 43 41.2 39.41
42.47 45.6 44.16 40.72 39.4
46.39 35.13 37.57
