36.74 39.96 48.24 43 49.67
50.51 51.88 51.4 48.34 49.7
48.21 51.3 54.18 53.56 54.33
49.69 52.71 56.04 54.13 57.19
57.28 53.94 56.94 59.57 59.12
61.05 68.68 61.77 66.97 64.48
62.15 62.17 61.3 61.75 56.89
51.59 53.98 51.41 49.78 49.98
50.16 48.86 51.91 53.06 57.04
53.9 55.83 56.22 53.24 55.08
57.91 48.74 54.73 55.95 54.15
58.2 56.9 62.32 67.57 75.04
80.08 83.88 88.13 88.65 88.12
91.11 92.97 93.82 94.41 95.13
96.02 95.02 96.41 97.23 96.2
96.2 96.69 95.31 93.64 94.32
93.85 90.94 89.78 89.78 90.94
85.37 80.36 78.73 73.86 66.48
56.05 56.99 53.89 54.22 48.46
58.66 59.98 52.16 58.87 60.29
66.68 77.88 81.08 81.08 82.04
85.23 87.77 87.71 89.59 90.49
91.08 90.64 91.09 92.6 92.85
94.91 95.32 95.5 95.63 95.82
96.81 96.26 96.86 97.06 96.54
96.58 95.08 95.82 93.47 93.66
94.47 91.88 89.96 90.36 90.5
86.65 85.67 87.41 85.52 81.48
79.73 79.62 70.67 62.89 58.38
57.45 53.69 52.54 43.99 42.51
52.6 47.95 47.39 43.56 46.6
42.04 38.9 43.22 45.9 42.39
41.67 43.63 39.4 36.76 39.84
39.89 40.97 37.23 36.22 38.67
36.54 43.35 38.59 40.96 40.96
38.13 36.63 39.78 38.01 37.37
35.9 40.19 40.54 44.85 52.44
50.29 46.25 46.52 47.95 45.13
40.62 40.81 45 54.36 44.9
48.43 46.52 56.04 53.95 58.06
54.46 48.9 57.54 56.1
