38.63 38.13 29.08 37.22 38.91
30.09 38.48 33.81 32.51 30.48
29.19 30.54 35.19 30.89 34.83
30 35.22 31.11 31.69 30.16
28.05 34.01 31.4 36.27 30.55
35.93 33.21 31.47 32.65 35.4
48.73 44.07 50.78 50.4 48.15
53.28 56.38 46.29 48.58 47.92
44.74 36.5 44 43.09 47.17
51.8 45.15 46.13 58.53 58.48
61.93 61.54 63.5 63.36 66.25
67.52 67.65 67.19 65.66 64.06
63.11 62.1 60.13 56.7 58.11
57.75 53.58 53.05 49.29 51.37
50.97 45.57 41.52 44.97 43.34
38.21 40.5 44.48 46.87 50.52
57.61 55.57 57.52 66.11 71.74
72.8 77.57 80.46 80.55 77.53
78.49 82.28 79.7 78.84 84.82
86.68 79.23 80.65 85.75 82.54
78.19 81.53 79.53 77.15 70.5
72.54 71.67 60.94 64.46 67.55
61.04 48.69 53.06 53.28 57.16
57.84 61.33 62.01 71.71 73.06
75 78.82 77.07 77.93 81.95
83.31 80.72 85.64 85.28 86.92
86.05 86.46 88.57 86.1 86.11
86.21 85.56 85.35 81.42 75.49
60.45 56.44 57.31 59.41 66.16
67.27 70.59 71.56 73.14 70.93
77.48 87.03 88.96 90.02 90.89
94.35 93.12 94.51 95.6 96.78
95.79 95.39 95.01 93.91 92.8
92.37 90.02 88.26 86.57 84.45
78.88 78.62 74.7 69.87 57.93
54.42 51.57 52.74 58.38 60.5
66 77.34 76.45 83.54 85.92
87.84 90.58 91.96 92.27 92.68
94.94 96.2 96.05 96.66 97.65
97.12 97.53 97.58 97.28 96.98
97.83 96.86 96.26 96.5 96.05
94.98 94.43 94.06 93 91.82
89.87 89.08 90.35 92.43 92.45
91.61 92.63 95.07 95.6 94.13
93.98 95.64 95.79 95.02 95.15
96.02 95.91 95.19 95.97 95.32
94.27 95.04 92.81 92.56 91.7
89.91 86.41 86.03 85.5 77.02
84.24 86.8 90.29 90.22 92.41
93.78 94.86 94.55 94.7 95.48
95.23 95.51 95.01 95.55 94.91
94.58 95.92 94.51 92.13 93.54
94.47 92.03 90.87 91.67 92.04
89.75 89.43 91.01 87.22 88.14
90.15 92.78 93.38 93.78 94.57
95.25 95.57 95.63 96.23 97.3
97.18 97.21 97.65 97.64 97.36
96.27 95.68 96.26 94.72 92.6
92.73 91.71 87.48 85.09 74.48
73.53 71.39 72.56 74.12 67.21
71.01 74.13 71.18 68.43 73.43
74.66 67.72 65.3 53.29 58.31
49.05 50.61 40.32 44.67 43.73
34.55 40.73 38.53 34.81 44.11
33.36 40.5 32.39 32.91 33.28
34.75 36.07 41.95 40.03 32.72
35.28 47.27 44.02 45.26 50.15
48.63 53.9 49.3 49.8 50.69
48.92 57.23 58.8 55.27 57.13
60.63 49.56 48.79 50.75 45.09
