38.44 34.46 30.6 26.8 42.88
32.29 33.34 33.31 30.33 27.75
32.08 26.11 37.28 31.14 28.12
29.71 29 27.33 29.41 30.03
27.35 33.23 28.06 33.47 26.5
32.22 28.99 28.51 35.2 26.13
33.13 29.86 33.34 32.1 38.03
33.33 35.99 41.33 41.8 47.19
48.59 48.7 49.51 58.83 67.66
80.88 89.24 91.18 89.84 86.8
86.79 88.29 89.42 91.68 93.33
87.49 84.43 83.83 83.04 81.47
85.55 91.62 91.26 90.18 86.76
80.61 76.42 77.56 84.99 87.55
89.53 92.07 92.55 92.08 88.27
87.56 87.18 81.98 79.81 69.71
66.35 74.88 84.23 88.46 88.61
85.37 85.21 89.15 84.87 82.7
87.3 90.03 88.46 83.96 80.62
66.73 65.36 63.79 60.19 61.35
62.41 65.62 75.94 86.44 90.82
89.91 89.47 86.37 84.55 83.91
84.86 85.58 88.7 88.59 88.52
89.62 92.75 92.1 92.32 93.08
94.8 95.76 96.88 96.45 96.32
96.39 94.49 94.18 91.26 91.93
87.6 93.58 95.36 96.3 95.87
95.24 92.61 95.14 96.68 97.49
97.47 97.67 96.32 96.32 95.68
96.79 98.05 98 97.59 97.63
97.41 96.63 92.42 91.29 92.57
91.26 95.6 97.2 98.38 97.66
96.21 95.5 92.23 90.62 95.15
94.87 94.84 95.41 96.8 97.3
95.93 94.7 96.13 96.49 94.44
93.15 94.92 95.91 93.05 97.74
97.2 96.03 94.96 95.03 94.27
93.78 93.54 93.37 92.73 92.97
90.56 91.04 87.57 78.67 77.2
73.27 76.69 80.44 78.01 80.27
87.01 89.65 93.84 95.99 96.4
97.86 98.41 98.36 98.48 97.77
98 98 97.99 96.63 95.86
98.13 98.2 97.31 96.03 96.41
94.87 94.87 94.7 92.22 91.96
93.39 94.36 94.91 97.48 97.81
97.66 98.14 98.49 98.57 98.51
98.59 98.69 98.45 98.45 98.57
98.07 97.22 97.75 97.37 96.08
95.35 94.43 94.74 92.92 93.51
95.81 95.75 97.69 98.24 97.78
97.07 96.04 97.57 97.3 95.5
95.1 96.49 95.52 90.09 88.57
87.22 93.36 92.94 92.45 92.94
92.57 94.37 95.83 97.25 97.32
95.45 96.62 98 97.72 96.7
97.99 97.5 96.03 95.26 96.45
97.34 98.28 98.07 98 97.1
96.92 97.74 97.02 95.36 93.84
86.01 72.22 63.08 55.17 55.74
58.91 60.19 61.68 65.07 67.59
68.49 79.39 88.65 94.65 95.61
96.89 96.96 97.08 96.63 95.81
91.27 87.95 86.99 87 90.73
95.06 95.49 97.04 96.6 96.85
96.87 97.97 95.9 95.9 94.79
96.33 96.45 94.67 94.85 96.18
95.54 96.29 97.09 96.6 96.68
95.41 94.69 95.97 95.73 96.11
95.01 91.77 91.42 92.54 94.14
93.89 93.17 96.07 96.86 95.24
96.17 96.96 96.16 94.91 95.97
97.98 98.6 98.52 98.67 98.56
98.03 98.14 98.16 98.45 98.17
97.7 97.98 98.63 98.21 98.45
98.69 98.42 97.74 96.45 97.29
98.3 97.51 98.05 97.09 95.98
95.88 94.75 92.56 92.46 94.25
94.99 94.46 94.96 95.58 95.2
96.12 96.85 97.33 97.99 98.25
98.51 98.79 98.75 98.81 98.6
98.59 98.68 98.16 96.93 94.51
92.15 82.86 81.83 84.06 86.92
88.87 93.18 94.87 97.44 98.45
98.8 98.72 98.83 98.65 98.21
97.3 96.66 94.6 95.77 95.47
97.9 98.33 98.07 97.39 98.06
98.69 98.78 98.63 98.59 97.79
97.77 96.29 96.7 97.54 98.07
97.91 97.58 98.38 97.65 95.83
97.05 97.88 97.86 96.68 96.51
95.12 92.61 89.81 81.86 74.97
63.14 65.32 65.86 61.37 55.77
44.28 37.49
