41.71 35.93 38.2 40.95 37.5
42.76 38.54 42.46 38.38 45.49
38.88 41.24 36.29 38.87 35.01
41.55 37 38.51 35.12 40
39.7 32.76 36.97 35.89 37.23
41.86 39.9 52.26 57.38 54.17
52.05 56.15 56.38 53.82 55.6
52.26 50.1 50.96 49.88 40.42
38.85 38.02 32.21 36.26 33.25
36.23 34.1 44.79 52.99 65.57
82.73 83.57 85.47 81 86.14
91.67 84.88 86.95 94.06 94.94
90.41 92.99 98.05 96.77 92.61
97.22 98.32 96.88 94.96 97.47
95.11 97.11 97.69 97.97 97.69
97.26 98.16 97.16 96.09 96.57
95.89 95.49 94.95 92.74 91.22
94.94 96.1 93.48 92.52 96.5
95.39 93.92 95.4 95.7 94.84
94.71 95.79 94.99 95.94 94.35
95.67 90.17 91.34 85.44 83.65
84.53 85.04 76.86 82.51 92.49
95 98.08 98.28 97.4 95.39
94.27 89.81 85.82 72.73 70.2
71.61 77.02 79.91 85.99 83.92
88.78 94.08 95.21 92.22 94.38
97.45 97.07 95.25 96.83 96.23
95.69 95.11 95.8 96.07 96.32
94.61 94.74 90.42 93.17 92.75
90.61 84.22 83.6 90.24 91.52
91.45 85.31 88.21 93.16 93.44
86.67 87.01 91.65 94.97 94.94
97.3 97.79 97.35 98.12 98.31
98.34 98.19 97.75 95.86 97.9
95.92 97.57 98.29 97.33 97.74
95.34 92.15 93.03 92.52 93.4
93.67 92.84 93.82 94.1 90.98
88.57 87.64 90.09 91.82 92.01
90.94 89.63 92.03 91.42 94.66
95.24 97.28 98.4 98.23 98.41
95.53 94.86 93.2 93.6 93.6
89.44 85.95 89.26 92.44 94.62
96.53 97.7 96.86 96.72 96.53
96.52 96.91 95.69 96.34 96.06
94.57 91.41 88.83 87.36 87.96
79.47 78.37 85.57 91.98 92.15
91.91 96.96 96.37 95.77 91.11
83.76 64.8 56.68 43.47 30.79
28.98 31.47 30.17 32.04 34.74
39.72 38.99 39.84 33.86 36.76
36.23 42.85 35.14 41.32 40.69
36.17 41.82 35.21 34.14 37.37
31.1 37.53 31.92 26.61 33.42
33.27 40.45 36.55 33.3 39.36
34.64 33.74 36.97 34.24 31.96
32.79 32.75 37.17 45.31 56.87
65.22 70.71 80.85 81.53 85.45
85.83 88.84 92.17 95.11 96.69
95.18 94.6 93.9 90.05 88.31
85.05 74.34 64.22 53.21 49.48
48.96 55.76 65.33 79.89 88.19
91.63 93.27 95.34 96.42 96.34
96.4 96.69 95.47 93.04 95.96
94.76 95.21 95.09 96.2 96.9
94.03 89.73 89.6 91.73 94.9
95.69 92.86 93.72 95.97 96.29
95.03 96.53 96.96 96.93 96.92
97.75 97.82 96.26 95.5 92.93
95.56 94.53 95.88 96.16 94.03
93.68 92.42 92.62 90.53 88.8
85.41 83.74 74.88 81.49 88.61
86.92 88.05 91.69 94.94 90.24
95.51 95.91 95.81 95.22 95.72
93 95.84 95.84 97.14 97.06
95.48 94.02 92.06 89.48 90.63
91.64 91.21 91.56 91.38 91.13
92.29 90.72 90.64 90.45 88.1
89.15 88.38 89.97 89.37 89.05
92.44 90.58 89.18 91.17 84.54
82.64 83.01 81.94 79.86 67.53
66.87 65.67 56.64 57.29 55.18
61.1 75.79 86.21 88.98 91.59
93.32 95.36 96.25 95.91 95.32
95.22 92.57 93.3 90.17 89.42
82.38 79.28 75.27 78.23 87.96
91.9 95.75 94 93.44 92.4
88.6 90.86 93.71 92.81 90.19
90.09 94.06 95.1 95.23 96.4
96.33 96.71 96.64 96.77 96.76
95.45 94.53 93.46 94.66 94.02
94.52 94.57 93.55 93.26 94.45
94.11 93.62 91.16 89.59 85.53
84.78 82.38 82.12 85.03 82.69
85.56 88.91 90.91 91.39 92.33
94.99 95.09 94.23 94.02 92
94.18 95.17 95.11 92.79 91.8
86.87 77.37 66.46 60.82 59.1
59.97 66.46 83.06 89.33 91.02
90.58 91.68 91.04 90.41 87.54
75.12 60.68
