42.26 39.35 39.55 37.33 45.64
36.79 46.88 44.04 40.64 45.72
44.58 45.16 45.28 45.15 45.75
46.54 49.61 52.49 51.95 49.95
43.54 46.35 39.04 42.86 38.96
41.85 38.62 38.75 47.85 47.77
44.86 41.03 45.23 42.86 44.13
40.32 41.96 37.85 37.26 44.54
48.55 56.43 67.5 78.3 87.68
90.95 91.7 92.14 93.41 95.73
97.26 97.41 97.75 97.63 98.17
98.42 98.14 98.15 96.98 96.91
95.52 94.11 94.26 93.9 95.02
95.87 96.2 95.02 94.04 93.29
93.27 95.4 97.01 97.67 98.19
98.67 98.44 98.01 97.01 96.02
97.05 97.9 98.41 98.47 98.05
96.54 94.14 91.79 90.76 93.5
94.79 96.8 96.57 97.6 95.22
94.82 96.21 94.66 95.07 94.97
96.73 97.41 97.09 97.37 97.65
97.67 97.44 97.67 96.62 95.28
96.11 97.2 97.96 97.11 95.62
90.88 89.74 88.57 93.59 97.48
98.27 98.24 98.28 98.57 98.56
98.19 98.16 98.3 98 97.69
97 95.76 94.49 92.16 91.98
87.8 81.4 81.35 76.9 77.9
77.19 86.74 92.86 95.89 96.94
97.19 97.94 98.42 98.28 98.31
98.63 98.62 98.59 98.37 98.16
98.16 98.32 97.14 97.69 97.86
97.55 97.66 98.19 96.72 94.94
94.32 95.98 96.66 94.85 96.35
96.83 95.07 94.04 95.98 97.34
96.88 97.19 97.59 96.61 96.36
97.3 96.6 96.7 97.3 97
95.16 96.41 97.5 97.11 97.23
97.41 97.81 97.65 96.45 96.39
97.39 97.08 95.74 95.94 96.47
95.55 94.77 95.21 95.48 91.8
88.77 84.05 67.34
