58.07 74.82 83.59 86.48 89.13
89.04 91.66 90.98 92.12 90.38
91.1 90.89 88.98 88.44 89.75
88.15 85.58 85.76 85.09 82.48
82.83 79.82 74.97 60.82 54.7
51.72 38.25 40.84 36.85 36.51
38.64 35.65 37.32 33.11 35.81
34.21 38.8 39.34 42.23 45.78
46.9 41.36 48.07 42.48 48.36
49.72 54.78 56.95 54.63 51.82
54.37 53.23 48.88 47.44 54.46
46.6 54.28 53.09 56.77 59.06
58.23 60.07 57.92 57.24 58.97
56.06 55.25 51.59 43.07 40.93
41.29 39.8 33.36 35.8 30.09
30.58 31.27 36 42.82 45.61
45.99 49.21 52.33 59.89 70.14
78.09 82.41 85.51 84.65 86.17
86.67 83.45 79.92 84.38 85.48
84.39 85.88 86.36 88.77 84.3
84.11 80.65 79.58 74.21 83.69
93.4 94.3 95.1 94.79 94.34
93.89 92.78 92.92 91.28 89.27
88.26 88.09 91.05 91.62 92.16
93.02 93.48 94.53 94.47 93.93
92.82 90.63 92.78 94.12 96.03
96.3 95.7 94.58 94.14 95
93.67 92.35 90.36 92.99 93.55
94.59 93.31 92.01 92.18 91.7
94.19 93.94 94.63 94.45 95.69
96.17 96.33 96.29 96.36 95.42
93.24 93.13 94.71 95.76 94.82
94.88 94.12 95.46 95.06 93.12
93.84 94.79 93.86 92.51 93.7
93.54 92.76 91.37 91.91 90.6
87.34 85.42 87.53 92.09 94.6
95.68 96.26 96.48 96.4 95.61
93.74 93.72 93.88 94.16 95.12
94.15 94.4 95.62 95.39 95.97
94.56 94.72 93.52 91.72 91.35
92.29 93.93 95.12 95.64 96.98
95.8 95.71 95.72 92.78 93.54
96.78 97.36 97.16 97.23 97.07
96.51 94.83 92.9 96.15 95.51
96.85 95.69 94.98 95.49 94.54
96.86 96.37 96.65 96.89 97.81
97.35 96.94 95.71 95.87 95.72
93.82 92.58 94.44 94.35 95.23
93.24 91.11 93.25 93.26 94.01
94.99 94.3 95.03 93.52 94.69
94.24 94.34 92.92 92.4 90.43
89.82 92.65 93.77 95.29 95.5
96.61 96.35 97.09 96.83 97.11
96.1 95.19 94.67 94.94 93.38
92.74 92.27 91.3 86.56 81.82
85.89 86.12 82.3 84.82 81.87
82.31 82.63 84.18 88.02 90.64
91.13 91.08 86.9 87.56 81.87
74.09 59.63
