39.75 36.84 37.05 35.32 40.64
46.2 49.53 51.9 57.21 63.38
65.35 78.69 86.37 92.02 92.08
91.07 92.25 93.68 92.56 92.33
93.04 93.26 90.49 90.19 90.61
84.13 86.58 89.07 92.33 93.78
92.69 89.61 92.11 92.54 91.83
91.83 90.18 89.64 89.4 86.61
89 91.35 91.16 90.81 93.2
92.74 92.69 93.48 93.72 92.86
93 93.05 92.7 88.46 89.19
85.9 89.29 93.11 90.65 90.8
86.53 83.08 85.27 88.73 90.88
93.49 92.04 91.1 78.1 56.56
37.99 30.99 41.21 28.98 28.67
28.33 27.92 34.41 27.4 25.56
32.3 29.92 29.43 30.32 29.85
32.55 33 30.49 26.89 34.94
28.34 26.71 25.35 26.41 26.02
30.22 33.74 29.55 33.62 29.21
34.09 28.92 40.36 38.65 43.56
64.99 75.55 82.7 88.71 91.22
89.11 92.79 94.95 91.92 93.33
95.33 94.49 90.67 92.93 94.16
90.81 93.47 96.92 96.36 96.22
95.78 96.13 96.64 95.4 95.14
93.68 93.73 92.21 92.1 89.55
92.58 92.52 93.46 91.22 94.28
94.51 92.6 92.73 95.34 94.4
91.35 92.76 91.36 85.53 85.5
83.51 88.15 91.92 91.15 93.12
89.29 88.07 86.4 90.12 91.59
94.79 95.89 94.52 90.62 86.76
73.67 62.81 48.75 41.42 37.14
34.73 31.21 30.47 33.97 33.65
34.33 36.61 38.8 36.95 42.63
31.94 37.32 31.57 33.95 50.12
49.25 55.59 48.54 57.91 49.08
51.78 46.12 44.1 44.74 50.68
52.91 48.49 59.68 51.76 59
47.25 49.89 52.06 55.04 63.51
61.78 65.64 65.13 55.94 48.98
44.74 47.23 46.74 47.21 47.36
48.94 40 38.61 34.32 34.22
32.78 31.88 30.28 28.58 37.35
28.72 34.16 36.09 26.89 28.28
32.93 27.72 30.55 28.29 26.36
33.59 28.25 25.68 32 31.03
32.47 31.68 26.75 31.85 33.12
37.51 42.23 48.97 49.64 50.04
57.88 61.06 62.79 67.42 65.36
66.5 59.04 61.6 59.89 62.94
65.86 63.33 68.73 70.73 71.43
71.03 58.23 49.46 51.34 51.49
52.18 55.65 49.41 52.3 48.39
49.66 40.62 42.13 40.01 33.29
30.78 37.41 29.35 24.7 26.81
27.41 29.59 26.32 26.02 25.62
33.15 31.17 31.86 35.09 32.23
34.8 32.16 38.66 50.75 51.03
59.06 54.9 59.7 56.59 56.29
53.59 56.92 46.47 47.71 41.04
38.21 35.73 34.94 44.88 37.94
43.66 51.09 55.83 63.12 65.35
67.15 70.69 67.91 69 63.83
63.95 63.21 60.26 66.74 58.97
62.44 69.12 62.91 65.63 57.58
45.4 50.07 51.06 50.14 50.32
47.92 50.83 44.77 42.85 42.33
37.24 38.01 32.26 36.53 34.01
29.55 30.91 32.52 28.82 38.07
30.64 31.03 33.64 34.84 35.98
34.79 34.49 32.94 31.9 30.39
29.36 29.68 38.34 28.72 25.96
28.85 25.31 29.03 25.56 30.89
28.6 25.41 33.84 26.55 29.76
29.9 29.67 29.54 30.04 30.14
28.63 31.23 23.64 27.46 24.98
28.54 24.81 26.21 29.78 26.69
25.15 26.61 24.8 26.91 29.7
24.96 28.6 25.82 29.36 29.83
32.27 32.23 29.05 33.22 33.66
32.13 32.71 32.45 31.1 32.94
30.41 31.12 29.4 34.83 34.37
30.86 33.32 34.68 35.69 36.33
35.35 36.31 40.69 44.31
