90.67 92.69 92.63 91.63 91.91
91.45 89.42 90.86 92.25 90.34
88.53 88.64 86.87 78.79 72.75
67.6 68.19 66.63 74.42 84.49
87.99 88.29 91.02 91.55 91.65
92.62 94.85 94.77 93.26 94.99
96.75 96.68 95.03 96.18 96.54
96.01 95.67 94.86 94.27 94.13
94.57 92.92 94.46 96.71 95.94
96.06 95.9 95.02 95.35 96.28
95.12 95.13 94.96 95.04 94.89
95.86 97.32 97.22 97.78 97.59
97.4 96.56 95.13 91.46 90.32
93.11 92.66 91.96 91.27 89.88
93.78 95.73 97.62 97.96 97.93
97.53 96.01 93.79 94.91 94.65
95.71 97.38 97.29 97 96.78
95.68 94.29 94.24 94.59 92.38
91.2 92.19 91.42 91.06 88.44
89.2 87.94 88.2 89.23 85.73
89.35 93.13 96.57 96.06 95.81
95.67 94.97 95.19 95.04 93.83
92.56 90.39 85.01 81.44 77.37
74.46 73.6 73.13 72.42 68.76
67.36 74.27 63.28 52.71 71.32
74.74 74.41 79.16 79.42 80.99
83.8 87.13 91.09 93.15 94.85
96.05 96.01 95.4 95.57 97.02
97.13 95.82 96.25 96.9 95.37
94.9 96.37 95.09 93.49 93.17
92.45 94.9 96.32 96.34 97.32
96.54 95.73 96.02 95.54 94.52
93.59 90.68 88.52 86.25 86.01
89.96 94.02 94.39 93.82 94.4
91.91 93.5 95.03 94.82 95.94
96.58 95.68 93.44 94.6 95.62
95.29 94 95.75 95.3 94.62
96.65 97.1 96.48 96.42 95.64
93.61 91.33 91.88 90.3 85.51
84.8 83.86 86.31 87.1 89.36
87.16 89.6 87.57 86.36 86.59
87.31 90.22 91.8 90.03 92.12
93.19 92.86 93.48 94.37 94.45
94.33 95.49 93.24 91.83 92.76
90.06 91.57 89.77 90.93 93.63
95.51 94.51 94.8 93.9 92.38
90.91 87.55 86.99 87.06 91.78
94.4 95.43 95.23 95.77 95.15
95.25 95.15 94.81 95.32 93.9
93.37 94.75 94.87 95.76 94.67
95.9 95.16 95.21 94.84 94.27
93.71 94.23 95.32 94.74 94.71
94.69 95.09 94.77 94.39 94.5
94.59 93.59 93.53 94.44 91.76
92.79 92.06 90.64 91.76 89.97
82.58
