39.52 40.22 33.25 33.61 38.22
40.29 34.43 38.03 32.89 38.76
31.93 29.72 36.94 27.71 33.25
30.93 32.4 32.84 37.87 35.13
31.98 31.49 43.62 31.69 41.53
35.35 39.14 46.07 51.72 59.46
82.95 91.61 92.23 95.15 95.32
94.21 92.95 90.82 91.54 91.38
91.12 89.45 89.75 89.82 89.69
86.42 84.77 83.28 78.22 80.52
81.35 84.1 85.24 88.61 90.96
92.27 93.6 94.01 92.46 93.28
94.65 94.07 94.82 94.72 94.67
95.76 94.64 95.35 92.35 91.94
94 94.46 92.9 94.67 96.1
94.79 92.97 95.37 96.36 94.25
93.18 95.15 93.97 95.5 94.63
95.6 95.68 94.33 94.71 95.21
92.9 91.1 91.44 92.5 89.96
82.38 75.96 77.06 80.06 81.69
84.13 89.41 89.24 90.69 92.33
92.75 92.63 93.41 93.47 92.19
91.54 92.89 89.87 88.81 88.51
87.88 84.11 84.32 82.38 77.51
68.96 71.7 67.32 59.31 58.1
57.21 54.86 61.82 68.96 71.98
72.26 70.04 76.62 75.77 78.28
80.19 84.16 86.37 87.45 90.23
91.43 91.59 92.54 94.46 94.51
93.15 93.58 95.54 95.86 94.25
94.66 95.45 96.54 96.65 95.58
95.65 96.7 95.74 94.35 92.92
93.68 90.7 88.33 89.18 83.76
73.68 61.51 52.23 56.44 57.06
56.59 59.27 57.21 62.38 78.4
86.69 87.87 88.88 92.19 92.55
91.23 93.22 93.94 92.54 91.12
92.28 91.75 90.84 90.2 91.34
91.16 90.36 89.34 88.07 89.17
88.33 85.08 85.73 84.67 70.8
72 77.94 81.74 86.11 87.4
89.89 90.57 90.46 91.89 93.46
93.31 93 95.23 95.57 95.46
95.4 95.24 95.72 95.5 96.02
95.38 94.54 94.19 93.27 92.73
91.18 88.98 88.41 88.26 91.15
94.03 94.67 92.96 94.78 96.28
96.01 95.3 96.81 96.75 96.36
97.03 95.89 96.52 95.77 95.49
94.69 95.13 94.01 92.84 93.22
92.72 90.66 88.67 88.34 85.74
82.23 66.73 73.45 72.37 66.62
56.16 66.39 57.9 60.4 66.47
60.74 65.15 68.3 65.78 57.91
50.15
