32.41 30.23 27.08 39.05 44.72
51.58 60.48 78.51 89.4 93.16
95.24 95.25 96.33 97.95 98.18
98.14 98.39 98.75 98.71 98.66
98.75 98.86 98.86 98.82 98.86
98.79 98.81 98.81 98.73 98.27
98.54 98.3 97.75 97.07 98.29
98.34 97.66 97.72 97.55 97.34
97.31 97.07 95.79 96.51 97.13
95.83 96.66 95.65 95.07 95.67
94.6 95.48 96.27 98.14 98.31
97.58 98.04 98.76 98.72 98.71
98.77 98.83 98.79 98.8 98.87
98.9 98.78 98.67 98.65 98.53
98.14 97.49 97.26 96.14 94.23
93.82 92.4 91.7 85.94 79.17
80.53 78.93 77.38 69.85 71.6
70.76 71.98 77.92 85.36 87.94
89.59 90.44 89.69 89.99 93.35
95.07 95.57 96.1 97.15 96.97
97.93 97.86 98.24 98.04 98.51
98.34 97.79 97.42 98.33 97.74
95.7 96.6 97.69 96.78 95.67
95.94 97.1 96.28 93 92.96
92.99 89.22 91.42 91.27 90.13
91.46 92.15 89.21 91.19 93.88
93.52 95.35 94.24 96.03 96.13
94.05 95.6 96.11 95.33 94.49
95.04 93.46 90.64 89.15 85.25
91.25 93.41 94.1 92.75 90.92
90.02 86.74 86.77 87.99 89.04
89.78 91.9 94.25 91.64 91.83
91.16 93.12 94.38 95.66 95.7
95.29 96.52 97.09 96.18 96.68
97.02 96.62 95.85 96.57 97.24
97.36 95.49 97.6 98.2 98.13
96.68 97.25 98.39 98.5 97.49
97.92 98.6 97.96 95.9 98.3
98.7 98.59 98.82 98.78 98.87
98.88 98.82 98.9 98.87 98.87
98.89 98.9 98.88 98.78 98.78
98.7 98.18 97.39 97.26 96.22
94.28 94.18 93.02 88.21 85.87
83.87 90.45 92.59 91.78 94.05
95.99 96.02 95.88 98.12 98.39
98.27 98.78 98.85 98.78 98.9
98.95 98.94 98.93 98.93 98.95
98.91 98.85 98.91 98.84 98.84
98.79 98.82 98.81 98.58 98.09
98.5 98.47 98.67 98.67 98.71
97.42 96.77 98.1 98.76 98.28
98 98.55 98.8 98.31 98.37
98.82 98.8 98.35 98.18 98.29
97.6 96.63 95.88 94.66 94.7
95.13 95.29 92.94 95.33 97.89
97.1 96.86 98.48 98.63 98.42
98.65 98.8 98.59 98.58 98.75
98.52 98.37 98.49 98.41 98.04
98.03 97.98 96.3 96.84 96.45
97.42 97.17 97.3 97.05 95.91
92.92 94.31 97.45 96.97 98.24
97.37 97.98 97.77 96 96.98
96.77 96.4 98.4 98.66 98.37
98.21 98.08 98.03 97.45 96.25
96.28 95.42 94.01 93.21 94.36
95.09 96.34 96.83 96.9 96.79
96.65 97.6 97.55 96.83 97.01
97.9 97.38 97 97.35 97.18
96.28 96.66 96.67 97.36 97.16
96.68 95.19 94.59 94.37 92.59
91.83 89.24 92.14 95.23 96.98
96.7 96.33 96.93 96.14 98.38
98.39 98.57 98.64 98.64 98.59
98.43 98.33 98.54 98.03 98.05
98.3 97.9 98.47 98.65 98.54
98.71 98.61 98.69 98.74 98.77
98.75 98.66 98.75 98.82 98.71
98.46 98.72 98.75 98.51 98.1
98.18 97.83 96.83 96.27 96.22
94.56 91.64 90.92 90.69 86.63
81.38 79.1 76.71 77.69 75.53
78.56 70.12 65.18
