29.81 31.47 46.65 33.38 37.62
51.99 47.58 38.84 38.21 33.11
37.29 32.74 34.38 36.37 35.31
37.89 39.58 38.87 35.99 34.42
36.83 33.63 30.06 34.72 36.41
38.69 36.71 39.54 41.45 37.18
42.43 39.5 43.26 42.36 40.25
41.4 52.59 42.52 38.53 34.87
45.54 34.05 34.61 33.17 34.54
38.09 36.53 39.33 37.43 36.84
43.99 35.94 43.06 39.8 37.64
30.18 35.65 38.3 34.04 42.03
33.23 35.29 28 34.09 35.16
30.15 38.84 36.55 30.86 46.16
56.98 73.91 90.14 92.79 92.45
91.74 90.06 84.58 84.97 81.32
81.23 76.83 87.33 90.06 91.2
92.55 95.05 95.6 96.82 96.61
96.83 95.71 93.39 92.32 93.6
95.41 95.56 95.42 95.11 94.56
93.79 93.35 90.96 90.99 94.16
95.46 95.21 95.54 96.01 96.43
96.77 96.1 95.85 96.39 94.32
93.09 92.94 92.81 92.03 91.82
88.56 90.74 92.3 90.73 93.43
95.76 95.82 97.06 95.15 94.15
91.23 86.96 86.01 85.46 84.56
83.72 88.39 89.4 92.35 94.23
92.06 92.23 90.48 92.99 93.64
93.38 91.25 91.08 91.56 91.02
82.53 76.4 70.42 70.56 77.57
90.32 94.37 96.23 96.81 97.82
97.26 96.22 94.01 93.02 93.92
91.58 88.24 89.83 90.35 90.38
87.09 90.49 87.83 90.3 93.3
94.09 94.71 95.88 96.55 97
97.41 97.52 97.21 97.24 97.21
96.27 95.01 95.43 96.5 94.67
92.69 91.15 90.81 93.78 92.31
94.21 95.59 96.16 96.19 97.08
97.31 97.66 97.57 97.99 97.56
97.64 97.8 96.85 96.67 96.85
96.07 94.8 94.14 93.95 93.29
92.29 88.94 85.6 82.09 84.16
89.36 89.35 89.53 89.17 92.37
94.28 93.48 93.94 94.51 94.36
94.32 94.23 91.85 89.65 92.73
94.12 94.04 95.15 95.99 96.12
95.72 97.3 97.29 96.53 96.22
96.68 96.78 94.51 93.93 92.42
91.46 92.59 94.79 94.73 95.47
94.37 95.8 97.06 96.91 96.23
97.07 98.06 97.36 96.68 96.45
96.64 94.45 93.82 93.76 90.66
92.25 94.24 92.38 92.59 91.12
92.01 91.94 93.6 95.01 95.77
92.87 88.97 89.49 89.78 92.63
94.99 95.55 95.1 95.43 94.65
94.03 93.02 89.65 89.5 92.07
94.57 94.32 94.3 93.96 94.08
89.59 87.47 91.07 92.21 91.13
91.12 92.7 92.73 91.23 90.78
87.5 89.38 91.18 89.37 89.94
91.38 90.71 91.75 92.25 92.21
93.85 95.04 95.44 94.9 93.97
93.32 92.57 91.19 87.14 84.72
82.26 80.57 81.84 81.43 82.48
85.56 87.03 90.37 89.56 92.52
92.72 93.99 95.13 95.34 94.15
90.97 90.21 91.66 87.21 89.22
92.62 90.24 87.99 91.97 92.37
89.34 89.7 91.91 88.52 88.46
87.2 86.61 82.09 81.1 79.23
73.72 67.68 59.4 43.91 56.73
48.16 44.11 43.8 45.54 43.74
47.23 49.57 48.97 49.58 52.22
51.09 51.19 54.56 52.69 56.79
58.58 62.32 67.75 69.82 59.69
65.44 71.55 77.69 78.27 72.04
74.72 72.18 71.89 69.53 64.33
51.62 55.7 54.99 62.11 64.03
65.26 66.83 75.94 89.05 89.49
92.51 90.41 90.13 89.72 88.02
90.69 90.6 88.94 85.16 81.34
68.84 58.06 53.05 51.88 47.04
45.2 38.69 37.26 39.55 45.73
48.37 50.54 43.41 46.72 46.85
46.8 39.72 38.93 41.07 37.46
36.88 39.11 37.82 39.58 41.69
35.68 35.57 33.65 41.36 35.7
34.24 37.65 42.11 37.5 41.18
41.21 46.47 38.92 39.58 42.34
36.42 29.44 38.63 37.92 37.11
34.54 47.93 34.23 41.86 39.45
32.72 43.92 39.47 45.52 40.99
40.26 32.33 39.58 31.42 37.26
33.6 35.93 36.36 34.73 35.53
35.66 29.46 42.6 35.79 41.26
40.15 33.16 35.72 39.76 38.56
37.12 34.31 37.25 32.1 36.79
33.23 36.76 31.19 39.86 34.78
40.27 33.09 38.64 34.82 37.05
36.03 37.33 35.45 34.28 34.21
34.62 33.73 33.06 34.52 34.75
30.48 30.9 32.18 30.09 30.77
35.46 34.4 34.65 38.04 35.99
37.17 40.61 35.03 33.92 39.28
46.81 37 38.97 38.25 37.08
39.61 34.62 32.3 34.07 32.61
33.85 32.53 37.76 32.65 35.74
37.54 30.37 31.67 31.77 38.54
37.45 38.32 43.9 46.56 40.59
43.48 48.44 43.52 38.08 38.56
39.96 33.84 32.74 32.83 29.76
28.87 27.52 32.9 43.31 36.77
47.54 55.72 54.37 56.89 58.64
48.49 44.63 41.18 34.38 32.14
33.36 31.83 36.17 31.97 34.51
35.04 30.91 34.66 29.73 33.55
31.65 28.76 31.76 33.6 33.38
35.95 27.8 32.25 33.16 32.73
30.61 31.76 37.39 34.65 47.82
46.93 54.89 47.77 51.38 55.66
55.31 56.34 56.49 57.72 53.49
51.73 53.41 50.67 42.78 39.37
37.44 30.68 25.65 34.85 35.52
36.42 38.2 39.28 33.46 35.09
33.13 36.31 28.71 36.78 36.94
36.43 36.74 40.98 39.29 36.24
39.92 34.29 39.44 38 33.2
40.79 39.22 42.87 39.35 35.53
39.04 38.96 35.23 37.29 31.79
43.62 37.32 39.06 35.28 35
34.82 32.63 37.95 33.29 39.81
42.53 35.59 36.22 35.41 33.06
26.46 31.02 30.07 31.71 28.94
31.85 28.55 37.79 35.8 37.57
40.71 42.34 51.79 36.52 41.53
39.71 32.33 38.79 36.6 36.08
33.07 36.18 35.79 33.12 33.71
33.21 34.93 32.39 36.39 34.51
35.54 33.52 35.02 34.21 33.74
33.99 34.24 34.32 38.61 46.46
38.44 41.55 36.58 43.71 36.53
34.49 39.05 32.69 37.73 37.28
32.47 49.62 37.03 36.2 38.5
37.9 39.45 39.04 37.02 38.13
38.03 38.44 45.41 34.55 37.18
37.38 38.29 43.96 36.72 36.16
37.86 32.6 34.32 36.82 28.06
37.43 35.61 36.32 40.64 33.53
37.24 35.62 32.16 35.51 32.34
36.66 36.16 32.31 35.35 37.53
38.9 33.7 33.82 34.35 45.48
35.04 37.61 36.04 43.52 34.23
31.01 36.72 32.93 38.22 32.25
35.06 35.1 50.03 43.32 33.81
38.38 36.22 36.07 38.01 36.57
31.81 31.7 33 36.04 32.1
30.95 31.18 32.98 34.54 37.03
37.26 36.14 32.76 35.79 33.7
31.79 36.47 31.43 35.2 30.24
37.35 38.06 34.43 34.09 37.97
34.37 43.35 33.97 38.95 31.92
30.24 36.36 37.28 38.28 28.6
42.62 32.01 36.41 29.79 36.76
33.09 39.29 39.85 38.79 37.67
37.88 39.82 38.66 35.65 36.86
44.4 36.38 47.4 41.02 43.5
49.46 40.61 38.56 42.31 37.59
40.22 39.53 39.59 40.63 38.33
34.9 37.98 33.6 37.25 33.03
32.31 33.27 34.58 35.47 34.57
35.94 35 39.18 37.36 44.05
40.19 46.83 46.32 49.7 53.68
59.8 65.62 74.14 79.05 82.06
78.59 81.23 86.12 85.33 82.61
87.76 88.51 88.57 83.79 87.53
86.73 80.49 80.67 82.17 79.1
74.91 72.53 79.38 73.1 63.83
