64.59 76.39 88.23 91.16 90.24
92.03 92.3 93.41 93.24 94.5
95.39 94.05 95.04 96.43 96.43
94.86 96.43 96.11 95.01 93.32
93.92 93.89 95.69 95.26 94.25
93.44 92.41 86.18 86.94 86.07
90.64 95.37 96.74 97.47 97.64
97.09 96.23 94.66 94.2 90.32
82.99 74.81 71.67 72.77 77.33
82.47 90.95 93.64 95.37 96.57
97.19 97.35 97.44 97.1 96.25
95.39 93.64 91.49 93.18 94.41
94.85 93.8 93.79 95.14 95.42
96.1 96.26 95.59 95.71 93.71
95.13 94.22 93.42 90.4 92.38
91.93 93.19 93 93.42 94.82
96.06 95.63 96.68 96.6 96.92
96.94 96.96 96.33 97.13 96.73
96.03 95.87 95.48 94.9 95.29
92.25 93.22 94.75 95.84 96.78
96.56 96.45 97.31 96.8 96.48
96.93 97.15 96.14 96.27 95.88
96.13 93.88 93.97 93.23 91.4
90.15 89.59 87.3 85.43 87.73
86.84 86.15 88.1 90.07 89.72
90.76 92.12 90.37 92.02 90.42
89.95 90.18 89.14 86.49 84.42
85.05 83.62 79.24 74.75 70.67
64.32 57.79 65.81 68.29 66.29
66.71 79.6 85.57 83.54 82.57
86.88 90.87 88.08 89.71 90.53
93.15 91.66 93.25 91.61 92.85
90.16 88.39 90.33 88.58 85.63
86.6 87.55 84.94 81.77 75.49
79.52 72 69.01 66.81 61.57
60.06 50.57 52.22 54.5 58.83
62.36 68.88 66.04 68.95 71.25
65.9 63.95 67.68 66.85 59.68
65.31 65.69 59.66 62.59 62.89
63.67 61.23 65.81 62.06 62.03
63.27 62.32 60.7 57.72 50.24
55.26 55.57 61.14 62.67 65.53
69.04 67.18 71.83 66.13 65.7
64.8 61.69 59.08 57.62 57.43
54.88 54.88 54.06 52.61 50.77
52.92 53.63 50.81 57.76 62.87
63.28 62.13 66.77 62.2 62.53
56.24 56.41 53.6 54.46 53.15
43.38 40.55 39.67
