49.51 43.51 41.88 44.54 46.41
41.1 40.85 47.68 37.36 42.88
39.54 46.94 41.53 46 41.53
34.36 44.24 37.19 42.84 44.93
40.79 50.29 55.94 54.79 50.69
52.15 44.83 58.09 53.8 54.82
52.32 56.75 51.44 36.35 49.82
39.06 48.48 49.05 40.03 43.78
34.77 42.31 43.69 47.71 48.35
53.18 44.08 44.86 45.16 38.34
33.53 37.1 37.38 35.96 38.31
33.81 40.86 35.59 32.49 33.5
29.32 32.29 34.96 31.63 34.14
33.07 37.27 35.14 35.49 34.37
40.64 35.8 38.98 35.29 40.55
44.66 40.9 40.4 38.8 39.97
43.18 39.05 40.16 40.34 40.26
40.56 46.9 44.7 39.97 42.98
41.79 40.44 43.96 37.62 40.59
40.32 39.54 38.89 42.95 35.79
38.2 33.13 34.7 38.65 38.75
38.5 43.66 39.28 42.53 38.15
35.45 36.52 41.18 32.42 37.41
32.07 39.29 33.88 27.43 34.95
26.14 32.24 32.58 41.16 36.8
36.39 36.24 31.19 40.6 34
37.66 39 31.24 36.58 33.75
33.97 32.07 40.8 34.02 38.01
36.29 37.09 36.07 34.33 37.16
34.65 35.38 31.89 33.33 34.18
30.69 38.39 33.84 35.59 33.69
33.37 34.47 33.6 42.11 27.37
36.11 33.13 36.98 32.28 34.26
39.63 35.92 29.3 37.73 39.12
33.34 38.5 35.45 32.6 32.61
41.01 34.8 36.84 36.55 37.08
33.06 44.74 37.12 36.61 37.97
42.81 41.45 35.59 33.68 33.17
38.78 40.66 43.06 43.35 44.26
49.44 48.86 57.76 65.11 75.39
79.73 78.07 79.78 84.96 89.53
90.66 91.42 91.47 91.37 89.69
86.23 87.03 87.43 87.86 86.58
87.62 88.3 89.15 87.91 87.08
80.35 83.07 86.81 77.46 88.1
81.52 85.11 78.8 76.66 66.96
63.41 62.45 56.12 55.7 55.11
64.25 66.04 63.33 70.06 79.34
78.06 79 78.58 77.44 73.35
75.86 75.25 75.93 80.06 76.65
83.3 82.86 83.43 84.15 79.17
79.02 80.59 83.55 84.01 84.25
84.01 81.69 73.85 71.93 68.93
64.04 61.37 53.57 53.12 51.16
47 37.39 36.47 40.29 40.06
48.25 47.28 46.65 43.48 41.26
41.22 38.14 43.14 36.61 39.17
42.1 40.18 44.52 43.03 55.39
58.55 77.14 84.01 87.75 89.3
88.96 86.94 88.77 88.96 85.1
86.64 88.01 91.39 92.51 94.55
94.65 95.92 94.58 93.37 94.91
94.52 92.68 92.03 92.21 92.45
90.21 91.58 91.88 88.48 90.18
92.1 91.42 92.28 92.83 91.66
92.51 92.48 94.67 91.52 91
92.75 92.82 89.28 92.28 93.67
92.31 91.84 93.15 93.85 91.59
92.75 92.64 92.15 93.27 91.84
92.11 94.99 94.77 94.97 95.88
96.28 96.14 95.88 97.28 97.74
97.03 97.86 97.53 97.68 98.11
97.89 97.85 98.04 97.8 97.41
97.39 97.3 96.81 96.23 95.69
94.89 94.02 93.42 92.38 90.49
90.35 85.67 78.11 68.67 61.74
61.43 55.79 46.66
