48.38 49.76 60.59 62.22 48.8
64.09 42.14 61.22 48.92 56.11
43.41 46.08 42.63 47.04 41.2
43.84 51.98 49.43 47.32 49.28
50.2 45.76 48.79 49.7 43.67
44.15 52.76 50.85 46.61 58.12
66.05 62.38 54.71 57.81 55.02
47.28 56.52 58.49 51.54 53.7
58.4 47.34 48.71 49.42 45.79
49.98 51.34 59.69 44.09 51.21
58.04 43.88 49.18 43.69 47.87
52.06 39.36 42.14 48.6 48.8
42.91 43.96 41.14 35.11 40.78
41.81 38.59 35.83 47.75 46.68
54.85 60.07 63.78 63.83 71.06
84.61 86.36 88.13 86.22 88.16
91.36 89.3 87.31 87.48 88.5
87.24 87.55 88.46 87.37 85.45
82.82 83.65 82.25 78.92 76.1
73.01 67.78 66.59 60.42 65.42
60.97 59.14 63.24 66.16 63.76
54.31 61.9 63.79 67.26 64.9
58.67 60.85 58.26 58.52 56.81
56.01 53.62 59 59.4 59.87
60.25 60.11 61.79 62.79 60.17
58.98 60.22 58.34 58.62 51.22
59.19 58.13 55.49 66.48 57.31
57.9 55.18 57.85 54.61 51.36
57.1 62.61 62.33 66.54 78.6
80.72 84.83 83.31 88.44 90.55
91.15 94.11 94.82 97.16 95.96
97.29 97.22 96.68 96.6 97.27
96.87 96.84 97.3 96.83 96
96.16 96.01 96 95.89 94.07
93.72 94.38 91.68 90.65 90.15
87.75 84.91 85.03 84.02 76.56
64.43 62.66 52.83 57.93 58.48
59.07 60.17 60.79 59.74 59.26
65.93 65.09 64.58 65.07 68.45
63.7 67.06 64.55 64.29 64.85
63.31 62.28 67.03 65.22 63.2
66.08 73.69 64.69 69.72 60.44
55.95 43.85 48.06 53.28 50.51
46.83 45.07 41.8 45.22 42.81
47.25 49 45.85 52.93 62.36
60.92 73.27 78.6 81.5 79.1
78.47 82.5 84.64 71.88 83.55
77.1 83.23 74.84 74.65 73.62
67.64 64.74 62.66 61.77 54.07
50.99 44.77 42.73 45.57 39.41
38.59 40.33 42.31 45.32 42.51
50.92 37.36 38.45 43.59 53.31
51.35 47.79 56.39 53.69 51.03
59.25 49.61 57.32 63.77 52.24
56.64 44.71 57.84 45.83 50.18
45.17 49.61 45.3
