51.44 59.12 59.13 67.77 73.01
76.87 81.08 80.23 83.21 85.76
85.15 84.72 87.86 88.77 86.91
87.35 91.01 89.69 87.8 90.08
91.02 88.5 88.14 91.25 90.39
88.98 91.05 92.18 90.47 90.99
93.53 92.75 89.83 92.33 94.19
90.72 90.06 93.51 93.08 88.45
90.03 89.47 93.55 92.11 90.91
93.77 95.72 94.2 94.06 96.47
95.98 95.5 95.56 95.37 95.24
95.74 95.03 95.36 95.1 95.01
95.32 94.55 94.57 94.19 92.8
92.54 91.13 88.9 88.22 87.67
88.04 82.47 78.52 77.39 81.48
82.14 72.32 75.11 78.4 81.95
85.58 86.12 88.09 88.91 88.57
89.82 91.6 91.06 91.39 89.28
92.26 90.02 90.7 90.29 91.28
91.85 91.96 91.89 92.22 92.03
91.5 92.18 92.94 92.68 90.69
89.75 91.42 91.1 88.58 86.6
88.53 85.5 78.96 82.03 83.43
86.8 86.16 87.22 87.41 87.16
86.81 88.92 88.78 87.46 88.94
91.13 90.3 90.5 91.88 92.75
92 92.33 94.67 93.49 94.07
95 94.25 94.49 95.23 95.76
95.23 94.74 95.14 95.09 94.48
94.96 95.13 93.63 92.71 92.18
91.16 88.84 88.29 86.59 85.2
83.47 79.74 79.58 78.83 81.8
82.4 81.59 87.12 87.69 88.01
89.6 91.03 91.48 91.09 92.81
91.58 93.18 92.35 93.59 93.9
92.4 92.86 92.83 91.72 90.12
90.53 88.42 87.06 86.47 83.69
82.19 80.28 73.02 71.61 62.38
59.84 61.92 63.86 71.83 72.56
79.41 82.12 85.58 85.9 88.54
90.81 90.18 89.37 92.29 93.15
91.31 92.23 92.42 92.86 91.31
91.82 90.74 92.73 94.29 94.98
92.62 93.26 95.5 93.41 90.91
92.18 92.8 89.22 87.94 90.57
87.8 87.88 92.54 93.26 93.27
95.22 96.32 96.19 96.09 96.59
96.63 96.86 97.79 97.04 96.38
96.44 95.96 94.64 93.85 92.34
91.59 88.46 84.19 86.42 84.66
83.74 86.65 80.27 86.93 87.74
87.29 90.04 92.51 93.51 93.97
93.43 95.13 95.53 95.81 95.23
96.44 96.15 95.13 95.01 96.03
94.42 91.38 89.22 85.75 80.9
74.18 64.03 60.23 62.13 62.78
74.8 77.08 83.15 86.42 87.3
88.68 91.15 91.12 90.59 92.76
94.43 93 92.34 94.58 95.52
93.99 92.57 94.08 93.4 89.96
89.38 90.03 85.72 84.31 85.36
84.3 73.15 65.52 53.42 56.15
52.59 54.26 51.64 55.37 56.14
60.11 65.51 75.02 78.3 80.13
81.96 84.46 85.02 86.87 88.03
88.35 87.02 89.47 91.23 88.14
87.68 87.74 87.04 85.94 85.25
82.79 81.68 77.54 75.5 69.17
62.58 61.16 55.39 55.79 43.01
38.42 34.39 28.05 34.03 30.52
40.99 33.67 33.41 34.87 40.9
33.48 34.42 32.1 32.97 33.11
28.19 30.08 33.37 31.83 45.35
43.34 62.95 73.81 74.52 74.44
79.04 81.19 82.27 78.77 77.02
79.43 77.23 75.17 78.37 74.7
65.02 66.32 58.41 55.03 48.04
39.16 33.25 31 31.4 35.36
33.49 39.59 44.1 32.26 45.71
