24.25 26.1 28.82 33.22 29.28
30.09 29.41 27.88 35.63 31.38
27.57 36.4 31.35 34.4 28.67
31.38 26.97 27.2 30.04 25.52
29.68 39.44 30.03 32.37 25.05
29.97 33.05 27.87 26.29 27.52
31.93 30.35 39.44 35.41 46.22
49.42 50.64 54.13 64.07 64.93
67.96 56.86 58.51 55.17 68.38
71.04 65.41 68.83 78.43 76.99
66.63 75.84 80.77 73.14 66.61
77.49 71.51 66.37 62.04 57.54
64.56 75.61 81.11 80.94 80.63
82.89 70.52 68.74 69.06 76.58
75.63 72.94 77.73 82.57 84.46
83.74 86.87 88.88 89.75 85.73
87.3 88.77 84.11 82.62 81.49
80.79 87.44 85.59 91.53 88.87
85.47 79.15 73.82 66.14 62.34
57.82 60.47 73.77 75.73 85.95
87 89.73 86.07 82.56 64.4
45.5 39.61 31.29 31 37.28
38.05 51.34 56.87 66.67 83.71
84.22 88.11 87.32 90.13 92.7
92.68 93.91 94.12 95.44 94.94
95.27 96.33 95.83 96.34 97.08
97.26 95.92 96.34 96.41 95.8
94.48 93.72 91.31 91.18 92.92
90.28 87.88 88.3 91.6 87.8
83.02 76.17 73.03 67.85 69.52
56.49 49.64 46.52 41.2 41.25
44.05 41.62 39.29 44 46.09
42.7 43.61 46.72 46.9 47.35
49.96 55.27 64.31 78.38 82.92
79.04 76.47 81.54 88.07 92.83
94.87 95.74 92.63 89.74 88.65
88.53 85.45 85.93 86.88 86.56
87.2 88.48 87.15 85.58 89.35
89.74 86.84 88.01 88.95 92.25
92.43 92.02 93.68 95.01 95.56
96.45 96.41 97.37 97.06 96.74
96.65 95.04 95.27 95.62 94.52
96.77 97.18 96.09 95.81 93.15
87.98 78.38 74.52 75.46 84.62
87.53 90.58 91.06 91.93 94.92
96.6 96.89 96.14 97.07 97.27
96.58 95.75 96.59 96.47 95.54
95.52 96.05 95.66 95.82 95.76
95.28 95.75 97.38 97.08 97.51
96.61 93.82 89.11 86.69 87.58
83.3 88.58 92.48 91.25 88.74
91.7 95.13 92.7 90.34 94.72
94.57 91.91 93.2 93.79 91.49
92.27 91.87 93.3 90.92 92.5
94.66 96.59 96.07 95.88 94.52
89.91 83.39 79.86 84.81 91.09
93.15 92.42 90.68 87.54 89.37
94.52 95.94 97.27 97.2 97.45
96.03 93.45 92.51 87.48 90.1
93.03 89.44 84.19 88.1 88.83
84.63 76.68 82.11 82.49 82.8
83.05 88.54 88.56 89.99 94.42
95.93 97.95 97.72 97.94 96.73
94.41 91.46 91.93 88.51 84.85
88.78 88.14 86.08 88.41 91.23
90.57 90.34 92.61 94.56 92.54
92.54 93.9 92.77 89.94 90.94
92.29 87.87 88.42 91.01 86.77
90.71 95.44 97.26 97.59 97.78
96.37 93.15 90.85 84.34 78.21
81.32 84.98 89.35 90.86 90.73
92.11 91.8 90.53 93.17 93.16
85.79 83.02 90.95 95.36 94.91
94.61 93.68 90.03 79.56 71.11
68.8 66.81 78.53 85.2 90.25
94.82 95.09 96.34 95.98 94.87
93.72 95.05 95.29 93.68 92.97
91.03 91.18 89.72 91.87 88.52
86.96 85.27 82.89 86.4 84.66
81.81 79.44 80.14 79.2 76.27
74.19 75.89 74.54 71.8 71.5
74.11 76.93 75.89 76.35 79.52
80.54 78.93 78.87 78.08 79.29
74.41 66.94 62.05 53.85 47.03
39.37 32.45 29.45 35.93 28.21
29.56 26.51 25.53 25.32 25.68
24.17 23.94 22.77 23.11 24.8
23.36 24.96 24.33 23.7 24.58
25.17 27.27 25.86 26.85 27.61
29.12 31.17 30.12 32.05 28.54
31.36 27.39 27.51 27.62 28.29
28.34 31.49 38.52 44.65 52.37
72.79 79.03 79.72 87.36 85.81
85.89 87.6 89.87 90.66 92.61
91.2 92.59 92.22 90.28 87.86
92 89.99 87.6 86.19 85.5
87.37 84.21 84.53 89.63 90.64
84.96 87.53 86.75 87.47 81.82
82.33 78.56 73.35 72.47 75.94
68.34 79.42 82.52 84.33 85.25
89.3 87.53 89.77 85.41 83.19
83.82 86.1 89.29 92.22 92.06
92.76 94.18 92.78 93.36 93.01
90.47 91.41 90.43 92.14 86.83
83.51 90.43 85.5 80.98 79.59
82.54 76.97 71.02 71.99 69.4
78.2 74.48 80.51 78.39 76.88
80.4 83.44 79.39 77.97 77.99
85.05 89.35 87.12 88.65 89.05
90.62 91.29 88.49 86.7 89.99
87.74 92.34 84.98 83.79 88
84.78 78.49 80.32 81.37 80.73
70.55 66.78 64.4 54.68 51.02
43.06 32.14 32.36 35.28 45.1
48.36 60.75 64.95 60.38 61.9
60.55 60.69 58.4 56.38 57.83
57.6 61.78 69.7 76.31 83.56
82.01 85.68 87.1 84.34 85.35
87.55 88.46 84.95 85.82 89.28
85.61 81.42 81.05 83.57 78.75
81.97 76.58 83.65 89.67 92.21
92.71 92.7 94.74 96.23 94.94
93.93 95.32 95.1 92.77 92.52
93.17 90.87 86.95 86.18 83.68
76.47 84.2 89.48 93.8 95.91
96.08 97.79 97.56 95.82 90.81
86.14 83.33 84.37 90.22 89.58
86.19 87.96 92.54 91.58 87.06
90.14 90.4 87.63 83.91 83.27
86.48 86.04 86.78 87.36 78.96
80.16 82.11 77.56 81.58 87.51
90.43 90.94 91.17 90.8 89.26
85.23 83.41 73.26 67.16 68.88
66.24 72.12 69.59 70.96 72.63
77.14 79.61 83.87 81.97 83.01
82.2 84.5 84.91 82.91 84.27
90.62 92.52 93.94 95.03 95
95.27 93.86 90.79 86.76 82.88
86.06 84.23 74.49 69.37 74.12
72.25 80.36 76.93 87.98 91.26
93.68 96.13 96.62 98.03 97.72
96.44 95.04 93.28 91.04 83.92
79.09 73.18 67.49 67.16 63.37
62.3 57.59 55.13 60.88 57.3
59.66 56.57 67.86 69.82 81.97
84.93 91.51 93.47 92.61 92.95
90.13 91.83 93.85 89.71 88.51
92.48 91.5 85.91 87.58 87.02
81.57 75.12 73.29 84.24 89.23
92.17 95.3 96.69 97.91 97.16
96.03 94.48 92.38 90.67 86.11
88.64 91.99 89.07 85.48 88.33
87.34 88.27 88.51 86.38 85.52
88.54 88.59 86.57 84.52 82.55
81.64 83.23 88.97 91.61 89.21
88.92 93.09 91.57 87.91 89.43
87.74 84.94 85.47 86.15 81.24
76.14 80.89 87.74 89.99 91.59
90.28 90.78 91.27 91.48 91.36
92.01 92.57 90.82 89.7 88.88
85.48 79.95 79.48 76.72 80.68
87.31 86.12 84.28 89.94 92.75
90.12 90.38 94.97 93.72 92.13
93.9 93.61 94.73 92.79 89.06
87.23 87.26 90.32 88.96 90.58
91.32 88.9 93.16 93.67 89.98
91.49 93.7 88.81 84.57 89.71
87.04 90.13 89.44 94.64 93.56
95.81 96.68 97.39 97.91 98.17
97.51 97.95 98.25 96.32 96.57
97.77 96.67 97.2 97.14 95.6
97.21 98.08 95.91 96.39 97.23
96.55 95.07 93.7 92.6 88.98
85.29 81.08 86.91 90.82 90.41
83.68 71.07 68.83 61.58 58.3
61.7 66.83 71.64 68.39 71.92
77.46 77.77 79.96 83.28 85.3
89.51 87.55 89.37 93.14 89.82
84.37 83.15 88.05 92.71 94.97
95.01 96.37 96.01 94.99 95.63
96.03 94.91 94.97 94.98 93.85
92.79 94.15 91.28 87.11 89.38
87.1 83.06 85.47 80.66 86.21
87.75 82.3 84.62 90.69 90.28
86.33 87.27 90.2 90.49 92.64
89.89 87.6 85.15 88.92 91.81
88.68 86.19 91.11 90.35 86.78
88.47 92.34 89.54 87.12 91.92
92.82 89.64 89.17 92.54 90.68
84.82 84.8 88.09 91.78 92.65
87.89 82.42 80.75 80.66 79.21
84.44 90.55 91.22 90.3 91.56
93.69 95.16 95.33 96.8 96.78
95.42 96.69 96.73 97.21 97.9
97.98 97.87 98.36 98.31 98.08
98.13 97.05 95.73 95.15 94.54
91.2 91.8 92.87 92.09 92.91
91.2 87.38 85.5 82.23 82.72
84.72 85.78 88.05 85.81 82.8
74.27 70.58 72.82 72.06 77.49
83.14 84.93 86.85 84.14 78.47
79.07 87.98 86.26 88.5 82.75
68 55.5 54.15 45.02 49.49
47.59 42.9 41.75 48.18 50.44
57.33 68.58 77.22 80.19 79.25
83.97 86.33 86.38 87.51 90.74
90.07 92.62 92.61 95.13 95.78
96.02 94.17 90.23 82.36 79.33
67.81 60.44 51.87 55.3 56.04
62.5 71.62 78.85 86.14 86.91
91.68 94.36 96.17 95.6 96.32
95.7 94.97 95.8 96.8 95.73
95.09 96.25 96.99 94.64 90.64
90.48 90.34 89.42 88.8 85.02
80.43 82.66 85.09 88.37 84.46
75.64 67.55 54.96 48.74 39.34
35.38 41.54 35.83 37.33 37.03
42.54 36.71 36.7 35.5 36.4
40.22 33.77 37.14 38.4 40.78
43.27 41.8 47.34 48.28 57.2
75.5 84.65 87.84 88.74 91.1
90.55 89.85 88.53 82.57 84.6
89.46 89.85 91.45 88.8 92.2
91.26 89.85 92.06 92.54 92.78
93.23 95.48 94.85 94.68 95.68
96.79 96.2 96.13 96.98 96.84
96.29 95.29 95.56 95.94 92.91
92.54 91.84 92.91 90.33 88.18
86.46 82.42 84.94 83.87 87.38
91.65 92.98 93.96 94.12 93.85
96.46 97.19 96.74 96.65 97.42
97.95 97.18 96.79 97.85 97.35
96.03 96.26 96.22 94.07 93.61
93.48 92.17 89.46 91 84.55
92.16 90.43 89.04 88.41 91.46
87.94 85.01 78.92 72.81 65.74
55.86 52.14 42.97 40.39 33.99
29.03 31.07 32.23 29.37 30.43
26.72 24.24 25.32 23.26 22.48
25.01 23.8 23.9 25.99 24.61
22.24 26.09 25.62 22.84 27.76
22.45 25.94 23.6 22.71 24.4
18.64 25.71 21.16 24.64 21.57
21.19 24.52 21.53 21.36 22.55
20.08 25.68 21.08 28.41 24.67
21.59 26.44 29.62 27.73 23.53
20.61 26.38 23.78 20.99 25.67
24.06 24.3 23.54 22.73 27.96
25.78 22.89 27.55 22.9 26.61
24.14 29.56 24.2 29.05 24.17
27.93 22.57 28.18 22.12 22.83
24.77 23.11 26.74 25.59 25.4
25.1 27.71 25.75 29.4 24.04
24.37 26.21 32.6 25.5 32.14
32.59 27.04 28.51 28.49 25.97
28.56 26.58 27.86 31.18 37.62
33.79 42.43 45.39 45.35 57.85
72.03 83.46 91.77 95.9 97.37
97.41 95.84 93.89 89.55 86.87
76.66 76.04 82.44 81.55 84.51
86.66 86.71 85.53 92.42 89.6
87.72 88.87 91.63 91.34 92.39
87.11 84.65 81.09 75.88 77.92
86.36 88.22 84.35 90.04 92.82
92.83 90.45 91.24 92.6 88.78
89 87.11 88.73 92.7 96.81
97.7 97.26 96.96 96.43 93.48
89.36 79.2 77.73 84.91 87.32
91.84 94.64 93.83 93.85 96.27
96.42 95.47 96.26 91.65 91.37
90.67 89.39 79.77 71.96 67.09
69.31 63.5 61.01 58.31 64.36
53.04 51.55 53.29 54.5 61
67.18 79.05 85.86 91.89 92.04
95.09 95.31 95.17 94.29 92.56
91.54 89.95 91.57 91.73 91.07
91.82 87.54 88.81 89.94 85.93
89.98 93.31 93.09 94.72 89.68
91.34 89.99 89 87.03 89.1
90.76 91.36 88.83 84.9 87.65
85.61 89.3 90.59 94.46 95.36
95.5 94.84 91.89 91.22 94.57
94.41 93.97 94.49 95.76 95.13
92.87 91.58 90.67 82.21 75.64
72.08 57.91 52.48 47.15 36.49
40.11 37.04 32.32 35.72 28.74
