45.63 52.69 60.83 56.52 64.43
65.28 61.02 71.55 79.59 92.04
94.64 95.25 95.7 96.51 96.83
95.93 96.53 97.24 97.39 97
96.64 96.58 96.23 94.18 93.35
93.61 95.51 97.42 97.62 97.76
97.29 96.94 95.4 96.76 95.54
94.5 94.51 95.14 95.64 97.52
97.7 97.59 98.07 98.36 97.89
97.37 97.78 97.6 97.17 96.2
96.48 95.66 95.78 94.47 95.01
94.37 92.66 90.11 82.46 80.25
72.18 63.3 59.17 42.54 49.51
50.6 52.01 50.19 61.12 68.48
71.34 73.25 79.41 88.7 88.48
93.08 95.6 96.63 97 96.68
95.65 92.87 89.18 93.05 92.15
91.64 92.29 94.75 95.93 96.44
97.3 97.11 96.37 96.99 97.45
96.17 96.52 96.99 96.73 95.7
96.46 96.29 94.84 95.44 94.68
89.17 87.88 91.14 88.22 85.71
86.17 91.3 92.16 94.03 88.24
93.84 96.66 97.03 97.15 97.94
98.05 97.94 97.99 98.09 97.5
95.55 95.15 94.85 95.91 95.51
95.81 96.65 95.63 96.7 96.34
96.93 97.09 96.17 94.05 92.71
93.58 94.17 95.9 97.24 96.59
97.66 98.51 98.57 98.8 98.84
98.87 98.78 98.73 98.26 97.47
98.4 97.97 97.68 97.61 97.74
98.4 98.37 98.2 98.71 98.76
98.62 98.48 97.87 96.57 93.89
92.9 92.35 93.36 94.9 96.04
97.17 98.16 98.44 98.53 98.71
98.51 98.67 98.19 98.63 98.67
98.73 98.45 98.31 97.73 97.73
96.77 96.6 96.5 97.44 97.93
98.58 98.25 98.45 98.23 97.76
97.7 97.95 97.88 98.08 98.55
98.73 98.76 98.45 98.69 98.48
98.36 98.07 97.16 96.07 94.84
94.85 95.14 94.86 94.84 94.72
92.2 91.7 93.3 90.68 87.01
88.26 88.17 84.9 81.1 79.7
74.8 73.19 68.41 66.03 63.76
61.52 60.85 55.15 42.4
