36.2 34.16 34.27 34.05 32.8
35.18 36.56 43.1 57.25 70.69
81.23 81.5 86.49 89.57 88.76
86.19 89.8 88.27 86.82 88.69
88.33 92.8 92.93 88.18 94
97.11 97.31 97.67 97.35 97.7
98.15 97.55 97.28 97.53 97.05
95.37 94.95 93.61 94.61 93.51
92.11 91.9 91.32 90.97 91.88
94.68 95.32 94.07 93.8 90.54
89.17 92.77 94.23 95.81 95.21
97.08 98.23 98.15 97.91 97.96
97.74 97.84 98.38 98.26 97.41
97.4 96.23 94.8 94.15 92.37
93.85 94.82 95.8 97.01 98.22
98.27 98.42 98.35 96.81 95.47
96.95 97.1 98.01 98.09 97.82
98.13 97.36 95.85 92.69 89.92
78.32 65.26 52.95 40.06 40.63
36.2 42.56 41.8 38.89 51.03
44.86 46.5 56.72 60.41 56.98
57.51 61.24 74.86 83.77 83.43
83.13 85.31 88.41 87.6 88.57
88.69 86.56 86.91 86.74 84.31
84.46 83.1 83.62 85.01 91.25
95.3 94.94 97.47 96.04 96.54
96.99 97.58 97.8 97.97 98.17
97.35 96.89 97.06 94.68 93.26
89.17 89.95 89.35 93.22 95.27
96.97 97.88 97.13 97.12 95.32
94.89 95.44 94.61 95.99 95.2
93.56 93.59 92.68 94.41 93.04
96.31 95.58 94.93 95.58 96.59
95.85 93.49 95.86 96.3 95.79
96.2 96.37 95.53 96.66 94.86
92.96 92.5 93.84 93.21 88.59
80.9 74.44 65.34 60.1 57.05
54.91 56.26 58.96 55.25 58.3
58.48 59.32 63.3 68.18 73.73
73.5 72.18 77.74 81.7 85.85
87.36 89.72 88.3 90.34 93.1
92.19 91.58 94.66 95.6 93.69
93.68 95.61 95.89 94.49 96.24
96.32 92.43 93.83 95 93.74
95.88 95.59 95.04 96.43 95.2
94.31 92.68 94.07 94.61 93.8
92.64 94.24 91.61 92.52 94.06
92.56 89.66 89.22 90.08 88.47
86.15 77.75 78.42 74.09 67.71
62.56 55.2 50.95 43.89 42.73
44.26 45.22 46.31 49.76 53.85
57.6 60 71.9 78.11 83.09
88.22 88.96 90.49 92.29 92.75
94.16 95.09 94.76 94.94 95.96
96.35 95.37 96.35 96.99 95.86
95.36 95.59 96.1 96.64 96.93
94.72 92.56 87.55 81.43 80.73
77.37 81.09 78.4 82 93.66
95.55 95.91 96.9 96.72 95.23
95.14 95.26 94.76 94.91 95.59
96.87 96.49 96.63 96.83 96.58
95.99 95.5 94.99 93.8 92.44
89.18 87.1 86.13 85.3 84.23
81.92 82.53 81.12 80.91 87.05
87.96 91.61 95.21 96.89 95.87
94.38 96.46 96.91 95.76 95.73
95.87 95.72 94.35 93.06 92.68
89.99 91.58 91.07 93.94 95.56
97.28 96.88 97.11 97.51 97.22
96.91 97.36 97.34 96.26 96.1
97.01 96.04 94.79 94.57 94.98
95.63 96.32 95.72 94.16 90.21
87.78 90.45 92.57 93.72 96.14
94.4 92.69 90.93
