53.44 63.59 67.05 66.71 68.96
72.02 68.52 73.52 70.27 72.94
72.07 71.6 73.11 79.48 82.18
85.68 88.08 90.53 88.86 92.01
94.56 94.03 95.31 95.5 95.67
95.38 95.54 95.48 95.68 95.41
94.19 92.54 91.24 89.79 88.38
86.3 81.64 80.5 76.53 72.12
69.26 71.97 68.59 63.75 60.61
59.4 58.42 55.72 52.85 50.25
49.36 46.75 50.3 45.74 47.57
48.04 51.53 51 54.12 54.82
62.23 63.67 64.29 58.88 54.18
53 50.28 50.64 51.04 56.16
58.64 66.8 76.8 89.63 91.53
92.66 94.64 94.59 90.27 85.06
87.4 91.63 94.12 96.1 96.77
96.34 94.48 92.51 91.47 93.86
95.86 96.54 95.74 95.9 94.44
94.83 95.67 94.98 94.55 92.35
92.37 93.02 93.74 94.74 95.22
93.52 94.18 93.97 92.87 92.1
95.23 95.81 95.12 95.28 94.69
95.89 94.29 93.63 95.15 93.45
90.25 89.46 92.91 95.39 96
94.89 95.75 96.53 97.22 96.83
96.73 96.43 96.32 96.53 95.1
94.15 93.6 90.81 90.93 90.79
86.04 86.33 87.76 86.07 82.82
82.93 78.65 75.06 75.61 76.11
72.37 68.78 68.48 68.33 62.98
58.25 59.87 56.33 55.33 54.34
62.92 70.01 72.31 82.4 87.44
90.94 88.74 88.18 92.8 93.41
90.73 90.4 94.36 93.22 92.7
90.49 90.22 88.82 91.94 92.53
88.36 88.54 86.05 88.06 91.42
93.9 92.66 92.93 92.25 92.56
93.58 94.73 95.85 94.96 92.59
87.72 82.21 83.41 85.82 85.22
86.35 85.03 78.76 72.62 58.51
