65.2 85.45 94.97 97.06 98.12
98.33 98.43 98.43 98.01 97.67
96.58 96.71 94.82 92.75 93.49
92.67 90.8 90.07 94.81 96.89
97.82 98.47 98.69 98.72 98.55
98.23 96.55 91.44 82.5 84.61
92.13 95.55 97.83 98.64 98.84
98.82 98.73 98.52 98.37 97.43
98.23 96.33 96.47 97.55 95.4
93.47 96.09 95.22 92.13 93.6
90.4 90.33 88.94 91.71 94.96
95.26 97.73 98.69 98.89 98.86
98.69 97.94 97.3 97.52 97.51
98.21 98.68 98.24 98.48 98.22
98.06 97.53 96.69 97.34 96.31
94.48 93.34 93.44 92.05 89.05
85.49 78.44 65.18 56.78 55.93
59.51 64.06 70.57 85.94 93.84
95.84 97.75 98.58 98.78 98.42
96.83 95.42 93.37 95.59 94.76
92.63 94.69 94.83 92.23 92.17
94.73 93.61 92.29 94.06 94.61
92.31 92.77 90.79 92.07 91.72
91.85 93.77 95.62 96.44 97.35
97.91 97.65 97.91 96.23 95.34
94.02 91.94 92.12 94.66 93.49
92.21 89.74 89 87.53 84.6
78.92 72.68 68.37 57.65 58.19
53.83 56.5 63.9 58.08 63.88
69.05 77.14 77.67 88.49 91.37
93.03 92.12 94.01 95.89 96.23
97.57 97.33 97.41 97.21 93.75
94.19 93.61 96.29 97.83 98.48
98.52 98.49 97.58 97.52 94.48
91.85 93.27 96.9 97.99 98.57
98.78 98.75 98.35 97.63 97.76
96.35 96.39 94.32 94.54 95.21
97.62 98.49 98.69 98.79 98.65
98.36 97.73 96.71 94.99 92.12
87.5 84.38 86.87 87.92 90.64
92.23 89.8 91.58 91.51 92.45
91.49 92.08 91.39 90.89 91.63
87.54 89.39 90.35 90.97 90.34
92.21 89.47 91.51 91.96 88.01
86.53 89.11 92.36 94.42 92.47
93.05 90.89 86.93 87.28 89.66
91.52 94.26 93.3 93.27 90.85
91.87 90.16 91.74 90.21 88.83
87.91 87.63 88.62 91.87 94.25
96.73 97.6 98.28 98.66 98.69
98.48 98 98.18 95.81 90.6
76 86.4 92.47 88.39 89.49
93.55 96.32 95.55 96.59 98.06
97.81 97.58 97.06 97.69 97.51
98.1 98.4 98.69 98.4 97.8
96.84 97.08 96.22 96.2 96.76
96.13 95.3 96.17 96.2 96.09
96.07 95.37 93.93 94.56 95.74
97.69 97.7 97.58 97.03 96.91
97.46 97.69 97.71 97.02 97.23
97.25 96.83 95.9 96.05 96.52
96.85 95.94 97.06 98.25 98.38
97.99 97.89 97.84 96.67 95.31
91.31 91.41 90.56 82.18 76.19
73.31 73.01 73.32 68.02 65.19
59.86 57.54 60.86 56.93 68.69
81.1 86.92 87.69 92.54 94.84
95.19 94.55 96.26 96.99 97.01
96.41 96.5 95.01 90.6 77.17
88.24 90.7 96.52 96.75 96.24
96.63 95.39 95.95 96.8 96.9
97.53 97.3 96.14 94.96 92.39
88.79 84.02 69.57
