39.13 32.42 33.22 34.02 30.63
33.51 31.91 30.98 30.41 28.12
26.74 30.67 24.22 30.91 28.86
25.37 30.02 25.81 28.73 26.49
24.1 25.71 33.28 26.44 30.94
25.48 25.11 25.71 26.27 25.74
24.77 25.41 24.98 28.85 29.46
34.58 43.18 49.08 52.88 57.17
63.34 63.12 59.48 59.51 59.85
56.61 57.01 56.8 62.15 63.79
68.53 71.41 78.14 85.77 88.25
90.49 92.41 90.61 91.42 90.76
91.86 91.9 92.51 92.02 91.62
86.75 88.89 86.74 89.96 88.13
90.05 91.65 93.88 94.22 94.5
93.1 93.75 92.85 90.79 89.27
86.78 81.63 79.78 80.02 83.37
86.73 90.59 94.16 94.57 95.14
94.59 93.41 92.02 88.26 86.79
85.11 85.36 86.26 87.35 89.33
92.13 94.17 93.59 93.54 91.77
89.2 88.71 91.97 91.48 87.55
83.03 74.65 67.23 66.48 67.67
65.9 66.92 63.75 64.56 62.93
60.69 59.52 56.64 58.24 51.71
50.82 51.2 48.9 45.12 41.08
44.33 35.46 31.13 35.06 35.94
40 39.96 44.14 50.81 49.16
45.23 50.44 51.82 52.82 49.86
48.06 53.38 51.17 45.24 40.42
53.79 49.08 53.23 54.83 56.87
56.35 57.42 65.41 69.79 82.78
76.6 77.64 74.88 74.23 76.19
74.81 75.78 78 77.5 76.84
78.63 79.92 78.39 82.52 84.14
84.8 89.02 86.54 92.6 91.43
95.48 97.88 98.39 98.27 95.71
95.42 97.91 97.91 97.22 95.01
95.22 93.22 92.28 91.88 93.56
91.15 93.84 90.76 86.44 85.29
90.08 83.01 85.55 90.73 92.34
95.15 97.62 98 98.55 98.48
97.64 98.2 98.05 98.58 98.1
97.72 97.12 94.2 94.32 95.53
96.71 97.15 97.87 97.76 98.32
98.38 96.29 96.19 97.6 97.72
96.8 97.84 98.02 98.45 98.62
98.34 97.81 98.09 98.61 98.56
98.74 98.15 97.92 96.04 97.53
98.37 98.71 98.87 98.86 98.78
98.72 98.39 97.74 97.26 98.24
98.25 97.64 97.25 98.67 98.49
97.43 98.31 98.57 97.49 96.31
97.91 97.05 94.48 95.44 94.91
91.49 84.89 82.89 84.69 78.19
80.62 82.94 86.53 91.53 95.03
97.02 96.16 97.15 98.18 98.74
98.85 98.89 98.86 98.83 98.4
98.38 97.48 97.13 95.15 97.82
98.59 98.46 98.59 98.24 98.55
98.8 98.67 98.2 96.84 95.21
94.38 91.97 91.23 87.33 89.08
91.62 95.86 96.91 98.13 95.7
96.07 97.89 97.73 98.27 98.03
97.1 97.22 97.12 95.43 91.94
94.63 94.46 97.52 96.39 96.12
98.14 98.61 98.38 98.06 98.59
98.45 98.3 97.81 97.58 97.09
96.93 95.71 94.7 95.58 95.91
97.08 96.27 96.7 96.97 92.44
88.54 87.08 86.67 89.38 84.46
90.26 92.98 92.15 90.48 93.75
96.05 93.55 92.99 95.67 97.28
95.7 94.62 95.83 96.43 94.87
93.58 94.68 93.57 91.74 89.39
88.09 85.02 87.05 86.32 91.4
93.42 95.66 95.84 95.72 96.99
98.02 97.11 96.2 97.58 98.21
98.43 97.72 97.38 95.8 97.11
97.81 96.39 94.93 95.29 94.95
93.81 91.02 91.65 91.33 92.71
93.02 90.64 89.58 86.93 87.97
86.42 88.48 90.1 90.61 91.83
86.96 88.31 87.66 87.29 89.94
89.78 90.37 89.04 89.37 88.6
86.15 86.21 85.32 78.79 77.93
82.79 82.6 88.49 90.17 90.47
93.91 95.14 97.12 96.97 94.16
95.95 97.52 97.73 96.55 96.74
92.75 90.25 83.64 75.01 59.1
41.89 38.27 39.8 33.92 41.67
40.49 35.07 40.7
