45.82 41.78 42.31 48.43 59.51
43.86 47.44 43.16 40.48 40.64
37.76 36.81 34.85 36.11 34.68
33.24 37.27 32.25 39.95 33.12
33.74 32.57 28.42 34.08 30.78
25.63 29.57 30.36 25 29.82
25.78 29.28 29.53 26.04 28.78
26.67 33.77 29.39 35 39.87
34.19 32.52 35.35 30.96 29.57
32.3 26.45 26.63 26.75 25.5
27.49 32.1 30.01 31.58 34.22
34.82 38.08 37.39 37.36 35.32
36.98 36.14 39.06 35.71 36.85
40.51 37.03 36.31 45.14 36.47
32.86 34.75 32.25 33.77 30.43
29.82 33.67 31.66 39.12 49.3
59.3 83 91.74 95.31 94.41
92.39 91.5 86.56 87.58 88.81
89.82 85.22 80.59 84.5 82.3
85.25 86.68 90.28 92.67 93.74
93.87 95.3 96.97 96.78 95.78
96.58 97.04 96.11 95.58 95.47
95.87 94.29 94.79 93.23 90.37
91.3 92.89 94.74 97.03 97.1
97.12 96.6 95.66 93.68 90.71
89.52 90.22 91.03 94.07 95.76
97.54 97.93 98.16 98.41 98.36
98.36 98.46 98.22 97.34 96.95
98.48 98.59 98.78 98.54 98.26
98.76 98.7 98.76 98.61 98.53
97.89 97.7 96.71 96.08 94.9
92.92 92.89 96.09 95.91 95.03
94.79 96.53 97.19 97.38 98.12
98.05 98.63 98.38 98.55 97.98
97.02 95.78 96.27 96.36 97.4
97.76 98.19 98.14 97.38 97.9
98.06 97.01 96.6 96.37 97.7
97.77 97.64 96.67 95.01 94.65
94.61 95.57 93.19 92.35 92.11
89.99 91.71 92.6 93.67 97
96.42 95.75 96.47 96.94 96.7
97.36 96.76 96.06 97.66 97.9
96.96 97.27 98.08 97.46 96.84
97.36 98.27 97.82 98.14 97.82
98.08 98.01 97.43 96.62 95.66
92.67 93.13 94.98 93.37 93.12
95.17 94.01 95.01 95.41 96.03
97.45 97.62 97.49 97.54 98.17
98.46 98.23 98.26 98.54 98.6
98.64 98.52 98.87 98.79 98.67
98.57 98.8 98.82 98.72 98.5
98.46 98.27 97.83 96.77 96.69
94.19 93.45 94.51 95.34 94.22
95.11 96.82 95.89 94.52 95.25
97.72 96.8 95.67 97.12 98.47
97.99 97.33 98.21 98.61 98.23
98.34 98.68 98.52 98.41 98.19
98.61 98.5 98.29 98.18 98.12
97.92 97.99 98.04 97.6 97.72
97.55 97.42 94.73 95.87 95.97
94.84 92.81 91.48 91.22 93.28
94.88 97.72 98.53 98.18 98.62
98.33 98.44 98.7 98.64 98.58
98.68 98.82 98.56 98.52 98.59
98.48 97.97 97.36 96.37 96.17
94.98 91.04 87.64 88.92 88.54
83.31 80.46 82.27 76.05 73.59
70.72 67.95 61.28 58.7 57.51
56.15 55.14 49.8 49.87 51.28
54.43 45.8 52.12 49.23 49.88
48.12 44.11 38.86 50.24
