37.52 37.34 40.32 35.27 37.62
36.04 35.41 32.63 32.63 27.48
30.55 30.11 28.69 33.67 34.98
34.91 36.2 38.91 32.93 40.91
43.88 37.76 32.79 39.55 39.78
34.88 37.49 37.36 33.83 33.11
31.37 31.05 27.87 25.32 28.2
24.86 24.11 24.86 23.87 34.78
25.61 27.08 28.95 36.12 26.54
27.98 29.41 29.98 32.06 28.21
33.27 32.28 33.09 34.35 38.95
35.84 40.78 57.11 53.21 57.93
55.71 61.89 70.62 74.07 79.69
79.17 78.3 81.13 85.11 82.04
82.69 86.35 86.73 83.03 85.32
89.95 86.49 84.94 87.31 88.38
85.68 85.81 89.48 86.76 86.73
87.72 87.1 84.78 85.89 86.09
85.46 84.47 84.34 83.65 81
78.72 79.47 77.64 79.15 81.41
83.13 87.71 91.25 93.1 94.66
93.9 94.83 93.91 91.35 94.23
95.05 94.73 96.69 97.11 97.49
98.03 97.86 98.02 96.29 94.54
91.33 91.56 94.42 95.02 96.68
95.85 95.73 96.54 96.18 96.98
96.4 95.54 90.04 92.33 91.13
90.96 88.98 87.9 84.82 87.26
87.51 87.66 91.03 92.61 89.95
88.82 92.95 93.92 95.69 96.39
96.41 95.54 96.27 95.63 95.25
94.78 93.04 91.8 89.1 89.67
85.69 81.06 76.81 89.97 92.26
92.02 95.38 96.86 97.76 97.79
98.02 97.99 97.67 97.18 96.39
95.26 93.83 91.45 93.68 94.33
97.19 96.99 97.53 96.9 97.21
95.87 96.48 94.4 93.67 89.45
81.16 78.91 78.84 82.31 84.32
85.38 88.99 93.85 95.98 95.99
97.77 96.65 97.11 95.97 91.9
94.66 97.11 96.21 94.82 96.55
95.74 95.65 95.61 95.06 96
95.88 95.14 95.03 95.81 95.59
94.42 94.1 94.52 93.68 92.74
92.03 93.15 92.33 93.59 96.55
95.79 95.96 93.02 90.73 89.27
93.77 94.62 97.16 97.14 97.81
96.99 96.67 95.32 95.16 94.68
94.41 92.54 89.79 84.05 79.38
79.97 81.59 86.12 87.82 89.8
91.54 92.6 95.1 94.79 94.22
95.99 95.99 96.33 95.79 93.19
92.3 90.64 88.79 89.7 89.66
90.64 91.06 88.41 87.53 85.76
85.18 84.87 89.14 90.88 94.17
95.81 96.19 97.56 97.6 97.9
96.59 96.87 95.27 94.31 95.53
95.51 94.76 94.56 94.01 92.23
89.37 83.27 79.84 74.76 73.76
73.09 77.81 79 82.2 81.18
81.31 84.89 84.99 81.61 84.65
87.13 84.42 83.04 85.5 84.94
82.98 80.99 82.92 82.24 78.64
80.86 82.41 80.89 79.97 81.91
80.98 79.21 80.43 83.19 79.58
81.1 81.35 83.7 81.97 83.89
83.74 85.05 82.54 82.61 83.09
82.02 80.83 75.76 77.21 72.67
68.5 64.46 56.9 57.82 48.85
