80.97 90.51 94.98 97.88 97.77
98.09 96.76 96.27 97.97 97.74
98.68 98.61 98.78 98.51 98.1
97.77 95.25 92.44 92.28 92.69
92.42 90.3 94.79 96.81 96.64
98.35 98.7 98.88 98.85 98.78
98.41 97.2 96.27 94.29 94.68
97.77 97.71 96.44 95.6 97.32
97.03 97.47 97.08 97.75 96.99
96.43 97.77 98.67 98.89 98.84
98.52 97.59 96.07 97.71 97.99
95.44 95 96.7 97.17 94.19
92.84 95.42 96.73 98 98.04
97.75 98.07 98.47 98.62 98.69
98.65 98.7 98.44 98.29 97.41
98.05 98.22 98.73 98.62 98.54
98.12 97.94 96.01 93.31 94.73
95.19 96.26 97.9 98.58 98.67
98.73 98.82 98.78 98.8 98.63
98.39 98.7 98.13 98.09 96.51
95.62 96.86 98.51 98.89 98.89
98.91 98.82 98.83 98.57 98.31
98 97.86 97.66 98.37 98.77
98.8 98.85 98.79 98.54 98.62
98.77 98.61 98.58 97.95 97.7
97.09 98.08 96.99 96.98 96.58
95.98 95.62 95.95 94.83 91.86
91.4 94.41 97.7 98.1 98.13
98.46 98.61 98.74 98.67 98.53
97.79 96.91 97.16 96.92 95.45
95.29 95.63 94.65 96.04 97.67
97.81 97.83 98.11 97.3 98.1
98.45 98.5 98.48 98.49 98.74
98.66 98.55 98.51 98.59 98.36
98.42 98.31 97.7 97.5 98.41
98.31 98.69 98.58 98.66 98.12
96.9 93.54 89.1 92.12 94.21
96.55 95.66 94.3 97.6 98.16
97.15 97.29 98.22 97.63 96.64
96.85 97.34 96.55 96.87 97.3
98.12 97.84 96.8 94.23 92.62
89.72 92.65 92.44 88.48 88.54
90.06 88.78 86.55 88.17 86.51
89.31 88.52 92.4 95.27 96.46
96.33 95.9 95.93 90.26 90.71
94.92 95.04 97.1 98.49 98.33
98.21 97.6 96.67 96.34 95.78
97.4 97.77 97.72 97.92 97.88
98.16 98.37 98.08 98.16 97.9
97.98 97.87 96.33 97.21 98.22
98.64 98.65 98.79 98.76 98.53
98.24 97.33 95.31 93.04 91.18
92.67 92.62 92.32 93.74 97.47
97.23 98.12 98.5 98.43 98.12
98.11 97.62 98.25 98.01 98.02
98.27 98.53 98.05 97.83 97.7
98.58 98.58 98.2 98.21 98.37
98.44 98.02 97.8 97.88 97.98
98.23 98.04 97.77 97.99 97.69
97.88 98.2 95.2 88.1 88.17
88.59 89.39 91.22 92.3 93.82
96.63 94.31 95.15 96.31 97.53
97.13 95.7 92.43 92.08 91.35
91.05 92.47 95.99 97.55 97.51
96.65 96.58 97.31 96.33 95.24
95.14 95.46 89.43 67.72 59.3
51.54 51.16 44.64 36.48 46.37
45.27 45.95 44.41 47.99 48.18
48.47 48.61 48.48 50.02 40.29
37.82 38.95 39.51 38.9 36.55
37.37 36.98 42.1 37.23 36.16
38.38 41.78 36.23 34.76 36.19
31.02 37.85 32.91 33.87 36.82
35.4 40.51 37.54 40.15 43.08
40.05 35.95 36.8 38.88 35.04
39.27 36.29 39.05 35.53 47.69
36.09 46.63 37.74 41.42 40.48
38.67 40.82 34.23 37.42 33.64
33.33 36.02 33.75 35.01 29.48
33.99 32.62 29.9 31.51 29.18
33 33.28 29.02 33.91 32.22
29.03 33.14 30.89 32.31 28.74
32.85 28.61 32.16 31.35 27.57
31.92 30.15 36.75 31.02 33.56
28.13 31.56 33.11 27.17 33.13
31.11 34.02 35.66 37.46 30.37
32 30.37 32.14 29.25 33.7
28.18 32.25 32 33.47 34.41
33.74 32.82 28.11 34.4 31.4
35.54 34.19 32.24 37.66 34.46
39.37 35.46 34.67 34.55 38.19
43.28 37.28 39.04 48.67 41.14
40.09 40.95 46.62 44.06 41
38.67 48.62 37.88 37.81 39.16
35.1 42.58 36.58 42.1 36.61
39.84 37.13 36.22 36.7 35.19
37.38 37.94 32.18 35.9 32.95
31.5 34.61 32 34.12 31.13
37.73 32.08 36.57 37.24 38.12
41.72 44.48 44.49 40.22 40.36
42.13 44.06 46.12 47.67 47.62
44.36 39.93 38.01 49.74 42.61
43.1 42.01 40.26 48.45 43.27
55.04 58.15 64.45 70.77 75.52
77.84 77.33 78.31 78.34 75.64
78.52 81.65 78.52 80.55 74.34
60.28 44.04
