72.7 82.96 85.79 89.55 91.92
91.3 94.07 95.47 94.9 94.61
95.79 95.83 93.68 94.54 95.36
94.51 93.24 94.45 94.9 93.99
94.68 94.86 94.76 93.11 95.29
95.57 95.3 93.83 94.62 96.18
94.71 94.2 95.32 95.56 94.02
93.94 93.88 92.62 90.58 89.15
88.88 86.8 84.43 84.32 83.42
77.48 69.58 65.37 66.38 62.4
62.01 68.3 72.11 79.17 84.44
84.92 84.84 87.26 90.26 89.48
89.73 93.23 93.39 93.92 95.31
96.3 95.27 95.75 96.78 95.81
94.69 94.96 95.99 94.08 94.65
94.66 93.46 91.09 92.73 92.7
87.14 90.91 91.7 91.87 91.41
94.95 95.76 94.27 95.46 94.02
94.08 93.49 93.01 90.22 88.44
87.47 84.19 68.26 67.42 74.94
78.23 76.87 75.93 81.84 77.83
76.17 73.23 75.18 74.33 80.12
84.64 86.84 87.75 87.74 89.43
92.28 91.36 92.85 93.95 92.36
92.85 94.75 93.38 90.66 92.91
92.73 89.36 87.84 88.37 88.05
91.91 89.53 92.63 95.42 93.02
91.47 95.4 94.99 93.07 93.69
94.74 92.93 91.45 89.9 84.8
78.85 80.42 76.67 82.39 79.52
84.25 86.74 88.4 87.38 86.45
91 92.22 90.49 92.73 95.82
93.85 93.01 96.14 96.07 92.66
94.71 94.59 96.08 96.6 96.45
97.41 97.9 97.23 97.07 97.12
97.19 95.47 95.8 95.51 94.83
94.23 95.14 95.25 92.16 93.09
91.47 92.42 94.82 94.88 97.23
96.9 96.67 96.72 97.87 97.48
96.92 96.79 96.98 97.33 96.09
94.3 95.94 95.63 93.36 93.23
93.65 94.22 95.19 95.77 95.12
96.18 97.02 97.11 96.47 97.49
97.3 96.94 96.03 96.04 96.35
93.78 91.85 93.95 93.1 92.46
92.69 95.22 95.94 96.62 96.36
97.47 96.79 97.28 97.37 97.04
96.54 96.97 96.34 95.9 96.5
94.9 93.71 93.43 94.07 96.02
94.64 95.11 94.76 96.14 96.35
96.29 95.35 95.55 94.47 94.04
91.09 93.37 93.12 94.46 94.4
94.74 96.32 95.35 93.63 95.65
96.51 93.22 93.37 95.37 93.83
91.7 92.05 92.01 86.99 86.73
86.38 86.38 86.85 87.22 90.28
91.87 94.63 93.48 93.01 92.37
93.3 92.74 92.47 90.81 88.99
90.63 89.96 89.29 86.87 88.66
89.06 86.99 86.7 86.76 84.37
84.34 86.51 83.58 82.95 85.8
85.84 78.93 72.57 66.1 67.49
71.48 73.16 67.1 63.65 63.01
69.95 73.5 80.97 82.6 86.53
85.99 88.78 90.79 90 89.97
87.44 84.8 85.12 84.57 82.09
80.61 83.85 83.74 90.45 92.03
93.3 92.1 92.01 92.19 90.52
88.83 88.97 89.92 88.93 88.02
91.38 92.6 93.83 95.24 95.27
95.56 95.16 94.72 94.99 94.1
94.63 94.52 94.87 95.13 94.58
94.92 94.29 93.01 91.96 91.02
87.71 86.25 80.13 74.26 78.9
86.01 89.71 90.36 91.59 88.91
90.32 92.24 91.75 90.8 90.79
90.13 89.9 86.43 89.19 93.22
93.59 95.38 94.9 90.97 86.16
70.77
