55.88 53.56 63.02 65.23 63.44
59.12 54.71 48.58 44.78 47.85
49.98 53.46 46.75 54.52 59.97
64.31 65.12 65.36 68.5 68.23
60.62 70.18 62.9 56.87 62.74
61.71 67.3 64.46 62.71 62.39
61.22 60.33 54.87 59.61 53.26
58 59.69 60.97 66.09 64.96
65.08 66.83 72.83 73.13 75.16
78.12 80.89 86.11 81.99 78.62
74.97 73.17 74.41 69.92 67.43
62.38 68.77 65.81 63.48 69.2
64.07 61.1 57.21 64.95 60.69
68.12 67.09 65.87 59.64 67.28
60.4 69.58 66.26 57.21 50.65
49.74 46.99 49.64 45.42 48.96
52.56 52.18 54.29 63.48 58.77
65.14 63.96 59.36 64.56 57.72
62.14 60.38 62.72 69.14 67.34
63.24 61.58 56.15 61.8 56.81
58.9 57.93 56.65 60.1 65.75
67.53 70.44 76.78 74.53 73.6
72.77 67.29 68.55 65.57 68.6
63.54 62.41 57.08 48.06 46.96
43.57 39.15 50.68 42.51 48.3
38.31 56.35 37.29 41.55 35.89
44.73 30.85 41.59 55.32 39.17
39.47 40.03 40.79 49.37 41.08
43.86 40.75 33.83 38.63 47.6
42.61 37.79 39.77 35.39 43.42
43.7 41.92 40.58 39.68 44.82
47.16 46.42 62.84 58.01 65.81
66.83 69.82 67.93 79.53 77.96
72.64 80.89 84.16 84.24 79.11
81.02 81.2 82.6 81.79 76.07
75.52 76.13 71.67 75.49 73.83
72.55 74.55 76.02 72.89 69.15
70.4 71.51 71.1 72.4 74.45
