43.23 52.6 48.45 64.95 62.13
64.54 57.6 58.78 59.36 56.39
55.83 58.07 62.01 58.88 58.69
56.08 55.11 54.63 58.03 61.13
68.15 81.95 85.38 84.22 89.31
88.52 89.88 91.54 91.53 91.8
91.64 90.57 90.86 92.26 90.38
88.96 87.77 89.52 83.77 78.19
71.28 63.34 57.57 56.7 48.73
46.5 44.11 43.09 44.26 39.72
42.83 39.21 35.36 40.96 43.48
39.38 40 47.22 40.75 43.49
39.08 34.5 40.53 41.37 44.51
40.52 46.44 40.89 42.3 40.53
33.9 40.31 42.08 45.03 44.05
44.96 48.74 40.42 43.95 41.79
39.76 42.01 42.18 45.48 48.22
40.73 39.75 43.18 39.44 50.27
39.33 43.26 38.93 46.75 43.72
41.24 43.35 37.8 39.57 45.01
40.11 46.76 43.3 45.08 40.88
42.66 52.22 36.04 43.73 37.78
45.5 44.09 36.21 41.98 47.95
53.74 49.84 55.42 48.9 45.81
54.47 46.67 54.48 53.36 49.56
47 50.24 48.8 46.5 40.32
44.07 44.46 45.08 38.32 34.6
42.22 44.54 39.54 36.04 40.85
38.3 47.22 39.07 39.34 43.51
47.22 46.16 45.51 43.11 49.23
41.21 53.46 45.43 44.15 51.16
47.1 53.66 45.01 48.5 46.7
53.79 41.48 48.48 44.47 51.28
45.91 37.38 31.17 36.32 33.65
37.16 40.06 44.74 45.85 56.16
54.4 61.23 88.3 96.97 98.27
98.63 98.72 98.77 98.59 98.53
98.46 98.46 98.44 97.99 94.77
94.46 94.18 95.62 95.87 96.96
97.52 98.08 98.49 98.55 98.65
98.77 98.81 98.77 98.65 97.64
97.47 96.77 96.87 97.93 98.47
98.04 98.65 98.68 98.53 98.75
98.74 98.42 98.02 95.97 95.42
95.85 98.07 97.92 98.06 97.99
97.07 97.14 95.67 95.24 97.05
97.16 98.06 97.6 97.52 97.64
97.6 97.84 96.31 95.55 98.09
98.54 98.5 98.52 98.08 98.47
98.54 98.36 98.32 98.41
