56.62 67.44 75.72 76.3 65.23
54.8 51.46 50.37 53.56 49.28
52.32 56.06 55.93 56.48 56.84
53.48 47.5 62.1 51.79 47.16
50.32 50.77 50.05 48.34 46.44
58.26 50.95 41.36 48.88 41.93
50.5 44.68 39.74 35.76 46.15
38.82 51.1 47.27 47.28 53.3
45.77 45.96 44.66 45.27 62.27
70.39 68.88 72.5 70.03 68.55
68.21 67.12 71.38 69.09 69.12
57.76 63.93 66.13 69.01 72.32
73.26 66.98 69.15 72.73 68.83
78.48 82.61 88.43 88.24 89.58
92.04 85.34 89.24 85.19 82.74
86.3 78.36 68.81 73.09 75.57
74.3 81.49 83.2 85.72 89.14
90.53 87.44 88.44 86.44 86.63
85.61 80.77 76.6 74.37 70.84
63.58 61.87 62.13 56.38 56.55
55.6 54.18 51.32 44.04 48.93
48.01 39.99 53.09 55.07 59.74
61.95 56.54 59.37 52.74 52.89
56.44 60.6 68.63 67.21 68.85
63.32 60.64 60.57 56.99 51.79
55.36 46.98 50.03 51.57 50.49
45.3 50.06 51.86 45.1 47.42
51.61 42.88 44.56 49.43 44.83
51.98 47.83 40.17 45.34 55.08
52.6 47.73 52.16 54.7 53.08
57.77 51.02 61.05 53.06 52.3
49.69 55.13 53.51
