83.27 92.07 91.25 90.56 86.25
85.49 91.65 94 94.63 94.92
92.66 93 94.73 97.05 96.84
96.1 96.96 97.62 98.43 98.28
98.47 98.06 96.78 95.65 92.34
87.68 82.36 85.22 84.37 87.35
91.07 93.71 95.75 97.13 97.63
98.2 98.03 95.37 88.55 90.21
94.27 96.56 96.68 96.78 95.04
92.98 92.22 88.29 80.28 79.61
78.36 85.55 85.01 88.65 90.34
91.82 91.88 93.77 94.41 92.59
86.3 83.31 74.96 66.25 65.04
64.82 73.15 77.55 80.17 84.4
91 96.23 97.25 98.17 98.33
98.42 97.97 97.44 94.97 94.44
92.19 92.16 94.73 95.7 97.63
98.1 98.46 98 97.81 95.41
91.31 89.12 93.42 96.69 96.89
97.9 97.08 95.02 93.77 90.39
92.4 91.72 93.93 94.98 96.25
96.62 94.73 94.96 92.64 89.34
73.13 56.08 57.06 53.64 58.82
61.72 61.05 62.5 67.54 77.64
91.08 94.29 97.14 97.36 98.41
98.69 97.98 96.01 93.71 91.44
93.96 96.42 98.03 98.58 98.81
98.59 97.54 95.29 94.22 96.2
97.49 98.51 98.45 98.46 98.17
96.82 96.98 96.3 95.19 92.1
89.33 92.64 95.44 97.37 96.76
97.31 97.04 97.16 97.24 98.41
96.81 96.27 97.13 95.19 95.9
96.65 98.45 98.28 98.67 98.68
97.85 96.1 88.53 71.87 57.14
52.33 52.86 50.51 59.6 66.05
78.01 86.85 93.04 96.53 98.11
98.75 98.54 97.66 96.2 96.75
97.25 98.03 98.46 98.31 97.92
97 94.35 91.71 87.99 86.68
93.05 95.59 96.01 97.1 96
95.96 97.19 97.73 94.02 79.94
81.71 89.72 96.16 96.34 97.86
98.02 98.55 98.47 97.78 95.67
94.21 91.77 91.85 95.01 96.87
97.76 98.4 98.29 98.12 97.08
96.69 97.73 97.93 98.11 97.72
97.47 96.01 94.44 94 90.21
92.62 94.83 94.85 95.87 95.78
96.86 96.51 97.82 97.79 98.09
98.32 97.83 97.33 97.26 98.45
98.2 98.63 98.56 98.31 96.74
95.86 91.39 90.92 93.29 94.3
96.84 98.16 98.56 98.76 98.63
98.17 97.11 96.96 97.02 98.03
98.23 98.47 98.23 98.16 97.16
96.42 94.36 91.05 91.27 89.34
92.4 90.67 86.75 90.42 95.45
94.67 96.8 97.3 97.73 96.33
96.66 96.63 96.68 96.46 95.71
92.53 92.04 94.91 95.68 98.07
97.49 98.04 98.45 98.08 96.64
94.24 90.4 88.86 91.43 93.28
93.12 94.51 96.21 96.89 97.9
98.16 97.18 95.85 93.85 94.58
95.65 95.49 96.61 95.61 94.91
95.11 93.02 91.06 85.54
