35.17 31.44 30.51 46.24 41.29
38.39 47.1 41.68 42.03 52.27
51.89 53.02 55.44 56.03 56.86
56.56 56.83 57.42 59.34 56.33
57.79 57.86 54.95 57.94 54.19
53 47.66 39.7 34.2 33.6
39.28 30.66 39.31 48.28 54.67
61.46 71.46 85.79 93.88 96.76
98.12 98.64 98.75 98.78 98.49
97.78 96.41 96.18 94.3 89.82
91.96 93.57 95.62 96.36 95.41
95.19 92.9 92.84 94.41 94.32
95.21 93.34 88.66 83.55 85.97
87.71 92.14 95.32 96.53 96.9
97.71 98.21 98.28 98.61 98.67
98.61 98.66 98.64 98.48 97.76
96.87 96.34 95.96 93.83 92.08
93.16 91.95 93.87 94.64 96.96
97.96 96.24 98.28 98.68 98.71
98.55 97.56 95.01 92.64 94.32
96.08 95.25 93.85 94.86 95
96.25 96.57 97.61 97.79 98.11
98.39 98.4 98.34 97.75 97.41
97.76 96.95 96.16 95.13 96.04
96.98 96.38 94.5 91.55 91.22
96.27 98.19 98.64 98.62 98.13
97.27 95.23 91.83 90.73 81.65
74.12 68 72.88 72.84 81.02
90.48 94.13 94.97 95.85 96.7
96.49 95.96 96.49 96.68 97.84
97.61 97.97 97.44 97.14 96.59
95.85 96.02 96.83 97.16 97.27
97.36 97.26 96.83 97.02 96.94
96.03 95.7 95.82 95.05 94.76
92.29 93.92 95.91 96.51 95.43
94.63 95 95.06 94.2 94.26
95.01 95.06 94.65 95.72 95.66
95.68 95.5 95.6 95.88 95.94
96.64 97.51 97.52 97.61 97.23
97.7 97.15 96.9 96.28 96.61
95.12 91.95 95.38 96.56 97.65
98.02 97.75 98.11 98.16 97.93
97.37 98.06 97.61 97.55 96.99
96.68 95.69 95.93 92.9 94.3
97.26 98.13 98.08 97.65 96.96
93.27 94.54 95.2 92.34 93.94
95.37 94.97 93.54 96.52 96.53
96.58 97.11 97.23 97 96.48
96.44 96.92 95.85 96.14 95.8
95.13 94.07 93.12 94.09 92.54
94.33 95.51 95 93.81 96.3
97.12 95.27 94.88 97.14 97.24
95.74 96.39 97.7 97.79 96.63
97.39 97.54 97.23 97.96 95.54
96.01 95.67 94.94 93.23 93.88
97.17 97.91 97.95 97.04 95.85
92.69 96.49 96.44 97.41 96.55
97.55 96.54 96.02 95.83 94.97
96.14 94.64 94.86 94.23 95.29
97.47 98.07 98.36 98.72 98.52
98.17 97.63 98.34 97.69 97.38
95.55 93.91 89.8 86.35 81.86
75.31 62.95 55.6 54.18 58.17
76.23 90.03 92.81 95.63 96.45
97.91 98.47 98.49 97.44 96.82
96.7 95.86 97.4 98.35 97.94
97.82 98.37 98.6 97.54 97.76
97.37 98.06 97.76 98.12 97.74
96.9 96.94 95.07 94.29 92.81
91.74 89.85 90.71 93.64 94.2
93.08 95.29 96.6 95.36 96.35
97.23 96.83 96.61 97.17 97.44
96.7 96.4 93.81 95.54 96.92
98.03 97.86 97.48 95.83 94.72
96.3 94.4 91.6 91.47 92.22
91.04 90.33 93.15 95.73 97.35
96.4 94.45 95.76 97.06 93.29
89.62 93.8 95.12 95.27 96.31
96.51 96.56 97.16 96.55 96.47
96.52 96.34 97.12 97.48 97.28
97.74 96.55 96.3 96.46 97.67
98.09 97.77 97.18 94.48 90.25
91.72 94.81 92.96 89.67 92.44
94.96 93.92 95.28 96.71 96.93
96.15 96.01 97.41 97.31 96.28
95.81 96.75 95.97 94.53 93.94
92.82 92.18 89.07 84.22 68.13
64.21 57.35 47.62 47.72 42.54
33.59 32.64
