90.55 93.24 94.99 94.57 93.88
92.18 87.13 85.76 85.13 85.06
89.04 90.29 91.33 89.99 91.23
92.53 95.24 96.35 95.79 96.7
97.83 98.23 98.38 98.31 97.26
95.43 92.69 90.99 89.25 87.64
89.51 85.98 90.06 92.71 92.35
93.98 94.33 94.11 95.56 96.21
95.33 94.48 96.46 95.14 93.25
93.55 93.93 95.67 96.91 98.21
98.09 97.76 95.84 92.27 91.3
86.66 85.87 88.29 84.96 88.29
93.6 94.21 95.94 96.35 97.71
97.9 97.1 94.38 92.94 95.37
94.47 96.88 95.86 96.4 95.89
96.02 95.22 93.91 95.96 95.88
92.51 93.1 93.1 91.32 93.71
95.4 96.8 97.89 97.24 97.78
98.27 98.55 98.26 98.34 98.54
98.33 98.02 97.82 98.28 97.99
96.98 96.86 97 93.39 87.73
75.26 56.57
