45.86 48.01 44.99 41.09 54.43
50.49 58.83 56.23 45.66 53.04
57.3 46.51 51.42 55.85 49.65
41.3 46.6 47.5 45.49 41.41
41.99 47.59 47.25 52.36 54.63
67.12 80.95 89.1 92.47 93.16
92.63 90.68 86.28 80.98 79.76
84.43 87.54 89.2 88.79 87.65
87.75 89.95 86.55 87.22 90.45
91.5 90.79 89.74 88.32 86.71
87.95 88.9 86.64 83.76 85.95
84.99 83.06 79.68 80.01 81.97
83.8 86.96 87.24 89.8 89.53
86.63 85.27 84.56 84.98 89.26
91.73 93.32 91.89 91.64 88.12
87.12 88.43 89.74 84.7 84.49
85.58 83.46 72.3 72.33 73.3
66.29 60.51 54.62 49.74 48.55
52.07 41.06 45.04 46.51 51.15
43.26 48.22 40.85 53.73 57.74
46.18 49.28 46.99 51.52 57.06
60.65 72.14 70.53 82.94 88.81
92.31 91.06 93.52 93.16 93.83
91.99 92.39 93.98 93.98 91.62
92.74 93.83 91.77 91.42 91.37
91.33 90.3 87.81 80.3 82.67
77.86 78.95 79.68 84.38 89.74
92.75 92.92 90.86 91.18 92.59
87.68 87.37 91.54 90.54 85.28
89.98 90.82 84.93 79.07 85.88
83.72 85.82 88.88 90.32 91.85
91.84 92.93 94.75 93.38 91.1
92.79 93.08 91.41 90 90.2
90.32 86.72 77.38 66.18 66.74
59.85 59.66 55.76 53.16 43.14
41 40.95 36.85 34.51 39.47
39.05 44.65 40.73
