48.04 52.87 53.37 54.63 57.4
60.21 55.72 60.9 55.03 53.12
53.1 51.48 49.66 44.23 45.76
49.54 52.85 57.96 61.03 58.61
62.11 65.04 62.72 68.51 73.62
80.28 84.17 90.13 91.05 91.84
94.15 95.17 95.11 95.14 96.89
97.02 96.41 96.37 95.99 94.86
93.62 93.71 88.41 86.3 87.09
87.74 87.21 89.23 93.15 93.22
93.6 94.71 95.45 95.43 95.51
96.79 96.55 95.87 96.77 96.99
96.81 96.06 95.44 93.95 94.4
91.98 91.83 90.09 87 85.51
79.85 78.69 78.78 82.98 86.95
90.78 89.67 92.28 94.69 95.29
94.77 95.95 97.26 96.85 96.9
97.44 97.26 96.44 96.31 96.98
95.63 94.4 94.34 93.2 91.42
90.05 87.46 84.5 82.09 78.33
70.93 65.35 67.77 71.24 80.26
83.95 85.7 88.35 87.47 89.84
91.61 90.63 90.19 90.38 90.1
89.47 88.82 90.31 90.5 91.05
91.25 90.66 87.41 87.69 90.9
91.6 89.4 91.79 92.95 91.77
89.79 91.65 90.26 86.25 83.65
87.41 91.29 94.1 95.09 95.4
96.68 96.75 96.13 96.67 96.16
96.79 96.71 96.4 95.29 94.03
95.12 95.75 95.55 94.59 93.92
94.6 96.39 96.93 96.73 97.08
95.39 95.26 95.65 97.04 97.71
96.2 95.36 93.77 92.84 91.87
88.98 91.01 91.46 89.99 92.67
94.94 96.44 95.88 95.73 94.51
95.92 97.24 96.14 94.68 95.21
93.19 93.12 93.04 92.9 89.53
90.87 88.39 85.35 85.62 91.3
91.25 92.56 94.74 95.08 93.79
94.22 96.67 97.5 97.55 97.94
96.45 97.23 96.86 96.91 95.74
96.01 95.56 95.66 96.21 94.81
93.83 93.11 93.66 95.16 94.33
94.66 94.67 95.54 94.53 95.24
94.53 95.03 94.89 95.1 95.54
95.68 95.2 95.47 94.88 94.78
94.88 96.08 94.7 94.19 95.68
94.14 93.15 92.23 92.13 89.38
88.66 86.47 85.65 85.62 85.2
82.64 80.34 82.47 80.78 81.63
82.36 80.52 78.15 80.12 79.65
81.89 81.67 82.69 76.7 65.41
59.19 49.86 49.69 51.67 49.85
51.98 42.99 43.24 37.25 37.36
36.61 34.31 37.82 32.74 35.02
39.16 38.65 34.18 39.52 35.96
39.53 41.19 36.58 35.8 35.07
37.81 35.36 36.12 42.44 37.58
40.73 42.99 38.9 38.67 38.19
41.04 36 32.17 41.57 36.73
38.18 33.91 42.36 41.29 32.75
42.2 39.61 52.56 40.44 34.84
42.03 33.54 38.63 41.62 40.97
43.05 43.7 46.24 42.03 41.06
33.73 43.01 38.83 36.85 39.94
34.11 40.11 41.12 37.51 38.89
34.65 36.01 33.15 36.38 38.9
35.65 39.43 35.97 36.53 31.82
36.95 36.03 39.01 36.95 39.21
36.63 41.16 40.75 44.96 47.5
44.46 54.56 53.83 41.25 54.18
57.41 57.09 48.17 46.22
