27.41 27.2 26.42 36.53 32.09
36.1 37.21 40.89 33.16 36.43
36.03 41.81 32.46 27.95 25.13
29.41 28.97 31.26 29.31 41.27
41.73 38.78 34.05 48.18 53.06
45.47 45.15 62.54 63.82 47.44
57.13 63.84 52.92 48.97 56.59
49.33 37.79 34.65 33.5 33.74
30.1 26.96 24.3 28.63 23.36
26.99 27.66 29.28 31.15 34.49
32.14 36.83 40.57 35.44 35.2
38.22 41.48 36.34 39.35 42.6
38.22 37.03 40.88 43.82 37.46
38.88 42.74 47.67 38.35 38.19
51.06 47.05 43.93 39.74 36.19
37.82 36.58 36.49 36.59 41.47
41.66 37.89 35.86 42.16 42.56
40.54 47.94 37.15 37.75 40.14
36.66 37.13 40.74 41.84 34.07
30.35 30.95 33.7 29.14 29.31
30.65 27.25 29.53 25.61 31.16
27.19 29.83 38.62 38.23 38.86
39.62 45.55 43.08 40.43 46.83
47.84 45.4 50.78 51.79 50.56
42.53 46.17 50.05 44.28 45.04
38.82 39.3 37.61 36.36 36.62
44.19 45.47 42.96 49.98 46.05
44.92 43.98 50.76 44.33 43.28
44.91 43.32 47.99 46.52 46.31
45.23 46.7 44.47 48.88 48.52
50.17 40.38 45.01 52.77 38.7
46.99 50.22 45.63 39.29 38.96
34.08 34.19 30.86 31.95 33.19
33.46 35.19 35.7 33.5 32.29
34.32 36.26 35.26 34.8 28.19
32.75 32.19 36.64 32.68 34.97
38.44 38.17 38.92 33.19 30.54
45.3 37.3 34.83 42.34 45.56
37.98 37.3 35.68 33.23 35.16
34.43 37.62 36.43 40.9 38.91
36.39 37.27 35.11 33.95 34.82
33.82 36.15 35.8 37.19 39.11
34.86 36.27 35.97 34.32 32.02
34.81 31.87 31.55 34.1 34.83
37.15 37.94 40.72 37.66 41.53
36.17 43.87 38.44 38.72 43.52
39.29 42.15 38.2 33.14 37.4
44.56 36.44 40.13 34.32 35.15
46.55 36.57 36.24 41.96 34.52
30.1 35.45 27.99 35.7 39.37
33.54 39.5 28.78 33.81 31.14
34.04 38.57 37.07 41.4 41.39
36.65 37.79 39.88 39.86 33.11
34.46 39.65 32.27 33.57 38.91
30.89 37.35 33.93 33.27 38.12
39.13 30.73 37.99 39.27 33.63
34.25 41.85 38.77 33.53 40.2
44.18 43.46 47.66 52.96 61.63
75.82 82.07 85.74 87.41 80.35
80.91 84.31 80.48 84.7 86.48
86.61 85.5 83.95 86.39 86.04
85.6 87.99 84.51 86.21 87.79
88.18 84.62 80.44 79.38 63.19
54.13 44.99 40.23 40.11 37.49
34.35 33.23 31.89 42.93 32.8
39.93 34.08 35.52 37.59 36.21
33.98 44.97 36.9 38.36 35.68
38.12 35.07 34.17 37.05 32.97
44 47.72 39.46 54.33 46.58
41.47 46.36 41.8 38.27 51.26
53.01 59.59 67.47 81.8 81.9
86.73 89.2 87.37 84.72 87.3
87.24 87.89 89.21 89.11 88.05
85.51 87.92 84.9 85.7 88.94
84.93 83.52 86.56 84.77 82.1
80.83 83.4 76.24 73.68 76.07
82.38 82.18 83.95 87.23 87.06
83.35 83.72 85.98 84.44 86.45
87.18 83.69 83.26 82.36 85.23
81.38 81.89 86.86 82.64 80.62
83.82 82.26 77.37 76.78 77.81
66.85 58.53 48.02 56 57.13
69.19 72.34 75.62 80.02 85.79
84.57 81.86 82.18 81.34 79.87
80.34 79.17 74.01 80.16 82.4
81.61 83.12 86.26 84.58 83.87
85.66 84.68 82.53 78.87 81.28
81.48 77.88 67.85 74.61 77.99
79.73 81.39 81.43 84.32 80.86
78.5 78.44 78.05 80.01 82.87
82.32 81.31 81.37 84.88 82.88
81.41 85.65 85.19 81.78 82.44
82.21 78.26 71.3 72.35 71.1
60.11 63.07 63.94 72.66 73.9
69.56 67.5 71.58 70.69 69.07
72.62 70.58 73.25 72.36 73.39
74.08 76.27 74.78 73.51 76.35
74.65 72.28 67.08 67.88 65.56
55.87 57.11 58.66 64.15 66.96
74.09 81.42 79.05 79.77 81.37
73.91 76.44 68.26 70.46 70.42
74.55 76.75 78.54 74.85 80.73
80.84 80.52 82.13 82.12 79.31
79.4 75.13 63.52 56.74 43.34
37.62 40.68 36.84 33.27 40.71
35.03 34.35 36.6 32.49 31.11
36.28 35.64 34.95 32.31 31.57
29.22 33.7 31.45 34.65 33.11
34 29.79 32.91 40.49 28.68
34.22 32.55 34.18 29.76 33.11
30.56 31.9 33.41 29.86 35.78
33.47 36.27 36.58 35.28 33.72
33.98 34.22 31.59 34.52 38.32
39.53 33.63 36.39 33.23 34.84
34.1 36.61 33 37.05 34.47
31.78 35.43 28.52 36.4 31.88
34.34 30.98 29.99 33.01 29.3
31.83 26.49 32.25 27.79 37.15
30.16 35.24 35.74 29.94 35.64
31.16 39.58 35.83 34.39 42.57
48.03 57.76 62.25 81.3 86.51
89.68 89.64 84.86 83.39 87.57
84.09 86.8 86.63 88.48 84.38
87.15 88.94 86.27 88.49 90.47
87.52 87.94 89.53 88.42 85.54
83.83 83.71 85.52 73.16 48.98
43.58 43.18 34.68 34.97 37.8
36.01 36.71 34.29 38.63 34.18
38.5 34.17 36.92 36.09 34.29
37.01 30.85 32.68 36.99 43.77
42.21 39.34 35.89 48.33 42.46
39.2 40.55 48.04 43.47 43.66
45.76 52.15 49.05 42.61 51.26
52.59 45.31 42.81 49.74 49.01
49.26 42.59 43.69 38.35 44.28
42.3 46.55 42.41 41.52 41.34
45.1 43.23 48.32 51.52 51.22
52.35 47.04
