37.99 36.37 36.9 42.19 35.21
44.89 35.16 38.4 39.38 38.01
45.71 36.81 40.18 36.31 41.53
38.3 42.94 38.89 44.21 43.29
46.12 39.71 38.78 41.3 46.24
54.85 62.4 80.11 88.85 92.13
94.21 94.78 93.19 93.79 94.66
96.47 97.09 97.31 96.88 96.41
96.42 95.59 95.68 94.64 93.44
92.63 93.74 95.05 95.51 96.09
96 95.68 94.63 93.23 91.43
87.94 88.56 91.92 92.59 94.83
95.42 96.34 94.49 93.73 93.87
96.57 96.57 94.81 93.37 96.45
97.23 96.51 96.1 94.42 91.98
93.19 96.08 96.89 97.19 96.93
95.28 95.23 96.32 96.13 96.6
96.64 95.45 95.33 95.55 96.36
97.12 97.55 97.58 97.44 97.06
96.4 95.59 94.57 93.76 92.35
86.69 85.15 91.64 92.79 92.78
93.53 94.33 94.82 96.94 97.04
97.8 97.64 97.64 97.49 97.15
95.79 94 94.18 94.25 94.36
94.81 96.69 96.92 97.32 96.19
97.52 97.68 98.07 97.52 97.39
96.86 97.69 97.17 95.92 94.72
94.34 97.23 97.49 97.42 96.74
97.28 97.49 97.29 97.56 97.35
96.15 95.62 96.61 97.29 95.75
96.43 95.37 96.3 94.69 95.27
91.5 83.12 76.44 92.29 95.61
96.13 96.9 96.29 96.47 96.23
95.36 95.81 94.4 94.13 92.49
93.99 94.55 95.08 97.1 97.38
96.75 97.35 95.9 93.98 93.28
93.03 91.43 94.76 97.6 97.92
97.65 98.16 97.13 97.18 96.19
95.62 92.19 91.76 87.18 90.33
92.73 94.14 95.41 97.19 97.87
98.12 97.92 97.95 97.08 97.05
95.37 95.52 93.32 86.9 82.93
82.66 86.55 86.79 87.05 91.34
92.7 94.64 95.58 97.16 98.04
98.31 98.39 98.07 97.81 97.83
97.51 96.41 95.34 93.32 92.08
91.68 88.46 87.26 90.3 92.63
91.16 93.63 91.55 90.35 85.24
82.28 81.97 82.25 80.85 76.2
77.57 82.81 83.15 79.99 72.83
78.35 89.84 92.95 92.85 89.94
88.58 90.06 88.41 88.65 85.68
81.43 81.77 81.13 76.93 83.75
89.08 89.18 87.47 90.05 87.73
89.58 87.48 91.5 94.77 94.26
93.29 90.43 89.1 82.48 87.4
78.23 76.53 85.86 83.61 89.5
93.82 94.99 97.26 97.8 97.89
97.15 90.35 94.92 94.27 95.06
92.69 90.78 93.2 95.2 95.75
96.03 97.36 97.47 97.05 95.72
95.69 95.27 95.75 95.11 93.56
92.08 92.13 91.57 90.66 91.51
91.03 90.89 91.01 93.02 94.71
96.08 95.98 96.86 95.54 96.42
95.5 95.39 95.08 95.28 93.38
92.92 93.5 90.99 92.17 93.5
92.99 93.02 94.02 93.91 95.61
95.52 93.67 91.52 90.98 87.38
83.37 73.68 68.63 66.11 71.93
83 90.07 92.35 94.93 92.6
93.81 93.38 95.73 96.61 97.34
95.88 95.47 94.29 91.74 91.02
88.46 89.48 90.56 92.5 92.76
94.76 96.05 95.87 96.61 95.39
94.32 93.37 93.3 90.3 91.74
93.84 96.07 96.82 95.23 95.23
94.11 94.5 91.18 87.03 81.6
79.35 78.81 77.68 70.75 76.93
81.68 81.84 84.78 90.25 92.81
95.99 95.34 95.64 92.74 92.08
87.69 90.8 92.12 94.95 95.4
95.77 94.23 92.05 93.93 96.34
96.22 95.67 95.14 92.75 91.29
89.98 87.91 82.85 84.31 87.88
90.8 92.59 93.36 94.71 94.14
96.33 96.6 95.84 95.15 91.7
87.39 83.54 77.47 80.31 82.92
85.66 91.51 94.06 95.41 96.32
96.34 95.96 96.47 95.04 94.7
92.96 84.77 74.28 57.25 56.32
53.6 49.45 49.9 46.87 43.49
45.71 51.77 47.05 48.65 52.67
39.58 43.87 39.53 38.74 40.96
41.7 37.75 36.85 37.96 32.87
37.89 34.66 36.94 36.14 37.93
42.34 45.89 39.92 45.09 58.51
40.17 37.81 45.26 41.37 36.54
44.8 33.41 40.45 33.86 38.1
38.64 36.84 33 36.2 39.73
37.26 46.08 42.01 50.93 51.15
41.25 40.83 43.59 37.2 40.68
39.05 56.11 51.16 35.8 37.46
40.26 37.43 45.35 37.83 36.54
46.15 51.75 42.19 41.97 36.63
38.62 35.53 38.35 32.79 41.09
33.18 44.25 35.58 37.99 45.67
37.86 35.38 38.74 37.02 39.49
35.52 35.77 39.64 33.3 40.48
34.12 31.67 31.12 34.76 38.18
36.93 42.78 34.24 38.26 36.31
35.22 34.03 34.95 37.88 38.07
42.58 34.25 42.57 42.4 37.43
45.34 41.86 36.86 42.09 36.91
34.76 36.78 29.61 37.63 36.51
38.22 36.64 34.88 32.49 35.11
38.67 42.34 46.92 49.7 39.29
39.29 37.49 35.93 36.29 37.81
37.25 39.45 39.11 39.27 42.25
40.52 45.84 41.64 40.24 40.12
39.31 39.82 39.66 34.32 40.98
41.09 41.86 40.71 39.48 43.83
38.66 42.11 41.3 45.74 61.07
42.35 40.15 40.82 34.37 39.2
38.84 35.81 37.68 36.07 42.14
37.99 35.83 39.5 38.47 36.96
37.67 38.08 35.6 37.55 30.44
39.11 38.64 39.25 38.69 35.58
42.5 42.93 43.13 41.33 42.14
33.96 41.63 35.73 39.89 37.77
36.78 38.28 36.31 35.46 34.06
37.21 40.78 43.04 44.81 47.65
53.5 60.64 71.95 80.73 79.45
81.56 79.99 84.46 85.55 87.63
87.75 88.47 92.03 94.56 93.06
93 94.53 95.33 95.45 95.27
95.5 94.49 95.25 94.71 94.71
92.48 89.92 92.22 89.37 86.06
82.89 85.79 80.04 81.21 67.72
65.64 58.42 56.75 49.6 49.63
50.68 44.72 42.46 37.07 41.36
39.17 32.6 40.76 34.77 32.91
37.52 30.91 38.41 38.53 37.39
40.3 38.4 37.15 39.83 39.52
39.27 37.69 33.72 38.1 29.92
34.11 35.68 40.92 35.63 38.32
37.09 41.44 31.54 39.32 32.73
41.89 33.89 42.26 40.33 38.57
43.03 44.1 45.08 49.81 43.27
45.15 44.96 46.52 59.53 49.63
44.46 44.52 38.88 41.89 43.65
33.96 36.32 38.98 38.33 37.35
43.53 41.3 35.06 35.73 34.41
30.16 36.12 29.88 33.25 30.26
45.04 37.18 29.34 32.7 30.77
35.07 31.75 35.35 35.51 35.02
33.33 36.05 43.51 45.26 43.72
37.58 41.23 37.98 34.63 39.2
32.45 35.92 31.55 35.87 35.91
37.94 45.27 44.38 46.15 44.32
47.12 47.99 45.24 48.02 43.36
45.49 35.41 35.74 37.57 34.3
36.95 36.95 37.38 37.67 36.05
39.99 37.98 37.97 42.1 39.61
40.5 41.66 43.2 43.58 40.95
42.57 41.57 44.05 40.7 41.58
38.57 37.91 38.03 50.11 45.72
43.2 49.35 49.01 41.89 48.12
42.49 45.31 41.82 38.37 42.17
