30.8 37.64 41.04 38.9 41.07
42.77 37.35 37.03 37.73 41.14
41.38 36.13 38.48 42.95 39.66
49.32 42.96 38.65 39.28 28.88
38.28 32.94 30.9 36.38 33.33
40.76 39.09 36.68 34.22 39.47
34.11 27.68 29.33 29.48 47.21
47.83 35.52 31.18 33 36.77
37.77 37.21 35.01 29.22 32.52
28.25 27.61 31.98 33.76 32.77
29.15 30.15 34.91 30.16 35.05
34.1 33.45 37.15 32.75 39.15
35.92 38.33 36.56 33.04 28.83
32.49 35.75 28.62 36.2 35.62
34.59 39.42 35.63 39.04 35.06
35.57 35.08 35.73 36.13 34.06
33.87 36.11 31.21 35.22 33.57
31.29 32.27 32.2 30.29 32.93
30.43 33.96 32.79 35.34 30.4
37.47 30.61 34.68 30.28 29.72
33.01 37.11 33.09 39.18 34.03
34.27 34.96 34.74 29.5 40.57
29.88 34.6 28.93 36.93 30.29
35.89 38.38 30.85 38.44 34.33
33.43 32.46 36.76 32.87 35.31
36.84 31.11 26.94 47.39 30.23
36.2 36.68 33.16 35.13 32.77
32.19 34.14 33.11 33.24 34.2
31.28 30.33 28 46.18 32.56
28.15 37.85 37.36 34.42 32.32
30.06 32.5 30.45 35.9 35.87
43.65 27.58 31.1 29.84 34.25
29.19 41.92 25.01 29.6 26.38
33.62 26.21 34.32 26.87 32.21
30.33 32.23 30.34 32.28 35.32
39.08 27.92 31.09 33.38 34.11
37.87 30.95 37.81 42.52 29.74
41.73 30.88 43.87 41.09 27.03
27.62 37.79 44.87 42.18 42.17
36.52 30.1 27.69 36.29 33.87
29.45 28.97 31.21 33.41 26.89
30.82 30.79 29.24 25.22 35.78
27.42 29.88 33.02 33.41 30.92
31.01 37.27 32.93 40.4 45.45
30.27 33.37 32.14 33.69 31.7
36.34 30.11 31.99 31.07 31.79
34.74 32.82 30.72 29.72 32.91
29.72 27.67 29.64 28.52 30.7
29.59 36.04 32.8 28.83 25.35
31.63 32.11 35.14 29.67 30.96
32.54 31.4 33.46 31.96 31.12
36.84 29.16 32.51 31.02 28.76
30.84 26.22 27.6 33.62 29.12
28.58 40.39 34.94 32.64 28.6
30.79 29.56 28.28 26.96 27.96
28.16 29.83 34.24 37.51 34.09
39.24 39.15 35.45 34.14 28.23
33.3 32.96 32.23 31.46 34.17
27.75 33.89 31.47 32.58 36.88
35.95 39.99 33.64 34.71 34.91
32.58 47.73 35.15 33.01 29.82
37.92 34.83 34.78 34.01 31.63
29.79 32.9 31.86 29.85 28.52
30.58 31.11 31.38 34.69 33.67
29.75 34 34.02 29.77 33.51
31.58 32.13 26.59 30.33 29.09
33.99 27.22 30.88 27.84 32.83
33.81 35.37 33.87 32.91 29.76
34.73 34.76 30.84 41.43 30.62
44.75 43.82 35.07 36.39 34.29
37.32 34.17 32.47 30.52 36.56
32.59 35.68 34.11 29.56 30.91
29.42 31.3 27.51 30.12 24.45
41.78 26.01 32.83 32.17 38.78
38.32 29.05 42.53 31.8 38.41
30.17 39.78 32.77 33.7 31.23
30.05 30.75 31.42 33.82 27.29
39.64 32.35 34.32 30.34 30.42
29.31 32.22 31.41 33.78 38.77
31.19 34.57 36.01 33.44 34.96
35.81 30.5 31.75 31.94 31.45
34.8 34.41 37.1 35.26 32.95
34.8 32.97 29.2 26.34 30.86
28.95 30.65 27.54 30.1 28.76
31.08 32.15 31.39 31.38 31.37
34.01 37.15 33.51 32.22 33.69
32.3 33.48 28.19 38.8 41.95
27.18 30.57 34.62 40.4 38.21
40.65 35.28 34.79 33.85 37.34
31.04 38.35 28.79 28.75 34.21
30.44 35.78 36.08 34.67 30.94
32.94 27.53 37.88 26.79 37.9
29.19 40.01 28.71 31.51 28.78
42.06 31.87 32.22 32.29 35.95
42.72 38.02 34.5 35.12 37.41
38.81 36.95 34.9 33.95 32.97
28.17 31.55 29.07 34.69 29.07
30.09 31.52 33.47 34.55 31.95
32.52 35.45 35.8 34.07 33.95
34.87 37.69 36.33 33.66 35.77
36.16 32.19 35.97 34.85 33.29
25.73 32.65 29.28 28.19 31.82
30.6 32.21 38.33 44.87 32.53
34.57 34.43 44.54 32.22 32.84
37.01 29.19 31.05 34.21 33.38
34.49 35.96 37.64 40.1 36.11
45 30.46 33.29 34.53 32.51
37.68 34.95 31.77 32.56 35.16
31.73 29.9 25.89 31.52 29.85
26.94 32.17 29.94 33.33 38.85
37.77 30.44 31.32 27.32 37.17
32.69 33.69 25.04 28.21 28.97
32.48 33.12 33.42 31.86 29.36
33.89 36.76 26.75 42 33.62
31.35 32.23 30.04 58.74 35.2
38.11 39.2 29.6 34.19 32.09
28.07 29.59 33.3 34.25 32.29
35.1 33.03 31.8 27.86 39.97
29.4 33.52 29.93 30.42 32.6
30.3 30.58 31.06 33.06 32.67
31.05 29.96 26.9 29.66 30.2
31.03 31.27 33.05 35.97 38.24
35.57 41.13 38.68 40.26 32.97
31.61 31.23 29.29 29.71 34.15
35.01 31.77 33.65 32.99 37.43
32.66 32.08 33.93 30.64 30.15
32.44 28.8 35.86 36.21 35.74
29.95 29.37 30.97 26.76 29.33
30.19 30.11 29.07 28.04 28.54
26.73 34.3 27.81 31.34 25.97
48.97 28.24 38.39 31.1 31.7
34.76 30.15 28.12 30.07 30.62
34.26 28.68 43.79 26.82 33.49
24.85 26.81 30.36 27.39 26.01
36.54 27.92 26.04 29.46 26.41
28.79 29.02 28.59 26.5 30.63
27.9 29.7 32.4 28.4 35.21
26.98 33.82 30.32 26.15 32.58
26.45 34.26 35.07 33.03 29.99
38.01 36.84 36.3 35.67 32.06
33.55 33.96 33.1 32.1 36.42
34.84 35.01 31.02 37.73 35.3
32.98 38.83 42.68 29 34.2
33.75 31.42 37.34 37.67 34.73
41.66 40.78 43.15 40.62 44.15
38.7 37.74 42.56 38.84 36.63
36.15 34.58 30.21 41.85 30.74
33.64 34.87 34.11 31.35 34.82
35.85 34.24 36.25 38.64 35.07
38.03 37.21 38.35 33.61 38.23
33.12 37.3 28.63 32.06 33.85
35.26 32.77 33.29 34.32 34.97
35.61 36.82 36.57 35.82 35.93
34.57 34.43 33.43 31.84 30.65
33.62 35.96 33.01 33 33.76
28.82 32.8 42.27 47.54 44.78
39.01 33.65 31.94 31.77 37.72
31.35 31.1 29.35 28.24 30.54
38.59 36.7 36.32 30.88 40.27
34.92 36.22 35.76 33.32 33.72
33.83 32.21 32.43 32.68 30.22
30.56 37.44 32.46 32.1 28.79
34.81 32.54 33.15 30.04 27.87
29.23 32.66 33.3 29.3 40.49
30.46 29.13 31.82 24.07 30.94
30.7 30.44 31.87 34.59 35.76
34.81 33.58 32.77 30.18 32.96
29.9 43.47 38.13 27.92 39.06
32.83 34.54 30.93 28.73 33.73
31.11 45.77 39.66 36.26 33.88
39.44 40.77 33.82 31.21 33.65
33.46 30.93 31.38 33.18 33.76
35.79 31.56 28.97 30.74 26.46
32.07 36.53 29.77 33.9 33.17
27.34 32.29 32.67 30.86 44.17
30.14 34.87 28.8 31.85 29.19
29.1 34.04 40.9 36.62 40.48
35.03 30.65 34.57 30.59 30.87
30.47 29.04 28.79 32.24 39.8
35.52 36.81 31.1 37.16 44.18
36.48 32.48 32.38 33.58 31.55
30.94 28.07 27.16 30.9 29.39
30.33 27.99 28.05 26.11 41.61
28.63 28.45 29.31 29.62 35.22
32.6 40.51 28.12 31.83 29.22
32.47 32.61 29.85 35.7 35.11
34.98 41.56 53.42 52.28 56.25
67.49 76.28 83.63 86.73 88.17
91 93.46 95.58 92.93 93.55
93.7 94.34 93.09 92.68 86.79
88.07 91.5 88.6 88.36 88.07
90.96 92.42 92.5 90 92.9
94.27 89.23 86.08 90.14 89.07
90.1 88.42 92.82 93.01 92.13
93.83 91.24 91.42 90 92.14
87.41 77.83 64.81 61 53.78
48.34 48.5 45.21 43.96 35.56
33.88 37.89 36.56 35.75 36.22
31.65 27.16 28.73 33.33 32.56
35.25 34.78 27.41 44.18 33.22
30.11 26.08 23.75 35.62 39.64
31.09 28.99 29.07 26.94 30.26
28.23 34.4 32.05 29.99 40.21
33.8 30.74 41.66 41.85 38.91
34.56 38.48 35.99 38.51 35.08
31.25 33.34 33.6 28.67 33.12
41.22 36.47 31.49 32.74 36.04
28.2 38.03 29.66 35.95 31.43
31.17 32.45 33.2 30.76 30.24
35.21 29.75 33.62 36.81 28.51
31.11 30.91 33.01 29.84 31.61
35.65 32.31 35.45 33.1 34.49
33.96 33.52 29.42 26.67 43.44
27.05 28.72 33.2 32.53 30.43
34.59 38.18 28.39 32.83 29.15
32.98 31.68 38.65 35.22 31.98
32.66 29.46 29.44 33.4 33.01
30.35 30 28.74 29.48 31.48
32.32 28.8 35.28 38.87 29.3
42.46 35.74 30.08 37.04 36.46
28.72 29.93 24.75 24.82 30.36
32.39 32.16 35.01 28.61 34.18
31.6 28.36 39.95 47 47.08
60.09 67.4 65.94 75.58 72.3
73.61 75.64 82.22 80.48 76.63
78.48 76.81 69.03 66.12 67.75
63.38 62.35 56.19 53.88 47.63
50.36 46.34 50.57 52.06 46.88
48.22 54.32 59.61 70.01 75.44
81.11 76.83 78.61 86.2 85.68
86.73 88.25 89.65 90.72 90.62
91.52 92.12 90.1 91.51 93.35
95.4 94.91 93.32 94.04 91.99
92.47 88.69 87.37 88.32 84.34
82.8 76.41 73.79 64.76 49.57
53.79 49.33 58.31 64.53 65.84
62.41 70.65 79.61 79.08 80.95
86.05 87.34 87.33 89.42 90.28
91.43 93.48 93.86 93.18 92.96
91.84 93.91 91.75 92.28 91.16
90.59 86.9 86.76 87.64 84.93
81.23 79.78 80.73 71.74 67.34
64.54 57.81 50.62 42.39 41.68
42.51 44.16 38.48 38.03 36.79
32.14 34.92 27.91 34.62 34.77
34.03 32.57 40.69 29.09 33.31
35.08 30.58 35.13 32.88 32.14
33.62 32.37 31.69 38.54 30.95
40.81 44.63 34.59 30.08 39.2
30.42 39.61 43.96 30.04 31.56
31.88 31.31 27.85 31.93 27
26.66 26.8 31.49 44.38 24.67
47.22 31.42 46.89 32.88 30.74
39.02 30.7 33.89 29.52 31.31
32.93 43.47 26.95 30.18 28.72
30.29 33.24 24.39 34.78 32.62
36.77 36.44 34.06 30.93 31.52
31.16 36.21 28.66 27.17 37.63
25.33 30.12 25.99 29.13 32.11
26.76 27.41 34.13 28.05 27.33
30.48 33.11 30.52 24.01 29.74
25.63 31.64 30.03 30.5 30.75
25.99 27.1 26.45 26.76 33.24
29.65 28.63 33.14 25.13 37.64
32.33 32.97 33.36 31.34 36.26
38.85 40.86 36.93 33.45 34.77
33.84 37.92 28.6 39.76 41.3
32.78 32.36 34.37 31.92 33.86
28.51 34.87 38.88 29.72 30.52
30.58 30.54 27.54 31.55 33.27
28.32 26.59 29.48 27.85 29.85
33.08 34.71 32.17 37.41 37.45
30.79 31.66 31.58 41.3 29.45
31.93 28.7 32.72 27.84 29.05
32.35 32.61 31.82 35.16 34.8
35.71 37.1 31.39 27.42 26.5
29.42 30.59 40.31 38.44 39.24
42.7 53.97 57.94 47.74 55.49
42.12 45.64 50.17 52.2 54.54
52.53 46.84 42.62 44.51 40.72
43.84 45.11 50.74 59.64 53.65
57.83 49.97 48.29 51.62 45.64
33.45 32.08 33.22 37.91 36.72
32.49 29.06 36.8 32.77 36.93
31.78 38.34 42.07 36.7 42.5
39.89 42.09 39.54 42.72 35.94
44.39 39.29 32.24 28.85 30.83
30.02 29.69 31.11 27.9 30.48
38.76 27.42 33.04 30.9 32.89
30.58 30.42 30.74 31.29 33.74
30.96 36.47 31.18 34.09 32.77
27.61 32.82 27.93 31.27 32.61
38.17 34.89 32.95 26.26 34.41
34.35 34.79 33.38 33.58 32.21
40.46 30.46 29.6 44.66 30.94
32.07 29.11 39.56 47.55 31.61
42.47 25.74 40.23 32.58 30.86
36.47 34.83 30.29 32.03 23.03
43.84 34.03 30.42 30.44 30.6
30.65 31.23 27.71 28.57 31.26
33.97 28.31 28.11 32.42 25.92
35.59 29.87 39.74 40.83 52.61
62.19 71.14 89.17 93.77 96.17
96.09 95.6 95.8 94.46 93.16
91.88 88.91 84.89 84.26 87.6
89.27 91.57 92.44 92.71 94.16
95.48 95.53 95.02 96.63 96.79
96.05 94.01 95.47 96.12 96.49
95.9 93.97 95.43 94.67 93.12
89.54 83.58 82.07 82.93 89.88
93.48 94.85 95.35 95.78 96.39
96.96 94.99 93.06 94.41 94
94.83 96.22 95.96 95.09 97.02
96.09 95.2 95.49 95.93 94.3
93.23 93.51 91.91 88.06 83.61
83.74 87.05 94.03 95.42 95.18
95.73 95.07 95.91 91.73 87.74
85.51 85.57 84.78 88.18 86.88
85.15 82.02 83.03 78.14 66.1
58.5 49.47 36.13 34.52 31.46
32.07 34.86 33.43 29.05 30.64
33.33 29.74 25.26 29.85 27.82
31.19 28.19 33.93 41.92 29
30 27.12 29 26.42 31.76
28.33 32.61 26.25 27.97 34.01
32.89 31.97 28.37 33.15 34.88
35 32.01 27.37 29.57 29.68
36.24 29.28 34.95 33.5 31.4
30.04 31.5 31.52 33.06 36.43
37.84 35.19 32.64 29.34 29.84
41.52 35.01 29.89 30 32.55
32.09 33.61 43.48 48.59 40.52
34.93 40.62 32.19 40.48 35.05
32.43 33.7 37.06 35.65 35.65
36.09 29.89 40.97 36.47 41.89
33.03 32.67 32.26 33.68 37.47
45.2 34.52 34.07 36.4 41.47
32.16 35.18 36.34 36.61 36.13
