41.41 43.06 38.99 53.59 41.63
40.33 42.97 36.76 41.82 34.16
35.85 35.76 49.6 43.96 37.78
36.54 42.94 33.92 29.32 33.51
28.33 31.47 27.18 31.02 28.87
30.34 31.49 37.06 32.29 29.13
30.42 25.33 28.97 25.04 22.94
24.21 25.32 25.98 24.02 27.56
25.59 25.42 26.59 29.15 28.81
26.87 27.46 29.64 30.42 30.2
26.56 28.39 29.33 27.58 26.25
22.93 23.59 23.28 25.04 24
24.51 24.5 25.12 24.34 27.28
26.39 25.56 26.21 28.07 28.16
29.94 26.78 28.18 29.53 27.15
30.72 30.23 28.4 26.15 28.47
30.73 27.32 32.85 30.55 29.38
31.44 31.09 30.17 31.01 33.94
30.78 34.25 31.04 33.05 30.21
35.84 30.14 26.9 27.71 28.94
31.32 27.7 30.39 30.96 27.13
31.83 25.95 29.91 29.24 26.2
31.55 26.47 30.62 29.13 25.31
31.46 25.69 28.62 26.12 29.35
28.26 26.4 29.13 33.91 33.84
33.36 40.57 44.73 42.52 53.13
58.83 70.66 80.62 80.08 80.06
81.68 84.88 83.01 77.34 81.34
84.45 83.15 81.1 87.13 87.8
86.3 86.52 88.73 89.08 85.96
89.38 90.92 88.91 87.86 83.54
80.61 81.44 88.1 89.57 89.71
90.49 87.49 85.63 84.61 81.21
72.96 68.64 58.86 53.63 51.49
41.54 42.24 43.74 40.17 41.32
47 47.34 54.22 61.73 66.62
77.11 81.31 85.05 88.51 83.52
83.66 87.93 87.02 87.89 87.08
85.65 81.45 80.91 79.27 83.51
85.38 83.42 84.36 86.27 87.99
86.48 90.59 89.36 88.78 90.37
91.04 91.02 89.07 89 90.3
89.43 87.96 85.62 80.48 78.03
83.22 82.17 78.19 76.84 78.33
76.72 70.49 70.3 68.81 61.77
53.09 53.19 54.69 51.29 57.98
54.09 53.16 56.51 55.58 58.17
61.81 64 64.12 69.66 72.79
76.16 76.53 82.64 84.28 82.79
86.65 89.52 87.83 88.57 92.32
92.25 91.04 92.47 94.52 93.52
92.83 94 93.67 91.58 91.85
90.93 89.04 89.44 86.51 88.48
85.88 82.8 81.13 83.29 74.36
75.72 77.29 77.38 75.77 76.17
76.17 66.12 64.94 59.58 62.9
61.19 65.37 70.48 81.32 84.3
85.64 86.2 89.77 91.49 91.73
92.75 94.76 95.03 95.15 96.3
96.46 94.96 94.4 94.87 94.94
93.08 93.48 93.7 95.56 94.54
93.12 93.79 94.84 93.76 91.68
93.36 94.24 95 96.18 96.31
96.76 95.16 94.03 90.49 88.94
83.71 81.48 77.63 73.53 73.89
82.21 84.02 89.87 91.81 93.85
94.44 96.55 97.19 96.35 95.25
94.14 89.23 87.05 80.1 80.88
84.34 81.18 84.55 88.42 91.6
92.89 94.5 97.02 97.22 96.67
95.21 94.91 93.59 91.48 86.86
86.56 84.92 88.37 88.56 90.72
91.64 93.08 93.94 94.45 95.12
95.9 96.26 96.42 96.47 96.95
96.69 94.82 94.28 94.68 96.42
96.15 94.36 95.18 96.31 96.22
94.58 94.27 95.42 96.2 94.53
94.14 94.08 92.21 89.69 81.26
72.61 76.5 73.35 69.55 74.75
74.75 71.93 67.76 67.79 78.18
83.25 87.01 88.94 88.63 90.77
92.18 92.12 91.99 91.05 92.96
89.05 86.54 91.62 89.59 89.13
88.09 87.03 89.04 89.74 88.53
84.81 88.25 90.47 85.79 86.52
89.83 88.93 83.88 86.86 88.36
83.63 83.51 85.78 86.34 82.92
83.18 83.54 80.46 80.97 83.39
81.99 83.22 86.41 82.8 80.34
83.87 80.62 77.4 80.58 78.2
73.45 70.28 65.56 54.87 57.69
61.28 59.94 59.2 57.41 59.6
59.61 51.06 58.1 58.01 59.59
62.12 68.79 62.9 64.35 62.21
64.97 64.86 62.88 62.73 63.84
62.67 56.59 54.65 56.69 53.83
47.12 43.05 57.38 61.59 64.17
63.45 68.09 75.9 84.55 80.25
81.03 86.86 87.95 84.5 87.24
89.8 85.88 83.33 89.35 87.01
81.52 85.83 88.7 84.37 82.76
87.15 86.06 81.58 79.21 82.72
85.55 86.07 88.2 88.9 89.18
88.87 90.46 91.24 90.61 90.49
90.26 90.55 91.25 91.39 90.96
91.78 93.43 92.91 91.02 92.89
94.3 93.04 91.77 93.14 94.22
92.52 89.97 92.08 94.13 91.1
89.74 92.18 91.86 89.53 89.68
87.11 85.65 87.66 85.85 86.58
82.55 88.6 91.3 88.75 89.86
94.02 93.96 93.05 95.3 96.08
95.83 95.39 95.44 95.27 94.74
93.46 93.33 89.7 89.06 88.64
89.49 91.3 93.38 93.28 92.94
93.21 92.7 90.98 87.9 89.36
88.32 87.26 85.46 85.28 78.18
75.12 84.28 73.86 78.77 87.41
87.66 87.14 85 79.57 71.49
69.07 69.56 71.86 76.02 82.72
85.05 88.9 90.19 89.96 91.53
91.32 93.15 93.62 92.53 93.29
94.61 94.07 93.08 93.45 92.07
89.25 87.97 88.38 83.95 70.51
60.66 51.3 52.06 52.24 52.77
62.86 76.01 76.32 77.38 81.63
82.31 80.98 83.26 83.78 81.11
80.32 76.4 72.58 76.97 75.31
71.27 68.38 67.72 67.25 63.72
67.54 68.4 74.73 75.47 73.98
80.45 83.98 81.91 84.39 87.62
86.76 85.65 88.3 91.64 89.45
87.98 91.18 92.05 92.79 93.52
91.71 91.92 88.85 89.69 91.13
88.74 86.79 86.32 87.22 84.6
83.71 84.36 82.54 77.41 73.9
67.35 61.93 64.92 72.6 81.56
85.11 89.43 90.1 92.42 90.75
89.55 89.92 91.37 89.72 89.31
91.76 90.85 89.81 92.42 91.89
92.22 90.26 89.32 88.71 87.57
89.97 90.33 84.85 87.73 91.27
89.52 87.12 90.91 90.72 85.78
87.83 88.15 84.25 79.09 71.76
70.95 73.52 71.38 79.39 84.83
89.92 91.75 92.99 92.8 93.66
95.82 96.3 96.09 96.59 97.14
96.61 95.29 94.41 94.2 92.55
93.23 91.67 88.15 90.04 92.38
92.92 93.12 93.57 92.03 92.14
93.42 90.95 88.85 90.31 87.83
84.92 82.68 79.72 74.6 76.01
72 74.38 67.66 62.2 61.93
59.13 55.88 57.88 54.41 56.49
55.06 51.13 56.12 57.64 56.71
54.14 59.61 63.18 70.89 69.59
71.66 76.15 77.7 72.04 77.04
72.63 60.22
