44.72 54.73 46.6 60.18 53.14
48.74 55.92 47.61 42.57 60.87
50.04 37.85 45.59 45.36 44.19
37.86 47.66 36.98 45.71 35.63
40.32 40.84 37.61 43.21 35.68
42.07 37.62 40.19 48.47 42.85
39.62 40.83 39.54 39.95 46.06
38.73 40.29 43.91 43.43 42.11
41.41 41.73 40.09 35.18 41.95
37.33 34.94 39.44 39.55 34.1
41 40.84 37.84 41.82 41.25
41.94 44.83 37.61 42.15 40.49
41.59 40.13 38.98 41.08 33.81
36.13 39.86 37.8 37.76 40.73
40.14 38.04 40.05 37.84 37.6
39.55 36.21 40.97 40.23 43
44.66 40.67 46.51 48.57 44.81
45.32 43.67 45.82 44.82 41.88
46.38 44.61 42.22 42.59 40.84
40.34 42.62 40.79 41.81 43.39
43.24 44.28 35.81 38.88 50
43.97 43.25 48.53 43.19 44.67
47.23 47.34 45.81 44.29 41.28
44.45 37.48 39.33 43.27 34.08
36.68 41.61 36.37 34.33 40.02
44 40.94 48.42 42.41 41.82
50.47 49.17 39.7 45.81 45.98
41.58 42.85 49.58 40.46 39.25
44.35 45.3 45.18 44.06 41.97
47.09 43.23 46.41 43.89 42.47
39.64 38.89 43.74 40.77 43.07
41.09 52.3 51.17 47.58 58.66
50.4 53.91 56.12 57.81 59.64
62.27 67.87 63.25 63.71 64.88
72.46 68.1 68.22 72.55 73.96
70.85 73.28 76.52 78.84 74.01
76.47 79.51 78.21 76.07 79.79
80.13 77.65 74.04 75.16 70.33
68.08 65.54 64.44 59.89 59.75
66.18 71.48 84.96 88.56 91.99
93.36 94.76 94.17 94.07 91.4
89.25 87.58 90.19 91.62 92.84
94.11 95.06 94.58 94.67 94.68
94.65 94.68 94.57 94.12 93.81
93.2 94.18 90.39 87.27 89.72
90.32 93.14 92.85 92.77 91.94
92.22 89.42 80.35 75.14 74.55
82.51 88.66 89.23 90.15 91.09
90.51 91.09 90.54 89.48 89.73
88.41 88.14 84 84.76 88.39
89.17 93.06 94.43 95.03 94.59
94.46 93.32 92.73 92.28 93.68
92.93 94.29 93.38 94.24 95.31
94.51 94.89 94.8 94 92.52
87.1 83.11 81.86 83.07 85.51
89.81 92.53 92.83 93.2 90.23
92.82 94.74 92.98 93.32 95.49
94.22 92.83 94.01 92.81 92.33
91.91 91.57 89.96 88.71 86.97
86.14 84.6 82.82 81.58 78.23
77.31 71.91 74.4 74.16 72.92
75.05 80.34 80.03 80.55 83.13
82.87 82.05 83.23 83.91 85.37
79.06 77.1 77.85 77.67 72.82
68.1 67.37 62.4 57.06 56.24
50.21 41.33 33.55 31.67 43.58
39.14 40.86 37.89 44.63 43.31
47.61 56.78 66.85 76.44 72.7
78.47 83.37 81.61 83.4 85.53
84.33 84.87 87.16 84.75 86.08
87.57 78.32 82.47 79.25 80.51
87.18 86.43 87.69 87.74 86.93
89.19 88.41 87.09 89.38 89.45
87.69 86.56 88.11 85.96 79.66
85.05 83.83 78.61 76.06 73.19
76 57.56 52.74 53.87 45.85
43.52 37.86 38.86 33.7 38.75
38.38 37.69 38.54 36.7 41.26
39.77 34.59 39.62 37.72 40.21
36.29 38.8 40.65 40.69 40.43
37.79 38.46 40.17 36.17 41.27
43.57 41.13 33.79 40.04 37.23
35.96 41.22 40.25 35.22 47.7
35.72 38 41.96 36.02 38.24
36.35 41.36 41.01 49.55 46.39
59.11 64.96 62.24 70.6 72.62
74.57 72.89 75.42 79.72 75.36
74.89 74.81 75.71 68.92 67.7
58.67 38.45 41.13 39.49 38.18
38.5 35.65 40.6 39.87 39.91
37.68 32.16 46.6 36.39 38.63
36.86 36.59 35.96 36.35 39.28
47.44 37.25 48.65 42.66 40.79
41.19 41.26 44.01 41.56 41.33
46.57 42.77 47.59 42.83 41.23
35.25 41.54 43.69 40.27 39.34
39 40.46 45.56 44.86 49.58
38.91 42.94 44.65 41.05 45.99
44.34 40.4 47.83 41.15 39.71
41.56 44.97 40.56 48.56 38.12
43.1 39.31 43.95 53.22 44.79
43.89 41.36 41.3 40.93 41.26
45.5 44.17 40.04 39.37 32.14
40.91 43.01 43.82 37.92 38.59
36.92 40.3 39.2 41.39 36.52
35.11 41.37 40.01 39.22 45.13
47.33 54.28 68.56 72.25 80.7
83.53 79.12 87.93 86.71 87.18
83.49 86.38 82.73 86.87 83.76
83.72 79.92 80.2 75.18 73.96
67.61 68.78 57.82 56.44 56.27
56.26 59.59 65.9 60.34 58.13
55.11 55.4 51.87 51.53 43.63
37.31 36.72 41.27 39.13 39.6
46.9 38.68 49.01 46.02 45.39
52.36 45.65 55.91 56.5
