37.02 43.3 38.98 43.53 39.54
41.79 43.07 42.9 36.46 40.65
41.08 36.99 35.31 36.6 41.05
30.74 32.67 36.28 31.2 31.16
35.43 37.27 30.38 32.87 31.76
38.06 40.26 52.26 69.15 75.05
80.53 82.98 83.26 88.77 88.65
90.67 91.22 93.2 93.16 93.77
96.01 95.31 95.51 95.72 96.08
96.02 95.84 94.99 94.57 94.63
93.78 93.25 91.24 92.73 90.38
88.56 87.38 90.01 88.7 88.15
92.33 92.02 92.95 92.77 93.93
94.41 94.92 95.66 95.37 96.41
95.4 95.9 95.48 95.97 96.32
95.91 95.77 94.08 95.6 93.27
92.86 92.32 92.92 89.95 88.94
90.51 88.01 85.32 87.76 88.65
85.11 84.52 86.73 86.95 84.71
84.16 90.63 82.54 84.39 86.91
85.96 85.27 83.19 87.58 82.74
84.39 81.23 81.16 84.51 82.57
82.54 84.19 85.42 84.43 80.63
83.14 84.37 83.89 83.68 82.09
85.37 83.35 81.87 80.57 86.04
78.6 78.01 80.37 79.24 76.69
74.95 79.49 74.15 68.97 70.51
66.18 61.35 55.98 52.87 43.85
51.25 49.61 55.48 56.15 55.94
53.23 54.23 54.26 53.75 48.13
47.73 53.94 56.05 57.96 65.15
68.84 71.03 61.99 70.1 74.75
72.91 72.06 76.27 78.6 75.32
76.94 79.88 78.65 77.88 77.89
79.01 80.09 82.43 78.39 80.26
82.46 81.28 84.32 82.47 82.58
81.84 84.61 83.89 82.85 84.01
82.45 78.94 78.87 80.55 78.71
75 74.99 74.68 71.89 71.19
71.44 73.67 68.21 67.61 68.49
69.13 67.87 67.88 69.13 65.45
67.14 68.03 70.31 71.96 71.07
73.26 76.25 74.12 73.37 75.64
81.25 73.67 73.55 80.41 75.93
70.41 73.77 76.23 71.29 66.64
68.31 68.82 69.77 74.78 79.53
84.2 78.26 80.52 79.42 80.62
77.38 77.61 77.52 78.51 73.72
73.93 69.6 71.64 72.79 70.85
70.45 71.98 70.96 71.99 71.02
71.1 70.38 68.35 69.35 66.06
65.59 64.49 58.26 57.72 54.05
51.54 49.29 45.13 50.64 51.14
55.53 61.29 66.98 72.34 67.51
62.54 65.44 63.91 60.8 58.69
64.48 65.44 60.64 62.13 63.48
64.09 65.12 72.57 76.07 85.41
89.62 92.71 93.75 94.56 95.09
94.52 92.95 91.7 90.22 85.42
88.27 89.02 90.76 93.15 92.41
93.61 92.67 92.73 89.41 86.87
88.48 87.59 84.5 79.68 75.67
81.61 86.93 92.76 89.85 91.79
87.31 87.11 90.08 90.19 88.68
88.78 92.37 93.29 93.32 92.53
91.68 91.26 89.45 90.55 92.46
89.33 86.45 84.07 91.02 91.56
94.8 94.1 96.02 96.26 94.61
92.41 94.92 94.46 94.24 90.37
89.62 90.84 93.13 92.24 93.8
95.2 94.86 95 95.02 95.25
94.49 91.87 92.09 92.31 90.64
91.2 93.51 95.39 96.6 96.65
96.06 94.35 90.88 85.16 76.81
68.35 63.14 59.43 53.83 48.79
42.78 48.27 49.35 43.63 49.4
48.7 52.88 50.78 55.4 68.48
63.92 66.98 58.26 55.08 56.55
52.22 56.81 50.85 49.23 42.98
36.18 37.47 42.17 37.23 35.95
33.59 30.65 34.16 39.81 30.57
33.67 31.52 30.59 31.98 33.28
28.56 35.86 30.49 33.52 34.18
29.07 33.73 30.26 34.08 29.91
32.63 27.87 35.92 30.91 35.5
33.97 33.64 28.14 34.02 29.78
36 29.85 31.1 32.03 29.18
33.51 29.49 28.16 32.94 27.16
30.89 31.5 27.96 32.45 27.29
31.45 27.41 27.46 28.19 30.43
28.44 32.51 33.7 33.21 36.5
39.08 34.59 31.94 29.48 27.84
31.24 31.74
