41.72 52.1 55.08 61.58 63.39
59.88 58.75 57.98 56.94 64.73
77.65 80.97 84.73 88.76 90.89
92.2 92.99 94.63 94.28 95.14
95.23 96.13 97.05 95.95 95.75
96.03 95.59 94.07 93.5 95.02
96.22 96.57 96.15 94.89 92.79
90.6 85.59 85.68 85.55 89.19
92.87 94.27 95.29 95.78 94.25
93.2 92.59 93.64 93.52 92.05
89.2 89.53 88.39 89.27 91.51
91.99 92.14 92.62 90.97 91.52
93.83 94.94 96.45 95.87 96.04
95.61 95.72 96.55 95.91 94.88
94.4 93.24 91.33 91.3 90.13
87.83 86.88 77.21 79.74 84.41
88.12 90.33 93.56 94.54 95.22
95.61 94.88 94.03 93.71 94.97
94.9 92.9 92.11 92.8 91.54
93.35 94.19 91.89 89.46 90.12
91.08 90.01 90.4 88.46 88.43
88.01 88.1 86.73 85.81 85.17
83.59 79.22 76.47 69.91 65.93
67.46 62 60.8 57.95 58.17
59.27 64.09 65.03 64.14 64.98
58.15 58.96 61.75 63.36 69.48
75.36 77.23 79.63 82.43 80.25
79.65 79.67 70.6 78.86 77.66
79.85 78.89 81.27 79.53 80.06
78.33 77.4 70.81 69.84 66.12
66.81 64.43 64.08 62.49 67.69
62.7 66.44 67.04 69.12 65.88
62.4 60.78 55.56 53.23 50.83
51.61 50.54 48.97 48.06 50.52
51.38 50.77 35.94 43.34 45.83
41.07 39.25 45.85 42.22 39.52
47.19 43.07 46.07 48.23 44.78
47.13 47.35 45.01 45.45 44.65
41.12 43.91 44.03 39.02 42.54
41.43 42.75 42.36 42.41 49.26
50.75 44.26 50.86 41.45 48.08
51.13 45.7 54.15 48.51 58.4
51.29 53.72 46.73 48.88 44.08
39.5 46.25 46.22 42.73 50.69
45.96 47.62 54.58 48.76 48.28
51.49 50.59 50.15 50.63 48.79
50.07 49.48 55.37 53.75 47.14
51.65 48.54 51.98 45.01 56.75
48.8
