35.01 44.33 34.15 31.29 40.36
30.58 30.3 35.99 28.88 32.16
35.75 31.35 42.36 36.51 33.22
32.14 36.16 32.17 31.33 34.68
32.42 33.85 31.89 34.35 35.45
37.4 32.37 29.15 30.38 30.2
43.03 33.82 43.87 39.38 42.68
52.55 51.31 56.73 69.78 75.02
79.86 80.92 82.4 85.22 84.57
92.73 93.25 95.7 94.82 94.06
91.6 89.45 90.9 93.08 93.15
93.27 93.97 94.83 94.76 93.9
94.21 97.22 97.73 98.24 97.96
97.5 98.55 98.15 97.89 98.28
98.53 98.8 98.73 98.65 98.83
98.86 98.65 98.6 98.77 98.16
97.44 97.45 96.82 94.93 94.5
91.24 85.6 74.48 64.9 68.59
58.81 66.17 77.12 94.12 96.51
98.19 98.75 98.89 98.92 98.92
98.91 98.82 98.64 98.35 98.08
97.78 97.3 97.68 95.56 95.62
97.48 97.77 98.49 97.33 98.14
98.63 98.74 98.83 98.86 98.89
98.93 98.9 98.94 98.93 98.82
98.65 98.7 98.56 98.54 98.49
98.43 98.82 98.91 98.94 98.9
98.81 97.99 96.63 95.67 92.27
90.81 93.36 92.15 95.26 96.02
96.91 97.98 98.29 98.83 98.81
98.86 98.86 98.67 97.77 96.52
94.96 96.37 95.35 96.79 93.96
95.96 94.98 95.11 94.78 94.98
95.06 95.08 96.06 94.94 96.69
93.69 95.4 97.52 97.12 95.38
96.52 98.1 97.32 98.45 98.17
98.4 98.5 98.67 98.55 98.12
96.99 98.14 98.01 95.34 96.5
95.21 95.3 95.57 94.37 95.63
95.5 95.07 92.83 93.53 95.3
96.25 97.48 98.3 98.75 98.52
98.19 97.19 96.26 97.98 97.88
98.71 98.5 98.44 98.36 98.57
98.43 97.84 98 98.33 98.18
97.86 97.86 97.76 97.93 97.57
97 97.27 96.92 94.98 93.41
93.22 95.94 97.32 96.93 97.58
98.42 98.16 97.87 98.59 98.86
98.85 98.68 98.8 98.88 98.89
98.87 98.9 98.8 98.62 98.52
98.91 98.9 98.72 98.76 98.91
98.87 98.76 98.84 98.85 98.9
98.83 98.93 98.92 98.89 98.92
98.9 98.76 98.66 98.74 98.68
98.37 96.82 97.09 96.72 97.69
98.06 98.57 98.83 98.89 98.81
98.79 98.81 98.88 98.85 98.85
98.93 98.9 98.89 98.88 98.84
98.63 98.55 98.38 96.31 98.4
97.39 98.7 98.84 98.76 98.65
98.59 98.8 98.92 98.91 98.92
98.86 98.81 98.84 98.88 98.84
98.8 98.73 96.25 97.14 98.67
98.48 98.53 98.63 98.77 98.86
98.81 98.85 98.7 98.54 97.83
98.79 98.91 98.94 98.92 98.94
98.95 98.89 98.89 98.87 98.88
98.47 97.49 98.37 98.9 98.94
98.94 98.93 98.95 98.96 98.94
98.96 98.9 98.75 98.41 97.6
97.62 98.34 98.78 98.72 98.69
98.83 98.9 98.9 98.88 98.9
98.93 98.9 98.87 98.92 98.91
98.88 98.88 98.9 98.83 98.78
98.84 98.8 98.43 98.63 98.67
98.03 98.68 98.14 98.35 98.8
98.81 98.63 98.66 98.84 98.77
98.34 98.4 98.75 98.48 97.63
98.27 98.47 97.42 96.66 98.25
98.25 96.59 97.42 98.13 97.2
97.11 94.6 88.98 87.22 83.28
83.61 78.88 85.18 83.85 85.34
93.6 93.75 95.25 97.45 97.76
97.54 98.59 98.69 98.3 98.62
98.51 98.76 98.71 98.89 98.91
98.95 98.9 98.89 98.86 98.67
98.53 98.73 98.59 98.34 97.96
98.46 98.37 98.51 98.55 98.55
98.72 98.86 98.79 98.85 98.69
98.91 98.96 98.95 98.95 98.93
98.9 98.91 98.87 98.92 98.91
98.89 98.75 98.69 98.49 98.4
97.78 96.15 98.09 98.53 98.56
98.62 98.85 98.77 98.72 98.94
98.92 98.97 98.94 98.95 98.96
98.97 98.95 98.92 98.93 98.87
98.67 97.64 94.94 96.63 98.45
98.79 98.88 98.86 98.87 98.69
98.76 98.8 98.71 98.81 98.79
98.65 98.36 98.44 98.61 98.36
97.51 97.59 95.96 85.22 68.48
57.81 44.9
