47.88 46.69 52.42 57.84 57.89
56.18 57.6 57.62 60.89 60.71
56.16 56.88 63.52 64.87 62.34
73.27 80.75 82 86.8 86.85
89.94 92.51 92.02 94.34 95.43
95.02 95.43 95.81 96.87 96.8
96.46 95.47 95.82 95.24 94.22
92.72 93.13 89.91 88.72 87.86
87.51 80.38 73.74 65.58 59.66
57.53 51.57 47.7 47.11 43.66
44.73 44.5 41.55 45.18 48.97
48.36 50.4 47.92 44.36 44.96
44.09 49.21 47.45 48.33 43.02
54.01 46.89 48.78 54.23 58.57
56.95 56.12 57.6 55.54 55.06
51.42 52.61 47.93 49.14 65.15
56.03 47.28 48.22 54.22 56.97
