37.03 32.08 37.24 32.61 42.45
35.29 32.11 33.71 29.58 37.38
33.23 30.11 36.38 31.02 32.34
34.79 28.75 32.71 29.36 33.68
32.13 31.41 33.17 28.99 30.41
32.96 27.77 28.79 33.52 33.48
32.47 33.28 36.28 32.55 41.55
32.55 40.06 40.5 37.14 38.2
35.05 41.75 34.06 31.32 29.71
27.2 31.31 28.52 27.35 31.06
33.94 27.18 36.61 31.2 30.17
32.79 31.44 34.36 33.27 47.66
56.96 66.64 73.9 86.11 89.96
90.69 91.47 90.61 88.89 89
87.73 85.67 89.11 88.69 90.17
89.04 90.89 90.21 88.22 85.8
87.05 84.08 81.42 80.67 77.94
79.65 82.52 81.8 82.63 81.15
81.16 77.87 81.27 82.83 82.68
81.85 79.11 77.06 79.74 79.42
79.39 81.71 79.14 77.74 70.38
64.19 57.42 56.65 54.58 55.14
58.82 69.28 75.19 82.93 84.76
87.91 86 82.75 78.38 65.87
59.68 58.99 57.03 54.72 53.33
59.72 59.1 60.04 63.09 70.15
75.39 76.83 77.77 81.41 82.88
83.1 81.23 85.58 86.17 91.71
92.86 94.61 94.56 94.58 94.29
93.88 91.29 89.48 88.94 89.47
90.62 90.8 90.26 91.21 91.68
89.83 88.47 91.35 89.85 87.97
88.49 89.8 87.49 85.87 88.35
88.76 86.76 86.47 84.32 86.13
86.69 89.84 91.81 93.93 95.3
95.5 96.38 95.26 95.02 92.58
92.1 89.45 83.76 87.73 91.44
88.81 92.06 91.46 91.21 91.42
92.91 91.56 92.94 93.2 94.3
93.34 93.04 93.09 93.18 91.94
91.22 91.96 89.96 88.77 89.75
89.55 85.18 82.81 80.52 76.39
81.39 85.55 88.27 91.28 93.81
94.46 94.59 93.57 94.43 92.98
91.12 89.05 85.35 86.32 90.57
91.82 89.19 89.23 92.32 90.57
89.41 90.26 90.57 87.63 87.63
86.73 84.57 81.77 78.7 80.85
86.32 90.25 91.2 90.4 92.33
93.83 94.17 94.52 94.73 94.82
94.69 93.72 92.81 92.68 91.04
89.89 92.7 91.7 93.94 94.53
94.81 93.56 91.34 87.25 85.37
82.19 79.63 84.02 88.38 91.31
89.15 91.49 93.74 92.5 90.58
89.55 87.58 86.93 87.8 86.31
88.8 90.96 91.34 91.31 92.87
92.87 90.88 91.88 93.93 92.14
90.84 93.76 92.8 90.31 91.5
92.3 90.5 88.35 89.15 88.87
81.81 80.76 79.1 74.64 76.41
71.44 67.6 68.84 79.12 81.05
84.3 86.44 87.66 87.54 91.2
93.64 95.1 95.3 95.56 94.49
93.84 92.96 91.27 91.75 92.85
94.34 95.32 95.37 95.81 94.64
94.06 91.38 86.26 83.34 81.8
89.29 92.96 95 95.58 94.88
93.97 93.49 93.27 91.61 90.7
88.82 90.11 88.77 88.79 89.81
91.94 92.82 93.55 93.23 94.94
95.01 94.6 94.05 94.31 94.05
92.73 92.48 92.41 89.17 86.72
87.6 84.36 77.3 77.51 77.42
70.9 67.56 69.33 69.25 65.77
62.1 65.12 60.57 57.22 60.8
58.11 56.08 58.27 58 54.54
54.07 54.12 51.56 47.26 46.53
39.33 44.9 40.02 40.12 47.66
40.29 41.39 36.76 40.29 41.23
