38.2 35.95 34.24 37.05 34.02
32.44 30.63 27.14 28.97 33.58
38.92 51.61 68.81 80.14 84.3
86.42 90.59 92.31 93.07 93.32
92.63 92.7 88.76 87.61 85.79
85.36 82.99 81.86 79.53 80.86
86.15 85.43 87.92 86.64 87.49
88.52 91.17 88.87 90.62 91.28
88.71 89.11 81.88 84.26 85.18
89.76 87.85 89.99 89.55 91.3
90.87 91.69 92.12 92.76 91.55
92.43 93.17 92.24 91.43 93.3
93.05 90.56 92.55 93.97 92.28
91.83 93.7 92.14 89.71 90.88
91.27 93.24 92.21 92.67 93.11
92.15 90.82 88.33 86.58 90.62
92.45 93.82 94.21 95.28 93.91
91.82 87.67 86.07 89.37 91.79
93.75 94.65 94.63 93.13 91.97
89.41 87.6 84.83 79.85 83.75
84.9 88.33 85.31 85.32 86.57
88.35 85.81 84.72 89.31 88.64
83.25 85.36 88.4 86.06 84.25
86.09 88.53 87.4 85.11 85.72
85.23 86.88 86.48 83.35 83.7
84.81 84.68 85.27 83.63 81.59
85.57 85.73 84.5 86.63 85.38
84.75 86 84.01 85.46 85.41
81.95 77.83 81.13 80.3 75.85
76.25 77.06 74.55 68.01 70.05
71.21 69.14 70.23 72.49 75.7
70.42 69.76 65.2 59.55 55.13
53.14 53.78 52.79 54.4 59.08
52.64 58.3 66.08 77.94 80.58
85.58 86.21 85.34 89.61 91.3
91.03 91.16 92.04 92.11 92.4
91.83 90.36 90.48 90.02 87.47
86.56 84.83 88.61 89.9 89.51
91.4 90.95 90.96 90.74 86.98
83.94 76.1 71.09 75.45 80.59
84.28 86.91 87.39 88.08 85.78
84.52 80.52 79.61 85.16 83.89
78.64 82.33 82.15 76.08 66.4
66.43 56.64 47.02 30.51 34.18
33.32 29.01 29.55 28.54 25.9
32.26 31.95 28.52 32.46 27.55
30.05 35.52 30.18 29.19 28.6
37.76 51.47 68.34 79.61 79.82
82.73 84.35 88 89.59 88.23
89.27 88.75 90.7 89.86 89.67
89.46 87.08 86.04 86.97 85.89
86.56 85.21 83.6 78.09 67.18
55.8 55.45 50.98 36.23 37.8
31.03 31.36 33.22 28.4 31.15
31.38 29.13 34.62 35.4 30.28
36.51 35.68 32.23 34.3 33.72
35.73 33.83 36.52 32.16 42.88
37.56 33.27 37.5 32.64 33.43
37.75 30.89 35.14 36.86 33.71
31.66 33.66 38.21 33.79 30.7
36.29 32.03 31.69 33.37 30.56
31.84 30.22 33.09 35.17 29.2
36.36 32.22 32.7 47.47 31.96
43.95 36.71 32.56 42.24 33.54
38.02 36.14 33.37 36.03 32.1
32.48 29.12 34.83 29.84 33.82
31.35 36.29 33.77 35.92 31.34
39.51 32.68 35.58 38.16 30.23
35.75 29.67 32.5 28.78 31.97
29.98 26.29 29.6 28.94 31.34
27.73 32.01 24.5 29.83 25.13
32.64 25.82 31.84 24.23 29.21
23.67 27.65 27.27 25.79 27.35
26.81 29.83 28.27 35.37 32.71
31.78 35.25 29.1 30.89 30.32
27.17 28.75 27.99 28.96 31.01
30.23 33.77 28.61 30.9 31.07
29.43 25 30.03 26.4 31.99
26.6 34.35 31.96 33.32 48.28
34.58 37.68 33.52 29.48 37.95
30.02 34.31 36.31 33.53 34.23
34.24 35.34 32.46 37.18 33.28
34.86 36.62 31.73 36.68 36.07
45.82 55.18 34.81 40.31 37.51
35.63 36.53 32.76 29.74 36.36
31.06 33.36 47.67 32.47 33.05
46.19 31.53 38.57 34.7 37.95
38.17 35.55 31.95 34.03 31.63
35.39 32.05 34.95 34.77 30.99
37.56 35.88 33.23 36.93 32.67
37.07 36.62 31.72 38.99 32.07
47.66 36.33 38.77 35.19 37.07
34.31 37.62 32.4 37.14 33.06
35.83 33.36 32.21 36.79 28.91
34.35 31.53 31.89 36.79 34.08
38.36 37.8 36.69 34.22 34.09
33.4 37.74 34.04 38.73 36.08
34.41 37.25 35.88 33.51 38.14
35.85 35.36 35.36 37.28 35.47
31.72 35.65 27.91 34.95 27.73
36.27 32.52 31.33 43.2 33.38
39.35 34.73 27.44 35.2 34.5
30.83 38.38 36.02 37.76 37.63
37.71 38.26 36.92 37.16 38.34
38.53 34.78 36.09 34.91 32.82
29.93 28.55 29.95 30.23 26.36
26.26 26.01 28.83 31.24 38.19
55.46 74.29 85.09 88.31 89.38
91.26 91.11 91.91 92.3 91.62
91.1 89.8 88.05 83.89 80.66
88.45 89.62 92.85 92.72 92.82
92.42 91.33 90.65 86.38 84.41
82.25 82.83 82.42 88.18 86.88
88.68 89.33 89.37 89.57 90.01
90.8 91.17 90.01 89.69 91.13
90.64 90.69 91.67 91.98 91.96
90.94 90.3 90.47 88.99 88.18
85.64 85.1 84.53 75.5 69.66
58.2 52.39 41.7 36.17 31.14
33.31 40.56 42.29 49.32 62.48
75.15 79.84 84.59 85.75 85.3
84.78 83.33 83.17 78.82 76.42
70.59 72.53 73.92 75.04 75.92
76.45 76.71 71.23 60.86 58.66
60.27 64.22 72.05 69.66 72.55
78.52 80.92 82.28 85.94 85.19
85.03 87.77 89.06 86.65 87.03
90.39 89 85.9 88.95 89.05
84.98 85.45 88.95 84.32 87.66
89.15 89.48 91.32 91.17 90.25
88.44 85.19 80.99 78.77 75.69
81.48 87 88.96 90.4 91.63
90.8 89.17 85.03 82.45 83.7
86.91 88.58 89.18 89.88 89.45
88.34 84.32 78.35 68.07 58.19
56.94 56.44 56.43 57.12 59.87
69.6 71.91 72.02 75.85 75.07
70.5 76.48 75.05 80.3 79.54
81.95 84.35 84.11 83.92 84.42
84.82 85.21 83.37 83.2 82.39
80.77 76.34 70.04 73.45 75.47
76.84 73.16 61.49
