50.2 53.27 53.16 46.98 60.24
48.44 58.87 55.17 48.95 58.53
59.51 60.52 55.68 57.41 57.99
57.98 54.65 58.76 56.22 53.02
55.83 57.12 52.18 53.1 57.14
57.27 59.66 64.01 67.49 68.51
76.91 83.17 85.3 89.09 90.49
93.63 94.2 94.67 95.7 96.1
97.25 97.43 98.01 98.22 98.26
98.48 98.58 98.59 98.61 98.69
98.78 98.8 98.8 98.77 98.79
98.7 98.68 98.82 98.74 98.76
98.7 98.8 98.83 98.75 98.83
98.83 98.79 98.85 98.78 98.9
98.78 98.87 98.85 98.84 98.79
98.8 98.87 98.79 98.76 98.81
98.78 98.69 98.75 98.84 98.64
98.66 98.65 98.6 98.52 98.53
98.51 98.08 98.21 97.68 96.92
95.65 95.77 95.39 93.63 91.92
91.03 91.12 89.03 88.16 81.8
78.39 71.15 67.18 61.38 55.33
63.03 66.11 61.81 68.2 62.04
67.23 67.05 63.42 66.22 66.34
63.22 62.98 57.91 58.95 54.22
63.1 63.85
