94.87 97.66 98.27 97.22 97.1
97.63 97.4 95.86 95.85 96.72
95.59 95.29 95.84 95.6 95.79
95.07 93.97 94.69 93.83 94.02
93.87 96.61 97.65 97.37 97.59
97.9 98.15 97.8 95.16 96.12
97.58 96.47 95.34 96.82 95.66
93.77 94.56 94.34 92.18 89.75
87.71 88.42 90.96 91.58 92.98
92.31 92.49 95.02 96.63 94.57
95.01 94.88 96.34 97.28 97.72
96.3 95.85 87.56 89.04 94.59
93.05 96.21 96.43 95.48 94.59
97.41 97.92 98.17 98.3 98.45
98.47 98.61 98.32 97.71 97.44
96.75 97.52 98.2 98.39 98.2
98.24 98.17 98.28 96.89 97.34
97.93 96.93 96.02 97.31 97.49
97.67 96.62 97.94 98.45 98.46
98.45 98.44 98.58 98.19 97.19
95.89 96.55 95.75 96.09 97.65
97.83 97.85 97.83 98.12 98.23
97.85 97.95 97.99 98.26 97.13
97.19 97.68 98.1 98.34 97.42
96.37 97.46 97.19 97.03 96.15
97.32 95.94 98.04 98.41 97.96
97.59 96.91 96.09 97.05 98.01
98.62 98.63 98.53 98.22 96.19
96.35 94.44 93.27 93.56 91.77
89.38 88.03 85.92 92.3 96.26
95.66 96.6 96.22 97.12 98.36
97.6 97.79 98.65 98.74 98.21
98.54 98.68 98.46 98.47 98.64
98.46 97.99 97.51 97.37 96.91
96.42 96.14 96.59 96.78 98.47
98.53 98.5 97.55 95.79 94.17
95.24 94.53 96.73 97.9 97.84
98.28 98.77 98.73 98.64 98.64
98.64 98.11 98.06 97.7 97.09
96.75 96.39 94.9 94.44 95.98
95.4 95.97 94.27 93.22 89.67
83.61 86.65 87.89 94.24 94.43
96.8 98.07 98.76 98.87 98.9
98.59 97.4 97.37 95.3 95.34
97.08 96.83 97.61 98.38 98.54
98.67 98.44 97.84 97.45 96.35
95.55 96.77 97.97 98.13 98.05
98.19 98.42 98.37 97.66 97.51
97.38 97.38 94.32 92.67 94.34
95.42 96.47 95.75 95.68 93.95
90.82 90.85 86.77 86.2 88.9
85.33 86.69 85.02 88.83 92.8
94.02 93.39 93.28 93.77 91.74
92.57 88.2 86.45 91.09 91.66
92.3 94.8 94.07 93.92 94.97
95.75 94.92 93.32 91.21 89.12
87.39 90.38 89.37 86.48 89.78
90.8 86.4 86.08 87.12 82.45
80.48 83.1 81.1 75.32 77.95
80.35 74.12 69 61.7 60.02
64.22 65.2 72.66 75.36 80.82
82.69 84.23 82.93 84.45 84.49
84.24 81.04 83.7 81.52 79.41
79.41 79.26 75.33 68.9 67.12
66.25 62.89 62.21 63.85 75.77
82 84.05 83.46 85.39 90.26
91.96 90.11 91.67 94.6 93.76
92.89 94.88 95.8 94.8 95.48
96.6 96.03 95.72 96.58 97.06
96.75 97.3 95.29 96.2 98.2
96.58 95.32 96.72 97.54 94.69
94.03 95.03 94.06 90.67 89.16
88.32 92.59 94.96 95.87 95.97
95.34 97.5 97.78 97.85 98.43
98.24 98.1 98.26 98.02 96.85
96.77 96.39 97.21 98.02 97.52
97.8 97.48 98.34 98.49 98.3
98.37 98.69 98.57 98.4 98.34
98.25 97.02 96.06 95.25 94.71
90.76 90.07 92.88 93.61 94.17
92.4 95.5 96.9 96.78 97.44
98.29 98.19 97.73 98.14 98.29
97.6 96.91 96.57 97.19 97.94
96.78 95.43 94.35 96.16 96.66
95.44 96.7 96.83 94.6 95.8
96.51 95.02 94.52 95.02 94.28
93.43 90.29 89.15 87.89 88.56
83.64 85.1 85.48 86.57 84.78
71.82 60.69 56.87 50.38 46.73
46.1 51.25 46.58 40.61 41.69
45.91 39.94 36.94 40.7 39.21
35.09 42.91 46.88 48.09 53.5
71.93 82.7 86.63 86.16 89.54
93.75 92.7 96.4 95.85 97.59
96.7 94.81 97.13 97.98 95.67
95.95 97.29 96.59 94.55 94.41
95.34 95.56 94.98 94.6 95.19
96.11 97.73 97.8 98.11 96.98
91.48 87.94 88.53 91.26 90.77
87.22 90.6 93.39 94.09 95.44
97.87 98.68 98.9 98.94 98.94
98.84 98.47 97.26 98.3 98.76
98.86 98.6 98.29 98.71 98.61
97.48 97.75 98.48 97.3 96.41
97 97.08 95.61 95.34 95.4
93.24 94.6 97.06 98.27 98.79
98.84 98.93 98.83 98.65 98.35
97.88 98.49 98.47 98.49 98.59
97.75 97.72 98.32 97.48 96.25
95.74 95.5 93.88 91.49 88.12
83.6 79.15 67.33 56.74 49.66
42.17 39.77 36.21 35.78 35.31
35.37 37.75 39.05 38.98 39.18
42.19 44.69 44.22 38.46 40.42
