34.62 36.33 39.53 37.3 42.86
32.68 36.83 43.25 47.97 46.75
56.3 61.47 64.23 75.58 82.97
86.87 87.39 86.4 76.82 79.01
75.25 81.97 88.2 93.38 95.29
94.84 95.15 94 93.01 90.9
87.68 88.5 92.6 92.31 91.57
88.51 91.14 94.16 91.83 87.9
91.4 90.35 82.96 77.68 64.78
58.61 43.75 38.47 40.65 35.19
33.73 42.33 31.49 31.98 36.71
27.89 50.54 56.93 59.29 76.96
86.02 88.02 89.43 90.99 93.34
95.02 94.2 96.7 96.79 98.13
98.08 97.25 98.02 97.99 97.68
97.09 97 96.36 96.89 97.25
96.62 97.32 97.05 96.37 96.13
95.02 93.87 93.65 93.27 92.83
91.18 88.94 82.85 72.98 65.21
62.67 55.57 53.38 58.02 55.24
52.91 54.5 49.53 45.19 52.48
53.31 63.47 69.05 69.79 77.19
82.71 84.01 85.8 90.22 90.3
89.98 93.53 95.17 95.79 96.33
97.77 97.14 97.08 96.52 95.93
97.4 95.37 92.94 91.09 87.93
89.31 85.63 88.24 86.62 85.29
86.89 88.24 92.68 94.31 96.39
96.78 97.51 96.06 94.77 95.79
94.86 92.69 92.35 93.21 92.61
90.37 93.1 92.88 92.5 91.52
94.51 94.03 92.16 92.6 96.05
93.82 95.52 96.13 96.17 96.32
96.48 96.14 96.18 96.94 95.74
94.26 92.62 92.46 92.68 91.51
93.26 92.76 94.04 94.06 94.46
95.14 95.95 97.04 96.8 96.94
97.61 97.27 96.82 96.79 96.87
96.68 95.61 95.47 95.48 95.58
94.09 93.7 92.63 92.98 93.9
90.74 87.82 86.64 79.78 86.06
92.5 93.96 93.16 94.09 95.82
94.32 93.48 95.2 95.41 94.23
93.1 93.35 92.66 95.4 94.46
94.63 94.22 94.4 94.27 95.56
98.06 98.45 98.55 98.43 98.2
98.19 96.91 96.45 96.4 97.27
97.65 96.93 95.68 93.69 93.77
96.08 95.62 97.38 96.76 96.26
97.55 97.6 96.53 96.83 96.39
95.19 93.29 92.23 89.15 89.73
84.38 82.94 92.54 96.43 97.99
98.19 98.16 97.92 97.86 95.62
95.47 96.46 96.29 93.76 94.64
94.14 89.3 90.36 92.85 92.68
90.5 94.1 95.26 93.47 93.85
95.93 96.13 95.67 95.74 95.62
95.22 94.73 93.76 94.55 95.16
96.6 95.47 94.97 96.83 97.97
96.48 96.67 97.49 96.82 96.06
95.05 94.59 94.65 93.6 95.46
96.05 97.72 98.41 98.55 97.97
96.91 94.97 95.11 96.8 97.74
98.07 98.13 97.98 97.56 96.73
95.38 92.07 92.12 91.88 93.89
95.93 97.53 97.25 95.77 96.87
97.07 95.9 94.45 95.05 92.55
92.81 93.43 94.86 95.44 93.94
95.1 97.08 97.3 97.61 98.21
97.77 98.19 97.43 97.83 97.64
97.29 97.6 97.21 96.67 96.69
95.89 93.02 93.27 93.26 94.99
96.39 96.52 95.82 95.9 96.19
94.97 95.96 96.17 96.74 97.32
97.75 96.79 96.34 95.61 97.61
96.74 97.42 97.1 97.92 98.03
98.52 98.41 98.4 97.27 97.58
96.72 94.71 93.04 83.25 70.93
66.53 57.27 53.62 46.74 47.55
53.74
