97.09 97.06 96.28 94.37 94.36
95.08 92.91 90.69 90.6 90.59
85.65 83.74 82.01 86.41 91.03
89.32 90.55 86.87 82.67 77.59
74.38 75.37 78.18 87.94 92.8
94.16 93.81 93.97 95.74 96.15
94.14 93.58 96.6 97.03 94.3
94.42 96.28 95.09 93.07 93.64
93.95 95.98 95.33 96.53 97.82
97.15 96.7 97 96.79 94.2
94.27 94.46 94.88 93.7 94.29
94.55 95.18 96.23 97 96.56
97.62 97.88 98.03 98.15 98.3
98.2 98.08 98.26 98.03 97.17
97.02 96.73 95.81 96.11 94.94
95.02 92.94 94.03 91.11 84.83
85.96 90.23 92.72 93.16 92.94
93.45 95.18 96.1 96.76 96.97
97.44 97.8 98.26 98.04 97.89
98.38 98.4 98.37 98.35 98.63
98.42 98.04 98.31 98.53 98.31
97.87 98.25 98.39 97.76 96.9
97.92 97.31 95.45 95.44 96.12
95.11 91.5 91.43 91.21 90.69
93.59 95.45 95.24 95.52 97.49
97.72 96.85 97.56 97.98 97.39
96.17 94.6 94.93 94.2 95.17
95.55 96.4 97.36 97.27 96.73
97.17 97.28 98.12 97.98 98.37
98.69 98.72 98.55 98.72 98.75
98.59 98.67 98.75 98.67 98.39
98.27 98.23 97.24 96.01 95.98
93.87 96.06 94.86 95.64 97.67
98.08 98.34 98.33 98.57 98.6
98.61 98.51 98.67 98.56 98.34
98.5 97.74 96.25 95.65 97.19
97.34 96.71 96.32 96.51 96.06
96.61 96.55 94.73 94.53 93.07
92.31 91.98 88.31 85.84 86.98
84.35 79.8 80.53 76.45 70.5
67.01 70.2 81.7 84.01 87.85
88.3 87.6 90.51 92.61 91.6
92.95 94.77 95.29 94.41 95.58
96.9 96.83 96.83 97.34 97.8
98.02 98.03 97.95 98.11 98.29
97.97 97.73 97.94 97.69 97.34
96.48 95.87 95.54 95.19 93.54
92.23 93.51 93.5 91.03 84.61
79.73 74.97 74.1 80.25 86.57
90.35 91.45 92.12 93.36 94.03
93.45 94.16 93.42 93.04 93.41
93.17 91.6 91.03 92.33 92.8
92.64 87.32 79.92 77.02 83.83
88.72 92.94 94.22 95.07 95.07
95.57 95.01 93.35 93.45 93.89
95.15 96.45 95.95 94.35 95.78
95.72 94.38 92.27 92.19 91.1
90.31 91.01 90.61 90.53 93.37
91.55 89.13 88.95 91.15 91.26
90.91 92.45 91.49 93.02 92.31
92.7 93.53 93.06 91.83 93.87
95.37 95.66 95.7 97.16 97.43
97.23 97.95 98.27 98.12 98.05
97.84 97.77 96.62 95.92 94.76
94.28 92.15 90.21 90.46 87.26
88.51 89.83 89.38 89.06 90
83.61 82.96 69.69 59.96 53.44
47.43 42.9 44.44 42.78 34.63
36.96 45.61 55.87 63.21 74.47
87.74 92.86 95.82 94.23 91.92
90.18 91.65 95.59 95.23 95.52
97.7 97.47 96.57 97.69 98.06
97.62 97.09 97.45 97.7 97.04
95.6 95.24 94.57 95.01 93.91
92.47 92.03 91.38 90.21
