40.94 38.23 39.6 38.93 45.84
44.95 45.79 47.62 36.41 44
38.04 37.83 42.84 35.94 38.41
35.53 42.79 37.05 36.92 37.88
31.6 45.22 36.13 39.65 35.41
37.43 33.73 36.12 30.36 33.71
32.93 35.86 40.77 54.28 59.28
77.31 85.93 87.6 89.4 89.88
87.71 85.45 85.27 87.54 85.51
82.82 76.38 76.74 84.5 85.47
86.37 83.76 83.64 81.54 85.26
84.92 85.34 83.74 88.46 90.93
92.9 94.75 92.99 92.97 94.58
94.17 93.48 91.35 88.48 88.4
87.61 85.07 79.44 83.45 82.23
78.59 79.89 81.6 79.17 80.16
80.07 83.93 86.95 87.57 87.56
87.79 89.76 90.07 88.13 88.41
90.09 87.88 87.21 87.79 88.35
84.64 79.98 75.91 81.08 80.8
73.98 78.02 82.64 84.6 82.71
83.83 87.86 93.05 93.78 94.59
95.15 94.46 92.76 89.89 87.43
85.12 90.81 93.17 94.3 94.04
93.88 92.83 90.36 86.29 85.89
86.27 89.44 89.54 89.93 90.64
91.43 91.11 89.38 88.08 84.1
87.51 88.77 86.17 87.42 90.68
89.99 92.36 91.12 89.74 87.62
85.53 84.91 89.3 92.02 92.49
93.63 92.68 92.59 91.12 89.7
84.76 76.39 65.15 63.68 58.79
60.13 52.11 39.81 34.38 29.89
29.81 28.42 28.76 30.06 30.47
32.68 28.36 33.39 29.96 35.27
37.78 38.34 35.09 43.25 40.31
32.37 36.38 35.62 38.11 30.87
27.93 31.55 26.46 28.06 25.36
29.73 25.62 24.5 25.07 24.22
24.49 23.19 24.02 25.21 25.86
26.22 26.41 33.28 26.93 29.09
26.86 27.39 28.67 28.27 25.78
29.89 29.36 28.33 32.63 30.43
33.73 31 30.29 29.6 30.75
29.79 30.27 29.82 35.46 30.69
35.59 34.39 31.12 33.23 33.44
34.7 31.87 31.62 28.58 30.59
26.57 28.66 25.39 30 30.45
29.43 27.95 26.5 27.18 27.93
27.29 24.7 28.32 31.82 31.8
34.61 34.68 34.11 33.88 33.57
32.78 31.94 30.84 32.1 31.99
33.44 36.28 33.02 28.53 26.34
27.68 24.09 27.7 29.34 31.59
28.6 28.49 29.55 27.13 26.31
27.69 27.97 26.94 34.31 37.14
39.11 41.03 40.27 38.02 35.79
45.82 46.16 48.04 50.98 48.93
51.52 46.27 51.43 49 50.84
52.95 55.24 58.17 65.03 80.29
86.47 89.25 90.59 92.09 92.99
94.55 93.95 93.47 91.51 90.68
90.46 90.77 91.4 90.43 89.33
91.25 91.75 89.98 88.49 91.16
90.48 86.48 87.51 88.4 85.3
82.97 82.03 80.42 71.01 65.84
55.07 50.17 53.72 56.56 49.62
45.55 58.26 59.61 59.21 51.97
55.24 45.53 44.76 41.35 40.84
32.54 32.94 32.55 35.29 33.34
30 33.52 32.31 30.87 34.14
29.29 32.14 32.14 32.27 35.1
34.22 39.36 31.4 37.07 34.23
33.7 26.72 32.38 29.94 34.73
30.28 35.67 33.06 30.14 30.48
25.99 29.02 30.11 29.98 32.32
36.04 28.56 33.5 30.65 31.6
30.66 32.17 27.01 32.64 32.95
30.16 31.31 29.85 31.99 31.75
25.73 29.8 29.09 28.54 31.13
26.38 27.73 29.37 27.18 32.48
39.39 44.57 44.49 50.89 54.61
65.31 65.44 75.37 77.35 75.62
79.7 82.46 84.86 82.32 84.36
87.28 87.03 83.36 85.89 86.76
87.68 86.25 84.96 87.74 91.63
89.16 86.81 89.84 91.58 88.52
89.73 91.86 89.98 86.69 90.94
90.77 84.89 87.57 86.97 90.34
91.47 92.32 92.67 93.7 93.7
93.2 92.73 93.21 93.07 92.33
92.87 92.79 91.98 89.29 84.76
84.15 89.23 88.46 86.57 89.27
89.64 86.83 85.59 86.46 84.55
81.8 83.66 86.61 85.24 80.67
86.89 89.15 87.57 86.62 91.58
90.95 87.95 87.46 90.96 89.58
85.64 84.31 83.91 79.78 72.34
58.51 51.78 39.87 31.15 28.18
36.69 34.06 31 35.88 30.26
32.42 36.27 32.3 27.9 32.44
27.79 25.87 28.83 31.77 26.77
26.54 26.09 31.65 28.76 34.88
34.65 32.03 33.07 33.07 30.5
28.81 35.46 38.8 42.41 51.05
51.66 49.44 54.19 68.64 67.14
71.54 76.13 78.48 75.13 74.62
81.24 79.62 77.57 81.82 81.18
75.92 76.08 76.63 73.54 62.18
54.4 50.59 51.49 46.34 44.71
47 41.48 49.37 46.8 38.39
46.19 41.99 39.04 41.94 45.15
40.05 41.06 47.86 50.05 51.85
52.8 54.47 54.38 52.79 54.54
50.21
