34.6 40.01 42.54 42.31 46.35
40.28 50.59 42.12 39.87 44.34
43.53 45.74 35.19 41.23 42.27
46.07 47.65 50.15 47.37 49.06
44.92 50.02 57.6 57.92 71.09
75.1 77.52 77.44 79.82 81.42
85.48 85.04 87.96 85.14 88.35
85.21 84.93 87.85 87.45 87.37
84.85 84.3 81.79 84.22 83.03
85.8 84.93 85.5 87.35 90.45
90.92 93.21 93.54 94.24 95.59
95.93 95.24 95.97 95.67 97.14
97.57 97.26 97.24 96.45 97.01
96.74 95.29 95.42 95.78 95.05
94.09 93.97 92.57 92.61 94.44
94.54 95.94 96.59 96.85 97.14
96.46 96.62 95.62 92.42 89.63
90.53 88.44 90.86 92.53 92.79
93.52 92.6 91.57 91.33 87.02
84.08 78 81.44 80.35 82.06
88.6 94.01 95.3 95.55 96.15
95.98 95.39 96.09 95.97 96.3
94.85 94 95.03 95.03 91.34
91.99 93.87 96.55 97.21 98.02
98.25 98.14 97.77 97.79 97.15
97.05 96.88 96.22 96.47 96.34
96.6 96.04 95.84 96.97 97.24
96.93 97.74 97.28 97.83 97.38
97.51 96.92 97.31 96.57 94.44
95.74 92.44 94.62 95.24 94.72
94.22 95.46 95.42 95.78 96.35
96.4 97.32 96.37 95.64 97.17
97.23 96.46 95.28 89.42 89.38
95.72 97.06 98.02 97.28 97.82
97.49 97.79 97.52 97.81 97.89
97.4 96.34 96.85 96.67 94.82
95.93 96.62 97.77 97.52 97.4
96.37 94.42 92.42 83.68 81.07
69.23 71.82 84.14 88.39 92.56
95.44 95.27 95.19 96.33 96.09
94.25 94.53 94.31 96.42 96.11
95.01 95.99 96.49 96.28 95.16
94.45 95.41 96.13 97.57 96.5
95.9 94.68 91.28 83.9 79.28
83.72 91.26 91.46 92.46 92.29
92.71 94.32 92.18 92.68 95.4
96.58 96.49 97.43 95.75 94.54
95.85 92.7 94.41 95.89 96
94.71 95.8 94.7 93.6 92.71
93.19 90.23 91.7 94.82 95.29
95.57 96.94 96.56 97.29 97.71
97.36 97.73 97.89 97.95 97.88
97.63 96.32 96.52 97.35 95.58
96.23 96.64 96.89 97.11 97.01
97.6 97.7 98.07 97.62 96.89
96.68 93.8 91.67 88.27 85.41
81.33 82.83 87.06 90.66 93.62
94.86 94.1 94.3 93.84 95.57
96.56 96.2 97.5 97.01 97.68
96.33 94.54 93.43 93.8 92.2
93.16 88.17 88.26 92.32 94.01
95.71 96.38 97.11 97.61 97.93
97.97 97.79 96.82 95.8 93.2
89.54 87.51 84.59 87.41 88.02
91.94 91.52 92.77 94.39 92.67
95.54 96.98 97.03 97.1 97.72
97.77 97.35 97.77 96.98 97.34
96.16 95.5 96.05 95.41 94.87
94.66 94.34 93.37 93.52 92.99
91.34 89.11 89.23 89.87 86.6
82.98 80.62 77.77 72.37 70.52
68.09 63.6 60.65 58.94 51.29
45.2
