31.2 29.92 27.82 33.78 34.49
37.26 30.94 34.7 28.22 30.01
26.14 28.17 28.54 27.09 29.52
26.35 33.4 27.58 27.64 33.79
26.53 35.05 32.96 30.14 36.18
31.63 36.01 43.07 59.75 76.43
85.32 87.58 88.51 91.23 91.62
88.16 86.91 89.5 90.83 93.92
94.99 96.3 96.53 93.32 89.15
81.81 77.91 73.59 82.98 86.29
86.81 90.13 94.21 94.9 94.04
95.69 96.85 96.95 96.48 96.29
95.52 96.02 95.13 95.22 96.16
96.08 95.24 94.93 94.4 95.24
93.73 92.41 85.89 83.11 81.86
84.6 85.54 78.05 76.33 71.54
65.93 64.38 58.01 55.92 60.6
55.26 56.31 60.98 64.74 71.15
84.4 85.77 87.76 91.72 91.22
91.86 93.85 94.8 94.44 96.1
97.43 96.92 96.69 96.89 96.14
96.49 95.04 94.32 93.63 93.66
95.11 95.1 92.68 90.97 87.69
86.06 86.28 82.01 79.57 75.64
70.1 61.9 59.73 49.47 46.48
44.5 49.56 46.16 42.03 49.17
52.96 58.07 71.49 73.72 76.55
80.41 82.7 86.46 85.07 82.43
85.97 91.04 87.09 85.14 89.04
89.21 87.15 87.55 90.32 89.06
85.35 90.4 91.93 90.51 92.15
92.72 94.74 94.87 93.94 95.44
96.39 96.38 96.48 95.35 96.72
96.21 95.27 94.28 93.43 94.86
95.9 95.52 94.7 92.31 93.38
94.55 92.56 93.45 91.88 93.64
94.02 95 94.55 94.77 94.36
94.18 94.12 94.63 93.27 94.23
91.05 91.84 88.81 86.62 89.92
91.26 94.55 96.52 95.4 94.54
94.89 95.68 94.75 92.35 91.53
94 90.84 90.44 91.2 91.89
93.63 93.08 90.37 90.2 91.4
90.54 93.68 92.29 93.98 93.17
90.76 92.19 92.02 92.79 93.08
95.31 94.41 96.35 96.39 95.41
94.49 93.84 94.52 94.56 94.93
93.24 93.89 94.94 95.83 96.23
97.22 97.22 96.95 97 94.8
94.83 92.38 92.17 89.9 88.53
85.82 85.25 85.07 83.93 82.27
83.66 83.76 85.78 89.59 92.25
92.57 92.16 91.17 92.89 95.49
96.45 96.75 95.18 94.06 95.44
96.22 95.53 95.67 93.74 92.81
94.24 93.23 89.27 76.88 74.48
76.95 79.01 84.95 84.75 86.13
89.05 94.08 96.55 97.52 95.72
96.41 95.27 97 97.32 96.73
96.02 94.15 93.26 89.34 84.3
81.35 78.81 77.91 85.22 91.67
93.17 95.67 97.35 97.07 96.16
94.66 94.03 92.53 92.41 92.64
92.41 90.07 87.83 82.32 75.07
64.46 55.81 46.04 37.59 34.84
30.98 31.01 33.78 29.87 33.65
33.32 32.64 38.7 35.34 32.62
30.54 34.31 36.22 40.96 40.2
46.08 63.32 80.53 86.73 88.33
86.21 88.36 90.98 89.13 86.87
89.21 89.73 86.68 85.14 82.92
77.51 82.54 87.6 91.29 91.04
89.74 85.9 89.44 92.13 88.74
89.26 90.48 90.34 88.82 88.04
85.31 84.78 84.84 85 90.5
91.11 85.57 86.69 88.11 90.35
86.83 80.81 82.28 86.19 85.25
89.88 91.06 91.12 86.37 92.3
92.55 89.14 86.53 87.54 85.67
84.12 85.99 91.32 89.43 88.49
85.42 81.32 83.95 80.83 84.61
88.73 92.52 90.44 88.94 82.65
59.65 44.52 29.7 29.61 27.48
28.6 29.62 31.39 28.21 30.99
30.19 28.68 30.2 31.1 31.74
29.43 29.53 29.34 25.76 29.83
25.96 28.92 31.52 33.87 32.64
29.09 33.55 29.6 27.64 29.83
25.52 26.61 30.43 38.43 46.29
58.67 84.08 93.25 94.84 95.65
96.22 95.22 95.22 93.67 93.58
94.34 92.64 92.2 91.46 88.21
87.5 86.09 88.3 90.97 88.3
87.87 92.57 92.42 89.78 89.67
89.81 94.5 94.98 96.11 93.28
95.94 97.49 97.69 97.74 96.4
95.85 93.01 91.35 92.04 88.02
92.21 92.59 92.1 93.52 92.94
91.42 90.9 94.34 93.69 95.69
95.16 92.53 94.76 93.53 92.58
90.17 93.16 95.26 94.73 93.87
95.96 96.38 96.24 94.59 95.37
95.06 93.82 91.73 90.95 91.64
90.43 88.92 86.29 87.11 84.44
80.73 80.92 82.38 80.68 82.05
82.52 78.32 88.21 89.34 90.99
91.14 90.59 88.79 88.05 85.38
86.32 89.86 89.64 88.41 82.56
74.75 80.04 86.36 90.63 87.28
86.68 82.88 74.15 66.99 61.66
62.32 65.5 69.83 82.62 86.19
87.9 89.36 87.84 88.22 85.22
85.64 85.11 88.25 90.75 89.42
89.5 91.06 90.35 90.11 88.85
89.26 89.08 87.41 85.87 84.31
82.27 71.4 70.93 77.11 70.74
75.25 81.64 88.38 90.91 92.65
93.11 92.25 91.74 89.88 87.41
85.01 84.26 81.08 85.93 89.59
93.18 92.87 91.13 89.12 89.51
88.33 83.63 83.27 86.22 86.58
86.04 85.45 81.18 77.65 80.73
73.68 73.79 80.46 82.18 85.6
87.02 88.93 91.39 92.44 93.37
92.04 91.88 89.19 88.2 89.09
89.54 88.26 80.87 83.68 87.19
90.8 89.35 88.72 89.98 88.16
86.17 84.69 88.99 89.48 89.84
86.53 86.02 84.56 84.13 83.98
81.18 73.29 62.64 61.07 50.82
47.23 39.06 43 35.97 39.82
35.48 32.95 43.1 49.52 61.52
69.18 74.51 78.47 83.33 85.46
86.87 88.77 89.69 88.64 90.37
89.89 91.33 86.23 84.39 87.08
83.4 83.05 82.73 80.71 77.15
78.77 73.08 67.87 71.3 70.4
77.5 81.33 79.71 79.37 69.03
55.15 50.29 47.28 29.76 33.92
32.42 34.84 49.69 56.26 72.9
77.78 81.51 81.36 80.78 78.87
82.64 85.46 83.21 87.4 89.26
90.25 87.67 86 87.22 85.14
83.52 82.96 83.72 81.77 78.86
82.2 81.77 85.28 80.74 80.25
69.8 65.69 60.12 52.27 47.4
36.53 38.5 34.37 43.34 39.91
32.87 33.54 30.59 30.66 31.06
31.29 33.39 30.75 29.96 30
31.3 41.89 46.39 59.36 79.29
85.42 88.78 91.37 89.47 88.62
85.96 78.29 68.52 55.03 52.82
50 51.13 52.44 70.74 82.57
89.03 87.61 89.29 84.04 83.16
81.29 77.66 84.63 88.24 91.19
90.57 91.56 91.23 90.81 91.73
91.52 90.43 90.09 89.37 88.27
87.34 85.89 84.16 83.42 81.32
75.62 77.6 83.8 80.9 78.82
86.07 90.3 91.71 92.39 91.81
90.12 87.86 80.19 74.62 72.12
73.51 79.26 82.78 84.56 87.01
90.47 89 89.7 88.53 87.06
88.48 90.15 84.78 82.37 85.31
82.04 81.78 81 78.02 79.89
79.69 82.88 88.99 91.61 90.42
91.75 89.04 87.74 84.1 85.1
85.64 87.7 86.54 81.5 86.01
90.58 89.89 91.86 91.5 89.98
91.61 88.99 85.03 72.41 61.38
57.88 58.82 58.83 54.37 59.3
71.05 78.65 86.71 89.74 91.78
91.32 93.28 92.41 90.89 91.7
93.53 93.28 91.53 90.34 92.54
93.41 92.35 91.25 92.51 92.96
91.31 90.47 88.79 86.14 86.32
83.54 74.73 70.8 70.64 81.55
87.93 88.68 90.53 89.54 87.89
82.15 72.82 62.2 49.09 62.11
66.95 70.49 72.03 72.74 80.7
86.2 73.99 81.28 82.84 85.39
87.06 91.7 91.69 88.78 88.76
87.41 87.93 89.1 87.63 85.66
85.36 88.95 89.4 91.66 89.57
89.65 87.09 84.14 74.77 69.02
67.48 66.06 68.28 63.66 71.19
79.91 80.32 81.8 87.04 89.67
91.83 91.31 89.22 84.75 71.89
59.1 50.68 36.41 32.03 25.63
25.88 23.46 25.22 26.73 26.3
30.86 28.89 31.45 29.18 32.02
28.37 27.21 23.79 28.68 25.92
27.2 26.27 28.58 29.43 26.14
25.99 28.96 27.33 27.34 31.98
27.83 28.09 29.47 25.55 26.79
26.44 25.06 32.15 32.66 43.09
55.36 63.65 80.81 85.83 87.43
86.24 86.42 86.84 87.85 85.94
88.1 87.25 85.33 87.94 90.24
92.17 90.96 91.08 93.01 92.34
92.12 91.47 90.88 90.53 89.02
88 87.18 79.87 77.44 77.57
70.8 74.05 76.3 75.32 81.82
84.43 87.14 87.47 86.98 89.6
90.45 91.2 92.3 92.3 91.94
85.84 76.67 69.27 73.35 74.86
82.26 83.75 87.73 89.75 90.11
86.75 83.42 83.24 85.31 85.59
89.66 88.03 84.56 85.65 83.34
80.83 77.55 64.6 61.95 65.63
79.42 89.62 91.89 92.38 91.96
89.58 88.62 85.85 80.17 82.83
80.46 80.89 80.91 84.51 81.17
80.18 82.81 88.24 89.04 91.82
91.87 91.12 93.21 92.46 91.96
89.94 88.24 82.87 80.27 85.02
87.12 88.6 90 88.85 85
86.57 89.43 90.04 90.98 90.56
89.62 87.33 82.62 78.8 74.53
67.09 74.82 83.97 87.17 87.05
88.84 91.56 91.39 90.91 92.9
92.71 92.71 92.37 92.82 91.48
92.12 90.56 88.73 89.14 87.48
89.12 90.84 90.8 93.45 93.22
93.67 93.14 88.36 82.22 80.25
83.19 88.56 88.38 92.37 91.41
91.05 88.52 73.97 60.27 45.87
34.09 32.71 33.4 34.54 35.19
31.21 39.06 32.22 42.01 39.79
35.83 45.59 52.09 56.45 74.83
83.11 82.12 78.14 72.14 78.18
84.17 86.76 88.11 88.85 89.78
88.21 90.49 91.83 94.38 93.48
93.32 91.18 89.86 87.4 85.27
85.91 77.75 75.64 79.33 77.12
86.25 91.45 89.92 89.55 86.5
84.31 88.99 87.32 85.48 82.45
83.6 82.7 81 77 78.56
77.93 74.01 71.8 73.27 68.43
66.54 64.2 67.73 54.99 51.8
52.03 49.67 47.44 44.77 42.12
40.93 41.18 36.67 34.48 38.83
37.15 30.89 30.9 35.81 33.57
33.23 34.56 32.93 35.78 34.09
31.15 34.32 34.69 32.29 31.32
30.63 27.57 31.45 30.88 34.06
42.49 42.09 40.9 34.38 35.17
