69.09 78.72 82.43 88.94 89.54
92.12 92.07 91.76 93.1 94.64
94.79 96.19 95.16 96.05 96.67
97.45 97.04 97.99 97.94 97.99
98.02 98.42 98.43 98.02 97.26
95.27 94.02 92.09 86.73 87.85
91.68 95.34 96.61 97.46 98.03
98.22 98.2 98.41 98.41 98.63
97.93 95.1 96.43 97.74 98.32
98.18 97.82 97.89 97.44 93.91
94.1 94.56 91.79 94.44 96.55
95.15 95.08 96.14 96.45 96.26
97.44 95.38 96.1 96.95 97.36
98.25 97.98 98.33 97.21 95.73
94.43 97.14 98.33 98.62 98.33
98.37 97.83 96.93 95.24 93.42
93.45 93.67 92.84 93.61 96.78
97.84 98.26 98.62 98.35 98.38
96.58 97.36 97.82 98.1 98.09
98.27 98.34 98.43 98.65 98.59
98.35 98.47 98.59 98.1 97.77
97.88 97.18 95.59 94.72 95.91
94.77 92.17 93.11 94.15 91.16
88.72 92.01 93.55 89.32 89.62
94.01 92.75 89.76 93.38 95.6
94.17 90.72 88.74 85.55 86.07
85.17 81.55 80.74 81.48 75.34
74.32 67.84 68.19 64.43 65.78
67.91 62.77 58.67 53.57 53.63
48.94 47.87 37.46 34.72
