55.94 56.49 45.74 54.06 52.6
59.99 58.73 59.58 58.82 53.22
66.18 59.16 57.64 59.78 58.13
55.22 61.03 62.11 63.2 71.34
66.93 65.29 62.44 44.42 58.48
47.88 53.37 52.2 53.94 54.04
53.77 52.28 52.11 46.15 45.42
56.87 44.81 47.39 40.49 40.31
42.51 44.56 40.58 40.46 42.83
51.73 50.93 39.38 49.24 43.04
47.17 43.64 43.19 35.55 44.31
41.31 39.14 38.95 48.43 44.53
40.51 49.32 42.63 46.26 45.73
47.9 43.77 48.21 44.27 45.41
43.36 39.3 46.92 48.62 34.94
49.74 54.7 41.14 46.12 38.32
42.91 46.47 47.27 43.41 42.17
48.57 43.14 48.04 44.78 40.51
44.02 42.17 38.59 46.18 37.34
55.54 45.64 53.74 54.86 51.26
48.65 55.18 44.4 44.68 46.67
40.42 40.36 46.38 41.64 41.68
40.68 40.38 36.09 48.14 42.65
43.74 40.41 44.93 47.26 32.24
41.01 46.8 46.1 42.63 47.33
54.46 41.85 49 42.69 42.65
44.18 45 38.76 41.13 45.17
43.42 46.76 47.18 45.4 50.34
55.89 48.42 40.79 47.64 41.19
56.45 57.86 52.27 52.18 55.86
49.11 68.2 60.48 63.18 69.19
71.9 55.02 64.81 55.53 50.59
46.33 44.15 49.43 43.01 46.7
47.36 48.57 55.02 50.66 46.18
51.62 46.86 45.82 50.41 54.08
46.98 48.37 39.92 49.24 48.15
43 54.35 51.59 55.89 49.57
57.85 53 60.28 61.46 55.77
53.78 51.49 56.08 52.11 51.53
42.93 57.94 51.35 43.4 38.76
41.31 34.66 32.73 37.21 37.92
42.62 38.64 33.39 39.67 38.62
40.19 39.97 39.89 40.26 41.3
38.51 48.75 54.68 43.81 60.49
54.63 55.57 47.07 54.04 50.75
50.8 48.43 59.89 51.77 54.17
57.82 53.29 44.34 43.48 56.28
41.4 45.74 46.22 44.32 45.23
50.83 47.97 52.34 51.32
