58.6 75.83 78.27 82.62 85.53
88.11 90.28 92.07 92.76 94.85
94.56 93.49 93.01 95.68 94.81
95.37 96.48 95.49 94.36 94.03
94.47 91.68 88.6 88.32 85.57
82.68 83.65 82.29 83.91 71.39
58.24 62.28 66.72 76.04 90.95
91.85 94.54 95 94.56 94.85
94.43 92.95 88.48 86.67 83.6
80.68 83.68 83.4 83.9 85.19
89.45 92.37 95.5 95.95 97.02
96.93 96.88 95.99 94.18 93.7
92.1 93.27 92.7 88.96 89.24
92.07 93.85 95.38 97.05 97.25
97.43 97.48 97.25 93.82 91.54
90.62 94.25 93.68 95.99 96.52
96.63 96.96 96.37 96.16 95.71
94.69 89.3 86.58 88.29 86.78
90.56 95.02 93.35 94.15 92.33
91.02 91.75 93.59 96.26 96.8
96.81 96.66 96.29 95.61 97.18
97.11 95.84 96.21 97.24 95.84
96.41 97.31 97.62 96.15 96.62
97.33 96.13 94.53 96.07 96.59
94.3 93.65 95.53 95.49 94.45
94.28 95.25 95 94.53 93.98
93.28 93.26 91.7 88.84 91.49
92.12 93.06 93.95 94.4 94.94
94.84 95.38 95.23 94.38 95.19
93.13 91.9 91.7 87 87.29
89.05 83.21 84.18 91.24 94.66
94.94 95.37 95.03 94.09 87.55
85.19 83.29 83 82.59 82.54
83.22 80 85.34 90.41 93.22
95.45 96.04 96.71 96.37 95.95
94.65 95.41 94.13 94.62 93.79
93.37 90.65 90.04 91.04 87.41
84.71 82.57 82.23 81.06 68.2
65.67 55.39 57.88 60.39 58.85
63.12 73.56 81.87 87.91 90.18
94.27 94.89 96.61 96.49 97.29
96.29 95.33 92.35 88.23 83.27
85.02 85.35 87.9 92.8 96.33
96.24 97.07 95.98 95.49 92.6
92.26 89.07 87.12 86 90.77
90.55 87.85 88.79 90.29 86.57
86.95 82.85 84.98 84.75 88.98
92.02 95.9 95.31 95.89 96.22
93.53 89.05 87.22 92.61 95.18
96.24 95.84 95.56 97.52 97.17
96.12 96.99 97.64 96.96 96.84
96.81 96.49 96.62 95.04 93.18
94.36 93.86 91.17 90.64 92.01
91.96 92.06 92.58 93.36 95.29
95.8 95.6 97.42 97.62 97.84
97.84 98.01 97.55 96.94 96.84
95.75 95.27 88.84 92.01 95.92
97.65 97.83 97.84 97.64 95.96
92.99 92.37 92 95.53 95.25
97.79 98.42 98.61 98.37 98.22
97.22 95.52 94.3 93.38 92.81
94.81 96.54 97.39 98.34 98.28
98.42 98.19 98.09 96.68 91.21
79.47 83.49 92.08 93.81 91.35
92.17 96.23 97.69 98.31 98.31
98.46 98.44 97.99 97.03 95.52
94.14 93.72 93.16 91.3 88.46
91.15 91.47 93.72 95.32 96.65
97.33 97.31 97.69 97.41 94.36
92.3 95.92 95.59 96.92 96.72
95.13 95.46 97.19 96.72 96.55
97.69 97.97 97.71 96.93 97.58
97.17 96.85 95.48 96.81 97.4
96.69 94.91 95.77 97.67 97.33
97.04 96.49 97.15 96.3 95.51
95.23 94.61 93.48 92.06 89.53
81.55 81.59 79.99
