43.56 50.22 40.55 60.82 49.03
54 43.53 45.05 46.4 47.26
53.26 50.79 47.43 42.64 42.83
48.98 44.47 46.54 43.66 48.07
43.03 43.9 46.87 47.19 47.09
47.45 48.69 37.49 49.96 44.37
33.5 39.91 32.14 42.16 43.11
42.22 46.88 44.83 45.56 52.97
58.1 76.08 82.17 91.73 93.32
92.54 93.91 95.1 95.6 96.47
95.14 95.03 97.63 97.11 97.46
96.87 96.47 94.57 92.27 93.53
96.13 94.33 92.53 93.6 92.36
91.95 90.47 91.88 89.74 91.77
90.12 85.3 84.07 82.98 79.86
70.5 65.26 63.45 55.88 58.65
56.51 62.84 77.13 87.7 88.58
89.32 88.6 87.6 91.35 92.14
92.73 93.76 94.89 96.13 96.26
97.59 97.65 97.84 97.72 97.36
97.88 97.81 97.76 97.77 98.07
96.71 97.74 96.37 95.88 97.28
97.19 96.76 96.26 95.49 92.42
94.4 95.4 96.28 96.62 97.34
97.48 98.01 98.21 98.09 97.74
97.78 97.56 96.55 95.9 96.39
96.74 95.84 96.46 97.65 97.75
97.38 97.55 97.72 97.33 96.11
95.34 95.45 93.85 91.55 91.31
89.56 84.86 80.18 78.37 67.45
63.97 65.43 72.45 76.56 85.76
89.51 94.01 96.22 95.87 95.55
93.87 92.73 90.38 90.28 89.46
90.16 91.31 90.43 92.63 93.26
91.75 91.57 92.61 93.59 92.02
90.96 91.08 90.95 94.35 93.59
93.93 94.88 95.75 94.77 94.14
90.13 84.34 70.66 62.87 55.47
53.88 55.14 50.31 54.75 51.73
59.13 59.93 68.22 80.54 88.57
91.38 94.32 93.21 96.18 96.1
95.31 93.4 90.93 82.58 72.37
60.37 55.67 50.64 40.05 34.27
36.89 30.96 38.78 36.23 39.34
46.22 45.01 43.52 45.58 46.93
50.84 47.34 51.74 51.1 51.89
43.51 48.11 47.76 37.58
