43.59 50.54 47.05 44.08 46.27
42.98 44.93 42.17 49.34 40.68
44.81 43.47 43.45 48.04 38.6
43.76 37.13 45.51 32.94 37.67
34.67 40.1 34.95 41.9 35.01
47.65 38.21 45.21 36.93 48.57
46.04 48.24 44.26 42.97 37.03
41.24 39.01 42.31 43.46 34.45
44.24 33.79 37.42 34.92 41.44
33.76 41.92 33.88 39.33 33.18
44.92 39.03 40.54 42.17 52.8
49.2 39.46 52.54 49.28 44.11
40.16 50.53 42.41 36.95 46.11
39.56 39.69 44.75 53.42 46.9
38.2 39.47 45.13 40.9 41.43
48.76 37.42 42.02 40.05 40.69
40.2 39.13 34.5 31.72 35.32
34.21 40.03 35.55 42.76 44.09
36.62 34.96 37.53 44.74 48.7
46.13 42.73 43.25 37.32 42.23
41.84 42.5 43.71 43.14 48.24
44.26 46.1 42.08 37.33 43.23
38.38 42.67 42.01 37.61 40.77
41.61 39.55 41.49 38.07 43.57
36.58 41.06 35.72 37.7 35.95
39.94 34.97 41.33 35.76 38.29
38.75 36.89 39.73 38.8 42.56
40.05 45.85 46.19 47.01 44.5
41.02 39.31 37.36 41.82 46.51
44.76 45.97 45.22 44.03 41.47
46.83 46.14 47.73 49.97 43.32
48.41 45.11 43.61 42.23 39.28
44.84 54.04 45.15 51.28 49.84
45.16 47.45 45.94 44.33 38.76
34.52 36.76 39.3 38.62 40.91
41.33 44.92 45.04 44.07 42.75
43.26 43.49 44.8 40.36 39.51
50.9 45.2 41.34 38.1 42.86
42.77 46.8 46.8 45.14 48.09
39.28 38.79 41.43 46.46 41.67
45.7 43.68 38.03 43.61 34.83
37.82 37.2 43.41 35.96 41.75
43.89 45.99 39.34 44.93 37.88
43.72 43.02 41.07 40.58 41.12
46.89 37.01 57.24 45.39 44.05
47.07 42.38 41.2 46.95 42.45
46.36 43.15 40.45 42.24 53.79
53.01 37.1 44.54 35.37 40.13
37.56 39.37 41.4 36.23 39.91
52.29 40.3 41.42 39.56 39.97
40.36 43.28 37.68 39.96 43.81
41.44 42.08 46.19 45.46 48.79
41.08 43.75 50.31 44.08 47.93
46.84 44.27 44.18 50.55 41.15
43.47 39.91 41.61 37.14 38.94
38.19 46.45 40.63 36.96 37.02
36.76 38.57 40.11 37.01 37.88
42.03 38.62 40.92 40.79 38.51
49.69 42.25 40.08 40.71 44.65
44.91 37.17 42.66 41.79 43.43
43.64 38.3 44.83 39.77 44.79
38.6 44.86 43.1 40.55 40.77
44.69 43.7 43.66 45.6 41.88
42.84 39.47 40.53 35.34 37.53
41.06 47.36 51.22 41.7 50.89
48.25 47.62 41.61 42.04 42.35
41.33 51.02 42.13 44.77 55.18
47.02 47.06 50.16 51.26 37.45
39.64 42.04 51.67 42.14 42.88
41.78 40.03 37.39 42.91 43.46
42.36 40.85 40.86 40.69 41.78
41.01 50.32 44.65 45.07 40.46
40.27 41.87 42.72 38.65 38.01
33.5 42.11 39.06 35.08 39.04
37.94 38.63 38.88 36.4 38.57
36.66 41.9 35.66 40.15 38.29
39.61 36.68 33.8 40.12 39.33
40.92 41.98 40.68 37.33 36.2
43.1 36.38 40.63 30.07 40.09
36.44 41.33 38.06 35.08 38.46
46.97 47.83 54.8 48.99 67.84
68.07 75.99 70.65 74.43 77.53
82.56 77.02 75.09 75.23 75.58
64.58 60.08 57.84 51.35 40.3
44.23 34.15 33.75 33.69 39.94
32.39 34.42 37.74 34.27 40.4
39.86 38.96 44.32 39.26 35.33
41.07 41.19 42.19 40.77 40.76
40.64 40.22 36.58 41.98 34.61
40.26 32.63 35.95 35.08 31.21
30.08 33.15 36.63 35.03 39.07
39.66 38.06 37.16 35.15 39.62
42.34 39.98 40.15 38.33 39.74
37.49 42.88 43.98 40.8 40.84
40.4 31.7 37.52 38.35 45.24
41.42 42.2 46.17 43.24 50.11
50.47 49.09 51.17 39.85 41.15
53.87 43.43 46.33 46.35 49.69
50.99 43.81 47.33 39.82 44.61
34.94 41.27 44.19 43.35 40.8
46.26 44.94 51.18 43.05 47.18
43.35 44.58 46.25 43.01 45.05
37.3 35.28 38.1 39.73 37.99
43 46.76 35.85 50.07 38.85
52.64 46.57 50.3 47.18 40.57
45.49 46.6 43.33 44.96 47.62
39.73 41.82 51 46.19 56.26
58.27 44.78 55.05 41.16 49.64
46.61 45.73 47.88 46.27 59.83
52.66 61.34 56.92 65.62 58.73
68.11 60.85 63.72 61.94 57.16
54.67 49.63 43.81 45.54 40.36
50.29 46.15 46.53 57.67 56.12
58.6 62.9 65.23 68.42 65.87
67.67 67.75 67.13 60.09 63.74
65.23 59.08 53.99 47.6 55.17
52.42 52.48 55.75 60.06 55.2
69.11 76.72 72.07 73.39 67.06
67.37 67.57 55.95 58.75 56.01
49 52.03 50.39 57.41 63.55
82.52 85.44 88.57 89.21 91.44
93.25 95.19 94.83 95.04 95.4
94.22 95.38 94.86 93.55 93.25
92.29 88.34 83.84 84.47 82.97
76.73 67.55 62.46 64.71 69.77
78.12 79.96 80.78 84.06 83.92
88.3 84.18 83.28 81.86 79.47
77.3 75.64 68.08 60.79 59.71
56.26 51.22 52.86 49.12 50.81
53.35 54.93 52.16 65.24 66.41
64.54 56.62 62.98 64.83 67.23
65.02 71.99 66.48 64.44 66.62
64.96 60.57 63.34 62.75 53.27
54.03 49.56 52.06 40.55 42.21
46.67 43.33 35.85 36.06 40.96
42.23 36.92 38.89 34.41 36.18
35.05 37.89 38.59 49.4 48.16
57.55 55.49 59.71 67.78 72.17
77.67 83.57 90.18 91.29 88.53
87.36 88.61 90.05 89.83 85.96
87.66 84.27 73.68 66.26 59.68
60.7 54.2 49.23 52.35 47.41
40.82 47.65 40.04 40.59 40.89
42.59 39.79 37.48 38.98 37.24
39.76 39.02 41.7 35.06 42.26
42.02 49.17 38.54 52.92 36.32
46.39 41.06 38.25 41 38.46
38.78 38.16 42.59 46.71 47.52
46.28 47.44 42.33 42.82 45.99
44.1 45.42 44.18 44.62 41.28
36.75 34.56 32.02 30.72 34.5
37.65 38.12 44.12 38.35 37.56
43.49 38.12 40.71 40.68 47.55
46.2 45.85 43.2 42.86 48.14
45.73 46.99 42.42 43.73 42.87
38.43 39.55 38.62 35.89 39.2
31.57 35.47 42.08 37.77 37.83
34.27 41.85 39.45 37.56 40.62
41.62 43.15 39.27 47.11 44.47
37.9 31.62 36.73 36.21 38.14
39.51 45.06 44.72 39.29 44.24
40.05 43.18 36.6 38.51 37.85
38.69 35.39 40.81 39.48 39.31
36.16 41.79 40.99 52.61 41
42.01 43.94 36.84 43.12 41
39.46 53.55 43.89 39.1 44.95
44.24 46.06 54.03 48.79 44.46
55.12 59.4 55.39 46.44 49.83
61.06 45.32 46.01 43.33 57.54
47.31 44.68 54.35 49.23 50.24
54.19 58.99 48.41 47.17 44.55
46.4 49.77 50.02 47.14 55.08
49.21 44.78 36.1 38.84 36.41
36.47 42.01 38.54 41.25 41.59
43.39 38.76 38.98 40.6 41.78
42.3 41.52 48.07 44.9 47.03
43.33 36.76 42.04 38.41 54.06
53.89 61.48 47.45 45.89 50.13
55.23 53.46 50.73 43.23 42.88
43.28 45.44 44.78 47.02 44.49
41 46.94 44.15 36.81 50.19
47.87 43.07 41.76 44.08 49.54
49.51 49.72 49.95 51.37 46.14
49.98 45.08 40.28 43.02 37.27
