35.67 45.63 61.68 69.74 71.06
80.06 78.46 80.83 78.76 75.87
79.37 79.66 74.28 73.84 78.99
72.93 66.76 66.2 58.2 56.61
50.01 45.73 54.42 54.45 55.86
55.61 45.79 54.62 49.11 54.21
55.86 53.93 48.53 44.52 48.29
45.64 37.69 41.12 38.06 35.53
40.98 41.6 36.38 35.12 42.52
36.84 31.21 35.14 35.31 40.18
45.07 50.97 52.12 51.68 57.67
54.03 57.04 55.69 55.25 54.81
48.67 48.6 49.78 53.68 55.78
61.98 60.73 67.48 73 74.7
66.09 67.47 71.32 74.73 73.59
75.62 74.83 65.1 73.98 70.65
61.8 62.91 63.19 53.2 44.26
51.44 39.55 42.75 35.52 36.57
36.62 36.91 33.42 35.12 36.71
41.02 42.64 41.63 38.48 40.64
41.78 46.39 41.33 42.58 39.32
41.99 42.38 40.46 41.65 37.14
38.52 33.59 35.73 34.16 37.46
35.08 40.16 38.85 42.08 40.15
38.05 40.75 34.22 31.81 37.4
31.98 38.3 37.26 30.99 30.4
37.03 30.65 37.24 36.98 32.77
35.11 33.85 35.02 32.78 31.1
32.3 31.13 32.89 34.68 37.05
37.63 42.42 34.49 37.67 40.52
42.1 43.72 41.68 48.5 44.28
48.87 44.04 47.11 52.06 46.69
47.19 47.32 46.65 47.76 42.44
45.27 40.49 36.98 34.39 31.75
31.2 33.2 34.73 32.7 36.16
37.37 33.64 40.17 37.86 37.41
39.86 38.27 39.79 35.47 39.67
38.9 43.09 39.46 42.57 36.39
41.31 40.29 39.86 37.08 40.97
39.22 43.33 39.73 41.93 38.92
41.93 39.68 41.51 38.08 42.36
39.74 37.95 40.66 45.01 46.74
52.37 50.54 60.9 58.28 60.88
74.12 80.75 85.17 85.97 84.47
87.83 88.52 88.74 87.02 90.78
90.47 89.2 87.17 90.7 89.61
86.6 87.58 89.3 88.64 85.24
88.03 88.9 88.67 85.11 88.01
90.05 85.93 87.85 90.19 89.57
87.53 89.96 89.8 88.39 90.44
90.69 90.94 91.31 91.15 90.76
91.29 89.8 89.49 90.39 91.09
92.17 90.46 90.55 90.56 90.95
91.25 85.41 92.19 92.6 92.11
92.41 93.16 94.56 94.02 92.92
93.79 95.86 92.19 91.69 93.63
94.23 91.67 91.44 92.73 91.93
91.8 91.72 93.03 91.43 91.33
91.48 91.2 91.58 90.22 89.99
90.29 90.98 89.81 88.53 86.38
88.51 87.55 89.39 88.68 87.4
86.37 83.85 76.77 68.87 63.81
57.68 56.75 48.1 40.71 38.02
33.49 37.98 36.03 32.68 33.79
35.44 38.64 38.2 49.4 45.25
40.56 43.01 39.75 36.57 40.34
38.63 38.06 39.35 44.14 44.33
46.17 50.44 53.63 54.47 58.48
64.44 69.54 81.38 84.6 83.85
88.27 89.78 89.82 91.73 92.17
91.32 90.41 92.81 92.25 90.22
91.58 93.1 91.08 92.85 92.91
91.92 92.85 93.74 94.65 94.03
93.2 93.07 92 91.81 90.22
88.82 88.74 87.95 85.51 82.32
83.41 81.43 73.22 67.56 63.48
58.6 59.07 58.77 56.46 57.35
59.09 58.89 61.3 65.79 80.61
87.43 88.93 91.9 90.63 89.71
90.75 91.79 90.48 89.47 91.42
91.61 91.06 90.97 90.54 89.88
88.77 90.61 89.3 87.45 90.15
90.95 86.5 82.7 76.61 77.05
77.58 82.08 84.88 88.52 87.65
82.63 82.96 73.06 65.92 61.12
48.18 49.98 42.99 41.6 44.38
41.66 42.14 41.09 43.05 45.43
58.65 46.98 46.49 45.94 42.44
47.01 40.95 41.36 45.67 45.06
51.41 53.95 54.94 59.21 60.14
63.4 74.7 81.24 85.07 88.98
88.9 89.81 91.26 89.69 90.25
85.8 83.54 85.9 88.74 85.06
85.54 85.42 85.14 79.94 79.26
78.97 75.11 74.13 71.33 66.69
61.7 62.55 57.92 54.79 53.85
56.67 58.61 63.82 61.5 66.59
62.94 54 66.53 69.8 58.02
61.75 64.55 68.79 62.44 65.74
64.88 56.76 55.75 51.4 49.69
51.68 46.52 52.38 51.01 55.9
59.65 67.3 66.58 65.46 68.38
71.87 73.92 79.2 80.46 82.7
80.19 86.01 82.65 87.74 87.96
88.21 91.03 88.94 88.03 89.74
91.45 91.24 90.33 92.37 90.29
87.84 88.54 86.86 89.22 88.02
89.33 89.79 89.19 89.69 89.58
89.08 87.98 88.24 88.71 86.46
87.05 86.18 83.3 71.61 62.16
59.79 60.69 59.93 62.26 53.36
51.43 47.48 45.54 52.25 43.23
