38.27 35.21 34.37 33.9 46.88
34.89 36.29 31.76 31.92 33.96
30.43 32.13 32.1 37.24 31.84
35.71 38.15 36.04 37.44 38.16
37.75 40.94 43.55 37.07 40.12
43.91 40.94 44.42 39.64 40.04
35.55 41.94 40.39 39.48 43.28
40.7 44.63 42.75 50.18 52.43
53.76 60.3 61.08 67.34 66.62
64.03 60.83 63.85 68.56 59.97
58.63 56.71 55.23 55.25 54.93
64.98 83.58 87.94 91.05 93.75
95.17 94.36 93.47 92.1 91.9
90.86 92.05 94.19 95.06 95.06
95.63 97.42 97.48 97.87 97.23
97.14 95.49 93.85 93.86 94.48
93.49 93.54 91.96 92.48 89.11
88.06 88.57 84.41 82.21 81.58
84.12 83.9 85.11 88.37 91.47
92.03 93.29 93.14 94.51 94.98
96.02 97.37 97.4 97.46 97.24
97.87 98.02 97.96 97.35 97.66
97.84 97.05 96.28 97.29 96.81
94.96 95.32 94.61 96.42 95.55
96.5 98.09 97.97 98.11 96.75
91.33 91.67 96.13 97.5 97.82
96.85 96.45 95.98 97.2 98.13
98.26 98.09 98.42 98.55 98.26
98.17 98.2 97.19 96.83 96.47
92.92 90.98 95.81 94.44 96.34
98.11 97.69 97.92 97.55 98.09
96.92 97.22 97.35 97.36 97.81
97.78 97.32 97.88 97.37 97.59
97.9 98.3 97.74 97.72 97.89
96.91 98.03 96.24 96.63 96.81
97.36 98.2 97.67 97.84 97.21
97.94 97.64 97.5 96.83 96.14
96.48 97.47 95.54 94.69 94.35
93.72 93.4 94.12 95.52 95.88
97.97 97.99 97.99 98.09 97.95
98.23 98.24 98.02 97.75 98.17
98.07 97.03 97.04 97.18 95.77
95.95 91.12 89.35 96.3 97.47
98.06 97.52 97.42 96.08 96.41
94.85 95.04 94 94.19 96.51
96.25 96.46 97.84 96.81 97.93
97.87 98.06 97.71 97.58 96.68
97.19 97.2 94.25 95.92 96.16
97.14 97.33 97.96 97.72 97.82
95.8 94.54 91.34 87.15 82.51
80.77 74.59 74.2 79.45 80.33
79.65 85.16 85.15 89.37 92.04
92.16 94.66 94.75 95.27 95.57
96.47 97.3 97 97.21 97.18
97.41 96.94 97.37 97.28 97.66
96.45 95.92 96.11 95.86 95.69
93.36 89.52 81.51 79.84 75.97
79.51 84 84.59 91.06 93.19
95.4 97.11 96.64 97.15 95.75
95.17 97.02 96.03 96.2 96.94
97.5 97.01 96.44 93.84 90.69
82.95 84.45 85.31 86.2 82.72
85.75 86.83 87.16 87.13 91.29
93.72 93.42 95.5 96.71 97
95.76 96 95.17 96.04 95.9
96.02 93.76 92.76 90.08 84.75
81.23 78.16 78.91 82.47 89.53
93.4 96 97.13 97.02 96.67
96.48 96.19 97.1 96.84 95.92
95.7 96 94.84 94.74 95.88
96.43 95.68 95.65 95.35 96.14
94.84 94.47 94.18 94.17 92.49
92.02 91.54 89.99 88.94 88.45
82.82 80.4 78.89 76.39 75.52
79.02 76.54 75.92 76.41 78.12
79.12 80.6 81.42 81.24 81.64
84.92 82.35 72.91 61.81 45.87
45.88 41.91 37.06 31.42 33.36
34.44 28.06 30.9 32.03 28.06
27.49 30.48 31.6 27.35 29.09
24.89 30.46 28.42 30.43 32.96
31.2 31.4 31.14 30.71 32.27
30.19 34.61 31.47 28.52 31.68
26.07 33.57 29 34.45 28.45
31.15 31.52 32.19 28.24 31.99
32.12 29.52 30.26 32.64 34.75
33.28 32.91 34.11 35.44 31.54
34.25 29.37 34.19 27.84 29.97
30.83 29.68 31.6 30.09 32.57
28.49 32.36 31.54 31.16 33.1
29.3 32.22 32.18 34.38 32.99
37.51 34.01 36.09 36.5 33.96
32.79 36.35 37.11 34.82 37.66
32.8 34.3 35.66 32.14 37
37.39 36.8 35.94 41.12 37.97
34.45 38.94 38.17 51.02 55.56
59.5 71.12 72.82 77.44 76.06
81 78.55 79.34 78.65 83.29
84.3 85.23 87.19 86.71 87.59
88.88 85.31 85.76 87.96 86.7
89.16 91.24 93.91 95.19 97.09
97.84 98.25 98.49 98.13 98.42
98.27 98.23 97.87 96.75 93.94
94.54 94.42 95.63 97.25 96.11
96.32 96.45 96.26 95.49 93.7
94.88 91.66 88.57 87.92 91.15
95.29 96.48 97.61 97.11 97.11
98.07 98.45 97.94 98.05 98.37
98.27 97.78 97.99 98.12 97.24
96.18 96.93 94.93 94.96 94.35
93.43 90.21 89.56 91.65 91.5
93.99 93.41 94.18 96.52 96.1
97.64 98.2 98.31 98.51 98.21
98.09 97.46 97.38 96.7 94.89
95.11 95.6 97.18 97.63 98.15
98.12 98.56 98.54 98.62 98.36
98.39 97.81 96.36 94.24 90.41
90.88 92.27 93.23 96.52 96.38
96.96 98.26 98.26 98.38 98.33
98.53 98.56 98.46 98.41 98.55
98.42 98.16 97.9 96.8 97.25
96.95 96.37 96.06 94.21 92.22
92.81 89.9 86.33 89.11 96.21
97.19 97.73 96.4 94.1 97.31
97.5 97.6 97.45 96.99 95.64
93.1 83.68 77.3 71.21 74.25
79.21 89.61 91.29 92.22 89.13
68.24
