95.4 95.08 97.37 95.68 95.15
95.54 94.43 96.08 92.85 94.86
96.71 96.48 96.4 96.22 96.89
96.38 96.89 97.05 96.56 96.71
97.56 96.91 95.68 96.62 96.55
94.65 93.79 94.99 95.54 93.65
93.64 92.96 92.67 91.42 91.51
89.31 89.62 88.76 86.97 84.94
83.2 82.04 78.45 68.76 57.07
61.02 68.45 78.58 84.81 82.74
84.01 87.04 86.33 85.58 74.7
60.44 55.39 53.97 55.17 48.64
40.5 43.29 48.23 41.26 36.6
39.43 37.98 43.6 43.32 42.01
42.62 42.64 35.56 34.88 35.92
34.46 36.9 43.13 50.4 52.18
55.71 64.99 80.26 89.83 86.29
89.23 89.49 89.3 91.67 92.36
93.37 95.25 95.84 95.15 95.58
95.45 96.38 95.42 95.06 94.19
93.39 93.5 91.44 91.8 92.35
93.55 93.88 92.63 89.93 89.88
93.25 93.44 91.29 92.66 94.62
92.57 91.76 93.09 92.85 90.43
85.14 84.16 81.21 80.89 85.29
89.04 85.61 88.26 91.16 93.01
89.7 91.63 94.49 93.53 90.94
90.82 89.25 91.22 91.05 94.5
95.13 95.98 96.03 95.92 96.47
96.85 96.62 95.87 96.23 96.48
95.09 94.07 94.89 94 89.3
86.09 90.5 91.62 83.8 82.98
80.11 83.11 83.94 78.99 82.88
87.41 85.22 84.36 85.71 91.02
90.78 91.84 88.37 88 87.63
84.74 69.44 61.2 55.98 48.6
45.09 37.01 32.54
