42.67 44.82 42.7 45.78 47.31
55.21 45.81 52.94 51.04 46.4
39.35 46.44 43.86 43.3 40.81
45.81 41.05 42.96 48.17 40.77
40.09 42.33 36.08 43.46 37.32
38.59 33.81 37.62 39.91 31.79
38.01 30.54 36.96 33.46 35.89
30.09 33.28 36.12 40.3 51.42
73.18 82.42 81.62 76.06 79.34
83.07 85.72 88.73 88 90.99
89.93 90.11 90.52 89.01 90.01
89.44 88.45 90.41 89.15 85.55
86 85.49 84.08 81.4 81.28
75.55 73.82 73.48 68.89 67.98
69.39 69.26 73.96 78.12 78.9
80.82 80.81 83.15 86.64 88.84
89.37 88.87 88.64 89.68 90.71
88.53 89.09 87.73 90.43 89.68
90.25 90.38 90.35 88.26 88.17
86.92 85.46 85.34 81.46 84.98
86.95 85.91 86.85 89.1 89.69
85.54 87.13 88.88 83.97 80.26
82.52 78.54 61.74 56.88 48.02
40.74 31.76 33.11 34.7 38.68
41.99 42.27 38.19 39.22 32.68
43.96 39.99 38.19 40.94 38.49
44.74 40.53 38.81 39.03 37.65
36.19 39.69 38.68 37.51 28.1
33.66 31.06 34.26 34.76 29.62
33.64 37.75 36.44 40.66 35.59
36.45 40.76 40.67 37.77 37.27
36.39 38.12 40.48 41.61 40.21
44.79 35.45 45.25 38.57 46.28
36.98 36.82 40.31 39.67 47.27
48.79 36.19 41.93 47.8 45.32
49.85 46.18 50.11 51.81 48.28
49.83 48.07 44.52 59.51 50.01
49.9 55.08 50.57 41.05 38.75
51.39 47.2 56.15 54.38 49.45
50.32 35.1 50.98 40.65 41.64
43.03 44.26 47.25 51.33 44.43
63.15 81.74 94.11 96.36 96.84
96.13 95.57 96.72 95.44 93.48
94.43 94.9 91.9 89.33 84.61
82 79.86 76.9 83.25 89.49
93.71 96.46 94.85 96.52 96.02
95.85 94.52 95.1 95.77 96.84
97.99 98.03 97.7 97.73 95.86
94.82 96.84 96.84 95 96.28
97.29 94.84 93.92 95.57 95.45
92.87 91.38 91.89 91.92 90.5
91.01 93.19 95.09 97.36 98.21
97.8 97.92 97.81 98.22 98.03
96.86 98.22 97.71 97.79 98.09
97.97 96.73 96.72 97.61 97.52
98.08 98.01 97.11 97.66 95.64
96.18 96.75 96.57 97.73 98.3
98.54 98.28 98.16 97.2 95.37
96.66 95.23 93.31 92.37 93.03
91.8 80.49 71.24 59.09 37.17
