38.36 43.93 38.38 39.13 48.89
35.46 35.78 40.31 33.29 37.8
36.21 44.55 39.39 45.36 44.54
39.22 35.57 43.99 35.85 39.38
36.58 42.31 42.25 33.73 36.72
43.07 35.07 48.11 39.38 38.85
33.91 41.63 43.55 37.16 45.61
36.22 46.66 46.1 49.32 39.07
41.53 39.01 37.03 38.06 44.6
40.35 39.03 35.93 34.58 37.64
42.66 48.43 62.81 76.65 94.05
98.14 98.66 98.7 98.77 98.63
98.39 97.68 97.96 97.04 96.17
94.74 94.89 93.32 94.24 94.78
94.65 96.28 95.98 97.37 98.31
98.3 98.35 98.3 98.41 98.71
98.43 98.46 98.47 98.46 98.02
98.58 98.74 98.68 98.41 98.66
98.24 97.84 98.38 98.03 98.26
98.06 98.11 98.39 98.48 98.41
98.33 98.5 98.46 98.29 98.29
98.25 98.26 97.86 98.43 98.42
98.77 98.82 98.8 98.83 98.53
97.59 95.72 96.83 96.51 96.13
97.99 98.37 98.64 98.55 98.58
98.63 98.76 98.63 98.76 98.65
98.68 98.67 98.64 98.73 98.64
98.7 98.38 98.07 98.48 98.41
97.74 96.75 95.1 96.59 96.66
96.79 98.15 98.25 97.59 97.89
97.84 97.27 95.86 97.1 96.94
97.95 98.38 98.77 98.69 98.71
98.86 98.85 98.88 98.86 98.84
98.66 98.53 98.45 98.01 97.35
96.56 97.54 98.24 97.97 97.92
97.16 97.79 97.86 97.42 97.39
97.63 97.86 97.71 97.72 98.11
97.17 96.72 97.18 96.59 97.28
97.6 97.68 97.46 96.53 97.37
96.96 97.48 96.93 93.13 94.94
91.21 93.1 97.45 97.91 98.56
98.33 98.02 97.98 96.77 96.71
97.19 98.06 98.03 97.57 98.03
98.06 97.84 97.45 97.42 95.08
93.13 91.16 84.05 76.85 66.45
