36.49 46.39 37.95 53.83 54.3
46.91 52.61 46.44 38.07 52.02
43.66 37.23 38.77 47.83 37.25
45.91 37.93 41.71 39.23 40.94
45.46 41.05 41.25 41.21 42.34
44.2 42.28 38.63 45.79 36.02
40.62 39.37 36.85 41.88 40.48
41.32 40.91 47.01 36.76 50.52
40.32 42.7 36.93 33.65 37.17
32.11 42.72 36.08 34.37 35.89
40.72 52.44 59.03 67.73 87.69
91.38 93.2 94.4 95.94 98.03
97.18 96.38 93.85 90.86 91.47
90.83 86.75 84.22 74.68 74.24
79.79 87.15 91.72 94.24 95.9
96 97.49 96.99 97.3 96
94.75 95.03 94.17 94.78 96.49
97.4 97.28 97.32 95.05 95.14
92.91 91.64 91.77 91.61 87.54
85.81 89.38 88.89 85.99 84.69
87.17 86.8 85.2 88.48 90.25
90.98 91.15 93.62 94.89 94.92
94.76 95.09 94.33 95.59 95.36
97.47 97.03 98.08 97.76 97
96.01 96.98 96.92 97.91 97.41
97.04 94.75 94.26 93.83 93.26
93.71 94.94 96.73 96.66 97.96
97.29 96.74 95.7 94.06 91.23
86.68 87.97 89.42 87.98 82.34
82.29 82.41 86.38 82.96 83.64
84.03 87.02 91.36 93.36 95.16
97.61 96.97 94.66 96.62 98.01
96.59 96.37 98.05 98.37 98.2
98.23 98.6 98.51 98.34 98.11
98.08 98.05 97.21 96.52 95.54
95.64 94.87 94.85 94.29 93.58
91.89 90.56 94.16 89.04 83.48
82.69 92.22 94.51 94.48 93.82
92.55 88.42 90.63 90.07 95.39
97.45 97.21 97.49 92.86 84.64
86.35 74.43 73.87 77.88 81.38
79.78 81.37 68.09 77.69 77.19
78.83 79.28 79.05 77.1 75.28
79.04 74.18 72.45 82.63 88.79
90.95 94.49 93.91 95.51 95.9
94.28 92.36 90.69 91.02 87.53
87.9 86.8 86.21 85.27 87.93
94.43 95.45 95.09 96.64 98
97.92 97.17 98.04 98.15 97.39
96.15 97.69 97.49 94.05 94.72
95.95 93.24 89.28 88.75 91.67
95.73 95.24 88.86 85.09 83.46
85.43 85.25 91.31 93.63 92.78
93.7 96.32 96.08 96.19 96.59
96.81 95.65 95.92 96.45 95.65
96.73 94.64 95.96 95.73 97.49
98.12 98.22 98.27 98.53 98.28
98.31 98.55 98.55 97.92 98.24
98.38 98.3 98.01 97.2 95.62
95.57 94.51 96.38 97.28 94.67
95.56 97.61 96.28 96.61 98.19
98.21 97.48 98.14 97.75 98.4
98.13 98.14 97.3 95.78 95.33
89.93 90.48 92.16 94.88 97.13
96.69 97.34 97.84 96.75 93.42
92.18 89.77 85.92 86.69 88.06
90.34 93.34 94.27 94.76 95.32
96.02 96.48 95.95 97.3 97.12
96.32 95.41 96.03 96.7 97
95.4 95.76 96.43 96.38 94.95
96.1 96.23 95.02 93.01 93.92
93.61 94.03 96.61 97.08 96.76
97.58 96.7 97.29 97.27 96.92
95.4 95.94 94.91 90.51 86.95
74.34 68.35 58.33 52.42 42.32
37.81 32.31 30.01 34.59 30.02
35.66 35.83 34.76 32.02 37.48
33.54 36.43 33.38 33.07 34.71
34.33 38.19 32.38 38.04 38.32
43.18 38.78 35.69 40.71 39.63
42.5 41.39 38.42 48.15 48.28
43.04 49.54 42.06 45.43 35.66
42.33 39.17 37.37 40.75 35.9
38.87 34.92 36.82 36.29 31.9
35.79 31.43 39.48 36.61 41.05
38.77 38.36 44.85 37.37 44.72
42.33 47.46 42.33 45.42 36.04
39.66 39.89 43.2 44.28 40.94
48.14 39.86 40.68 40.69 39.34
40.27 37.35 35.59 35.53 36.46
38.29 32.17 36.47 35.17 35.4
40.78 37.71 37.19 36.87 37.49
32.15 34.29 38.1 38.13 40.29
41.27 37.16 41.12 41.23 41.14
39.41 43.21 43.26 42.84 45.16
49.81 43.13 42.81 37.79 51.91
40.74 42.38 44.51 44.13 40.33
41.58 39.07 45.14 44.22 38.07
36.42 36.52 36.03 33.25 35.58
33.76 36.73 35.76 34.96 39.33
34.57 36.98 38.22 36.15 35.39
34.33 28.68 29.9 32.18 32.36
37.49 35.97 38.12 35.65 35.61
36.84 38.49 39.83 37.96 38.07
40.13 41.09 37.91 36.42 37.4
37.88 37.03 38.3 37.71 38.89
38.44 38.59 41.96 38.84 41.78
41.98 39.63 41.64 39.9 41.38
39.25 41.9 41.7 39.2 47.62
39.75 48.78 42.95 52.05 47.16
43.46 44.87 42.27 44.16 47.92
41.64 44.97 43.51 40.48 41.79
42.17 46.96 38 44.67 39.35
33.78 51.47 37.14 38.58 41.47
37.46 42.47 39.73 38.51 39.47
39.92 41.29 46.41 45.32 42.69
42.51 42.31 40.18 51.03 45.78
42.35 41.25 39.97 46.52 41.51
38.12 42.05 37.46 40.38 35.47
39.84 40.01 33.94 43.76 37.17
40.92 41.3 38.81 36 43.38
38.17 34.11 40.22 38.04 33.39
34.36 36.89 33.06 34.81 38.2
33.1 35.54 37.18 37.55 37.47
37.48 36.83 35.75 32.32 34.22
37.03 36.85 39.68 42.88 45.45
47.81 42.18 46.12 48.43 41.62
42.33 38.13 36.9 41.49 39.69
39.89 41.05 39.72 38.12 38.09
38.24 35.63 37.19 38.07 32.9
40.04 44.83 44.33 32.75 40.54
45.74 42.36 33.74 41.04 36.64
38.85 38.05 35.84 35.31 43.3
39.23 39.7 33.2 39.48 40.01
42.08 38.75 42.58 43.16 41.45
42.01 41.38 39.89 39.1 41.75
36.8 37.93 40.03 42.16 36.81
45.99 41.56 44.49 43.19 45.95
41.77 45.25 50.43 54.95 69.67
85.32 89.49 89.3 84.78 75.33
69 74.71 71.7 78.5 79.64
80.11 84.33 88.41 90.53 91.78
91.83 92.42 93.47 94.09 94.89
96.08 96.27 97.13 96.76 97.32
97.41 98.02 97.7 97.75 97.88
97.32 97.54 96.44 96.4 96.99
97.01 97.18 96.36 95.07 91.92
92.66 92.91 95.67 95.23 97.18
96.64 97.47 96.96 96.62 92.42
88.76 86.14 83.54 81.55 78.52
87.25 92.56 93.75 94.57 94.6
94.16 95.04 94.7 95.1 92.15
90.55 84.33 70.68 71.8 71.16
79.82 89.04 91.94 91.89 94.22
91.17 91.77 89.23 90.75 90.01
89.84 86.59 85.15 84.07 84.02
88.39 91.2 87.18 89.61 93.92
93.35 89.81 93.2 95.36 92.94
92.74 95.56 94.8 93.91 91.39
