29.57 39.06 41.53 49.61 43.82
35.27 33.22 40.18 42.26 39.08
34.69 35.43 36.47 34.07 34.81
35.39 33.44 35.05 35.81 33.88
42.34 34.86 30.85 32.92 32.23
30.88 31.2 32.94 33.71 33.55
32.53 41.3 33.79 28.46 41
32.56 34.51 30.95 40.02 37.66
29.67 33.57 33.39 36.25 42.87
37.02 42.97 38.43 34.87 50.64
32.03 47.37 34.8 45.32 36.14
30.95 29.02 33.66 27.83 29.06
27.59 31.79 32.31 38.79 35.42
32.78 31.65 29.9 37.29 29.2
31.73 34.37 36.43 39.43 39.07
31.72 28.32 31.63 28.07 29.68
35.61 36.51 32.72 34.52 28.63
29.88 29.97 35.45 27.96 43.37
35.66 31.15 50.02 34.92 33.54
33.98 43.74 35.78 28.54 28.78
31.23 36.73 33.23 30.05 31.49
27.72 45.87 25.06 26.74 24.93
28.16 28.27 30.07 24.71 25.13
25.07 25.57 32.36 33.65 30.41
37.99 34.15 30.44 37.93 37.18
29.54 34.17 33.93 36.24 35.02
37.13 31.51 39.36 36.09 33.59
35.8 33.07 33.39 33.5 31.86
34.67 30.79 28.79 28.57 24.86
24.87 26.39 30.87 33.35 33.51
30.7 32.3 31.92 30.44 29.61
31.34 28.96 28.3 34.28 33.35
28.59 28.16 28.15 31.81 35.58
26.42 26.98 27.16 27.79 28.87
28.2 37.33 32.04 35.96 35.24
35.85 33.17 27.36 29.61 31.68
25.49 33.53 26.32 29.68 27.98
37.13 30.83 34.94 36.11 33.67
32.55 38.67 33.78 36.01 35.99
31.63 36.57 37.93 31.72 33.63
37.09 32.22 33.21 34 29.02
28.9 29.7 28.97 28.52 29.86
31.52 40.81 32.47 32.7 28.68
35.89 34.96 29.39 36.98 28.33
32.73 33.59 28.95 31.51 36.2
31.5 30.93 27.24 28.67 32.38
35.09 32.52 30.49 33.64 42.6
38.19 31.05 29.2 33.06 27.62
28.66 28.51 26.71 31.08 31.79
29.56 30.36 31.31 29.63 31.34
30.62 33.2 29.41 31.03 29.76
29.07 34.6 30.26 27.72 27.95
29.65 27.49 33.9 30.44 31.53
27.43 33.06 25.9 40.38 23.53
27.07 26.15 26.47 26.92 30.23
34.67 38.88 34.78 34.46 29.81
28.84 26.17 24.42 26.41 26.48
24.56 25.94 28.94 31.66 28.36
28.23 35.96 28.84 32.58 29.1
29.92 30.43 29.2 27.52 33.61
27.72 29.06 33.52 29.07 32.14
37.88 35.23 43.29 32.75 33.89
27.43 34.61 35.67 29.35 25.19
29.84 33.76 29.86 31.71 37.65
26.65 28.06 27.6 32.04 34.98
33.58 39.35 44.82 35.57 44.01
36.93 44.29 34.56 33.04 35.07
36.37 35.73 39.52 46.34 39.04
35.69 36.8 33.86 30.99 29.81
28.71 35.29 31.63 26.76 28.68
30.37 27.76 29.1 31.14 44.56
33.44 32.25 31.57 31.78 27.67
29.57 29.79 30.01 32.13 39.19
32.22 32.36 29.78 24.5 26.21
30.65 27.61 29.25 25.99 28.68
33.59 28.19 34.98 25.74 26.97
26.45 31.49 28.15 35.67 32.19
30.85 33.27 37.14 35.92 34.29
32.82 37.98 30.98 24.71 42.94
29.26 33.82 33.1 31.43 28.45
33.24 29.96 28.05 31.35 27.6
39.19 32.12 27.91 36.52 27.84
30.45 28.09 26.75 25.55 28.8
25.76 30.08 27.24 26.83 30.76
31.08 33.34 35.33 31.06 30.78
27.64 33.64 31.9 31.83 29.79
37.91 27.31 26.15 28.53 30.97
40 29.71 34.81 30.48 30.38
30.26 33.33 25.52 33.28 26.51
35.5 30.41 31.11 30.94 30.99
32.31 33.1 33.61 36.5 36.21
34.14 31.37 30.69 26.42 25.98
31.66 26.17 37.5 38.99 36.2
35.36 34.61 33.12 27.61 30.05
33.36 28.18 31.39 30.94 28.61
33.41 28.13 28.65 29.43 27.65
34.77 38.51 31.97 32.85 30.39
26.45 35.34 28.46 33.29 33.34
34.54 37.92 42.5 36.36 37.42
38.38 36.39 30.6 29.32 29.21
32.78 32.95 37.18 39.52 33.21
25.16 26.58 26.57 27.4 33.5
35.59 26.39 33.99 30.14 29.39
28.26 27.88 23.95 26.73 26.2
25.96 33.09 27.82 23.81 26.78
28.11 29.46 34.52 33.07 33.29
31.93 38.66 32.27 31.39 43.07
33.84 31.58 30.16 32.53 33.06
32.09 33.23 36.1 31.48 27.98
28.05 30.33 31.65 30.15 30.18
26.53 27.19 26.41 26.66 32.47
30.21 32.38 39.81 26.17 35.23
28.01 27.79 32.67 29.44 35.2
34.44 30.67 27.23 28.71 27.21
29.76 29.08 33.42 31.41 29.13
30.24 30.03 35.42 32.69 25.51
27.54 41.27 40.71 26.99 31.49
28.59 36.79 27.46 27.4 32.09
33.46 30.63 34.32 29.46 32.95
36.38 39.03 34.64 40.22 38.7
41.09 37.52 40.02 33.95 31.56
33.24 29.89 38.2 34.67 31.34
32.96 34.78 36.1 35.06 34.69
29.43 30.13 35.49 32.38 37.89
31.01 33.06 35.08 36.38 30.21
34.49 37.58 31.71 34.77 33.48
40.7 40.21 40.47 40.89 34.66
49.65 35.98 29.68 33.77 34.18
28.32 33.05 35.68 33.96 31.98
32.26 30.7 26.72 26.62 30.23
38.51 30.87 30.9 33.59 35.46
38.42 38.95 40.36 33.89 34.29
31.62 25.48 25.29 25.31 26.08
24.74 28.49 29.21 29.22 30.23
28.28 36.58 30.36 33 39.99
36.35 32.53 29.8 28.38 31.49
39.83 30.9 27.13 27.88 27.56
27.9 31.62 33 30.32 26.95
43.19 35.64 33.77 31.16 30.57
36.6 36.78 40.33 34.48 32.4
36.74 34.08 35.74 36.4 30.91
31.59 38.09 30.01 37.07 30.15
35.13 31.25 31.77 28.3 30.74
33.3 31.97 30.86 28.63 28.42
32.27 32.62 29.01 29.44 28.15
25.35 28.54 25.99 29.6 28.63
35.88 28.49 30.72 37.89 39.59
29.7 37.19 36.31 35.42 33.96
32.48 32.09 39.62 35.84 36.33
34.83 31.01 34.96 32.76 31.27
38.96 35.1 35.56 38.46 37.06
34.69 27.93 26.18 29.84 24.71
26.25 27.88 31.4 32.62 31.21
32.36 29.04 29.78 35.79 38.59
34.91 41.66 40.63 36.74 41.3
28.92 39.81 29.19 27.96 31.98
30.97 29.65 28.6 33.58 38.91
33.22 31.94 37.82 39.93 26.12
28.13 39.09 35.39 31.56 31.8
30.62 28.54 39.6 29.18 33.07
28.93 31.03 29.68 35.12 30.54
31.36 35.85 31.8 31.98 29.84
33.42 28.2 33.39 32.89 29.69
28.96 32.56 26.45 36.97 33.31
30.32 35.09 36.47 35.81 28.45
32.33 29.04 35.02 27.63 32.55
33.43 28.59 30.62 28.09 24.67
33.44 26.08 25.62 36.04 41.13
28.91 42.4 33.83 33.31 30.27
29.59 30.18 32.95 31.62 36.56
34.26 26.48 35.15 30.14 33.03
32.97 33.67 43.37 31.67 33.3
28.52 30.72 31.84 32.83 36.26
32.61 39.52 32.68 31.52 29.68
33.22 25.68 25.56 33.68 28.55
37.88 28.71 41.99 31.89 29.93
41.86 35.43 39.52 36.36 32.54
28.18 38.57 26.66 26.94 28.67
30.91 32.64 34.78 30.54 33.37
30.07 28.78 31.87 39.11 27.52
45.94 41.53 30.74 36.74 36.1
32.75 35.05 30.64 35.51 27.54
25.18 38.68 29.36 33.51 32.4
36.3 32.15 34.8 28.66 40.68
31.34 34.43 35.2 36.54 49.11
50.83 48.52 50.75 53.73 57.27
59.73 67.87 59.79 65.13 72.8
69.93 73.46 59.13 62.99 51.25
48.42 48.73 47.81 41 35.04
30.1 31.66 33.85 24.77 26.31
27.82 27.09 29.47 26.78 28.28
23.67 30.1 30.56 28.1 27.12
26.2 30.29 28.64 33.85 25.16
27.23 29.5 31.98 28.5 41.58
34.18 33.61 38.82 35.46 47.51
35.32 33.41 37.42 31.89 36.01
39.28 30.35 42.32 31.69 38.16
30.71 44.26 31.1 32.06 28.76
40.46 40.93 27.23 27.81 26.26
39.03 37.84 30.23 35.86 28.54
39.84 38.31 31.31 29.64 28.29
34.99 29.13 40.27 42.42 32.52
29.45 38.16 31.58 34.89 43.57
24.88 37.94 25.15 30.1 26.28
38.74 31.38 28.38 26.91 36.66
38.47 35.19 39.28 29.72 25.31
27.6 29.52 22.9 29.92 30.41
26.24 24.78 30.86 25.55 28.51
25.44 27.36 26.48 26.26 28.23
28.32 30.04 30.21 37.38 31.52
29.77 29.79 28.46 33.7 23.96
25.94 24.44 24.28 25.09 24.39
28.56 23.89 23.64 25.32 26.11
27.84 25.57 31.78 32.87 33.11
30.36 32.08 26.17 40.98 34.55
32.89 31.99 34.32 32.72 34.44
34.66 35.56 30.31 33.12 34.02
31.09 26.94 39.12 37 27.76
24.7 25.34 27.19 40.17 24.66
28.8 28.3 31.77 32.88 27.44
29.32 26.18 27.82 25.54 24.45
28.95 23.51 25.62 28.68 27.66
37.34 28 32.72 49.54 34.98
42.16 50.37 35.9 41.49 43.14
32.24 38.21 41.13 35.11 25.29
29.89 20.89 27.08 23.23 28.45
30.08 33.83 44.16 32.34 35.5
31.96 32.49 41.66 38.98 28.29
24.08 32.35 26.38 26.36 30.19
27.16 28.08 29.43 32.47 30.45
29.41 25.77 29.13 26.2 29.05
27.23 28.05 27.33 32.65 28.06
42.86 32.04 39.21 27.73 35.99
22.52 37.15 26.04 23.97 24.27
28.55 41.53 25.14 26.14 28.99
26.96 29.57 30.82 41.64 32.67
39.37 33.34 31.41 33.75 32.15
30.73 30.92 28.64 24.92 31.2
27.31 29.59 28.9 29.69 28.92
26.26 27.75 29.49 36.76 25.55
35.74 27.77 27.08 28.48 26.98
29.48 37.57 37.76 28.38 30.87
30.17 24.43 23.51 26 26.59
28.16 28.97 28.3 29.54 30.77
26.55 22.69 26.22 37.18 31.38
27.12 33.44 29.42 32.02 37.4
24.01 25.61 27.27 28.13 27
23.94 26.2 24.33 27.37 25.45
34.17 26.22 25.67 32.53 24.56
28.97 27.56 35.39 25.58 25.83
30.24 31.72 30.8 26.84 25.86
28.17 23.53 24.44 25.63 24.21
25.01 28.73 32.19 28.49 33.65
30.91 28.12 28.65 28.08 27.95
26.56 26.09 24.99 24.34 20.93
23.62 26.02 34.69 36.4 23.63
24.43 31.95 26.11 39.99 33.39
27.09 28.29 30.58 42.96 31.39
32.47 31.76 31.05 31.79 33.01
28.79 29.52 30.69 34.26 31.07
34.79 32.66 32.98 34.22 35.32
28.41 31.8 29.64 40.09 37.62
28.91 37.33 26.61 37.14 37.4
29.73 28.89 30.63 30.43 36.84
32.86 23.92 26.74 35.13 29.26
29.66 34.24 26.18 28.42 30.1
28.75 40 32.94 43.33 46.77
49.32 48.07 52.47 59.65 52.56
62.38 56.95 56.2 54.71 57.19
54.21 42.45 46.12 39.75 39.08
32.42 28.11 28.43 30.8 31.68
36.74 27.83 26.65 31.87 29.47
28.75 31.86 32.22 35.78 31.72
46.35 46.57 53.94 43.08 53.68
54.38 66.72 55.54 53.83 49.93
42.02 35.29 39.09 43.34 39.21
35.24 35.03 29.03 28.05 32.14
29.43 28.3 28.44 29.24 24.44
31.93 31.83 25.03 36.76 35.17
27.14 32.4 27.11 39.59 26.17
26.67 28.65 34.12 25.77 31.03
29.22 30.38 29.46 31.11 28.51
33.55 28.97 27.99 32.58 37.8
28.08 28.31 30.06 38.94 31.75
31.08 33.49 32.4 36.73 34.53
37.13 45.63 37.5 41.7 49.86
52.74 62.17 61.73 64.7 67.91
77.98 76.4 77.51 79.21 81.92
87.4 84.17 89.73 86 87.35
91.46 86.92 91.59 94.55 86.36
92.52 89.87 90.74 90.21 87.84
86.57 80.21 86.03 83.51 77.7
74.43 74.38 62.81 60.46 47.93
39.86 49.06 36.46 36.28 36.13
37.06 27.74 30.17 34.15 29.21
39.04 28.34 40.14 34.8 36.47
43.21 33.84 42.05 32.37 31.62
46.01 33.1 30.65 33.79 26.22
28.29 29.14 27.14 29.04 27.34
32.05 26.77 30.91 25.56 34.33
34.41 28.56 36.16 30.33 37.17
30.89 33.3 29.15 37.02 39.42
29.44 36.88 33.98 30.06 32.16
32.64 31.15 31.22 30.39 31.21
33.15 27.27 25.92 25.2 28.93
26.12 26.96 28.05 30.33 29.07
28.57 30.45 28.94 39.38 31.02
33.98 32.56 35.81 37.2 42.11
34.24 29.23 37.78 25.69 31.51
26.34 34.98 36.46 46.24 29.61
40.33 23.14 36 32.17 27.85
32.02 32.01 29.3 24.52 34.59
30.2 29.31 29.3 29.27 26.89
34.7 34.04 35.3 26.94 38.02
29.07 36.94 29.59 34.49 35.02
33.47 38.54 29.02 30.99 23.29
39.27 24.97 27.19 35.81 37.95
44.72 35.12 28.09 34.6 34.11
36.21 37.09 29.91 37.99 34.08
36.35 35.56 35.49 26.47 37.05
34.64 41.48 32.5 33.08 38.22
36.77 39.16 46.74 49.7 39.44
32.43 34.57 26.96 44.22 28.13
33.69 29.06 30.81 27.12 31.79
32.15 34.2 34.23 34.56 33.23
27.85 40.23 28.02 32 27.1
30.59 32.79 36.58 30.69 32.25
36.03 30.04 22.04 37.6 25.7
25.23 33.99 24.26 28.96 29.77
29.75 29.78 34.08 31.58 32.64
37.14 36.59 36.22 44.76 45.6
33.3 31.3 29.49 26.56 26.74
27.69 27.02 31.53 32.96 32.02
29.99 28.46 45.16 42.59 35.95
32.76 33.86 32.86 31.49 31.72
29.21 26.44 31.3 29.95 30.11
28.35 27.81 28.59 29.69 29.61
26.49 40.16 29.13 42.36 27.91
33.24 31.47 32.1 31.94 36.21
43.8 33.6 31.07 38.3 35.07
29.82 35.81 35.37 35.57 35
34.65 28.03 34.32 35.93 35.9
32.94 30.17 28.57 28.84 33.93
29.43 28.32 39.5 43.54 30.07
36.95 35.1 28.14 31.95 30.22
38.61 29.84 28.19 37.9 37.08
38.33 33.96 43.41 34.8 42.58
43.07 38.77 36.81 33.41 33.52
35.53 42.16 35.92 36.37 35.16
41.39 41.86 35.28 36.49 33.33
35.25 34.95 35.06 35.18 38.14
34.55 34.48 34.88 34.12 34.66
33 31.46 36.17 30.62 30.65
29.8 40.29 29.62 32.12 31.28
47.58 30.65 31.37 29.01 31.61
30.97 29.45 29.32 36.05 29.25
28.51 28.13 28.76 27.04 26.3
29.92 25.97 29.02 36.18 34.76
31.2 33.07 29.49 31.42 28.22
34.8 29.89 35.52 35.8 33.91
39.15 40.32 33.55 37.73 34.08
38.27 35.46 29.88 36.34 27.38
33.63 37.53 35.6 35.41 29.58
31.35 30.39 28.83 26.87 29.17
29.5 24.82 24.55 28.61 34.72
27.56 31.12 26.61 34.45 34.19
36.41 35.24 35.55 33.54 38.68
35.38 34.41 34.65 33.58 33.85
32.71 31.33 33.1 34.36 38.37
39.62 40.15 40.92 42.07 35.17
32.58 35.29 29.37 47.47 43.63
42.77 46.69 45.76 38.26 40.09
36.32 37.91 34.04 42.67 42.86
38.69 40.73 44.17 45.03 42.27
37.46 33.21 41.15 27.82 33.51
29.41 31.19 30.78 28.75 29.82
29.41 30.45 30.19 30.59 31.88
30.96 31.39 33.17 31.94 37.89
26.38 39.47 41.97 38.18 43.25
44.73 42.64 46.55 49.87 48.22
49.89 66.09 81.38 85.74 89.33
89.64 89.09 85.54 83.58 88.88
88.36 90.7 90.98 93.77 94.96
95.13 94.98 92.83 91.25 86.94
80.55 84.5 83.48 91.2 94.41
94.26 93.97 93.91 94.42 94.75
92.16 89.85 86.92 83.81 78.05
78.31 83.42 90.15 93.92 93.19
93.7 93.11 92.72 88.97 82.57
87.44 81.72 82.7 83.86 87
89.82 90.21 93.33 92.49 93.85
92.8 91.96 91.81 92.13 91.45
89.08 88.36 92 92.9 94.27
94.59 94.05 93 93.4 86.39
87.71 87.86 84.77 85.92 91.96
90.82 91.72 91.28 94.49 95.26
95.67 94.68 94.85 91.88 83.61
83.23 78.34 81.18 83.97 86.55
91.91 94.64 95.29 95.47 95.05
95.25 94.86 92.3 81.69 67.76
53.81 42.42 46.43 42.56 39.64
51.5 55.34 57.75 63 79.74
88.89 92.11 93.96 94.66 95.34
94.69 93.43 89.74 89.21 91.64
92.08 90.31 92.78 92.93 92.39
92.5 91.43 92.58 94.34 94.61
95.39 94.82 91.35 87.27 82
86.86 80.93 68.82 57.51 43.91
38.47 32.36 34.49 27.59 38.76
34.14 37.89 36.22 33.11 32.18
29.75 29.85 26.57 33.41 33.7
30.79 32.21 31.89 26.51 23.31
24.29 25.75 24.25 25.7 38.14
36.84 27.49 27.86 30.91 30.47
23.65 38.61 26.39 28.83 32.12
37.99 29.38 32.26 27.81 35.36
33.69 42.19 26.02 36.58 29.8
31.52 41.64 41.58 29.14 35.49
36.03 28.15 34.66 36.81 34.37
28.82 36.1 31.42 34.27 34
34.1 29.33 31.39 36.86 32.18
25.77 26.13 26.85 33.71 31.6
35.41 28.82 32.51 26.27 25.29
25.38 34.29 31.72 32.69 31.04
31.85 28.56 31.11 43.18 36.25
29.93 29.2 25.74 24.18 26.09
31.4 29.42 30.1 30.6 31.79
31.3 33.48 32.53 29.56 31.57
34.3 33.03 31.04 29.44 34.67
27.53 34.75 31.78 28.72 26.21
28.14 39.12 29.73 29.02 32.16
34.32 29.84 32.1 31.21 35.01
32.83 33.03 31.55 37.03 40.67
31.76 31.52 29.17 35.07 29.74
34.02 25.75 36.9 37.45 27.53
33.19 40.19 35.22 31.47 27.56
26.47 32.04 33.12 24.55 27.79
29.67 25.04 35.64 27.07 37.4
29.19 28.59 33.12 29.27 28.17
26.79 34.97 28.17 22.48 25.33
27.46 28.29 27.04 29.9 38.83
31.68 34.63 39.59 33.75 37.5
41.43 39.75 41.56 38.64 32.09
31.57 35.7 27.54 29.09 30.61
25.68 27.85 30.14 32.99 31.29
25.13 32.32 37.01 37.05 35.92
34.92 33.03 35.62 35.79 38.88
44.16 32.37 35.86 30.59 37.07
38.35 48.76 33.1 32.49 41.98
26.22 45.82 30.12 33.77 31.36
37.02 37.16 32.36 28 35.37
34.22 33.21 39.91 38.17 38.2
37.9 34.86 31.11 38.7 29.63
34.98 25.39 26.38 29.3 41.67
27.64 32.1 25.88 32.58 32.93
24.6 29.16 25.33 23.48 32.03
32.97 36.46 34.42 38.64 38.95
39.56 45.14 39.18 37.86 34.46
34.59 40.41 35.16 35.54 39.97
28.92 40.76 29.49 32.24 32.06
33.14 34.66 33.95 29.24 31.08
33.59 31.64 31.1 33.08 32.14
31.39 39.17 45.51 48.77 34.35
26.57 31.95 30.87 31.16 27.84
32.53 29.35 27.83 27.03 30.9
29.17 39.51 41.29 37.27 36.83
43.88 31.42 36.09 31.7 36.88
34.87 36.95 44.37 38.62 41.44
34.49 38.21 34.08 33.3 31.61
31.99 29.28 28.65 27.35 26.23
26.85 26.7 34.24 25.51 25.89
26.76 27.83 27.08 29.37 30.2
29.14 30.86 33.71 29.52 27.9
29.09 30.14 31.51 31.77 31.37
33.36 31.76 33.28 34.19 36.64
31.14 31.13 36.49 33.64 36.21
37.84 37.53 34.7 33.68 38.71
32.2 39.95 45.48 34.13 33.32
31.36 34.26 31.17 31.55 31.77
41.28 39.9 38.55 27.96 34.46
35.45 31.77 28.37 36.89 26.48
33.97 37.62 35.52 34.23 33.73
33.87 33.05 29.95 40.59 30.74
35.47 34.37 34.08 33.32 35.55
29.86 31.09 30.24 28.28 31.63
35.88 35.58 36.07 39.33 35.72
38 34.28 36.3 33.43 39.47
32.75 41.75 30.84 31.79 33.9
35.74 32.31 41.85 32.85 34.33
37.08 36.04 31.54 28.88 29.75
26.11 26.24 26.88 35.16 28.07
36.77 35.95 28.67 30.79 29.15
39.68 45.42 32.37 30.36 30.03
36.89 36.19 39.74 46.64 47.84
53.61 58.95 64.23 67.78 60.34
60.29 63.59 68.05 66.19 61
58.68 72.26 87.89 94.29 94.63
95.81 94.05 91.67 90.74 91.49
88.06 83.86 70.81 53.91 59.64
55.78 47.83 53.95 53.22 60.01
73.42 89.72 92.64 94.82 96.21
96.33 96.79 96.59 95.34 92.54
89.23 89.21 92.45 94.61 96.59
96.67 96.59 96.39 97.46 96.7
95.92 94.44 93.98 88.17 75.93
66.51 65.18 74.37 73.74 75.39
85.17 89.14 93.37 95.2 96.64
97.46 97.6 96.76 96.28 96.41
95.36 94.72 90.48 83.01 86.56
86.48 90.13 94.42 95.9 96.92
97.23 97.39 96.84 96.7 96.35
95.34 93.98 92.89 90.87 91.42
91.37 87.47 81.69 83.58 84.36
80.68 68.3 73.76 79.18 85.19
85.25 90.72 93.77 95.24 95.64
95.53 95.47 93.44 94.99 95.4
95.01 95.69 94.49 94.11 94.83
93.33 92.5 94.05 91.41 92.51
95.06 94.43 94.47 95.15 94.54
93.48 91.24 91.65 91.25 92.35
91.27 90.84 88.04 84.62 83.9
80.21 53.98 59.5 45.52 52.76
58.9 65.75 75.67 88.87 92.98
94.51 94.81 94.74 93.06 93.99
94.75 95.24 94.19 91.12 91.37
90.27 89.87 90.39 91.95 92.06
90.42 87.29 85.8 86.24 86.36
84.74 81.36 69.25 56.89
