35.19 33.2 35.14 36.15 34.92
33.92 34.41 34.46 35.85 38.13
43.15 42.19 44.04 44.09 45.58
48.22 45.87 48.01 46.99 45.73
48.05 45.85 42.8 45.89 44.5
47.02 38.82 37.12 37.6 33.19
35.11 27.85 29.99 27.9 27.78
28.71 25.37 29.43 30.04 28.92
29.28 27.97 29.94 29.21 35.35
40.16 49.76 64.42 67.9 69.65
65.23 66.36 66.28 70.32 74.4
65.68 63.32 75.27 65.81 65.29
76.01 75.21 72.97 63.97 77.43
78.92 65.17 66.01 80.81 76.77
75.65 79.29 81.76 78.19 75.42
80.5 77.31 74.91 74.99 75.43
76.14 73.19 69 70.99 73.59
68.01 54.21 54.2 55.62 63.98
68.38 76.02 76.93 75.87 80.55
82.58 79.47 79.19 81.65 77.31
71.22 64.46 55.21 49.23 51.49
46.44 42.74 43.7 43.39 37.21
34.45 31.34 34.15 31.69 25.14
32.17 31.52 34.53 36.33 37.37
38.91 40.13 37.68 44.89 37.73
42.9 39.53 31.04 37.04 39.15
25.35 36.33 31.47 38.23 30.16
29.52 33.07 30.66 31.86 30.4
27 28.31 24.17 29.92 30.06
25.83 26.55 26.99 27 27.25
25.15 29.09 31.53 28.19 29.78
36.96 34.4 35.91 40.56 36.47
33.8 33.14 33.23 32.44 30.1
29.01 32.17 34.56 38.16 31.97
40.22 36.67 33.94 32 33.62
29.79 32.88 34.97 33.16 35.8
40.05 37.29 37.47 42.31 46.51
39.14 37.4 36.98 37.62 30.5
31.85 36.28 29.51 34.07 39.13
39.85 51.67 65.04 78.04 85.88
86.45 86.57 83.65 90.03 92.79
91.71 89.56 91.6 92.14 92.08
92.03 93.13 93.12 91.8 92.01
92.03 92.79 89.32 87.92 90.07
89.9 87.5 87.03 87.27 86.6
88.49 87.56 89.49 92.48 91.48
92.8 93.6 92.16 93.98 93.32
93.25 91.47 91.52 89.93 86.36
87.16 86.21 80.32 77.68 77.23
76.5 75.52 75.36 80.29 72.21
66.21 60.42 56.47 53.35 59.34
64.81 71.68 79.06 85.47 85.49
88.26 91.4 91.32 91.4 93.28
92.87 90.86 90.94 91.15 88.77
86.22 84.72 81.48 72.02 71.14
72.37 61.27 64.91 70.73 79.75
82.79 86.31 83.09 84.64 89.92
92.1 88.15 91.06 93.24 92.24
90.53 91.87 91.93 90.1 91.24
89.85 88.52 87.38 84 79.85
81.71 80.6 88.37 84.05 88.43
89.41 84.87 84.82 91.16 88.23
85.36 86.14 89.25 88.43 84.68
85.84 85.04 81.55 82.89 79.87
75.35 67.19 59.53 57.83 45.59
44.45 37.67 31.57 37.17 38.22
51.99 55.68 54.78 69.08 69.17
71.96 77.84 81.61 81.63 80.43
84.56 88.25 85.92 85.34 86.61
90.31 88.19 89.09 91.15 89.72
87.6 90 89.21 88.36 90.02
89.09 90.18 91.46 92.47 94.39
95.32 96.1 95.41 94.05 91.06
89.53 88.45 87.04 78.15 68.69
61.31 53.34 52.19 51.66 54.34
55.2 64.32 65.34 63.7 71.76
62.65 65.45 60.82 59.61 58.23
55.84 56.76 53.47 52.9 52.07
46.68 46.67 51.93 51.85 53.32
63.43 77.9 88.83 91.36 93.48
94.96 96.04 96.14 96.8 96.13
94.51 93.5 94.43 95.21 95.62
95.85 95.86 96.6 96.89 95.38
93.92 91.95 88.55 86.42 85.95
88.26 88.59 84.86 84.62 81.83
88.3 90.49 90.78 91.16 91.43
94.11 95.03 94.56 94.77 91.83
91.18 87.2 84.51 84.19 84.25
87.42 88.74 88.44 90.74 92.87
92.41 92.31 94.24 95.36 94.03
93.3 93.98 94.81 94.41 92
90.02 91.39 83.28 78.26 79.98
78.81 75.07 75.22 84.18 91.13
93.07 94.37 94.74 94.04 91.82
84.84 74.82 71.39 69.59 67.77
74.83 75.22 84.95 87.16 90.03
88.62 89.43 91.47 91.39 89.84
89.99 90.06 89.29 91.73 92.89
92.9 92.31 91.8 90.38 88.1
84.52 79.44 74.68 82.45 83.34
77.98 79.84 87.26 90.25 93.5
93.86 89.4 87.69 92.61 93.04
90.99 86.47 92.24 92.35 87.6
87.02 91.5 89 83.16 85.81
88.18 82.93 78.96 83.15 81.19
72.43 70.02 75.52 60.84 62.5
55.14 45.32 52.88 51.69 41.27
47.43 46.49 49.67 55.95 62.53
70.73 79.43 84.09 86.69 89.62
89.81 89.15 92.58 93.53 93.38
93.28 94.81 94.77 94.38 95.87
95.09 94.99 95.46 95.62 95.67
95.1 94.4 95.88 95.17 92.09
92.79 94.24 90.45 86.89 86.99
83.89 86.43 82.57 75.47 63.39
61.4 53.58 53.63 53.12 50.04
53.3 53.99 54.97 49.01 50.24
50.05 48.95 45.75 49.43 47.15
41.87 53.08 35.88 33.59 34.6
45.79 40.04 41.16 43.54 35.78
37.74 38.9 40.94 40.22 41.35
43.38 39.44 42.61 41.08
