46.17 52.45 59.05 60.66 63.22
64.2 74.79 60.49 64.43 60.73
57.29 48.96 44.56 44.55 42.32
43.08 34.16 33.24 35.65 29.67
29.19 28.6 28.85 32.17 28.31
31.97 31.68 28.6 26.99 35.12
32.2 32.88 33.26 33.85 31.29
26.92 28.7 30.06 28.63 25.3
30.03 27.84 29.99 28.65 28.26
33.07 30.91 45.09 59.19 72.13
83.94 84.8 84.9 83.36 81.94
69.76 71.21 60.16 62.84 65.04
67.23 69.54 70.37 76.29 75.27
76.15 74.18 71.75 70.23 74.55
82.52 82.85 86.43 89.65 87.62
81.73 78.2 73.47 76.88 74.39
80.6 83.71 80.97 83.97 87.91
87.9 88 89.56 86.2 87.21
87.05 86.94 80.34 84.59 84.56
77.93 74.07 76.43 79.43 83.85
86.02 85.94 86.95 88.66 89.1
87.5 87.87 90.09 88.81 86.87
86.99 86.88 81.04 79.31 82.38
81.21 75.19 76.19 79.33 82.16
81.07 79.97 78.8 84.83 84.36
81.48 85.14 88.18 85.64 84.55
87.26 89.17 86.64 83.79 88.11
88.91 83.04 81.82 86.28 84.95
75.78 82.06 83.92 78.32 76.24
82.78 84.41 72.75 80.95 86.87
83.61 80.18 87.92 89.79 87.13
91.92 91.31 92.71 92.22 90.5
85.49 77.49 78.54 79.42 81.83
87.35 88.96 91.94 92.23 91.6
92.78 91.39 90.66 91.37 91.04
90.58 91.1 88.5 91.22 93.1
93.66 93.62 92.46 90.11 85.09
82.27 86.52 87.15 91.71 91.59
92.79 93.99 94.12 93.9 94.12
90.84 91.18 88.47 85.3 77.78
71.56 69.34 79.83 83.49 86.69
84.01 86.15 77.7 71.47 61.13
57.55 63.85 61.87 48.56 59.03
55.23 66.22 72.87 77.43 84.04
88.64 88.06 89.8 85.57 76.12
72.72 76.26 60.57 59.94 61.07
56.72 64.98 70.49 69.57 74.47
79.47 75.09 76.17 79.17 75.56
82.51 86.14 88.57 88.07 88.52
88.56 87.01 85.46 85.26 79.79
75.66 76.5 74.21 79.66 87.34
85.9 86.14 88.26 87.47 85.09
81.1 75.17 77.78 74.95 80.11
81.14 84.06 85.08 87.57 86.71
86.6 86.98 90.47 92.16 93.31
91.09 87.31 78.51 86.03 83.22
87.46 79.45 74.2 79.73 83.34
88.77 92.05 92.97 92.86 93.36
94.37 92.92 92.61 91.64 86.3
84.8 88.6 87 83.9 77.94
78.68 77.74 69.04 66.83 58.38
56.58 52.44 64.85 66.45 71.88
76.98 85.37 87.78 88.97 86.75
86.46 88.44 87.71 86.57 88.19
90.8 88.59 89.24 91.47 90.61
89.85 92.22 91.75 92.59 92.96
94.02 93.07 93.25 93.95 92.95
91.3 92.5 92.88 91.22 88.76
88.23 88.99 86.7 83.11 82.62
83.01 76.95 64.65 59.91 63.76
58.22 65.64 65.59 62.66 62.36
60.68 62.65 58.68 56.59 61.34
60.93 64.59 71.25 80.5 83.25
85.57 86.69 85.38 88.95 90.82
89.6 89.97 93.08 91.49 89.64
90.35 91.57 88.32 88.25 90.85
88.62 86.76 89.9 86.83 84.59
83.72 86.02 87.66 84.63 85.79
89.78 90.53 86.99 89.83 92.77
91.65 89.84 91.53 92.86 91.36
91.86 92.91 93.13 90.36 89.31
91.98 89.46 87.13 88.92 85.91
81.35 79.37 70.69 69.03 78.14
73.2 84.36 86.49 84.73 85.43
78 78.93 82.17 83.42 89.66
91.38 92.87 93.81 93.87 92.92
93.34 94.73 93.31 94.7 95.66
96.19 94.1 90.32 86.73 80.56
76.81 86.78 89.4 85.73 77.07
72.76 74.18 78.53 80.42 86.37
83.69 89.4 91.79 93.09 91.71
86.09 85.07 89.92 90.12 88.82
78.23 78.63 66.49 66.77 69.24
64.85 66.79 65.63 62.07 63.64
58.88 60.36 53.5 49.28 47.75
44.91 40.71 36.74 41.02 41.91
38.96 34.63 34.84 35.22 30.63
28.49 31.64 30.02 28.91 30.3
32.18 31.39 31.24 29.95 28.58
29.68 27.7 31.21 28.13 26.04
30.27 29.53 25.34 30.28 30.83
29.49 29.71 30.01 31.69 28.65
31.07 25.09 28.92 30.16 26.43
26.96 29.37 25.79 25.14 25.96
24.75 27.11 27.4 25.2 26.08
22.79 27.18 24.82 27.33 26.47
28.07 24.95 26.65 25.26 27.95
31.65 39.66 47.21 51.39 51.8
56.44 54.06 57.78 58.27 59.47
60.12 65.46 65.24 74.01 77.01
78.04 82.31 81.16 82.86 83.5
81.81 80.85 81.21 77.68 72.11
70.94 69.89 61.88 58.18 51.23
54.32 52.49 43.74 42.26 37.21
34.87 34.73 35.21 35.09 37.05
36.98 52.25 63.13 69.41 77.44
80.31 82.4 86.75 88.22 86.85
89.14 92.33 91.21 90.69 92.41
92.12 91.14 91.31 91.37 89.13
82.69 82.64 76.24 75.04 66.1
61.52 54.38 46.13 44.95 44.63
45.8 32.43 37.1 27.65 32.31
27.39 26.27 31.47 27.96 30.41
29.92 28.28 32.18 31.13 32.35
36.99 39.4 44.58 40.79 40.49
37.95 42.18 36.57 38.05 41.71
35.33 26.65 31.04 33.93 26.91
29.47 26.65 29.47 25.59 37.9
27.74 24.19 25.93 24.94 27.75
28.91 31.73 36.78 30.41 28.18
26.65 29.21 30.59 26.61 26.39
23.64 26.87 27.42 26.09 28.78
33.56 24.27 23.78 26.64 24.68
27.41 26.23 30.44 24.1 26.66
29.07 24.09 23.68 23.52 22.91
24.04 23.35 25.2 26.02 23.24
26.35 28.63 29.65 25.43 24.89
26.42 27.07 24.8 25.15 26.56
23.6 22.29 29.57 24.58 25.49
25.5 27.73 26.06 26.57 26.61
27.53 27.9 28.75 32.75 29.95
33.72 28.62 27.73 31.73 25.92
27.68 28.32 23.53 25.94 23.64
25.31 27.53 35.09 41.92 62.24
70.73 70.76 76.84 71.22 74.52
71.33 73.23 75.26 79.99 84.68
82.65 84.96 90.3 89.9 87.5
87.89 89.79 87.69 85.31 85.04
82.71 86.61 87.52 88.17 84.78
82.28 81.14 77.23 72.79 79.23
86.94 88.33 88.43 88.66 87.77
83.91 75.17 70.33 74.72 79.71
84.72 86.93 89.73 90.05 91.75
88.95 90.72 89.84 88.44 89.49
85.8 83.87 79.13 71.4 77.5
84.38 85.15 90.9 91.74 93.6
93.37 93.96 93.43 92.29 88.2
84.68 79.92 81.62 83.79 88.69
92.28 92.76 94.07 94.68 94.26
93.58 90.88 87.98 87.73 84.8
88.52 91 88.05 87.79 89.41
86.03 73.11 62.05 53.68 53.07
52.55 51.35 53.94 57.69 59.77
64.21 65.65 70.25 73.16 78.06
82.08 85.35 86.94 88.91 89.63
92.27 91.72 90.02 91.52 91.9
87.95 84.22 85.1 85.78 74.15
71.11 72.18 69.04 79.78 81.16
87.52 91.34 94.26 94.65 94.24
93.23 92.31 90.08 88.79 89.73
89.64 91.04 89.77 90.96 91.68
91.72 93.33 91.03 90.51 89.59
89.25 88.33 87.26 86.42 81.38
81.57 80.71 78.9 80.25 79.71
82.11 79.3 85 88.48 87.09
87.19 88.59 91.24 90.73 89.46
89.09 90.74 90.01 87.26 87.42
90.54 90.48 92.56 92.32 92.89
93.72 92.65 88.92 86.39 82.31
80.53 80.97 86.24 85.74 83.52
85.7 91.3 90.32 91.42 93.03
92.82 91.41 91.69 93.41 90.39
89.36 91.11 88.92 91.76 91.49
93.85 95.17 94.65 92.92 88.3
76.39 74.36 66.76 81.47 73.07
73.97 83.67 84.33 79.89 85.85
88.81 85.39 83.9 87.37 84.55
88.38 86.17 80.76 75.67 78.59
80.93 85.51 87.41 90.54 90.08
89.51 86.09 86.02 83.45 87
87.15 86.82 88.05 86.58 86.53
88.19 87.93 88.17 87.84 88.65
85.86 85.89 85.95 84.42 80.34
79.49 73.83 63.02 59.79 51.11
47.02 40.12 35.26 31.82 31.15
32.24 30.64 31.03 31.84 29.71
30.69 30.41 32.34 29.94 33.08
31.41 37.91 41.57 37.97 46.62
43.51 52.22 59.86 74.14 84.85
89.21 93.08 93.16 93.67 90.24
85.57 87.93 91.42 91.14 89.57
90.97 89.91 88.97 88.57 85.79
87.24 88.51 88.9 87.9 88.47
91.61 89.86 87.44 88.84 88.91
84.61 83.12 85.52 82.43 88.4
93.63 93.96 93.22 88.96 83.7
83.57 82.26 80.98 84.51 87.45
89.41 89.28 91.07 93.31 93.39
92.08 93.23 92.78 90.84 87.62
88.23 86.5 85.85 89.36 92.26
94.97 95.98 95.14 94.52 88.95
84.4 72.05 69.31 75.97 82.32
79.95 82.76 88.1 88.15 85.83
88.65 91.52 92.33 93.46 92.14
92.92 89.15 87.58 76.15 65.69
54.84 54.06 57.2 66.85 67.58
74.28 76.22 71.18 73.07 84.87
87.7 90.31 89.37 90.89 86.5
87.27 91.5 90.77 91.94 93.18
92.74 93.44 95.03 94.93 94.54
94.27 94.71 93.72 93.9 94.29
94.39 94.37 92.26 94.1 93.51
93.53 92.16 93.41 93.24 92.97
93.21 93.06 92.95 93.86 93.2
92.43 93.23 93.59 92.45 92.6
92.94 92.68 91.49 93.16 92.87
92.19 92.31 91.63 88.97 86.95
84.33 87.78 85.72 84 86.32
86.4 88.02 85.14 82.45 79.01
82.92 85.63 84.9 82.54 85.97
88.17 83.76 80.86 82.71 88.94
90.81 88.03 90.84 92.19 92.88
92.96 93.28 92.21 91.7 93.08
92.26 90.47 87.69 86.54 86.92
88.76 89.33 87.65 87.09 90.22
89.14 87.32 88.36 89.28 88.76
90.24 92.54 89.25 87.89 88.3
88.17 86.88 86.5 85.15 84.92
88.51 87.53 86.71 88.38 89.84
90.57 92.73 92.44 92.36 92.3
93.57 93.84 94.99 94.38 95.46
96.06 95.37 94.87 95.77 95.58
94.83 94.32 93.65 91.83 91.82
92.32 91.07 89.09 86.13 84.28
86.2 84.65 82.73 84.47 86.16
83.97 86.74 89.54 89.26 88.34
91.44 92.99 92.28 93.15 94.42
94.34 94.28 94.69 95.75 94.53
94.18 94.18 94.81 93.11 93.45
92.17 89.05 88.08 84.55 84.31
85.82 89.67 92.66 92.92 91.36
92.07 94.59 93.29 92.72 94.47
93.67 94.13 93.11 93.4 91.64
93 91.9 91.59 90.51 87.33
88.81 88.16 84.87 83 83.55
80.96 70.36 63.71 62.94 62.53
62.64 59.62 60.66 62.33 69.87
73.87 81.24 83.29 86.32 87.13
87.75 86.96 88.39 87.8 90.13
89.29 91.24 90.48 90.94 91.94
93.38 92.89 93.63 94.42 95.05
95.36 94.92 94.91 95.74 95.42
94.89 94.13 93.63 91.67 92.18
92.86 90.23 87.73 89.15 89.94
85.67 82.56 86.07 87.19 83.27
78.29 78.93 81.71 82.16 82.14
82.71 81.68 81.52 80.75 79.09
75.93 77.72 79.66 79.1 75.16
76.51 79.95 76.33 75.91 78.72
77.79 77.31 77.08 78.23 77.14
70.06 60.74 62.93 57.35 53.17
37.03 43.86 40.18 39.4 38.99
41.57 37.39 39.62 41.26 40.41
43.25 44.46 41.18 38.34 40.15
37.2 32.33 34.52 31.73 38.94
40.83 40.33 39.83 41.22 35.47
32.97 33.6 28.69 31.59 31.04
28.97 29.76 30.79 31.13 29.06
27.61 30.17 31.47 33.37 31.96
33.27 28.26 31.6 30.14 32.02
30.21 32.61 34.02 35.29 34.36
33.35 34.86 31.18 31.54 31.44
34.74 34.36 36.41 35.96 35.44
33.98 37.22 38.63 36.21 39.94
41.39 40.54 45.7 42.45 42.77
44.21
