38.05 37.21 36.67 40.96 39.09
44.1 35.9 49.89 43.46 36.51
40.07 42.54 39.83 41.38 41.15
39.3 34.02 43.98 38.86 42.64
42.62 39.76 40.87 42.32 42.77
40.25 36.8 32.28 37.82 32.77
31.3 36.18 30.27 33.95 30.5
35.08 34.23 39.6 45.74 52.19
54.88 59.53 65.44 80.75 86.44
90.36 89.8 89.16 93.41 94.96
96.47 95.96 95.52 94.08 92.18
88.2 89.51 91.16 91.86 91.1
92.66 93.63 93.57 94.14 94.51
93.96 93.66 93.8 93.25 90.77
91.44 89.67 92.78 94.8 95.34
93.8 91.62 92.11 90.55 90.72
90.84 91.6 94.03 92.21 95.24
95.07 95.19 93.83 92.54 90.45
86.38 84.66 86.41 85.32 81.76
72.53 65.13 61.61 57.11 50.89
47.13 40.33 34.08 35.97 36.85
34.01 37.16 36.71 33.39 33.76
34.18 35.96 39.11 38.29 39.31
35.5 39.41 44.17 41.85 40.75
45.64 44.77 42.48 39.18 37.85
41.88 41.4 37.92 40.43 46.16
43.07 37.37 41.29 59.18 55.11
66.39 78.11 77 78.75 80.65
77.65 79.74 79.54 72.37 75.69
68.13 65.28 60.36 56.21 55.3
57.01 65.33 68.97 73.52 69.56
73.41 85.72 90 91.55 88.28
89.8 91.71 89.25 87.91 90.75
88.81 92.53 92.8 93.65 93.72
94.23 93.68 92.65 92.47 93.12
93.01 92.91 93.34 92.5 91.44
89.91 88.74 86.96 87.03 83.77
79.34 77.66 75.83 67.51 68.49
64.93 52.46 52.99 53.16 45.76
47.12 42.52 44.27 39.83 35.67
44.5 37.95 42.49 42.62 42.81
39.14 50.25 52.68 58.42 74.81
81.09 89.74 91.77 93.97 94.7
95.45 95.81 96.33 97.55 97.18
98 97.59 97.63 97.21 96.37
96.42 94.5 96.34 96.8 95.33
97.18 96.66 96.73 96.6 96.11
93.72 93.81 91.84 94.99 95.55
93.28 95.53 92.25 93.63 91.16
90.81 89.44 93.04 91.55 89.43
92.94 94.95 95.4 91.03 83.89
74.97 55.13 45.16 44.02 39.33
39.44 39.56 35.03 38.27 34.01
42.34 39.25 38.42 39.6 36.55
44.79 44.12 38.36 41.07 40.62
43.59 44.61 41.69 35.15 38.62
35.91 40.77 45.19 41.64 45.57
39.26 43.92 38.2 53.67 56.29
63.87 81.92 92.51 94.89 96.69
97.28 96.97 96.42 96.08 95.96
95.15 97.1 96.26 94.42 93.37
94.54 94.09 94.57 96.3 96.33
95.77 96.26 96.59 96.43 97.83
97.32 97.27 97.86 97.28 96.56
96.57 96.88 95.75 97.58 97.19
97.47 98.2 97.96 97.91 98.03
97.86 96.99 97.34 97.26 96.1
95.7 95.52 96.09 95.15 94.75
92.92 91.88 91.11 89.41 81.6
83.13 77.42 73.11 61.64 57.9
62.05 58.97 57.25 51.06 54.98
46.94 49.04 47.87 37.79 50.21
41.95 38.21 39.05 38.47 40.19
39.71 37.09 36.56 33.77 36.6
35.28 32.4 36.2 32.47 39.65
31.71 36.19 33.96 33.86 35.76
30.49 36.39 32.48 33.3 31.47
32.18 30.85 35.33 36.81 30.26
32.39 29.78 31.58 31.05 34.34
30.72 32.02 33.31 29.52 33.99
24.99 32.21 32 28.46 28.5
29.12 34.06 29.13 29.72 29.56
30.31 31.8 35.6 31.06 39.18
37.4 34.56 32.58 34.91 36.89
35.61 34.64 37.61 35.85 35.99
37.19 38.34 38.15 37.71 38.53
37.53 38.16 37.76 28.58 35.98
36.99 36.73 32.17 34.84 36.6
39.19 37.83 33.71 37.95 30.41
37.15 30.46 29.53 35.03 30.53
29.64 33.56 28.41 34.05 30.76
32.19 28.8 32.03 25.96 28.46
26.51 34.09 26.87 29.07 33.19
27.63 34.03 25.71 29.22 26.52
26.22 29.16 33.8 28.78 29.21
32.14 28.49 26.33 28.8 30.16
27.72 29.42 27.59 27.14 27.93
30.79 27.65 32.8 34.72 32.91
32.7 31.81 35.67 32.41 35.14
34.9 32.07 32.33 29.77 34.65
31.58 35.81 35.17 31.41 35.81
32.64 37.42 32.69 36.04 32.07
37.07 36.77 34.16 40.61 32.13
43.05 37.21 36.31 40.41 34.19
41.76 29.95 40.2 32.67 35.36
30.1 34.47 33.59 38.41 35.69
36.89 40.47 34.07 37.86 31.47
45.6 31.17 36.99 37.06 33.52
37.23 36.26 33.76 29.52 35.98
29.37 34.5 33.48 32.62 41.29
35.18 37.54 33.12 37.32 39.93
39.16 34.77 39.08 36.71 33.16
31.55 35.68 35.33 37.03 33.1
34.88 34.38 33.23 35.65 40.31
36.72 39.45 47.96 42.87 43.11
44.7 46.33 37.66 46.57 41.37
40.25 39.65 36.05 35.49 39.38
38.97 37.7 37.88 32.21 38
37.53 36.49 36.38 33.98 36.51
32.64 39.58 36.46 39.65 34.56
33.55 34.35 33 27.62 30.99
30.32 33.44 31.19 35.17 38.21
31.91 39.79 56.19 58.91 66.75
61.66 60.61 59.77 59.44 62.94
57.97 47.48 53.2 38.12 39.81
40.3 42.96 39.62 40.43 38.47
37.56 38.58 35.15 32.44 38.42
36.83 35.99 37.39 38.49 35.61
32.64 33.09 32.55 32.5 29.6
36.62 33.71 29.55 36.66 33.47
31.75 30.32 31.5 31.35 30.42
37.38 39.86 41.86 37.69 39.74
41.67 39.59 35.28 33.59 37.42
38.42 37.85 33.99 42.97 37.87
39.32 39.59 47.87 41.99
