36.06 34.62 26.06 39.07 33.65
28.46 30.79 31.11 28.1 27.04
30.18 25.55 29.26 27.32 31.24
28.24 29.8 32.56 33.04 36.96
39.09 50.45 64.99 87.13 94.67
96.95 97.85 97.97 96.3 95.22
93.99 90.95 86.99 87.82 89.62
91.37 92.64 93.71 95.39 96.12
96.77 97.74 97.72 98.17 97.67
98.1 98 97.66 96.82 96.6
95.37 95 93.74 93.79 95.72
96.43 97.71 98.16 98.16 97.51
96.93 95.04 92.19 92.64 94.89
94.13 95.43 95.38 96.16 96.53
97.47 97.95 97.54 97.46 97.46
96.93 97.11 97.72 96.98 96.71
95.93 96.36 96.26 94.6 93.9
95.16 93.61 96.91 97.8 97.98
96.08 94.72 91.66 90.67 91.28
90.03 89.37 90.29 91.58 94.51
94.59 95.1 94.63 95.43 97.03
97.78 97.51 96.25 93 91.42
86.58 88.04 87.08 80.9 80.83
72.3 74.04 72.68 84.49 89.03
88.56 91.86 93.62 92.52 94.64
96.12 94.74 95.28 95.42 96.5
96.86 97.01 97.52 97.34 95.93
95.75 89.88 93.24 94.99 90.96
89.97 86.96 82.4 77.96 82.05
86.42 91.64 90.25 89.75 89.93
88.39 93.06 95.05 95 96.57
97.67 97.44 97.27 98.11 98.2
97.89 97.96 98.31 97.74 96.94
96.85 96.74 96.25 95.49 95.25
94.73 93.19 91.94 92.16 93.15
94.45 95.84 96.85 97.44 95.57
94.64 97.63 96.81 96.53 96.73
94.63 95.42 95.2 88.18 90.72
91.94 94.85 96.53 95.79 96.99
97.73 97.49 98.05 98.21 97.89
97.44 97.45 97.9 97.42 97.24
97.12 96.77 93.82 94.07 93.13
92.01 90.74 89.41 91.92 91.9
95.28 96.9 98.13 98.55 98.5
98.19 95.77 87.91 87.62 88.61
91.2 93.65 95.55 95.79 96.32
97.86 98.26 97.39 98.11 98.13
98.06 97.86 98.03 97.65 97.28
98.02 98.13 97.57 96.65 94.06
93.77 96.09 95.71 94.93 95.54
95.84 94.06 91.88 92.79 93.11
94.84 94.15 96.67 96.75 97.82
98.6 98.15 98.1 97.43 95.78
92.53 91.22 92.14 93.97 93.78
93.98 94.63 94.14 92.94 91.58
92.56 89.68 91.55 92.85 93.6
90.49 91.48 92.48 90.09 86.08
88.85 90.62 89.48 89.3 92.57
94.79 93.28 93.88 93.96 95.65
93.74 91.35 93.31 96.32 95.62
94.69 95.94 97.08 97.07 98.18
98.25 98.23 96.8 92.31 88.6
81.65 84.84 77.8 73.56 80.1
86.16 89.84 93.09 93.89 95.06
93.09 91.78 89.99 92.49 91.63
90.06 89.3 89.4 87.76 78.52
61.49 55.35 44.7 42.52 44.92
46.07 47.94 58.43 66.68 69.3
77.88 82.34 83.96 84.4 88.53
86.28 89.37 91.94 94.95 95.04
97.02 97.52 97.61 96.51 95.33
89.05 87.01 83.47 79.86 81.35
87.58 92.17 94.23 92.04 90.28
88.68 81.68 82.64 87.54 91.35
91.68 92.41 90.43 92.41 93.27
95.03 93.21 92.73 92.08 87.71
86.45 80.69 79.12 80.68 78.06
81.18 82.34 81.35 83.01 84.39
83.02 82.75 83.88 90.64 93.6
96.18 95.48 96.36 95.2 92.55
88.46 90.2 94.21 94.31 94.07
95.26 95.37 94.62 94.98 95.21
95.54 96.15 95.83 95.12 96.05
96.93 96.87 95.69 96.67 96.93
95.91 96.37 95.96 93.98 94.2
95.86 94.66 92.77 91.44 91.43
91.9 91.2 92.01 92.18 92.23
90.47 89.52 89.39 90.87 93.55
94.51 93.15 95.49 96 95.02
93.6 96.01 96.88 95.74 96.16
95.08 94.52 93.61 94.39 93.63
92.66 88.28 89.91 93.45 90.72
88.95 88.71 83.9 81.48 78.61
79.33 74.48 69.57 65 59.16
52.89 46.07 40.06 36.3 39.12
37.54 30.13 35.45 43.76 58.54
84.54 93.78 97.92 98.14 98.22
97.01 92.12 90.36 86.54 83.78
89.55 94.54 94.99 96.21 98.04
97.64 97.42 97.55 96.55 94.57
92.18 85.27 87.71 89.24 93.55
94.65 96.85 96.32 96.63 93.14
90.9 86.75 86.2 84.11 85.47
86.8 88.11 88.27 88.58 90.74
90.43 92.95 93.04 94.29 91.59
94.11 91.74 93.18 90.21 90.22
87.66 86.17 85.89 83.88 83.94
84.61 86.4 84.36 87.02 92.01
89.88 89.09 91.32 95.99 91.8
91.26 95.73 95.54 98.19 98.65
98.68 97.99 96 91.59 87.71
88.64 89.19 93.41 96.39 97.37
96.46 97.81 98.22 97.98 97.65
98.34 98.16 97.2 96.15 97.4
97.9 98.33 98.65 98.74 98.28
96.33 91.6 90.04 93.24 91.12
92.02 94.05 95.62 94.61 97.19
97.31 97.14 96.69 97.71 98.12
95.96 96.55 96.53 95.91 97.92
98.4 98.62 98.39 96.91 96.04
97.94 96.35 94.55 89.44 90.55
96.13 97.8 94.73 94.82 98.32
97.92 96.53 97.85 98.22 97.58
97.96 97.52 96.86 96.54 95.48
95.86 95.18 95.49 96.73 97.33
98.18 97.66 98.02 98.27 97.58
97.12 97.57 97.28 95.43 95.83
96.87 98.03 97.81 98.13 97.64
97.74 97.62 97.34 97.46 96.75
97.27 97.89 97.77 96.54 90.68
78.66 78.05 83.02 89.41 87.79
83.32 86.41 91.59 88.43 86.73
90.42 90.56 89.77 93.03 94.58
96.27 97.36 97.8 97.07 95.4
94.68 96.53 97.15 97.26 96.57
94.99 94.41 92.64 92.83 92.23
93.49 94.26 94.64 94.23 94.66
96.14 96.11 97.44 97.18 94.51
92.66 93.78 93.33 94.61 96.29
97.18 98.45 98.19 97.41 96.81
96.15 91.33 86.79 91.45 93.9
94.16 91.57 92.85 95.27 94.26
90.93 95.88 95.84 96.9 95.42
94.81 97.53 97.52 98.27 97.89
97.15 95.75 95.51 96.01 97.88
97.75 98.43 98.05 96.4 97.65
96.89 96.81 96.61 96.03 96.61
96.51 96.97 95.68 96.08 95.82
94.25 95.61 94.64 88.85 86.4
83.02 77.07 74.3 70.38 69.1
70.83 68.97 65 69.19 72.87
76.97 82.58 90.02 93.47 94.91
94.4 92.08 92.88 93.78 93.64
90.95 92.04 93.49 91.56 93.18
89.59 83.54 84.69 87.72 89.22
90.05 90.89 92.88 93.07 94.2
94.32 94.43 94.91 95.83 95.38
93.54 94.3 93.23 93.84 95.63
95.59 95.15 97.1 97.04 95.86
96.92 96.54 95.93 97.62 97.04
96.54 96.16 95.56 93.15 93.72
94.64 93.59 92.95 90.56 87.04
87.65 86.45 90.64 92.98 93.78
91.19 93.18 95.45 94.24 92.69
96.24 96.78 93.56 93.84 96.05
96.85 93.57 94.08 92.98 91.04
94.33 96.07 96.75 97.39 97.65
98.04 98.09 98.28 97.76 97.7
97.8 98.33 97.88 98.16 97.43
96.3 94.91 92.86 91.71 93.49
96.21 97.61 97.58 97.99 97.9
98 97.96 98.36 97.1 97
96.82 95.35 94.53 91.97 90.85
91.77 94.37 95.43 96.44 95.16
94.46 96.41 97.63 96.44 97.28
98.32 98.54 98.51 98.43 98.48
98.4 98.3 97.18 97.07 95.85
94.16 91.07 91.26 91.46 92.81
87.23 90.92 94.04 96.79 97.51
95.88 94.76 97.51 95.49 95.09
95.81 94.88 96.96 98 97
97.18 98.29 98.05 94.51 97.44
96.65 94.98 91.4 93.41 91.06
95.88 95.55 97.2 95.88 95.74
95.58 94.88 93.98 89.43 75.96
60.56
