96.32 95.53 93.85 93.41 94.13
93.04 90.42 88.77 90.21 87.73
87.84 88.11 89.7 89.82 92.37
92.8 91.72 92.12 94.17 93.1
90.72 91.19 92.66 91.83 91.39
92.8 92.89 91.49 91.19 94.65
95.31 94.48 94.03 93.6 94.6
96.14 95.58 95.4 96.19 96.82
95.68 95.67 96.06 96.03 95.16
96.31 94.54 94.06 94.38 93.99
92.74 92.11 93.79 94.02 94.69
95.42 95.74 95.33 94.23 95.43
95.62 93.97 93.37 94.78 94.79
92.88 91.88 91.33 86.77 69.88
58.83 49.91 39.01 43.58 30.41
38.95 32.69 31.45 32.5 35.37
28.62 34.95 35.76 36.41 40.51
43.06 39.49 39.18 38.21 47.91
45.03 45.96 40.99 37.17 46.59
38.75 38.28 38.09 41.51 34.55
39.91 32.68 34.62 38.33 35.82
37.44 36.26 40.92 45.26 48.48
52.41 59.77 76.98 78.89 91.53
94.26 94.73 94.67 95.91 96.82
96.8 96.94 97.39 97.61 97.77
97.76 98.07 98.27 98.31 98.41
98.51 98.35 98.5 98.49 98.58
98.4 98.23 98.1 97.79 97.37
96.73 95.93 95.42 94.09 94.82
92.43 92.14 94.79 96.1 95.87
95.82 97.58 97.08 97.48 98
97.98 97.52 98.14 98.17 98.28
98.15 97.98 98.22 97.41 97.83
97.6 97.73 96.73 95.43 96.68
96.44 95.45 95.09 94.75 93.67
93.86 93.57 94.69 94.42 94.7
93.93 94.03 94.07 93.78 94.13
94.91 96.87 96.98 97.58 98.15
97.49 96.25 96.51 96.83 97.66
97.86 97.44 97.91 98.19 98.05
97.54 98.17 97.96 97.36 97.04
97.34 96.92 93.81 87.03 79.07
83.83 88.88 92.16 96.07 97.12
97.34 98.32 97.97 97.92 98.36
98.35 98.03 97.8 98.06 97.66
97.43 97.53 97.31 96.86 97.39
96.98 95.69 94.74 94.22 94.51
96.19 96.45 96.73 96.61 97.39
97.91 97.56 97.5 98.18 98.2
98.01 98.27 98.52 98.1 97.72
97.41 97.32 97.51 97.55 97.19
96.53 96.66 96.54 95.44 96.04
96.81 95.58 94.51 95.74 95.83
95.19 94.78 95.76 96.43 97.65
97.41 97.01 96.39 96.7 95.61
95.88 94.96
