42.02 34.9 32.99 37.93 34.06
35.07 29.7 33.47 32.41 29.81
37.67 29.88 35.89 28.77 31.74
33.78 28.86 30.46 28.84 28.11
30.9 28.62 27.25 27.27 31.33
33.96 36.69 41.26 37.94 41.21
42.3 45.49 45.1 46.09 47.68
52.3 50.51 52.02 59.06 52.89
53.04 56.27 56.58 53.21 50.23
49.59 45.55 44.4 41.77 43.83
44.99 46.2 62.39 77.36 87.84
92.75 93.35 93.22 92.27 95.41
95.48 96.67 97.25 97.29 96.12
94.3 89.9 89.13 85.68 76.21
71.98 66.7 61.81 67.22 79.95
87.29 90.41 92.95 94.92 96.96
97.43 97.84 96.32 95.37 95.5
95.3 95.22 95.27 96.05 94.93
94.84 91.62 91.15 86.09 84.12
80.41 76.37 68.69 61.92 63.38
63.15 69.34 72.33 72.02 69.6
74.55 74.03 72.67 73.7 79.26
76.84 72.71 78.16 77.81 76.63
77.9 85.55 93.61 95 96.79
93.86 91.34 84.87 86.86 90.04
90.93 90.36 90.8 90.53 91.64
90.44 86.7 89.84 89.22 92.66
90.94 93.64 92.63 92.52 93.26
92.89 90.84 90.26 90.68 92.98
95.95 92.38 90.49 93.48 94.19
90.83 91.76 93.38 92.14 91.34
91.71 92.06 91.99 92.19 89.71
91.46 93.04 95.47 96.89 96.16
98.11 97.95 97.85 98.49 98.66
98.56 98.6 98.74 98.62 98.43
98.56 98.67 98.33 97.16 97.07
97.56 95.61 92.43 93.1 92.68
87.72 84.35 85.04 86.32 88.68
84.51 86.16 93.72 93.59 95.22
91.2 93.37 96.69 95.45 95.41
93.51 91.2 93 94.37 96.33
97.87 96.75 95.29 89.93 78.64
72.19 67.33 60.55 58.07 57.52
63.61 54.98 49.63 47.45 48.44
47.22 43.04 41.67 35.38 34.89
33.42 39.4 29.58 29.94 29.59
30.55 30.84 34.7 44.1 60.82
67.24 76.28 85.89 78.53 76.13
77.9 78.97 71.32 68.9 65.69
64.37 52.03 51.64 60.45 71.44
83.46 89.5 94.57 91.67 94.84
98.08 97.31 96.41 98.56 98.54
98.13 98.35 98.7 98.24 97.89
98.1 97.88 96.26 94.98 93.73
94.22 95.09 91 88.38 86.4
82.79 75.62 74.47 73.07 77.36
79.57 76.1 78.8 87.67 88.25
86.67 88.69 91.6 94.91 96.65
96.98 97.32 96.9 95.63 94.04
88.3 91.52 86.85 89.65 90.25
89.4 89.49 93.63 91.74 93.38
96.96 96.65 97.09 97.57 98.35
98.11 97.85 98.46 98.51 98.01
98.27 98.33 98.24 97.1 92.57
92.99 93.04 93.94 97.2 97.78
98.05 98.3 98.39 98 98.22
97.94 97.72 97.1 96.26 97.21
98.45 98.41 97.69 98.02 97.86
97.88 96.31 95.72 95.6 96.71
95.99 94.47 94.06 93.27 90.65
87.86 84.97 78.39 78.43 79.26
78.28 73.58 70.94 73.67 70.54
59.17 50.65 48.59 41.67 35.69
32.88 31.89 27.46 28.3 32.91
35.27 37.6 38.08 43.63 51.48
48.42 60.18 58.76 62.02 46.59
37.72 49.1 41.37 41.1 45.52
41.01 47.91 43.81 43.58 51.1
43.21 44.49 53.26 48.59 48.15
46.91 48.61 54.28 51.14 48.42
55.37 50.95 43.04 43.26 44.92
44.68 41.15 44.83 42.02 39.98
36.31 31.45 31.68 35.08 33.26
32.81 32.9 30.39 31.43 30.09
32.53 33.55 36.96 31.86 34.16
34.58 29.94 27.89 31.43 29.1
28.42 34.23 28.45 34.84 32.4
32.62 35.38 38.15 35.35 30.2
34.56 29.72 27.12 27.56 27.53
28.65 29.95 32.78 50.4 63.57
78.54 83.71 87.67 88.41 91.11
91.36 92.8 91.13 86.42 80.28
73.26 72.89 75.92 77.19 83.1
77.96 87.5 85.13 88.17 84.23
86.16 86.63 86.08 78.16 75.97
81.65 87.62 91.78 92.09 92.03
90.2 90.92 91.62 89.34 87.87
87.91 87.84 79.61 80.2 83.68
84.3 85.27 87.66 88.16 90.69
93.23 92.11 93.8 94.05 93.41
95.1 94.65 94.65 93.32 92.39
91.2 90.15 88.09 86.98 85.05
78.46 74.64 77.69 77.21 81.23
89.93 91.47 94.61 95.22 94.7
93.27 90.77 87.32 81.51 75.43
69.16 65.3 73.31 76.05 83.03
86.66 89.07 90.66 85.46 86.12
89.43 88.3 90.21 94.91 94.2
95.38 93.49 92.07 86.15 74.93
