82.04 83.57 85.99 89.26 89.48
91.01 91.63 92.35 93.71 93.05
91.75 91.89 89.47 87.44 86.37
87.36 91.24 91.22 91.65 88.35
82.68 83.36 83.98 90.79 91.84
92.36 89.45 87.16 80.33 78.27
78.24 78.89 80.84 82.02 84.62
85.21 84.52 85.88 88.37 88.21
88.02 91.16 91.02 90.25 92.58
93.43 92.94 94.28 94 95.37
95.76 96.37 95.13 95.39 96.88
95.22 93.38 94.4 95.32 92.32
91.37 90.19 86.84 66.64 55.5
45.06 36.18 33 33.66 34.41
29.91 29.94 38.97 32.46 32.2
34.68 31.82 37.85 46.94 63.09
75.97 83.28 90.26 94.19 96.62
96.12 95.42 96.48 98.05 97.7
97.18 97.42 97.98 97.55 96.79
96.6 96.75 96.83 95.97 96.63
96.83 96.47 95.54 94.89 94.38
95.15 93.52 92.17 93.33 93.1
89.21 89.28 90.66 90.73 84.98
85.75 87.42 88.37 86.38 88.04
90.55 91.34 89.8 91.75 92.25
94.19 91.58 89.97 94.9 92.03
90.85 95.26 96.81 94.87 94.8
96.87 97.14 96.31 97.19 97.44
96.27 96.83 96.26 93.86 94.3
95.15 92.95 94.48 93.26 94.38
96.53 96.57 97.37 97.71 97.22
96.88 97.38 96.46 95.56 95.38
94.14 91.7 85.69 83.52 91.3
91.78 91.96 94.74 95.09 94.95
96.42 97.25 95.94 96.33 97.78
97.28 97.02 97.51 97.43 97.38
96.77 96.62 97.32 97.63 95.75
96.73 97.03 95.68 94.04 95.74
95.53 92.87 90.16 89.91 91.13
92.67 90.38 91.4 85.79 85.85
91.99 93.76 96.28 96.37 95.31
92.79 87.08 74.71 65.73 47.52
38.99 29.66 26.11 31.75 25.71
28.32 23.64 30.68 28.29 26.22
31.21 30.61 27.81 29.61 29.86
26.17 26.42 27.36 31.24 30.89
34.58 42.74 36.51 36.08 38.91
41.41 42.92 36.78 41.21 39.6
38.21 38.37 38.82 35.86 41.71
40.33 41.62 44.27 43.39 45.66
40.54 46.02 48.02 46.51 60.75
77.69 89.78 92.15 93.79 94.41
93.49 93.73 94.78 96.75 96.42
95.49 95.49 97.62 97.26 97.23
96.07 97.87 97.72 95.51 96.47
97.8 95.42 92.9 94.99 93.26
89.98 88.3 88.85 86.78 82.04
78.63 76.78 71 65.5 56.63
52.46 50.79 50.63 46.62 53.2
52.03 66.91 77.77 81.19 82.57
80.23 82.4 87.84 88.28 90.5
94.78 95.81 94.75 96.53 96.95
96.45 96.65 97.37 96.88 95.4
95.79 93.92 91.18 93.04 94.98
95.46 96.93 97.79 97.73 98.21
98.28 98.14 98.04 98.2 97.64
97.06 97.07 96.14 95.34 94.56
93.35 93.63 93.19 90.64 90.97
93.73 91.83 89.58 89.76 93.31
91.27 90.82 89.37 92.76 94.85
94.72 93 93 95.15 93.51
92.97 94.44 95.31 93.24 94.41
95.36 96.46 95.48 92.36 91.18
90.89 93.69 93.82 94.74 95.22
94.71 95.76 95.27 93.62 93
93.95 90.41 88.64 90.22 92.04
86.81 87.13 87.25 88.44 88.51
86.79 90.26 91.14 92.13 91.85
93.51 93.85 93.34 93.12 93.24
92.88 90.62 91.5 92.25 90.42
88.09 89.41 90.14 85.37 82.58
67.56 70.36 66.13 72.52 78.22
75.36 79.94 84.43 88.46 90.18
93.47 92.39 90.63 82.78 75.18
61.36 54.46 44.81 38.68 38.36
31.08 34.23 31.54 31.22 32.44
30.3 30.16 29.96 27.03 26.58
34.55 29.43 26.87 26.65 31.57
27.92 35.98 43.99 51.18 59.18
66.16 73.82 85.91 88.45 91.17
87.92 89.78 93.28 93.55 93.74
93.19 91.58 88.61 86.73 84.39
80.61 82.62 88.25 85.04 84.44
88.64 91.1 87.81 86.92 84.55
91.34 92.46 91.97 92.6 95.79
94.52 93.9 95.26 95.98 94.28
95.24 96.73 95.7 94.94 96.15
96.2 95.28 96.06 95.91 94.98
94.65 95.68 94.21 92.48 91.31
91.87 90.61 87.63 84.06 84.98
82.78 77.66 74.09 72.65 72.72
68.78 68.96 70.78 74.86 78.07
82.45 83.76 86.76 87.06 87.28
88.34 91.11 93.55 91.43 90.42
94.79 94.53 91.6 91.76 94.49
93.89 90.6 92.15 93.37 91.82
91.43 92.87 93.52 90.39 88.62
91.08 93.22 93.92 91.61 93.82
96.35 95.54 94.28 96.37 96.36
95.9 94.21 94.43 94.43 95.09
93.73 93.54 92.34 92.03 89.59
91.94 94.31 91.61 91.39 94.37
95.52 91.55 91.99 94.9 93.84
90.71 90.09 91.5 91.19 86.92
88.4 88.91 89.96 88.84 86.21
85.32 83.51 87.24 86.75 89.41
89.16 89.8 92.31 92.08 93.3
94.44 95.27 94.15 95.59 95.98
92.54 93.4 95.25 93.72 90.91
90.68 88.68 86.92 86.91 83.89
76.06 75.51 75.14 80.42 83.26
84.28 86.94 87.52 86.71 89.41
91.12 91.1 90.94 92.98 93.34
91.81 91.96 92.27 93.15 90.24
89.99 88.76 88.12 86.08 86.7
87.07 83.72 82.74 81.73 81.85
78.7 74.95 72.3 69.06 61.31
55.45 54.39 51.84 60.87 66.71
69.15 68.74 63.9 73.37 75.11
71.53 68.67 73.35 71.25 66.74
57.86 57.85 59.54 54.09 59.01
59.92 52.39 54.56 54.05 51.4
51.76 52.03 47.61 46.6 44.83
40.74 33.57
