40.57 41.3 41.08 40.71 40.9
35.35 38.77 32.78 35.37 34.92
33.53 41.2 32.93 37.08 31.59
37.51 29.95 35.92 37.55 38.04
39.9 44.42 49.57 56.27 65.13
64.53 69.56 66.52 76.28 86.52
92.64 94.93 96.25 97.42 97.76
97.47 97.44 96.72 97.26 96.35
97.29 97.87 98.39 98.16 97.71
95.61 93.31 90.66 88.97 88.5
83.95 78.78 85.84 92.77 96.83
97.65 98.38 98.75 98.87 98.89
98.78 98.61 98.01 97.26 97.76
97.15 97.39 95.81 95.77 97.8
97.51 94.7 93.7 96.31 95.89
93.39 93.58 92.79 90.74 94.14
88.63 88.54 92.62 91.89 90.01
91.9 95.03 95.09 97.03 97.83
98.43 98.73 98.66 98.73 98.49
97.61 97.99 96.13 92.71 93.41
96.12 96.63 97.3 97.65 97.04
94.08 94.46 96.77 96.7 98.27
98.46 98.43 98.53 98.33 98.61
98.81 98.75 98.6 98.67 98.76
98.5 98.22 98.16 97.43 96.87
96.44 94.97 95.22 95.53 95.4
97.76 98.58 98.69 98.87 98.89
98.89 98.86 98.54 98.67 98.86
98.88 98.79 98.85 98.92 98.76
98.54 98.71 98.57 97.37 97.33
98.03 97.03 97.32 98.19 98.63
98.26 98.68 98.92 98.89 98.88
98.86 98.51 98.55 97.55 95.62
92.51 88.03 78.65 72.52 67.44
66.99 73.32 72.94 61.52 72.13
68.85 69.26 66.65 69.23 66.89
64.69 70.08 76.6 87.33 89.77
93.35 92.08 91.78 94.75 95.22
93.09 94.5 95.63 95.59 90.77
90.07 90.29 90.69 92.21 90.85
90.7 85.56 91 92.62 91.2
92.91 93.41 94.18 95.45 95.45
94.16 93.07 95.07 94.48 91.51
90.59 93.73 96.14 94.95 94.89
97.56 96.71 94.72 96.94 97.96
95.65 94.25 96.7 97.04 93.91
94.35 96.87 95.4 95.84 96
93.88 94.85 93.39 93.08 88.79
84.55 77.45 73.02 71.51 63.55
63.67 64.48 71.24 74.37 87.96
93.23 96.42 94.6 97.51 98.3
98.74 98.82 98.85 98.84 98.67
97.94 95.35 95.15 96.41 95.55
96.84 97.34 96.39 97.17 98.3
97.78 96.97 97.72 97.87 96.4
95.72 96.03 94.01 94.22 93.2
94.24 97.89 98.31 98.43 98.38
97.95 97.52 95.71 92.62 94.2
93.67 92.51 96.54 97.48 97.4
95.6 94.6 95.5 96.07 95.78
96.02 97.48 97.17 95.19 96.66
97.57 95.35 95.32 97.28 96.65
94.53 94.94 95.07 94.62 93.31
87.86 76.64 68.09 65.23 58.56
54.64 55.81 55.09 45.2 39.66
46.39 43.09 49.06 44.59 42.19
39.1 35.3 33.96 33.92 33.72
40.09 41.19 37.02 41.34 42.15
43.39 38.91 40.73 39.79 40.17
37.74 39.9 40.94 34.81 39.83
38.28 40.94 39.49 34.05 38.82
31.8 36.98 33.43 28.75 34.9
31.91 36.63 34.82 31.98 35.96
31.69 37.41 41.32 36.26 39.69
39.38 39.22 39.09 31.59 40.3
