32.61 26.18 36.02 26.2 31.27
27.14 26.96 29.96 29.23 29.77
30.15 30.23 26.72 25.07 25.08
28.09 24.95 24.64 26.12 22.13
27.07 23.53 26.94 24.5 24.46
25.33 26.98 23.34 32.19 26.94
23.75 26.76 24.02 25.92 24.3
26.24 26.98 26.35 27.77 29.01
28.58 23.18 31.48 26.91 26.21
25.07 24.41 22.45 25.51 26.32
24.89 26.59 28.15 26.19 29.77
28.17 26.77 29.19 28.19 32.98
35.47 34.8 37.43 50.59 42.5
45.66 50.63 50.81 49.42 51.91
52.81 52.2 53.84 53.52 54.56
54.58 53.84 54.82 53.52 53.96
55.71 60.45 58.13 65.64 66.47
69.05 72.44 74.92 76.72 76.67
81.61 81.45 83.91 84.51 83.59
81.12 82.11 79.47 79.02 74
70.35 65.15 61.11 54.92 56.3
53.45 58.3 63.35 69.1 78.26
79.89 88.21 92.47 93.68 93.38
91.66 90.64 88.89 91.06 94.55
95.87 96.1 96.49 93.58 93.29
93.94 96.56 96.47 93.53 94.32
96.75 96.57 97.63 97.87 97.91
96.18 92.48 90.74 95.28 96.9
97.91 97.62 98.14 95.97 96.15
98.13 98.08 98.46 98.07 96.69
97.09 98.29 98.4 98.62 98.11
96.79 95.63 97.89 98.37 98.53
98.3 98.37 96.75 95.72 89.7
85.15 88.77 89.71 92.42 94
97.16 98.23 98.42 98.67 98.34
98.41 97.33 97.96 98.62 98.61
98.7 97.68 96.77 97.34 98.52
98.55 98.71 98.55 98.46 97.59
96.29 92.83 93.3 94.99 96.29
97.71 95.77 97.32 97.41 98.59
98.72 98.82 98.73 98.55 97.07
93.43 94.56 93.23 92.57 88.67
83.57 84.07 85.62 91.7 91.1
90.91 96.03 95.19 95.75 97.03
98.26 98.74 98.54 98.65 97.44
97.29 97.24 98.3 98.48 98.65
98.46 98.74 98.52 98.26 96.83
96.17 95.73 97.72 98.36 98.64
98.27 98.47 98.45 96.15 95.15
95.97 96.74 95.08 93.42 94.22
94.47 94.93 90.24 91.74 91.71
94.24 96.6 95.92 96.01 95.46
92.84 87.42 87.61 91.6 95.95
97.2 97.7 98.12 98.19 98.19
97.51 97.12 93.52 93.04 92.8
93.04 95.81 95.01 96.07 93.14
95.49 96.76 97 96.25 97.97
97.44 97.23 96.54 95.65 96.86
96.05 96.91 97.63 97.7 97.44
97.54 97.69 96.95 96.33 96.98
96.11 94.41 91.19 90.72 86.87
88.95 89.62 93.21 96.81 98.05
98.44 98.35 98.15 97.84 95.13
94.17 95.11 96.15 94.45 95.55
96.69 96.08 96.63 96.19 95.48
96.2 96.81 96.29 96.06 96.24
96.09 94.85 95.25 96.67 94.86
95.97 93.29 95.13 95.35 93.1
90.81 95.12 93.94 94.09 93.16
95.26 96.06 97.69 98.21 98.26
98.25 97.31 96.57 94.87 92.6
89.19 88.01 84.59 88.89 90.19
94.97 97.33 97.18 97.5 96.49
95.55 94.24 91.89 88.25 87.49
87.27 91.01 90.09 86.43 88.95
94 96.92 97.79 98.16 97.88
97.22 96.65 95.98 94.94 94.46
93.3 89.8 91.08 93.6 95.1
96.83 97.75 98.54 98.4 98.5
98.02 97.92 96.03 95.68 92.57
90.84 90.04 92.82 94.22 95.08
96.14 97.36 98.36 97.85 98.07
97 96.14 94.99 92.85 94.98
96.57 93.98 96.56 96.44 97.61
95.47 94.49 95.36 97.17 96.2
96.62 97.86 95.9 97.85 97.8
98.53 98.68 98.75 98.78 98.83
98.65 98.3 98.23 97.68 97.79
97.33 97.07 97.73 97.68 98.25
98.12 98.47 98.64 98.66 98.54
98.04 97.46 94.61 93.28 89.99
92.48 92.61 94.14 95.41 96.28
97.41 97.31 98.24 97.24 97.16
95.72 97.13 95.75 96.12 96.21
98.13 97.7 96.72 94.15 97.14
95.68 94.76 96.28 98.39 98.12
98.26 98.51 98.7 98.82 98.86
98.63 98.69 98.71 98.67 98.42
97.79 98.75 98.83 98.86 98.53
98.08 97.56 96.15 95.73 92.78
95.05 95.55 95.25 89.81 84.19
87.86 91.59 94.62 94.09 95.52
95.53 94.68 95.48 96.52 96.24
96.83 97.56 98.34 98.67 98.79
98.64 98.71 97.63 95.7 95.73
97.54 96.63 96.62 98.4 98.34
98.73 98.41 98.66 98.83 98.85
98.89 98.52 98.35 98.66 98.28
97 95.71 94.01 92.05 94.39
97.29 98.43 98.69 98.84 98.78
98.67 97.75 95.83 96.67 94.64
94.78 96.34 94.34 91.47 90.68
92.72 92.25 91.1 82.99 83.01
87.66 97.11 97.54 98.45 98.25
98.39 98.84 98.83 98.88 98.66
98.15 98.18 98.18 96.75 97.62
98.64 98.83 98.78 98.67 97.67
95.17 96.71 95.46 96.05 98.08
97.97 98.71 98.52 98.52 98.85
98.9 98.81 98.76 98.36 98.38
98.48 98.29 98.58 98.73 98.86
98.68 98.25 96.88 93.98 92.45
93.38 95.65 94.21 94.65 97.88
98.38 98.78 98.61 98.37 98.91
98.89 98.85 98.22 98.3 98.69
98.36 98.37 97.75 96.79 96.2
96.59 97.83 97.23 97.56 97.83
96.69 96.09 96.26 97.52 97.26
97.16 96.51 95.12 95.57 94.15
95.52 97.08 97.26 95.76 94.39
97.06 97.23 97.43 96.74 96.38
90.76 93.1 96.56 97.72 96.5
97.63 98.45 98.62 98.88 98.9
98.68 98.34 95.23 95.35 95.74
95.39 97.61 98.55 98.79 98.69
98.22 98.88 98.87 98.85 98.39
97.85 98.4 97.04 97.91 98.48
98.81 98.88 98.4 97.64 95.41
93.31 91.09 85.52 86.92 90.56
91.71 90.95 91.1 90.24 85.52
77.99 71.55 51.72 54.98 58.04
64.95 84.91 90.58 90.19 91.41
93.98 95.56 96.97 96.92 98.42
98.74 98.72 98.44 98.85 98.67
98.9 98.77 98.37 98.29 95.74
95.93 98.12 98.73 98.79 97.84
96.27 94.18 93.36 93.97 94.66
94.89 91.13 92.27 94.53 96.01
97.18 95.13 94.63 94.61 97.19
97.25 96.95 96.64 95.87 96.95
96.8 93.06 86.42 75.16 82.15
86.47 92.03 90.53 92.63 92.39
92.68 90.32 90.21 89.47 85.14
84.99 89.4 88.9 88.7 93.22
94.08 96.64 97.91 98.53 98.55
98.22 98.82 98.84 98.84 98.77
98.12 98.51 96.51 95.58 98.09
98.71 98.61 97.39 94.97 91.86
89 88.68 92.4 95.1 97.45
98.35 98.11 98.29 98.65 98.69
98.82 98.57 98.14 98.53 97.51
98.46 98.52 98.47 96.64 92.51
89.68 86.42 78.31 76.98 76.66
80.79 77.63 76.16 77.27 77.36
79.83 83.42 86.41 92.79 95.88
98.08 98.05 98.04 98.57 98.68
98.77 98.5 97.83 96.6 96.36
93.23 95.83 95.19 93.99 91.24
88.97 88.88 85.63 90.44 89.68
86.26 93.74 94.27 94.31 94.8
93.2 90.69 89.4 86.33 88.36
91.08 94.09 95.97 96.65 96.83
95.79 94.26 92.59 92.36 94.11
95.41 95.82 97.53 97.55 98.31
98.23 96.22 94.61 92.28 86.9
82.57 91 93.21 95.4 97.76
97.87 97.78 98.28 98.15 98.58
97.06 96.35 97.97 97.08 95.58
94.83 92.22 90.34 93.63 95.04
96.62 97.92 98.46 98.25 96.24
94.31 93.37 89.97 89.72 91.44
89 87.21 83.42 89.81 91.26
94.08 92.71 94.56 95.71 97.78
97.09 97.67 97.85 97.08 96.58
93.07 90.54 94.06 96.78 95.67
96.99 97.22 98.16 97.04 95.43
92.56 91.31 92.41 90.03 89.89
92.03 90.83 91.11 91.93 92.19
93.52 93.05 93.73 93.4 94.14
95.02 94.59 94.8 96.53 97.01
97.69 97.72 95.98 95.51 95.77
96.39 96.58 95.94 95.3 96.04
94.61 96.13 96.93 98.11 97.97
96.82 95.45 95.11 94.67 96.16
97.42 97.29 95.87 95.99 95.95
95.64 95.71 97.16 97.07 97.48
97.02 95.64 94.98 96.75 96.3
97.42 97.9 98.04 97.75 97.21
95.69 95.93 96.55 95.95 95.23
95.61 94.59 94.76 92.08 92.58
86.99 76.33 73.7 74.23 81.09
89.04 92.65 95.9 97.77 97.9
97.74 97.23 97.5 97.18 96.98
96.28 96.2 97.14 97.12 97.31
96.23 95.23 91.3 89.32 82.74
73.82 68.94 68.51 70.29 73.95
83.86 88.51 90.77 93.81 93.57
96.05 96.77 97.36 97.42 97.24
96.07 96.97 97.13 98.46 98.26
98.15 97.58 95.36 94.06 92.81
92.11 91.66 92.76 92.8 95.27
95.79 95.01 96.62 95.29 95.23
92.88 93.36 95.55 94.33 94.3
94.92 96.12 96.65 97.45 97.49
97.63 97.79 97.75 97.11 96.4
93.85 90.37 89.33 94.14 94.06
95.82 97.06 97.46 96.58 95.15
93.9 92.32 91.15 86.48 76.35
69.92 75.56 78.32 84.84 85.85
89 86.45 90.61 92.97 94.87
96.7 95.71 96.1 96.2 94.02
95.07 93.04 94.22 95.95 95.37
93.14 93.17 91.56 87.75 86.52
91 93.42 96.61 97.16 97.13
97.26 96.12 92.21 93.08 94.94
95.46 97.5 98.04 98 97.2
96.89 96.14 95.39 93.97 91.32
91.88 91.58 89.48 83.96 83.76
84.24 85.9 88.8 90.06 89.31
83.72 86.48 89.23 92.74 94.8
94.65 96.62 96.3 97.26 96.58
94.76 92.94 87.65 83.72 86.12
85.83 89.92 92.26 93.81 95.82
95.51 95.4 94.78 94.59 94.22
96.22 91.92 93.77 95.26 96.61
94.66 94.73 95.61 93.96 93.24
89.54 92.26 92.54 95.41 94.18
93.39 93.24 92.37 85.35 81.81
77.52 82.94 83.61 88.33 94.83
96.9 96.46 93.18 91.2 88.8
95.09 97.55 96.42 94.8 93.98
93.63 91.51 90.67 91.6 94.57
95.33 95.38 96.6 95.24 95.45
93.3 92.58 89.54 89.13 87.27
87.26 87.66 85.47 86.47 88.31
87.32 89.38 91.22 91.74 94.97
97.07 95.6 96.05 91.95 88.46
94.51 95.45 96.61 93.76 91.2
89.98 88.06 88.49 90.77 92.29
94.89 95.88 97.48 97.36 97.09
95.46 94.18 92.76 90.8 86.47
86.1 89.98 94.01 95.55 94.43
94.69 95.13 94.43 93.67 92.84
91.29 87.52 87.07 87.4 85.97
86.58 89.96 91.4 91.12 90.26
92.32 93.19 90.25 89.76 88.8
92.92 91.23 89.45 92.18 95.91
97.02 97.41 97.75 95.38 94.11
91.26 88.25 82.04 79.04 79.05
73.48 67.5 77.7 81.52 89.61
89.08 91.86 93.53 94.29 94.34
92.62 94.74 92.64 93.88 91.5
92.68 92.43 90.83 86.55 83.96
72.34 68.32 66.1 74.19 86.85
91.29 93.95 95.6 96.91 96.37
96.46 95.06 90.8 87.61 88.05
88.94 92.16 91.21 93.39 94.7
93.6 94.19 92.13 89.08 85.49
79.03 71.61 74.98 82.19 84.49
88.79 87.13 89.38 92.1 93.31
94.93 95.66 95.64 94.01 92.77
90.38 88.8 88.19 88.08 91.57
89.42 88.93 82.84 64.99 58.96
59.88 67.27 76.18 83.51 92.08
95.61 96 95.56 95.61 96.37
95.36 92.67 92.01 90.37 82.68
67.81 48.88 39.72
