45.52 42.4 48.4 40.76 43.15
40.51 42.58 37.85 40.35 42.77
45.56 55.94 59.92 60.03 64.83
78.17 81.8 80.52 80.11 85.27
84.33 80.73 82.89 84.93 85.15
86.97 87.66 85.95 85.75 84.57
85.54 87.54 84.35 76.15 71.5
70.95 73.3 79.4 82.9 86.61
87.53 88.35 89.15 91.61 91.37
90.85 93.53 93.85 92.85 94
95.58 94.72 93.32 95.88 95.3
94.9 95.14 96.4 95.53 95.39
96.34 96.53 95.89 95.81 96.5
95.45 95.54 94.96 95.36 94.51
95.16 95.01 94.79 96.25 95.18
94.99 94.1 92.92 91.65 89.01
88.3 87.65 91.96 93.53 94.83
96.76 97.06 97.62 98.07 98.25
97.77 97.53 97.11 95.22 94.18
92.26 93.94 94.87 93.48 93.88
94.31 92.38 91.66 91.93 92.66
93.31 91.72 91.77 92.43 91.8
90.28 87.51 85.68 84.5 85.65
85.33 87.69 89.93 89.14 91.39
91.33 90.9 90.75 92.28 91.76
91.43 91.85 90.2 89.54 88.41
87.7 86.65 86.39 87.77 87.99
85.47 85.77 87.95 87.75 87.13
87.44 83.98 86.07 90.24 92.06
92.51 93.36 94.39 94.92 94.91
96.02 96.04 95.85 96.26 97.8
97.16 97.19 96.74 96.07 97.69
97.87 96.82 96.61 97.85 97.55
96.91 94.91 92.91 95.48 96.49
95.73 95.32 95.77 93.98 94.77
96.55 96.15 96.21 95.68 95.6
95.19 92.13 92.4 93.43 96.9
97.94 98.08 98.11 98 96.91
94.86 91.1 85.49 80.96 81.58
88.15 91.55 94.73 95.23 94.56
93.32 91.14 90.84 91.5 92.35
90.91 89.86 94.44 95.91 97.85
97.3 97.57 97.62 98.19 97.81
97.39 97.25 95.43 94.3 95.47
94.41 91.44 88.69 83.95 81.49
77 73.92 70.8 67.29 67.15
68.5 74.98 85.8 92.21 94.68
96.58 97.52 97.5 97.99 97.92
97.63 96.21 95.21 93.78 89.19
90.57 92.9 94.92 92.5 93.97
89.05 88.08 90.71 92.42 95.69
96.27 97.58 97.03 97.61 97.16
97.95 97.75 98.23 97.91 97.84
96.7 96.6 94.6 95.13 95.11
94.49 94.15 94.54 94.75 93.89
93.55 92.35 93.33 92.76 91.56
89.54 91.53 82.99 70.84 62.11
57.79 54.86 47.88 42.95 40.88
42.57 27.55 31.1 27.28 32.08
32.83 31.83 46.85 47.3 33.09
31.73 32.98 28.09 31.55 34.12
48.49 53.99 66.53 78.49 85.97
89.88 88.62 90.54 90.68 90.84
90.2 91.35 90.7 92.2 92.55
93.54 93.05 93.74 95.36 95.61
94.46 94.97 96.24 95.6 96.54
95.27 94.76 94.41 94.12 94.34
91.8 88.14 90.24 92.55 95.2
95.15 95.46 93.92 91.94 90.64
94.24 92.95 90.69 93.32 95.98
94.82 92.22 93.69 94.95 93.29
92.09 92.44 91.67 88.64 89.63
88.08 81.77 82.08 85.97 88.34
88.51 90.11 90.81 92.07 92.63
92.58 92.3 93.45 93.81 95.11
94.58 95.28 96.52 96.29 97.37
97.25 97.56 97.38 95.58 95.84
95.37 94.58 94.83 94.87 94.81
94.73 95.2 94.47 95.09 95.76
94.94 92.94 95.9 95.01 96.15
94.66 95.13 96.94 95.99 95.03
96.21 97.64 97.7 97.87 97.64
98.05 97.82 98 97.31 96.38
91.94 89.36 87.38 88.1 90.47
93.97 94.71 95.25 95.53 95.68
95.03 95.49 94.21 94.26 93.88
93.77 94.58 94.07 95.18 94.35
95.27 95.34 94.51 93.82 94.28
93.17 92.66 93.32 92.88 92.02
89.31 89.17 88.71 91.04 88.41
90.79 90 87.97 91.52 90.02
87.47 90.69 90.14 88.1 88.07
88.16 87.43 84.47 85.23 84.86
80.05 77.55 74.52 71.43 68.31
68.05 71.18 65.34 63.91 63.22
59.64 57.84 57.04 54 52.19
52.94 52.06 53.63 55.27 50.72
51.29 49.5 48.41 48.42 41.73
41.46 34.4 34.25 36.65 33.84
35.23 35.73 38.53 39.31 40.34
38.09 39.7 38.66 40.86 43.75
36.01 55.44 46.04 39.43 55.79
38.5 31.76 35.84 34.01 34.33
34.3 30.6 31.72 31.23 34.83
32.41 38.79 36.59 34.88 32.34
37.83 32.67 38.02 36.19 31.04
35
