29.17 27.15 33.39 37.08 38.14
35.67 36.4 33.07 31.38 35.54
32.99 34.24 32.36 35.5 31.43
31.12 35.02 37.22 31.44 26.93
30.74 23.54 25.48 22.91 30.06
26.97 23.41 23.81 22.08 28.72
25.65 23.25 27.47 23.9 26.7
24.38 28.92 23.15 31.61 26.25
30.42 27.93 27.3 31.03 25.6
30.29 25.59 30.43 27.54 28.01
29.01 25.14 24.59 24.56 26.74
26.51 32.03 30.7 29.63 36.14
39.43 51.55 60.6 64.91 74.73
78.9 83.33 86.37 88.59 86.89
87.42 90.07 90.77 89.41 90.65
92.33 91.86 92.37 90.68 86.34
79.87 75.49 71.71 72.7 75.75
78.05 81.73 81 82.31 83.93
84.29 85.4 84.23 83.26 83.41
84.1 83.25 87.7 91.51 92.99
95.02 95.1 94.28 95.4 96.38
96.71 96.08 96.88 96.61 96.48
97.17 96.21 95.53 96.36 96.91
95.13 94.03 94.55 94.89 93.74
92.41 92.12 90.43 92.17 95.34
95.72 96.21 94.61 93.39 89.78
90.7 89.25 84.57 79.21 72.09
62.93 58.11 51.94 56.57 48.23
57.59 64.44 69.45 75.89 79.15
82.24 84.19 84.22 83.81 85.29
86.78 82.77 83.68 86.17 83.96
80.66 81.28 83.14 79.89 72
76.94 76.18 81.7 84.93 85.97
83.67 85.04 87.17 85.98 83.07
83.52 83.99 84.02 82.01 79.03
80.11 79.68 80.3 82.17 85.14
87.72 88.94 87.79 87.64 91.03
91.39 88.8 89.03 92.27 91.93
90.5 92.5 92.84 92.08 92.79
92.8 92.15 92.25 92.88 92.91
90.84 90.94 92.68 92.41 94.55
95.99 96.18 96.82 97.24 96.52
96.92 94.66 94.44 92.13 90.83
86.31 83.54 78.42 68.05 60.4
55.34 54.91 47.96 43.9 43.62
47.91 47.02 56.82 59.58 73
83.39 86.7 90.96 92.18 95.02
95.51 96.79 96.93 97.03 96.83
96.72 96.13 94.99 94.92 92.82
93 93.89 93.4 93.52 95.28
95.53 95.05 95.67 96.11 96.61
96.13 96.04 95.45 96.16 95.58
95.3 95.9 96.18 95.56 94.03
93.97 93.53 91.17 93.07 93.35
94.01 94.33 96.07 95.81 95.84
95.07 94.26 91.49 88.71 84.77
83.04 81.39 81.95 88.24 92.26
93.73 95.92 96.51 96.85 96.96
96.31 94.54 91.68 88.49 88.34
91.06 93.64 94.09 94.94 95.36
96.67 96.39 96.73 95.94 95.09
92.12 91.61 90.8 87.4 85.49
86.47 87.22 85.19 81.61 82.91
80.28 77.22 72.68 84.14 82.99
86.36 87.54 90.52 90.55 90.94
89.62 86.94 86.86 91.2 91.21
92.52 92.16 93.6 94.07 95.04
95.86 95.43 96.48 96.23 95.64
95.52 94.67 93.56 92.97 94.06
94.73 93.15 94.87 95.74 94
92.72 93.88 93.22 92.74 86.15
80.83 67.79 60.29 57.93 51.53
48.77 44.68 43.88 44.88 44.56
50.41 59.65 71.32 81.46 89.51
92.84 94.17 94.17 95.82 95.44
94.99 94.07 95.59 96.09 95.89
96.5 95.79 96.65 96.47 95.25
93.91 91.8 85.99 83.11 80.58
84.9 84.78 89.08 91.53 91.59
91.62 92.81 93.19 93.69 94.14
94.07 93.6 95.37 94.99 94.86
94.84 93.83 94.65 92.93 91.1
93.22 94.64 96.25 95.68 93.96
90.35 88.06 86.92 82.8 72.32
72.58 71.1 79.62 86.86 87.5
87.8 88.84 91.15 92.42 91.69
92.87 95.02 94.31 93.74 94.24
95.34 96.51 95.51 96.54 96.33
95.73 94.35 93.71 92.49 92.74
91.38 91.96 91.45 91.85 93.11
92.28 95.18 95 94.55 95.35
95.4 95.22 93.6 90.11 90.93
90.59 92.05 93.18 94.35 94.36
93.66 95.7 93.09 92.52 94.58
93.53 93.81 94.78 95.32 94.47
93.43 94.51 93.92 90.95 91.14
92.28 89.23 85.76 80.71 69.9
