35.67 30.99 33.23 27.07 31.7
27.65 28.14 25.46 28.6 25.62
30.17 26.81 24.33 25.49 29.3
23.45 27.81 28.49 32.36 28.29
26.42 33.33 28.66 30.04 30.27
38.76 41.55 39.6 43.96 46.8
48.85 50.01 52.91 51.86 52.62
53.69 51.17 52.83 53.66 50
58.53 41.21 41.52 43.58 37.91
37.47 33.58 29.76 32.77 33.87
31.58 33.73 38.96 37.92 48.17
54.31 61.73 71.63 74.84 80.46
78.63 81.8 78.88 80.69 80.99
81.55 83.95 86.86 85.64 84.25
88.53 87.29 86.87 85.25 87.35
86.6 85.26 85.98 86.16 86.38
84.64 88.87 86.57 89.16 86.56
88.31 90.56 89.63 85.37 90.32
91.5 90.96 89.25 93.43 93
93.13 91.63 92.5 91.76 90.95
90.85 90.56 90.42 88.53 87.26
85.96 86.64 83.31 79.56 82.84
84.93 81.44 80.67 86.75 86.09
81.96 88.04 86.06 88.08 88.29
85.62 87.35 90.8 89.6 86.34
88.62 91.51 89.28 86.68 89.01
89.16 88.18 88.75 91.53 91.14
87.26 91.41 91.43 90.74 90.83
93.15 92.88 90.72 90.1 92.97
90.28 91.58 90.9 90.27 88.7
87.99 88.11 84.04 84.52 82.77
83.76 84.03 81.85 80.65 77.62
74.35 76.77 77.36 76.49 76.1
78.63 76.9 74.91 78.91 77.31
72.29 76.45 72.8 75.86 76.47
73.86 73.81 77.77 79.81 76.17
78.23 83.62 84.25 83.19 84.36
84.83 83.31 84.22 87.24 86.84
85.4 85.53 86.33 82.33 86.63
86.12 84.82 84.52 85.7 85.28
84.81 83.56 81.77 81.53 81.64
81.59 79.89 80.17 78.96 77.39
76.52 77.45 78.24 71.94 75.4
80.09 79.24 76.13 79.62 79.09
81.57 81.51 81.15 83.53 86.03
84.7 85.49 87.13 84.82 83.66
85.21 87.08 86.72 85.32 86.77
85.87 85.75 83.94 84.33 82.47
80.75 79.64 75.54 60.21 55.35
53.71 62.28 68.17 71.38 74.17
75.54 79.54 83.07 82.88 84.66
84.53 84.14 85.69 84.68 82.47
81.49 76.62 78.56 80.29 79.29
80.27 83.7 83.34 84.3 85.86
85.35 87.89 88.1 88.25 87.8
88.69 91.28 89.95 89.16 91.67
93.55 91.72 91.57 92.97 92.58
91.09 90.3 91.45 88.02 86.81
84.96 81.01 72.3 63.74 54.48
62.86 70.33 80.08 85.61 87.43
87.57 88.77 91.27 90.57 90.68
90.73 89.55 88.28 87.65 87.9
92.6 91.45 89.75 89.06 90.91
89.17 88.89 88.59 88.64 87.83
86.32 87.66 85.72 86.37 83.95
85.95 78.73 76.71 74.87 81.08
81.61 82.62 83.22 85.36 88.4
87.47 88.7 89.78 90.54 92.29
92.01 93.26 93.31 93.15 92.54
92.77 94.18 94.68 94.32 93.88
92.94 92.39 91.98 90.32 89.22
88.07 86.15 84.95 81.31 67.21
61.58 62.22 64.98 77.73 86.16
89.3 89.52 90.77 92.51 92.53
91.7 93.4 92.96 91.5 92.69
90.83 90.03 87.68 88 84.39
79.81 76.32 79.18 81.21 79.94
83.12 82.94 82.56 85.56 87.32
89 88.03 89.16 90.13 91.14
91.09 91.89 92.13 93 91.97
92.22 92.11 92.02 92.05 91.41
91.61 93.64 93.52 93.05 94.17
95.79 94.72 94.16 96.75 97.32
95.97 96.07 97.74 96.55 96.42
96.33 94.28 92.7 93.35 92.81
90.47 90.43 89.32 87 84.95
83.18 71.26 68.33 59.72 53.2
56.37 50.77 58.09 58.05 69.21
82.32 87.97 89.99 91.77 93.38
94.58 94.31 95.25 96.26 95.9
96.42 97.3 97.29 96.43 97.04
96.53 96.79 96.24 94.62 94.59
94.62 93.29 92.52 92.92 92.28
92.09 92.3 89.34 88.74 85.36
85.63 88.59 85.56 88.29 86.02
81.93 84.9 80.78 82.67 87.4
84.25 85.18 87.46 90.95 90.6
89.26 90.88 91.64 94.13 93.36
93.66 93.81 96.13 96.44 96.02
97 98.23 97.62 97.69 97.42
97.46 97.43 96.1 95.16 95.1
93.28 92.36 90.53 88.01 82.97
67.49 56.34 54.01 44.45 39.25
43.59 56.58 72.16 81.01 86.86
89.49 91.16 92.76 93.61 93.82
95.39 96.44 96.58 96.76 97.25
97.67 96.47 95.98 97.19 96.82
94.8 95.24 95.86 97.15 95.76
96.52 95.73 94.05 93.82 94.05
93.15 91.03 90.13 88.31 86.94
72.77 63.64 55.36 56.66 64.52
73.25 82.74 88.36 91.69 92.2
93.98 95.76 96.51 96.32 97.41
97.23 97.76 97.51 97.36 96.28
97.15 96.88 95.42 94.16 95.01
94.78 92.57 92.36 93.65 93.1
90.75 90.4 92 91.6 90.91
91.89 93.48 93.19 93.63 93.9
94.96 94.34 94.71 93.76 93.69
92.92 91.32 91.62 91.85 94.06
91.48 89.44 87.94 90.52 89.92
88.74 90.93 91.81 91.28 92.49
92.42 94.36 94 93.7 93.89
95.08 93.62 93.47 93.92 94.03
92.51 91.94 93.36 91.99 91.01
91.52 93.05 90.76 89.56 90.24
93.04 90.02 83.41 82.22 77.04
74.65 68.9 48.8 46.13 37.58
40.35 33.55 37.61 37.48 34.5
37.15 37.44 30.42 30.18 38.95
34.24 29.05 30.83 29.4 31.06
27.58 27.44 28.24 26.79 29.31
29.83 32.35 35.06 34.2 34.91
36.17 36.31 39.34 43.73 39.92
41.34 54.41 49.31 53.05 51.35
55.43 52.8 57.64 51.23 57.51
49.16 51.21 50.32 48.67 54.03
57.79 58.54 57.48 60.59 71.82
76.62 86.89 90.52 93.44 92.41
92.68 91.12 92.01 94.08 94.21
91.82 92.31 93.21 92.99 91.49
91.32 93.7 93.35 91.83 92.71
95.29 93.09 92.44 94.88 93.49
91.66 93.05 92.6 93.03 93.93
92.74 92.57 93.56 93.27 93.03
94.26 94.04 93.89 93.68 93.21
94.21 94.03 91.29 93.29 93.55
89.86 88.38 90.14 90.62 86.14
86.86 88.52 85.96 81.88 81.6
82.79 82.51 85.14 87.33 87.32
88 89.07 91.9 88.75 89.66
92.25 91.77 90.34 91.17 91.58
90.59 91.53 90.14 90.04 87.2
88.71 87.4 88.46 87.79 89.08
86.96 85.13 86.49 87.02 86.77
86.98 87.66 86.96 85.17 80.98
76.54 57.95
