39.29 39.26 37.82 40.03 39.4
43.43 43.7 45.97 48.4 57.27
61.85 63.33 62.83 66.62 70.92
74.1 73.54 73.88 71.9 70.39
63.21 58.77 58.72 52.69 53.81
50.63 51.67 46.17 47.34 48.29
53.82 60.14 57.86 66.97 67.44
74.61 65.66 70.51 69.97 68.42
72.8 74.45 77.63 83.15 88.48
92.72 93.87 95.36 96.35 96.78
95.37 93.2 91.45 90.88 93.51
95.65 96.22 98.01 97.23 97.68
95.7 96.96 96.12 97.5 97.4
98.22 97.95 97.61 96.66 95.06
94.6 94.85 93.4 91.76 89.16
89.13 85.9 89.06 92.73 92.62
93.56 94.28 94.63 95.67 96.68
96.86 96.8 95.83 94.9 89.75
87.42 87.42 93.39 95.03 95.88
96.38 96.61 96.69 96.09 94.21
93.11 95.13 97.6 98.22 98.31
98.44 98.3 97.91 97.85 95.59
94.02 92.56 95.56 96.66 97.74
98.14 98.54 98.43 98.63 98.51
98.53 97.82 96.16 90.73 82.9
70.23 61.6 56.98 55.47 54.02
51.39 55.88 78.01 91.13 95.81
97.38 97.49 98.45 97.94 98.19
98.59 98.31 98.37 97.82 97.25
96.6 95.49 95.34 93.83 93.29
93 94.24 95.18 91.41 90.58
93.97 92.89 90.28 92.84 94.44
95.42 96.01 96.79 97.86 97.94
97.47 92.16 91.98 96.82 96.91
96.98 96.96 96.76 96.78 95.75
94.1 94.33 96.87 98.2 98.32
97.73 97.01 94.19 93.07 95.18
94.92 96.97 97.63 97.11 98.06
96.17 91.46 82.04 84.25 82.56
85.82 90.62 96.26 98 98.12
98.3 98 97.21 95.52 94.87
97.27 97.58 98.37 98.1 98.02
97.03 94.78 95.69 92.48 93.61
94.07 93.14 95.22 96.87 96.68
96.65 96.76 97.02 96.42 96.06
94.09 93.33 91.62 91.25 91.47
89.12 88.82 89.3 90.92 89.91
90.57 91.94 92.97 92.98 93.94
94.43 95.49 96.68 96.86 96.61
97.09 97.37 97.39 97.04 97.01
96.86 96.33 95.74 95.69 95.77
94.26 92.83 92.82 89.85 87.85
87.03 84.78 82.64 75.49 67.8
62.22 58.2 50.95 60.16 49.11
56.53 49.53 56.12 55.24 52.92
54.37 53.6 56.4 54.25 53.7
