45.27 46.57 55.59 55.3 51.98
56.54 49.19 46.8 54.38 45.42
37.83 46.84 46.17 38.4 39.28
44.28 41.35 44.43 44.95 53.47
58.64 66.49 76.52 89.9 91.38
91.91 92.26 93.06 92.57 92.93
93.42 92.79 91.93 92.84 91.82
91.98 91.75 90.33 86.52 85.53
77.12 57.68 51.36 38.68 42.15
39.58 35.86 30.68 32.82 29.6
34.73 38.25 49.16 58.79 77.53
88.26 90.17 91.98 94.33 96.91
96.53 95.74 95.04 91.31 89.28
86.05 84.56 85.57 87.52 86.6
86.38 88.35 92.53 94.16 93.59
93.04 94.32 94.93 94.1 93.49
93 93.31 94 95.39 94.84
94.52 94.14 91.32 89.83 87.54
91.96 92.17 94.61 92.77 94.28
96.53 96.97 96.63 93.57 90.06
89.9 90.26 91.05 95.11 96.54
97 96.97 96.84 95.5 96.03
94.87 94.71 94.94 95.66 94.48
93.1 93.8 95.37 97.45 97.28
96.09 94.66 93.31 88.73 89.04
88.3 88.27 86.74 87.03 86.23
87.07 86.95 88.37 88.13 86.96
87.54 88.34 84.77 86.14 86.03
93.98 95.26 96.65 95.95 97.18
96.87 97.05 97.63 97.09 97.06
96.53 93.93 93.64 91.82 93.01
94.75 93.88 93.88 94.07 93.85
93.92 95.91 95.84 95.84 97.17
97.85 97.68 97.87 97.82 98.03
97.88 97.74 97.63 97.81 96.77
95.62 95.6 95.76 95.9 96.04
96.39 95.97 94.98 95.36 96.07
94.43 93.46 94.94 94.53 94.16
94.02 93.89 95.33 97.61 96.71
96.08 96.22 97.17 96.45 95.38
96.54 97.59 96.93 96.93 97.89
97.08 96.92 96.05 93.49 95.7
95.96 96.56 97.02 96.96 96.22
96.57 96.45 95.55 95.55 95.28
93.54 92.98 92.63 89.91 83.88
77.41 68.67 59.16 51.21 43.96
49.54 46.84 51.69 54.32 63.19
64.15 62.42 70.46 68 68.36
66.18 64.42 60.22 60.35 57.11
59.1 64.55 64.28 64.51 64.14
57.17 58.19 45.48 46.07 37.15
35.8 38.04 38.45 33.54 39.57
42.86 41.97 47.68 44 40.92
43.27 45.54 41.31 47.6 44.16
38.73 41.04 43.87 47.77 47.65
44.34 40.67 42.13 47.9 46.94
50.37 48.89 35.12 30.91 37.25
31.03 35.79 30.77 32.58 31.84
28.37 31.99 28.21 34.75 33.66
33.56 41.24 35.56 39.47 38.34
43.35 43.38 39.47 40.38 47.8
48.78 43.96 44.86 44.54 43.66
37.33 33.11
