45.63 58.87 49.89 54.99 54.28
47.43 48.13 45.89 44.39 46
47.63 46.36 44.04 50.9 50.19
48.95 53.3 39.36 46.42 48.52
49.98 61.02 48.97 61.61 58
48.61 55.48 58.99 54.94 45.87
55.93 59.78 51.27 53.85 53.45
51.47 54.62 52.42 53.91 51.13
57.79 46.42 49.24 48.76 47.7
55.25 53.69 57.43 69.47 68.61
71.78 79.94 72.29 72.3 73.55
75.73 69.96 62.98 59.11 57.01
58.39 52.9 52.34 50.96 47.56
43.61 44.06 42.44 39.77 42.72
39.61 42.09 39.52 40.42 39.55
37.86 42.29 37.66 37.94 40.3
34.48 38.66 34.98 43.04 39.71
46.33 39.76 40.14 40.79 50.65
50.98 51.97 42.33 49.56 42.55
49.15 50.18 44.18 44.37 46.48
51.61 49.67 47.22 46.1 43.36
46.09 36.04 38.58 45.25 36.71
42.2 42.59 54.2 47.9 59.96
59.54 63.19 58.14 43.26 57.69
47.37 45.73 49.07 48.73 41
44.79 41.59 39.68 39.4 41.62
45.85 44.85 56.04 51.65 59.54
52.28 48.49 62.59 40.08 49.15
44.03 53.94 57.57 47.94 57.75
41.14 45.17 38.06 37.42 45.26
48.58 42.37 43.28 49.62 46.08
44.29 48.47 44.5 39.91 37.82
35.99 39.18 45.96 46.27 36.35
42.56 44.14 39.13 37.88 41.61
44.63 35.48 41.39 44.26 44.09
38.1 38.95 55.36 39.73 44.14
49.71 47.18 40.94 48.21 36.98
40.58 41.33 55.33 46.76 40.31
52.1 42.22 47.11 47.28 37.61
35.83 41.65 51.76 51 48.78
49.24 42.29 45.38 43.48 44.56
36.2 51.44 45.53 56.1 50.8
48 40.39 44.83 40.01 39.3
43.47 51.13 44.53 54.39 55.91
41.87 49.76 42.8 45.25 50.76
54.81 48.01 53.97 50.72 45.46
43.96 41.94 52.35 42.6 49.96
39.84 45.08 48.2 50.49 49.56
52.24 50.15 47.74 47.38 48.31
62.18 57.7 56.27 43.6 58.75
51.45 48.8 51.12 42.91 49.96
52.83 42.98 47.01 54.21 38.05
58.24 42.24 52.71 45.43 45.96
54.18 45.52 48.68 47.93 40.34
34.9 42.96 44.49 38.4 37.09
46.25 40 44.83 49.3 50.08
45.08 50.71 46.53 47.82 41
46.01 39.9 39.52 39.73 42.48
39.31 41.1 52.48 50.35 59.49
66.53 80.93 86.07 90.81 93.95
95.32 96.51 96.46 97.86 98.11
98.24 98.12 98.1 98.24 96.7
96.77 96.41 96.17 95.24 93.98
94.26 93.45 92.97 92.55 90.09
79.65 81.91 76.92 82.6 89.15
93.22 95.13 94.11 93.83 95.34
96.44 95.5 96.78 97.35 97.21
97.15 98.16 97.58 97.89 97.46
98.14 97.1 97.59 97.8 97.9
98.21 97.93 98.45 98.52 98.15
97.7 98.41 98.31 98.05 96.84
97.09 97.53 97.1 97.21 95.48
96.67 96 94 92.54 87.99
93.68 89.71 88.55 85.54 80.27
80.25 79.86 70.62 67.9 62.14
57.86 55.12 59.46 56.69 58.25
52.79 51.38 56.93 52.68 47.58
50.8 51.42 45.37 42.07 51.05
48.73 52.35 50.9 56.45 52.48
56.86 59.42 59.35 53.26
