39.53 37.5 40.33 47.55 38.78
40.87 47.51 39.38 40.28 39.22
39.24 43.31 38.96 38.77 39.35
33.38 42.06 37.97 37.28 36.73
35.98 36.61 34.32 35.42 35.1
39.57 32.27 33.69 32.55 32.5
29.86 34.15 28.69 33.01 27.84
28.16 32.27 28.51 37.17 33.94
33.53 41.91 43.33 36.6 38.27
35.84 35.83 34.39 32.02 32.21
32.42 39.35 32.63 38.68 32.45
38.27 28.51 35.84 30.42 31.87
31.97 29.74 27.84 27.99 29.11
32.55 28.21 32.09 29.84 26.7
29.57 24.36 26.95 26.95 29.85
25.2 25.57 30.27 30.36 30.92
43.87 36.82 38.46 41.05 35.48
36.16 32.21 33.55 44.19 39.5
35.97 40.76 37.95 35.44 30.47
27.53 27.49 29.47 34.56 40.8
43.61 47.78 58.51 56.24 63.03
54.71 51.85 55.36 62.35 69.69
79.56 81.67 86.15 84.65 85.24
86.02 86.21 84.11 84.26 83.66
81.72 79.37 81.87 83.32 85.48
90.19 90.19 89.62 89.25 85.71
83.18 77.51 76.62 81.17 83.38
86.97 89.32 91.06 90.14 89.11
85.24 80 80.98 77.57 84.04
87.66 84.19 83.99 87.97 86.89
81.68 85.75 87.41 84.98 81.54
84.32 81.56 78.05 80.62 80.94
82.88 83.53 85 85.33 90.51
89.85 90.12 88.88 92.21 92.8
94.85 94.55 95.22 95.54 95.74
94.82 94.44 94.23 92.28 87.64
86.94 83.55 79.26 74.93 84.46
89.71 92.79 93.5 95.17 95.66
95.55 94.82 93.61 92.32 88.6
89.67 90.76 91.34 93.04 93.39
93.04 89.13 89.65 87.16 81.82
69.77 63.66 70.1 82.41 88.5
91.07 92.15 90.62 93.03 91.95
92.42 90.31 90.97 87.36 84.54
87.58 86.22 87.28 89.84 92.8
95.01 96.36 96.56 96.82 95.13
94.57 92.9 90.6 85.02 72.74
60.89 57.3 57.26 53.34 52.05
53.16 51.2 56.73 61.82 85.14
89.84 89.98 92.68 94.67 96
95.68 96.06 95.36 92.65 93.27
93.54 93.52 92.21 85.22 82.15
86.87 92.28 95.87 96.49 95.25
96.31 96.12 94.65 93.56 90.66
81.52 69.66 64.3 57.85 56.4
51.76 54.08 52.01 58.46 67.84
79.63 90.35 93.83 95.6 96.96
97.62 97.24 96.81 95.26 95.31
93.07 92.4 91.84 92.68 93.87
94.26 93.81 92.24 92.25 93.44
95.97 94.79 96.03 97.23 95.95
95.6 95.93 95.98 95.27 94.12
95.02 95.86 94.86 94.37 94.82
95.62 92.98 92.91 93.53 93.16
90.89 89.62 91.6 92.62 92.76
91.1 93.45 95.46 94.77 93.85
96.44 97.36 96.03 96.3 97.79
97.53 95.6 96.89 96.74 95.32
92.04 91.88 91.53 95.09 95.39
95.18 96.4 97.15 97.14 96.23
95.68 94.62 93.58 93.54 91.5
90.14 90.62 89.61 87.88 84.97
82.29 79.25 82.33 80.96 79.91
80.28 81.38 81.32 81.42 83.8
90.22 93.57 95.9 94.89 93.85
95.48 97.39 95.74 94.79 95.86
96.89 95.35 92.8 92.59 92.53
92.04 88.65 87.61 92.22 93.89
90.16 90.21 93.57 95.38 93.04
93.02 95.83 95.7 93.29 95.09
94.84 90.94 91.51 90.4 87.42
85.19 88.85 91.99 94.3 94.58
92 91.66 90.79 89.85 87.37
89.62 86.62 88 92.28 92.88
92.34 93.7 95.16 95.89 95.4
95.61 96.69 96.97 95.76 96.7
97.56 96.99 96.34 96.85 97.07
96.52 96.05 96.53 95.03 93.49
93.16 90.35 85.59 86.93 92.15
91.94 92.13 92.89 94.49 94.51
94.17 95.87 95.41 94.64 94.81
95.15 94.15 93.99 93.88 92.22
91.09 91.37 90.04 85.86 82.54
82.81 81.34 87.03 90.16 89.91
89.85 91.55 94.18 93.86 92.3
93.63 95.72 96.18 93.82 93.74
95.93 97.13 97.32 96.42 96.86
97.22 95.41 93.01 94.38 90.18
89.34 91.28 87.63 90.74 89.6
86.39 86.46 87.22 89.61 88.44
89.72 91.11 93.8 94.6 95.19
96.32 96.95 96.87 97.16 97.64
97.76 96.93 97.74 97.74 96.36
95.67 96.54 94.89 92.89 93.83
94.67 95.78 96.05 91.42 88.27
87.77 90.83 91.75 93.14 95.3
94.39 94.87 96.79 96.73 96.06
96.68 97.05 96.34 96 96.63
95.8 95.35 95.74 95.77 94.16
94.64 95.22 94.62 93.39 93.28
93.9 93.29 90.35 83.81 83.07
77.66 77.53 69.56 67.04 71.28
73.03 76.9 80.29 71.96 75.86
80.92 86.95 88.75 92.25 92.95
92.66 95.16 96.83 95.2 93.98
96.51 96.38 93.6 93.25 95.21
94.24 90.55 90.49 90.52 87.47
84.28 83.36 81.1 75.03 63.79
65.11 70.75 77.26 81.37 79.8
78.67 82.78 82.39 84.42 86.24
90.57 90.56 91.14 94.06 93.96
93.17 94.43 95.68 95.99 94.63
94.95 95.3 94.55 93.58 90.92
90.04 87.12 76.86 65.25 56.5
49.84 50.85 40.8 45.34 45.37
40.45 37.94 40.74 36.31 38.86
35.57 37.56 33.11 34.26 32.49
34.69 32.77 30.38 32.82 33.32
32.09 30.66 34.12 40.47 26.79
37.56 33.44 33.21 34.96 37.48
35.61 34.93 41.69 38.47 35.62
38.78 38.39 36.8 41.1 34.31
35.98 30.42 33.29 41.75 33.92
37.71 35.17 31.28 34.65 30.71
31.24 28.35 29.45 29.46 27.93
31.71 29.28 31.98 30.25 26.16
27.42 26.34 29.98 26.86 30.78
29.42 34.76 30.68 31.93 29.73
30.19 32.62 28.44 34.86 34.06
28.31 32.72 29.78 26.43 31.5
31.1 34.61 30.83 29.69 32.25
34.79 29.33 35.16 38.97 41.93
40.75 36.48 35.13 28.99 30.98
32 29.52 31.11 30.17 30.02
26.59 30.73 27.01 29.39 26.73
28.02 24.8 28.36 29.55 32.48
29.65 27.08 30.24 29.54 26.94
31.48 32.84 30.16 30.99 29.62
30.66 31.19 29.36 33.18 29.22
30.96 33.08 28.78 31.35 29.02
26.41 30.88 27.39 32.02 26.82
35.21 26.61 30.41 28.29 35.53
33.45 28.29 30.71 29.9 25.73
31.12 29.94 28.2 31.93 28.74
31.38 30.67 28.09 29.13 25.24
27.12 30.1 28.83 29.79 27.45
31.37 31.35 31.86 37.65 39.71
35.87 33.23 32.35 30.51 33.05
34.48 33.15 41.34 32.82 37.26
37.11 30.3 33.75 31.1 34.83
30.44 32.72 30.47 34.45 30.68
30.18 33.2 28.49 29.21 30.78
31.02 35.5 31.94 35.39 32.42
35.17 31.28 38.79 39.03 37.95
34.74 30.08 36.85 35.88 32.28
36.68 36.17 29.17 35.45 33.92
36.16 38.4 32.67 34.74 34.48
34.53 31.44 32.61 32.97 29.77
28.49 31.31 30.31 28.38 30.9
32.14 27.51 33.56 30.31 34.87
38.56 31.43 35.63 34.98 36.21
36.41 32.94 33.58 37.58 37.08
32.88 39.16 32.83 36.75 34.88
32.34 38.14 30.79 31.99 33.38
35.83 34.84 36.69 32.67 35.12
30.38 29.46 34.87 29.32 34.23
28.71 31.76 35.25 30.96 49.7
39.88 35.94 37.53 41.2 38.49
33.65 35.39 36.65 32.53 32.71
33.78 35.6 34.3 36.28 40.03
34.75 37.18 36.92 37.33 36.51
34.61 35.75 38.15 38.75 33.91
43.24 36.63 34.19 30.78 32.59
31.39 30 33.03 30.89 30.32
31.33 32.98 31.47 30.46 30.72
31.02 31 33.67 34.04 33.9
32.84 28.92 35 29.68 31.25
33.59 28.51 27.93 30.12 31.23
28.72 32.09 28.7 31.89 31.63
32.74 34.91 35.92 33.52 34.42
33.07 46.66 52.38 70.06 67.45
72.91 72.17 68.32 72.9 68.68
69.6 71.99 68.04 67.66 66.32
56.88 43.24 37.96 40.98 39.25
33.02 40.74 36.47 40.06 37.23
40.27 35.93 40.73 42.6 49.67
55.43 51.44 58.11 61.79 67.08
74.73 78.23 79.99 82.89 85.02
87.35 86.64 87.76 90.1 90.79
89.98 90.48 91.59 91.21 90
91.29 91.9 86.91 89.21 91.83
91.21 86.93 88.53 90.85 88.63
88.74 92.48 91.8 88.24 91.12
92.77 89.58 87.98 92.1 90.58
88.19 90.9 92.37 91.82 87.81
90.61 91.44 88.72 89.94 91.78
90.38 87.45 88.98 91.57 85.82
88.6 91.42 90.35 89.47 89.56
90.91 90.04 87.39 90.77 91.81
92.12 90.63 91.32 90.77 90.2
91.62 92.55 92.39 91.45 91.33
94.16 92.66 90.71 91.96 92.51
88.14 91.08 90.74 90.99 90.55
92.9 91.88 92.4 91.76 92.43
93.27 92.08 93.23 93.08 92.37
92.62 93.62 93.53 93.3 93.99
92.8 91.04 91.76 92.49 92.12
91.99 92.77 92.84 91.68 91.04
91.44 92.41 90.84 90.64 91.1
91.2 91.04 90.19 91.58 87.97
86.95 87.23 87.16 84.23 82.65
83.59 82.21 78.81 76.12 72.51
66.42 59.59 57.04 57.14 52.12
49.92 33.7 40.76 38.38 47.12
45.34 46.95 40.52 44.62 36.03
41.95 35.73 34.66 47.17 36.44
40.73 38.29 37.81 42.21 37.03
39.32 39.22 38.77 31.92
