36.92 43.15 50.67 54.05 54.34
66.03 80.98 93.73 94.08 94.66
96.18 96.92 97.38 96.6 95.79
96.11 96.21 94.8 95.32 95.61
93.91 92.01 88.69 84.96 84.73
78.07 77.71 84.27 92.73 95.89
95.24 94.97 94.61 95.78 96.19
95.63 92.9 94.54 97.09 97.3
97.29 97.01 95.81 95.54 94.29
93.37 91.48 92.59 91.82 92.15
93.68 94.52 95.56 96.73 97.63
97.62 96.44 96.36 96.94 95.61
94.23 92.66 94.46 95.73 97.6
96.33 96.22 97.32 97.93 97.08
96.34 96.59 97.27 96.82 97.41
96.79 96.99 97.72 97.34 96.41
96.02 97.32 96.03 96.19 98.13
98.09 98.18 98.56 97.89 96.63
94.71 93.71 90.6 87.37 86.61
88.44 92.91 96.44 97.63 98.37
98.61 98.45 97.41 96.65 93.48
92.88 91.01 92.37 93.58 95.55
97.08 97.67 98.25 98.38 97.93
97.41 96.48 96.4 96.02 96.65
97.47 97.75 97.4 95.8 92.05
90.62 93.47 94.88 97.59 98.36
98.63 98.55 98.37 98.28 98
97.59 96.94 95.53 93.35 91.09
91.18 92.88 94.17 94.46 97.05
96.34 96.34 95.67 97.34 97.2
98.21 98.12 97.16 97.55 98
97.86 98.14 98.25 98.55 98.57
98.6 97.97 97.56 96.25 95.05
94.24 92.14 96.04 97.93 98.07
98.03 98.22 98.32 98.04 97.94
97.68 97.61 97.06 94.51 90.11
84.77 83.23 89.63 90.42 90.81
93.7 92.89 92.12 93.36 94.37
93.76 93.35 93.84 93.44 93.8
94.69 94.99 95.83 95.83 95.51
95.03 95.74 95.28 93.65 94.51
95.6 93.84 92.73 94.14 92.34
77.61 76.39 61.75 51.15
