38.29 29.88 36.97 33.7 40.81
35.03 31.53 35.59 29.85 38.38
28.7 39.4 31.53 35.48 36.4
34.35 31.29 36.85 36.09 34.11
39.04 40.83 40.35 41.86 35.08
45.02 35.04 40.06 34.04 40.94
36.77 44.75 40.28 52.62 56.21
53.79 62.41 70.28 75.21 81.14
82.54 79.23 82.26 85.51 86.8
85.62 86.23 87.81 87.73 87.39
89.67 89.47 88.05 87.59 90.47
90.94 88.95 89.25 90.01 87.82
85.72 87.34 90.54 87.59 86.85
88.64 90.44 89.2 86.94 90.59
87.77 86.98 86.78 89.76 85.71
84.87 88.38 88.35 86.55 85.44
89.42 86.74 83.17 87.43 86.35
84.18 85.49 86.07 84.7 81.71
85.92 87.84 86.57 86.41 88.17
87.1 85.13 84.94 86.87 85.64
84.24 86.16 85.37 86.74 85.7
84.92 83.47 84.63 85.5 84.75
83.45 81.79 83.15 82.46 82.33
78.39 79.77 79.43 78.42 74.25
74.76 70.78 62.26 53.11 53.59
49.7 44.86 44.05 46.25 41.17
41.57 42.51 40.42 46.04 44.71
46.93 49.68 58.94 60.98 71.7
77.82 80.11 77.72 79.62 81.86
82.1 81.11 81.86 83.4 80.9
81.88 80.05 76.22 71.14 68.84
61.34 56.46 53.43 51.29 43.29
39.86 38.83 35.42 37.36 40.92
37.85 41.33 37.61 42.41 38.56
37.13 35.78 42.22 39.21 38.21
37.51 37.38 38.64 40.65 39.59
40.52 43.28 39.61 38.56 40.05
38.98 38.4 36 35.45 41.63
52.25 40.26 38.34 38.21 40.38
35.19 44.22 37 34.44 35.02
33.28 35.05 32.08 39.4 34.74
37.43 38.11 35.55 40.21 35.03
39.79 38.4 35.36 38.49 39.04
38.83 36.88 35.45 34.12 40.29
36.07 48.78 36.18 42.67 35.48
33.97 35.22 38.29 36.3 35.47
43.19 40.46 36.94 40.53 38.54
38.26 41.95 43.38 42.22 38.92
41.1 38.42 40.21 41.89 41.88
39.46 38.25 37.05 38.98 38.49
37.7 34.42 38.65 41.58 41.88
44.61 41.56 41.59 38.02 37.28
37.13 33.94 33.38 34.79 36.95
35.82 35.29 36.44 39.02 35.21
49.2 40.13 44.88 47.34 54.42
44.08 49.8 49.82 40.54 39.37
36.7 45.27 34.46 36.77 29.87
36.65 36.51 37.96 35.22 36.6
37.69 35.71 36.58 38.06 37.32
37.98 36.34 38.49 35.11 34.51
32.8 32.96 29.56 31.41 28.82
29.29 27.82 26.32 27.93 25.61
32.34 28.85 26.32 28.35 29
29.73 31.1 30.86 33.26 29.99
34.87 28.78 31.6 30.99 31.22
36.99 37.02 32.57 29.73 34.34
34.28 39.86 31.2 33.49 30.66
27.92 31.93 32.11 29.24 30.26
32.48 29.51 31.49 32.03 33.66
32.19 34.01 32.96 33.37 33.36
32.94 32.05 26.57 29.44 30.64
32.99 31.53 33.48 34.23 35.25
34.61 36.12 41.69 39.1 39.68
37.73 36.66 35.94 30.77 28.27
33 35.2 36.7 31.28 32.42
36.66 31.57 33.31 37.73 30.76
32.82 27.75 33.76 27.3 30.46
28.29 32.52 31.43 30.96 35.14
37.96 35.51 38.2 40.38 43.34
47.32 43.19 45.61 52.07 58.61
58.79 53.05 48.81 44.97 43.89
43.81 44.12 41.77 36.32 34.33
29.65 30.87 33.36 30.86 29.6
36.12 33.61 35.89 31.05 38.49
34.21 33.15 37.79 32.6 34.61
40.43 32.95 37.71 34.65 38.1
35.54 42.86 35.46 40.9 35.28
38.09 37 41.12 36.98 40.56
33.65 37.58 35.37 33.64 35.51
39.69 32.39 31.12 33.38 30.97
34.13 36.11 40.33 42.99 41.3
47.38 45.81 43.59 49.25 52.46
57.96 61.36 65.05 63.65 66.59
70.83 67.29 70.6 69.11 66.87
69.08 66.88 69.91 68.81 69.52
72.7 67.01 65.74 70.28 70.42
69.55 70.48 68.44 65.36 65.1
67.86 66.76 59.03 60.68 61.9
55.16 54.5 49.82 47.7 42.75
40.15 34.05 36.88 28.89 27.97
29.93 31.9 29.85 34.97 35.42
33.19 36.21 34.68 38.43 33.93
32.76 37.64 35.67 35.54 35.97
34.82 32.36 34.95 35.48 37.91
40.96 33.93 34.79 34.92 35.15
37.72 36.96 36.69 37.16 37.31
38.09 37.79 34.7 33.08 36.4
33.07 34.93 33.47 32.08 32.56
34.1 30.83 30.68 29.44 33.98
29.97 33.57 33.14 31.42 31.24
33.73 29.95 34.07 36.39 33.01
36.23 33.98 34.07 34.34 36.92
31.91 34.03 32.62 34.79 31.57
30.96 35.04 31.99 30.96 30.73
31.39 30.07 32.2 30.32 30.9
24.75 32.41 24.08 34.06 27.43
34.75 30.77 34.45 32.78 36.26
34.41 36 34.33 33.81 34.86
36.92 37.38 36.34 39.15 38.59
35.06 40.89 37.28 38.49 36.8
37.11 37.45 43.07 32.31 45.14
36.63 48.05 45.36 39.98 52.34
45.21 46.49 46.52 41.96 42.64
42.3 41.12 47.97 43.33 41.04
48.47 41.58 40.61 39.76 39.39
40.58 41.57 44.76 52.24 61.34
76.72 91.88 98.5 98.58 98.69
98.68 98.63 98.47 97.93 97.23
98.41 97.71 96.65 96.24 94.27
94.17 92.43 91.46 87.2 86.55
84.77 84.93 87.12 91.11 92.67
95.5 95.21 96.65 96.15 98.33
98.56 98.2 98.34 98.73 98.49
98.47 98.64 98.55 98.09 97.92
98.05 97.82 97.87 96.46 96.01
97.08 97.91 97.87 97.61 97.92
96.82 96.59 98.33 98.46 98.54
97.77 97.15 97.72 98.45 98.59
98.3 98.27 98.62 98.54 97.91
95.79 93.88 95.39 96.41 94.35
92.29 95.13 94.96 90.59 76.94
64.24 60.6 58.98 50.36 46.73
48.64 52.63 48.01 43.07 50.13
54.1 50.51 51.12 45.39 46.55
52.71 49.69 49.53 62.84 77.87
87.81 87.4 90.73 91.54 90.95
92.35 89.95 90.88 92.71 92.35
90.88 89.58 87.81 88.5 92.65
94 94.41 93.16 90.08 90.72
94.69 95.83 96.62 97.05 98.22
98.3 98.48 98.68 98.85 98.89
98.8 98.87 98.9 98.8 98.69
98.82 98.72 98.28 98.12 98.34
97.4 95.88 95.81 96.96 97.95
97.6 98.73 98.71 98.9 98.91
98.85 98.86 98.65 98.47 98.71
98.71 98.76 98.7 98.46 98.48
98.06 97.25 96.1 96.6 96.57
95.29 97.15 98.51 98.23 98.75
98.84 98.91 98.94 98.89 98.9
98.92 98.87 98.46 98.6 98.5
97.78 96.43 95.11 94.98 96.11
97.67 96.81 98.19 98.85 98.84
98.93 98.89 98.92 98.75 98.74
98.57 98.75 98.8 98.81 98.76
98.73 98.91 98.83 98.68 98.68
98.66 98.47 98.06 97.67 96.94
97.58 98.4 98.52 98.85 98.8
98.89 98.76 98.78 98.61 98.51
97.52 96.45 96.7 97.49 97.38
96.63 97.44 96.44 98.36 98.43
98.41 97.47 96.63 97.84 97.44
97.07 96.97 96.56 94.97 96.45
96.31 95.48 97.53 98.51 98.48
98.71 98.7 98.48 98.61 97.82
95.51 94.63 97.11 95.82 96.09
97.53 98.36 97.33 97.67 97.63
98.14 98.29 97.49 97.44 98.29
98.14 96.14 96.03 97.06 97.85
96.07 95.42 96.01 96.98 95.56
95.42 96.64 97.45 98.33 98.36
98.5 98.86 98.95 98.94 98.9
98.72 98.35 98.62 97.85 98.19
97.36 94.02 89.82 95.69 93.86
95.54 92.69 91.7 95.89 96.73
98.27 97.16 97.8 97.29 97.83
97.28 97.93 98.47 98.42 98.11
98.42 98.68 98.16 97.97 98.48
97.94 97.47 97.47 97.49 95.54
96.91 98.35 98.76 98.9 98.92
98.94 98.89 98.83 95.91 96.72
94.27 95.81 96.42 97.03 97.07
98.1 98.45 98.27 98.53 98.76
98.67 98.57 98.73 98.67 98.38
98.4 98.57 97.96 96.77 97.07
95.9 95.7 92.57 93.62 92.8
88.79 84.27 85.09 83.8 79.15
84.82 89.88 93.04 96.22 96.68
97.65 98.05 98.17 98.01 97.61
98.08 97.81 96.96 96.25 95.75
95.06 94.74 93.65 87.41 88.01
83.43 73.09 64.84 62.17 54.73
38.9
