88.79 94.73 97.49 98.22 98.37
98.76 98.62 98.74 98.68 98.68
98.36 98.43 98.51 98.54 98.2
98.48 98.55 98.02 98.38 98.41
98 97.9 98.69 98.35 97.29
97.37 98.11 96.71 95.53 96.04
94.71 91.7 92.5 89.91 86.69
83.97 89.75 92.4 94.43 95.04
95.3 95.35 95.28 95.39 95.59
95.36 94.27 94.47 93.66 94.31
93.06 92.67 93.88 94.94 95.14
96.79 97.81 97.81 97.99 96.97
95.7 94.22 92.23 86.06 76.33
77.39 79.32 82.92 83.43 85.45
84.44 83.93 83.14 79.47 76.74
80.08 82.34 77.59 78.34 87.44
91.43 94.16 96.91 98.21 98.33
98.36 98.26 97.46 96.72 96.5
96.68 97.34 97.86 97.94 98.27
98.33 97.74 96.29 92.27 88.42
85.4 86.5 87.23 91.22 93.51
96.73 98.09 98.27 98.5 98.27
98.64 98.52 98.56 98.63 98.29
97.48 97 97.06 96.72 97.08
95.89 95.62 97.03 96.98 93.47
92.98 93.53 90.98 88.45 87.85
89.83 90.36 93.47 95.34 97.29
97.98 97.99 98.43 98.2 98.33
97.67 96.2 97.21 95.37 94.3
91 93.42 91.02 91.67 96.16
96.21 96.19 96.65 97.48 97.71
97.92 97.1 96.74 98.01 97.89
98.11 97.96 97.7 97.01 97.34
97.62 96.06 97.38 97.74 95.32
95.38 95.31 97.34 96 94.23
92.19 94.45 94.24 97.68 98.14
98.49 98.79 98.71 98.79 98.71
98.5 98.58 97.8 97.32 95.67
93.85 89.93 86.82 86.17 87.83
88.03 91.7 91.9 90.67 91.84
95.27 94.99 93.87 95.15 97.53
95.8 94.25 97.1 97.85 96.25
95.76 98.14 98.36 97.79 98.04
98.63 98.52 98.48 98.47 98.57
98.48 98.67 98.67 98.59 98.6
98.54 98.44 97.8 98.48 98.17
96.48 97.11 98.41 98.08 96.55
97.74 98.28 97.55 96.48 97.78
96.96 95.22 95.43 96.37 95.29
94.39 93.52 92.05 88.11 81.04
64.68 61.29 47.15 43.37 40.51
39.71 38.44 42.25 44.03 44.35
47.49 44.73 42.33 49.18 42.34
41.79 42.48 42.15 45.09 42.5
45.17 42.97 35.72 47.44 42.16
43.28 43.79 41.68 39.84 36.88
41.45 52.19 47.91 47.96 50.84
54.02 60.79 48.2 50.62 53.97
48.43 54.55 44.53 45.58 41.48
33.42 41.45 34.05 39.67 36.29
35.68 32.06 31.54 31.53 29.53
34.82 33.33 33.33 37.88 31.97
40.33 32.98 34.44 32.37 37.49
34.16 35.76 38.1 34.86 36.66
36.51 43.55 42.44 40.88 46.44
49.45 45.23 50.26 52.41 49.44
49.85 53.44
