43.51 48.31 48.6 50.53 58.62
61.46 63.78 70.22 76.56 77.94
78.9 83.24 84.96 83.73 85.66
88.23 90.95 90.42 88.93 90.72
93.61 91.4 89.49 89.13 89.65
92.12 88.34 89.81 90.84 90.95
90.09 88.69 89.34 87.43 85.62
83.76 82.36 78.75 70.79 59.99
43.69 40.57 39.33 30.08 29.71
30.3 31.29 28.7 31.61 28.31
26.93 36.91 26.95 30.89 32.35
31.68 37.69 46.79 48.43 61.54
70.52 84.29 90.03 90.93 91.97
93.99 94.91 95.35 95.66 96.6
97.05 96.38 96.77 96.08 95.07
94.22 94.66 94.06 91.05 92.41
92.71 89.6 87.92 90.66 90.54
86.83 87.39 86.15 89.11 90.36
90.95 86.78 80.17 81.47 86.78
92.61 92.55 93.53 93.62 93.48
95.13 95.54 95.71 95.26 95.23
95.63 94.33 93.51 93.23 91.79
92 88.1 86.89 88.02 88.81
89.32 88.44 88.53 91.92 93.52
93.29 94.59 96.19 97.1 97.14
97.62 97.4 97.17 97.36 96.69
96.27 95.88 94.91 93.85 92.84
94.87 95.12 95.33 96.08 96.47
96.09 96.71 96.51 96.66 94.73
94.72 94.17 92.43 91.58 87.38
86.19 84.15 80.38 73.81 75.13
76.57 83.31 89.58 90.87 92.87
93.34 92.95 94.89 95.66 95.08
95.39 97.48 97.74 97.29 97.76
97.89 97.58 96.53 96.37 95.77
94.1 91.38 90.71 88.86 82.54
76.62 69 59.99 67.05 80.22
81.77 82.01 84.49 84.87 85.5
87.33 89.09 88.41 88.91 92.02
94.27 91.8 91.88 95.01 96.46
92.87 91.66 95.4 94.97 91.07
92.73 94.65 93.79 91.84 93.2
93.69 91.96 89.73 90.89 88.75
86.91 82.93 78.05 75.15 68.32
57.25 49.96 44.55 41.9 32.97
31.14 30.59 28.51 26.62 30.82
40.09 50.53 66.14 78.49 81.89
89.24 92.4 93.32 96.57 96.1
95.34 96.31 97.15 96.07 96.02
96.36 94.61 94.34 94.73 93.73
92.04 91.29 89.91 87.36 85.43
87.93 87.35 86.5 86.36 90.8
90.84 88.12 90.19 92.53 92.17
89.04 92.04 92.17 90.28 91.21
90.18 88.11 89.53 86.13 87.83
89.95 86.72 82.66 89.03 89.87
86.42 87.52 92.26 93.23 91.59
91.83 95.01 94.62 92.98 92.11
92.39 90.07 88.23 83.62 81.23
79.16 77.01 77.97 82.05 87.15
87.74 86.7 84.94 80.95 79.05
73.59 71.92 68.81 66.17 66.24
64.75 58.5 56.11 44.17 40.63
43.05 35.01 38.51 42.9 39.65
42.72 45.38 47.71 58.87 69.96
79.41 86.3 88.08 88.32 83.56
81.41 79.15 77.63 81.04 82.06
85.38 86.37 90.62 85.9 89.03
89.23 89.27 90.52 93.5 94.1
93.2 92.57 94.26 93.45 91.28
87.14 88.34 88.87 85.15 81.35
77.88 77.69 77.7 75.4 79.71
80.22 81.09 81.77 81.46 87.39
84.68 87.23 86.28 85.52 84.81
82.53 86.08 86.43 84.72 83.53
86.57 87.05 83.45 86.15 89.96
90.23 91.57 93.35 94.16 94.42
94.78 94.56 92.43 92.07 92.4
89.34 85.12 84.19 84.94 90.29
90.59 90.63 91.59 93.3 92.9
92.17 91.36 92.73 91.62 89.31
88.59 88.93 84.72 85.09 85.89
84.13 85.03 90.29 93.64 94.21
92.95 94.87 96.51 95.4 95.4
95.83 95.85 94.83 94.89 92.83
90.92 88.61 86.36 91.45 92.83
95.06 94.81 96 97.33 96.39
95.67 97.46 96.75 95.54 97.11
97.16 96.58 95.95 95.45 95.17
93.88 95.77 97.39 96.73 97.45
98.08 97.67 97.4 97.73 97.88
97.06 95.96 97.37 96.08 90.98
84.86 90.87 92.72 96.92 97.22
97.14 97.11 97.98 98.4 98.26
98.24 98.38 98.31 98.17 98.1
98.1 97.63 96.44 95.05 92.61
93.91 95.12 95.02 94.4 96.68
97.76 97.59 97.4 97.94 98.6
98.31 98.34 98.61 98.43 98.26
98.41 98.52 97.91 96.55 96.58
95.07 90.84 89.44 91.27 84.66
86.88 86.38 90.99 92.97 92.38
93 97.06 97.8 97.04 97.71
98.28 98.41 98 98.21 98.25
98.32 97.9 97.98 97.74 96.94
97.03 96.62 95.25 93.35 90.44
93.31 92.65 94.25 95.91 96
96.19 97.3 97.57 97.31 97.67
97.93 97.61 96.82 94.75 94.19
93.26 95.24 95.64 95.48 95.86
97.12 95.98 94.6 93.09 95.73
93.17 89.28 90.3 93.02 91.81
89.49 90.51 89.68 89.34 92.55
93.15 94.62 95.93 96.41 97.35
97.62 97.38 97.59 98.17 97.92
97.87 97.47 96.72 96.16 95.59
96.7 97.28 97.74 97.11 97.9
98.07 97.65 96.62 97.09 96.58
94.74 95.33 95.32 93.43 92.54
92.77 89.99 86.64 90.39 91.9
92.66 95.74 95.22 95.63 96.89
97.73 96.73 96.93 97.16 96.97
95.8 94.63 95.53 94.14 91.74
93.05 91.14 92.52 93.98 93.6
93.23 93.35 92.57 90.36 91.67
91.78 90.48 90.16 89.14 88.93
86.15 84.27 79.35 74.78 73.43
57.88 57.52 52.98 41.12 39.34
32.22 26.55 29.31 32.54 28.16
27.11 27.33 26.41 27.58 24.84
25.21 24.57 23.91 25.55 22.53
24.31 25.22 23.91 24.85 23.94
21.59 23.38 21.18 21.81 23.7
23.24 27.33 24.49 27.02 31.99
31.55 28.93 31.01 39.06 36.2
34.65 40.05 41.3 50.99 52.28
46.34 54.55 56.99 51.47 56.97
57.02 58.87 52.78 55.74 55.03
55.64 50.43 46.53 50.19 43.42
42.88 40.32 43.94 44.4 44.35
38.8 48.55 61.1 69.7 72.84
78.93 83.01 86.17 89.29 90.87
91.81 93.42 93.14 94.27 95.63
94.89 94.19 95.05 95.22 95.25
94.76 94.57 92.48 92.98 92.88
92.83 93.01 91.92 90.86 92.87
93.22 92.8 92.07 93.34 92.64
90.37 90.04 90.82 86.19 83.95
87.28 86.97 87.59 91.36 94.03
95.1 94.6 96.62 97.65 97.1
96.47 96.78 97.15 96.8 96.7
95.86 94.72 95.05 93.09 95.43
94.52 95.2 96.46 97.12 97.33
97.29 96.7 97.69 97.08 96.63
96.43 96.12 96.46 92.21 92.52
91.09 87.46 91.99 93.06 93.87
96.64 97.33 97.04 96.93 97.51
96.73 96.12 95.9 96.4 95.72
94.04 95.25 93.7 95.45 94.2
94.44 95.65 97.04 97.55 97
96.6 97.15 95.39 93.88 94.81
93.63 90.53 88.85 89.05 88.89
89.09 92.05 94.92 95.57 95.84
97.69 97.26 96.56 97.5 97.41
97.05 97.17 96.64 95.95 94.09
94.82 93.45 95.48 94.1 94.77
94.75 96.54 97.4 96.38 96.7
97.79 97.6 95.88 96.99 96.35
94.72 94.06 94.21 92.91 91.5
94.47 96.35 95.17 94.71 93.53
95.8 91.64 93.21 95.45 92.44
94.31 89.85 89.55
