37.39 39.23 34.02 32.76 35.06
31.09 33.62 31.5 39.66 41.51
41.58 46.73 34.53 39.21 38.88
37.51 31.62 32.49 35.29 37.37
39.09 37.76 41.57 29.87 32.38
35.38 38.32 34.05 43.16 45.94
40.28 42.15 43.33 41.17 36.42
38.47 65.31 50.41 52.59 64.4
40.55 36.94 45.69 39.85 48.22
41.25 37.81 42.8 48.11 40.33
39.52 39.65 45.52 38.58 37.77
38.16 40.69 35.19 34.33 29.98
31.93 32.17 28.04 32.35 35.02
32.76 33.69 33.39 35.85 34.23
34.66 34.72 30.29 31.74 34.91
29.95 27.29 32.44 33.33 30.45
40.06 39.13 43.59 42.57 37.74
38.25 39.83
