36.11 38.89 44.01 47.72 54.92
56.96 74.46 90.97 94.75 96.49
96.31 97.28 95.83 96.12 94.96
95.19 93.82 92.2 93.39 95.83
95.83 95.79 94.83 96.43 97.67
96.76 95.68 97.2 97.56 96.23
95.02 94.96 93.32 93.24 89.17
86.55 85.5 82.52 82.64 82.77
76.83 75.35 73.31 79.09 85.36
88.43 94.51 95.43 95.05 95.7
95.28 93.84 92.32 88.26 86.74
89.08 93.04 95.14 96.23 97.14
96.59 96.11 93.89 90.03 83.1
79.05 70.51 65.58 60.83 60.27
64.84 67.81 64.05 66.44 73.08
78.56 81.78 85.01 90.27 90.14
93.04 96.14 97.43 98.01 97.58
98.35 97.68 98.17 98.23 98.02
98.08 97.56 97.25 97.84 97.03
96.99 98.19 97.23 95.79 96.86
95.57 93.88 94.01 94.76 93.71
91.77 93.64 94.94 93.21 93.26
94.86 95.41 94.62 96.85 97.79
98.24 98.53 98.71 98.72 98.69
98.57 97.83 97.7 97.15 96.57
93.79 95.29 95.73 96 96.59
97.09 95.63 94.4 96.81 97.18
97.27 97.51 98.04 97.67 97.84
97.55 97.11 96.28 96.85 97.61
97.87 98.47 98.61 98.48 98.59
98.3 97.94 97.34 97.33 97.46
98.34 98.05 98.17 97.45 97.89
98.56 98.22 97.19 97.98 98.16
97.47 96.87 96.69 96.1 94.38
94.13 93.17 91.08 90.51 91.19
88.46 86.97 87.65 87.89 80.99
71.82 69.57 63.36 56.14 52.07
50.51 51.12 46.06 41.49 41.23
42.32 38.59 37.54 38.18 34.09
33.5 37.7 32.99 32.4 31.99
37.33 33.65 33.27 33.96 34.67
35.85 32.64 31.94 37.98 35.18
34.69 34.18 44.43 40.31 46.09
35.98 42.92 42.04 36.12 37.16
37.25 38.98 32.52 40.51 39.34
41.97 41.65 42.3 47.1 41.9
46.04 42.74 46.91 40.25 45.23
48.43 45.76
