42.33 36.39 42.14 45.04 44.29
44.51 48.43 50.53 49.42 47.29
52.12 52.47 53.32 58.31 50.53
48.29 49.62 49.11 47.53 46.98
43.89 47.53 51.43 71.31 77.53
80.19 87.02 90.8 88.89 92.82
95.09 96.4 97.66 96.29 97.06
95.3 91.05 91.77 91.97 91.21
92.21 95.16 98.09 98.52 98.54
98.68 98.74 98.69 98.48 97.98
97.61 98.31 98.67 98.47 98.36
98.76 98.76 98.62 98.65 98.63
98.09 98.23 97.64 98.57 98.58
98.44 98.74 98.81 98.68 98.59
98.73 98.74 98.31 98.45 98.7
98.54 98.35 98.5 98.34 97.99
96.96 95.69 91.25 93.31 96.96
98.32 98.23 98.02 98.19 97.72
96.76 95.94 96.05 96.42 93.31
90.12 88.7 88.24 91.78 95.2
97.02 98.15 97.96 98.32 98.6
98.83 98.45 98.7 98.87 98.88
98.89 98.9 98.81 98.83 98.77
98.67 98.24 97.78 98.36 98.12
98.33 98.65 98.48 98.48 98.59
98.8 98.75 98.61 98.75 98.83
98.8 98.74 98.75 98.68 98.51
98.47 96.81 95.31 98.08 96.24
92.4 90.29 83.08 83.8 86.32
88.5 89.62 97.2 95.32 96.31
98.21 98.54 98.65 98.65 98.83
98.76 98.74 98.92 98.87 98.92
98.91 98.91 98.9 98.79 98.78
98.76 97.99 98.3 98.57 98.33
97.38 98.17 98.52 98.43 97.51
98.18 98.74 98.38 98.06 98.51
98.72 98.11 97.49 98.33 98.48
96.42 96.37 97.87 97.29 94.01
93.42 94.06 90.37 87.67 89.39
87.28 94.75 93.84 94.02 96.33
98.32 98.16 97.05 96.35 96.46
98.34 98.51 98.39 98.58 98.79
98.86 98.83 98.87 98.91 98.88
98.76 98.75 98.79 98.64 97.93
97.31 96.72 94.64 90.3 92.14
91.57 86.97 90.25 95.74 95.45
93.98 97.63 98.38 97.36 96.9
98.73 98.66 98.23 98.46 98.81
98.75 98.78 98.72 98.72 98.67
98.72 98.72 98.57 98.48 98.74
98.53 98.64 98.66 98.84 98.81
98.51 97.93 98.28 98.77 97.92
97.83 98.07 98.68 98 98.61
98.81 98.81 98.85 98.8 98.89
98.9 98.92 98.83 98.85 98.87
98.72 98.57 98.47 98.62 98.54
98.16 98.36 98.34 98.51 98.53
97.23 98.26 98.16 98.76 98.65
97.66 98.71 98.84 98.86 98.81
98.91 98.83 98.88 98.85 98.9
98.83 98.8 98.76 98.47 98.75
98.69 98.77 98.87 98.6 98.65
98.68 97.68 96.35 96.94 95.13
98.41 98.59 98.56 97.33 98.4
98.3 98.78 98.89 98.92 98.88
98.95 98.89 98.88 98.83 98.51
98.69 98.7 98.48 98.18 98.34
98.47 98.7 98.76 98.72 98.8
98.88 98.89 98.9 98.76 98.8
98.85 98.61 98.16 98.55 97.96
97.55 96.26 94.58 94.71 94.87
94.28 96.74 94.62 92.5 93.23
91.85 94.37 97.2 98.63 98.7
98.83 98.86 98.85 98.9 98.9
98.91 98.84 98.87 98.81 98.53
97.57 98.11 98.4 98.23 98.66
98.72 98.49 98.48 98.04 97.99
98.5 97.48 98.4 98.19 98.59
98.76 98.77 98.75 98.84 98.48
98.68 98.75 98.7 98.93 98.92
98.93 98.91 98.65 98.51 98.54
98.51 98.22 97.66 98.02 98.16
98.02 98.29 98.66 98.91 98.95
98.91 98.95 98.9 98.82 98.56
98.58 98.3 97.46 98.48 98.61
98.56 98.49 98.35 98.5 98.46
97.5 97.1 97.6 97.15 98.37
98.48 97.45 97.14 98.01 97.81
95.71 94.46 95 93.31 96.8
96.04 93.91 94.28 90.45 93.68
96.56 97.22 97.48 98.65 98.75
98.84 98.9 98.94 98.92 98.93
98.89 98.72 98.46 98.16 98.64
98.64 98.84 98.92 98.89 98.74
98.26 97.66 94.39 93.09 93.73
94.85 96.79 97.27 97.83 98.02
98.69 98.86 98.85 98.71 98.44
98.33 97.15 96.45 93.78 89.14
81.32 80.68 82.87 82.71 91.7
84.65 94.61 97.21 96.72 96.5
97.12 95.61 95.07 93.3 88.63
85.93 74.91 67.05 65.21 72.84
74.22 86.83 87.18 80.31 81.21
82.29 93.25 93.72 95.19 97.05
97.98 97.93 98.37 98.41 98.47
97.39 97.41 98.28 98.32 98.03
97.67 95.57 94.71 98.39 98.79
98.66 98.77 98.5 98.43 98.38
98.43 98.27 97.79 98.33 97.47
95.52 95.88 94.99 95.83 97.06
97.15 96.72 97.41 98.4 98.41
98.81 98.76 98.91 98.84 98.87
98.66 98.6 98.61 98.73 98.85
98.9 98.9 98.88 98.69 98.41
97.99 97.96 96.79 97.26 95.8
93.77 94.5 96.63 95.1 97.55
97.36 97.62 98.32 98.51 98.72
98.85 98.89 98.89 98.85 98.53
98.01 98.39 98.49 98.78 98.55
98.19 98.35 97.93 96.84 95.17
95.16 98 98.58 98.64 98.8
98.79 98.79 98.55 97.98 96.31
97.25 98 98.48 98.79 98.82
98.83 98.8 98.68 98.07 95.73
92.49 93.99 93.52 95.59 96.41
95.39 97.69 97.84 98.04 98.51
98.21 98.05 96.95 96.26 92.97
89.4 83.53 77.22 82.65 84.53
90.33 92.07 95.52 98.55 98.69
98.78 98.66 98.35 98.53 97.47
96.33 97.15 96.76 87.69 76.71
90.07 94.88 96.57 96.86 97.79
98.64 98.83 98.86 98.9 98.86
98.58 98.23 97.83 98.1 97.61
98.17 97.05 97.26 98.24 97.83
97.53 95.3 90.77 90.98 86.36
89.86 93.38 96.04 97.51 98.55
98.45 98.67 98.32 98.21 97.14
97.09 97.46 98.14 98.59 98.47
98.48 97.32 96.33 92.57 85.08
76.14 70.03 62.81 55.11 57
58.51 75.57 89.39 92.88 95.97
96.99 98.21 97.95 96.24 94.56
93.64 95.25 96.55 97.13 95.96
95.85 92.03 88.62 89.42 90.61
93.94 93.95 90.55 86.71 88.16
90.89 96.1 97.02 97.98 97.52
96.6 96.42 97.9 97.74 97.64
97.82 98.01 97.49 97.26 97.79
97.13 97.07 97.71 97.39 95.65
95.49 96.86 95.09 92.58 93.16
92.62 89.49 89.21 89.93 85.53
80.89 79.6 76.23 65.58 59.41
58.82 58.98 57.34 63.08 63.37
63.69 66.56 63.34 62.74 62.75
64.51 61.56 61.65 58.81 55.22
50.57 56.67 61.18 58.86 62.44
60.88 63.71 65.56 63.14 65.46
66.63 66.59 63.16 65.52 64.38
62.63 59.28 61.96 58.99 53.04
55.34 52.15 50.79 46.51 46.6
46.47 40.06 34.38 35.84 34.52
31.9 29.92 30.68 34.46 31.97
33.55 38.9 39.65 42.7 42.64
43.02 50.65 55.91 67.1 73.58
80.18 76.05 72.25 76.71 78.98
74.51 71.6 73.63 70.87 66.25
65.24 67.18 68.15 66.4 63.66
63.02 63.63 59.58 54.88 53
50.15 40.84 34.85 36.58 33.43
36.25 42.87 38.71 36.16 38.55
39.64 31.93 33.65 36.81 32.39
30.94 35.31 31.15 33.17 31.87
29.73 27.86 28.87 27.21 31.11
30.15 32.75 28.19 30.09 25.78
32.81 27.31 30.79 30.84 26.22
31.01 27.22 32.71 30.56 25.63
31.69 28.12 32.71 34.45 34.06
32.99 34.45 35.59 40.61 53.08
48.77 54.59 57.44 66.96 70.12
67.75 69.14 75.27 75.22 75.51
78.08 78.87 77.46 79.05 79.43
79.56 79.36 80.11 79.5 76.75
78.22 78.12 76.87 71.64 71.89
72.08 65.24 63.26 60.83 61
54.52 59.66 74.63 73.49 74.47
71.02 70.34 78.07 75.81 72.76
75.88 79.14 78.76 77.25 81.19
82.82 78.95 77.39 82.34 81.79
78.15 78.71 79.18 76.15 75.88
74.9 71.4 68.69 70.9 66.01
52.48 50.31 53.73
