37.08 40.92 45.7 54.55 57.72
68.92 80.61 86.93 89.99 90.96
91.99 92.14 94.3 94.59 95.45
96.54 95.96 95.15 94.39 95.28
94.26 95.07 95.32 95.32 95.11
95.96 96.37 94.08 94.84 94.6
94.42 92.89 91.92 91.49 92.12
89.54 85.35 88.36 89.3 90.95
91.88 93.76 93.45 94.56 94.46
92.87 91.63 91.72 91.48 88.25
85.26 84.01 85.64 83.5 79.16
78.74 78.69 81.4 83.66 88.85
89.25 92.03 92.24 91.82 92.57
94.5 93.37 92.59 94.62 94.4
92.38 93.85 95.51 92.42 93.84
93.94 96.19 95.73 96.51 96.15
95.15 95 95.25 96.13 94.19
94.81 94.51 92.23 92.09 93.85
90.64 87.09 88.47 90.83 88
89.97 86.8 89.63 90.38 88.88
90.01 92.39 91.33 90.85 93.14
92.92 92.76 94.04 95.53 95.16
94.48 94.02 96.07 96.06 97.01
96.71 97.51 96.59 97.33 97.06
94.33 94.55 95.13 92.78 89.96
91.17 91.4 86.7 85.5 87.71
85.71 79.77 76.8 72.17 68.02
70.75 68.91 68.83 69.8 66.74
71.93 70.78 77.73 79.74 83.88
88.13 88.7 92.8 91.4 88.85
92.39 92.93 89.84 90.49 93.91
92.31 89.38 92.38 94.38 90.87
94.17 93.87 96.39 95.07 96.82
96.2 96.86 94.38 94.74 95.05
92.88 91.39 92.43 90.6 87.79
86.48 85.65 79.46 76.39 71.87
70.8 69.74 65.54 59.86 63.36
60.27 47.6 36.33 39.22 29.13
29.55
