42.12 37.56 32.85 42.69 35.97
40.06 33.06 37.3 39.86 39.3
40.7 40.4 40.44 40.28 37.84
43.66 45.57 48.51 54.09 62.67
70.91 86.98 91.12 90.07 90.75
94.49 94.97 93.33 93.56 95.46
95.43 94.28 93.72 94.45 92.42
90.82 89.59 84.97 84.26 79.56
74.17 76.1 83.49 88.85 88.64
87.29 89.05 93.17 91.02 90.4
93.33 93.78 94.06 95.93 96.07
94.52 95.55 95.28 94.06 93.24
93.6 92.03 91.87 89.58 91.06
93.69 90.45 93.41 94.64 92.25
93.25 89.91 86.84 87.34 87.79
89.85 92.26 91.74 93.02 94.36
95.55 95.27 94.94 95.59 96.51
96.48 95.31 95.26 95.83 94.71
93.47 92.94 92.47 94.7 93.35
92.03 91.73 93.48 95.87 94.72
92.04 92.77 87.33 90.15 87.54
78.26 62 50 43.09 45.16
47.85 43.79 41.94 47.51 49.32
56.11 60.91 64.36 70.18 77.44
83.68 87.67 88.29 89.34 90.92
94.01 93.89 93.02 95.48 95.55
95.24 95.4 96.03 94.96 93.67
93.66 93.33 89.51 87.8 86.83
87.44 85.18 90.72 87.14 87.31
92.59 92.49 94.33 93.35 92.47
92.11 93.02 92.9 89.23 86.47
88.68 88.11 86.67 81.98 78.36
80.44 78.51 70.91 67.81 61.58
59.25 55.13 48.45 35.92 44.06
44.66 39.67 41.06 44.9 46.94
37.78 41.01 36.61 39.43 41.35
44.91 36.87 45 39.06 36.07
40.74 39.99 30.81 35.03 38.5
33.51 38.5 37.44 48 39.82
45.5 44.21 46.46 40.92 38.97
46.37 39.36 41.8 45.8 42.43
37.51 48.26 32.64 34.9 36.88
38.58 34.3 38.77 38.69 35.62
41.17 33.07 49.62 37.98 38.46
41.69 41.57 41.68 37.21 36.79
42.78 40.41 44.3 52.19 41.99
50.92 33.95 43.21 33.61 36.65
38.93 39.29 40.91 41.49 40.05
46.46 57.24 57.92 60.4 67.29
64.42 67.88 70.53 69.35 68.78
69.96 65.35 68.24 68.25 65.11
57.56 53 60.68 50.05 48.63
47.2 53.5 53.31 61.33 67.24
63.13 66.98 69.69 63.88 63.46
65.86 65.89 69.08 69.53 63.88
61.6 65.51 58.62 51.78 58.08
53.33 35.91 44.92 45.88 43.22
46.6 42.32 35.11 37.81 35.88
29.87 30.66 35.25 27.26 33.96
35.48 33.02 32.84 37.47 34.69
33.81 36.05 34.31 41.21 34.22
35.85 35.4 35.35 37.56 39.79
36.42 37.38 39.26 35.71 42.04
38.72 37.98 46.93 40.73 40.41
42.39 46.02 40.26 41.09 33.39
42.17 44.78 52.31 36.98 43.13
56 42.91 42.74 39.11 39.59
37.34 41.12 44.62 47.5 45.9
51.97 53.68 70.6 77.75 79.77
78.76 78.19 88.01 85.36 86.27
87.75 91.2 87.32 87.85 90.01
90.12 88.76 87.7 90.47 86.93
90.71 92.31 92.72 93.38 90.17
94.55 95.42 92.35 93.98 94.2
90.42 90.53 88.14 90.83 82.77
84.59 86.56 82.93 79.82 85.26
87.11 81.78 81.98 90.58 89.76
85.15 87.77 88.62 84.23 86.88
85.08 71.51 74.97 78.32 70.65
60.88 64.19 56.55 51.89 40.85
44.32 41.3 46.35 45.58 37.13
47.68 53.62 52.88 71.31 81.6
82.1 80.95 82.66 83.94 85.38
86.99 89.21 87.71 90.75 88.98
91.1 89.63 89.28 88.86 90.99
92.15 87.52 89.6 90.87 89.91
87.21 87.49 89.06 84.82 85.68
84.53 87.5 89.68 89.78 87.84
90.41 91.45 91.03 89.19 90.15
91.14 88.32 88.35 89.45 89.39
85.78 82.85 83.04 79.58 82.73
83.09 82.57 79.38 80.12 80.34
66.48 61.9 57.98 57.01 55.04
48.52 50.12 43.16 41.75 40.03
38.5 39.63 38.62 42.14 36.97
38.71 34.76 33.78 37.65 39.14
39.89 42.29 45.35 45.68 48.1
48.61 51.33 45.4 49.37 49.04
50.87 49.64 41.13 48.47 48.79
43.95 38.78 41.12 34.64 38.77
40.13 39.38 43.35 37.34 33.33
35.11 36.01 33.4 33.74 37.01
39.35 40.55 41.12 42.05 41.54
40.75 45.17 38.54 42.47 40.91
42.19 43.28 37.29 51.31 40.51
41.6 34.71 42.51 35.08 40.23
35.89 36.17 42.69 39.72 37.15
46.38 48.08 43.55 42.95 50.31
34.95 43.28 39.56 39.72 41.58
39.62 41.75 39.42 42.5 36.9
41.78 37.11 35.93 35.35 41.17
45.3 42.46 39.31 41.43 40.68
37.58 45.41 40.19 47.22 36.73
38.03 35.78 34.54 33.16 37.15
36.96 38.05 37.75 37.02 37.56
33.65 27.17 37.31 28.83 33.91
33.06 36.53 29.67 33.52 30.43
35.09 35.57 39.74 40.35 44.16
46.18 39.92 42.75 41.41 38.47
40.75 40.71 40.4 39.99 37.43
29.94 42.03 34.14 34.39 33.11
35.63 36.84 34.45 37.33 36.73
32.29 36.26 34.53 34.53 33.4
36.67 38.33 36.05 37 33.36
34.93 35.85 35.17 30.74 32.11
31.17 27.09 31.97 26.3 25.06
29.69 31.07 31.77 36.58 38.76
32 37.74 35.55 39.02 38.9
42.43 37.04 36.43 36.47 38.76
36.85 35.66 39.51 39.28 36.53
34.33 36.69 31.7 36.86 32.58
30.19 35.68 30.82 40.02 34.11
30.21 30.84 30.05 33.15 28.98
33.66 32.84 32.6 32.36 33.14
41.28 30.6 32.65 37.96 33.78
35.83 34.92 35.98 41.52 30.56
29.31 36.09 35.87 30.3 35.74
30.68 35.69 31.28 34.55 32.29
37.44 33.64 34.35 32.16 35.24
31.71 40.2 30.26 35.37 38.25
39.06 32.1 40.84 35.52 32
32.72 29.77 30.73 31.76 32.94
32.07 30.14 26.97 33.65 30.08
39.04 33.14 30.01 46.45 36.25
36.56 34.31 35.88 32.94 37.59
34.91 33.1 37.52 33.13 34.59
37.15 36.89 34.05 38.24 33.43
36.61 34.34 35.78 35.24 33.93
34.72 40.07 30.53 35.17 32.09
41.11 39.23 41.52 42.3 38.6
46.02 36.27 39.77 40.93 43.2
39.62 44.29 40.52 41.83 43.18
44.56 42.35 46.43 46.05 41.89
44.33 58.72 49.83 75.84 75.34
82.6 81.69 80.53 82.98 87.66
81.59 80.03 88.67 89.94 91.54
85.8 90.61 90.9 82.95 89.32
95.04 92.36 88.59 90.71 92.54
88.73 90.53 90.83 93.73 90.78
87.7 92.77 94.84 91.32 93.26
94.16 89.77 92.86 92.87 93.62
91.54 86.37 93.48 90.08 90.12
88.46 90.43 83.29 87.28 90.71
89.37 88.96 87.57 89.26 86.3
85.54 82.06 87.15 83.28 80.16
79.46 79.77 77.91 68.13 51.78
54 38.08 44.04 35.44 34.16
35.31 38.29 35.82 44.03 40.1
39.02 38.1 35.58 35.04 34.64
33.96 35.81 39.45 43.84 38.37
39.11 32.58 39.2 36.51 41.52
40.84 44.83 44.34 39.53 41.98
40.47 35.43 33.19 30.85 33.93
36.08 40.36 36.51 38.53 42.2
32.5 31.01 36.96 29.97 29.18
30.39 32.25 32.5 32.95 36.84
33.18 36.05 38.22 36.01 36.73
33.54 39.48 33.77 39.73 33.43
35.2 34.44 39.14 35.67 39.22
37.25 35.84 37.4 39.07 37.82
37.81 38.07 36.56 40.49 40.17
39.36 40.53 38.09 30.91 45.53
33.64 41.51 37.18 34.67 35.56
39.31 37.02 36.53 40.26 38.52
38.56 36.86 39.58 36.73 37.25
34.92 41.79 41.48 36.12 33.74
36.28 38.35 35.18 42.55 34.79
35.06 37.01 35.62 34.44 39.4
33.44 34.29 32.12 34.38 34.06
27.96 33.32 25.39 34.83 26.91
33.49 28.2 32.86 29.02 32.24
36.4 34.17 35.51 29.89 31.08
33.05 36.21 32.07 30.4 36.58
31.46 39.49 31.76 34.26 31.76
32.03 36.22 37.55 44.13 31.86
31.93 38.54 30.05 31.7 30.81
36.23 35.63 35.06 31.02 31.81
31.83 36.14 32.58 33.97 45.1
40.38 39 40.56 30.11 36.63
35.83 36.47 39.94 36.25 33.39
34.79 36.93 44.06 38.31 53.28
53 56.56 61.76 65.01 73.55
85.2 88.93 90.29 87.47 85.33
88.6 86.74 87.04 88.61 82.32
78.42 73.86 72.01 78.42 85.25
86.09 84.64 84.2 84.95 84.12
84.14 86.31 87.29 89.28 88.28
88.51 85.81 84.84 88.85 89.28
90.37 90.59 86.54 86.42 89.14
87.84 85.21 84.9 79.03 69.64
65.38 59.18 55.71 55.03 64.17
70.63 78.07 83.92 88.44 86.21
81.07 77.19 73.33 81.23 88.93
88.3 89.46 86.08 87.42 88.74
87.79 85.29 84.95 76.55 71.47
63.62 60.52 47.96 41.15 47.42
47.5 42.2 35.03
