35.83 38.34 45.12 49.84 55.89
65.18 81.93 91.95 93.04 89.73
91.79 94.95 96.62 96.34 96.1
95.92 94.49 92.98 89.22 82.64
79.21 71.79 69.1 76.04 85.8
90.39 93.64 96.96 97.36 97.58
97.28 96.47 92.58 91.21 93.06
93.04 95.35 97.22 97.62 97.27
97.13 94.82 94.54 91.59 88.34
88.13 83.98 76.36 79.67 80.76
83.51 82.77 83.97 86.52 88.58
87.79 89.58 91.61 92.77 92.43
93.13 95.16 96.41 95.55 95.16
94.9 97.18 96.84 98.19 97.71
98.55 98.45 97.26 96.66 96.7
95.04 93.92 94.11 94.14 91.69
90.95 87.22 87.17 91.48 93.05
95.02 95 96.86 96.97 96.46
96.39 94.32 93.65 92.96 92.13
93.7 95 93.64 91.71 92.51
91.44 90.99 89.8 87.82 88.25
89.99 93.92 95.16 97.27 95.87
94.67 96.79 97.94 96.62 97.19
98.4 98.52 98.42 98.74 98.82
98.77 98.73 98.8 98.71 98.68
98.56 98.48 97.74 97.55 97.69
98.18 98.37 98.35 97.94 97.27
98.33 96.03 94.48 91.2 95.73
97.58 96.53 96.98 96.04 94.4
90.3 88.85 83.5 85.8 94.01
97.28 98.19 98.45 98.34 95.14
91.37 94.62 90.56 92.51 96.48
96.42 96.57 96.14 93.26 93.1
92.11 90.95 91.81 94.73 95.54
93.11 92.35 92.65 90.84 90.79
91.04 92.32 95.09 98 98.01
98.51 98.58 98.36 98.07 97.49
97.29 96.2 97.35 97.31 97.9
97.65 98.52 98.65 98.7 98.81
98.85 98.89 98.8 98.86 98.85
98.77 98.67 98.69 98.65 97.9
97.31 97.56 96.31 95.02 94.29
96.58 98.16 97.67 91.12 90.67
81.68 83.42 87.35 89.49 94.91
95.49 97.5 97.3 97.77 98.36
98.26 98.08 97.77 97.82 98.36
97.85 98.21 97.02 95.75 94.45
92.96 97.01 95.64 94.76 97.06
97.45 97.94 98.43 98.41 98.69
98.72 98.77 98.83 98.79 98.79
98.86 98.85 98.84 98.7 98.2
98.2 97.42 98.36 98.71 98.8
98.77 98.68 98.56 98.71 98.8
98.55 98.42 98.6 97.79 98.3
97.49 95.31 95.13 94.32 89.57
91.93 92.58 91.53 92.25 91.29
90.89 93.3 92.57 91.33 90.68
91.78 91.84 90.65 91.59 90.99
89.98 87.39 88.02 86.78 80.55
79.27 84.16 76.33 68.59 68.13
62.42 59.94 55.45 54.13 51.04
43.55 39.28 39.5 39.74 39.35
38.18 39.73 38.09 31.68 30.08
31.07 33.83 30.88 30.84 31.01
29.8 33.28 32.34 28.9 32.52
26.33 32.65 31.07 24.76 27.71
25.14 29.33 28.27 26.04 26.37
29.1 38.66 41.68 56.81 71.57
75.6 79.63 82.53 79.94 82.13
85.21 88.28 85.25 89.41 90.84
87.81 83.63 91.53 92.39 84.71
87.77 91.61 88.29 80.19 85.2
85.78 79.41 74.68 80.74 84.4
90.09 89.9 89.51 92.46 93.46
92.9 93.67 94.49 93.57 92.21
91.41 94.02 92.84 92.74 89.77
91.03 85.96 87.69 84.76 86.97
83.9 88.2 87.38 87.34 89.34
83.39 87.63 85.55 87.37 91.66
89.25 86.39 84.71 85.02 82.13
76.11 70.67 65.19 58.72 55.83
60.36 58.74 66.63 64.1 67.2
69.85 74.14 78.05 82.46 80.99
81.2 87.19 87.22 92.83 92.04
91.73 88.97 88.44 88.49 93.45
94.29 96 94.3 94.52 92.69
91.17 86.2 88.75 85.5 82.9
81.19 77.18 76.1 81.19 77.94
82.95 80.97 84.78 83.82 86.02
86.12 87.24 88.69 91.19 92.53
94.46 93.38 96.22 95.52 96.99
95.3 93.77 89.38 89.41 88.19
91.1 93.67 95.35 96.17 94.37
94.27 94.84 92.17 92.93 88.95
87.46 75.94 71.14 63.34 60.71
60.12 48.11 49.25
