33.72 48.65 39.34 53.46 39.03
51.14 40.05 48.33 43.47 43.99
43.03 43.26 44.65 45.23 38.12
35.92 36.61 32.85 43.74 34.81
31.86 36.35 36.48 35.13 38.32
35.68 37.27 38.36 36.7 35.93
37.93 41.64 35.89 37.7 37.78
38.3 37.61 35.18 33.85 30.73
30.21 30.83 29.34 33.99 31.51
35.6 31.23 35.01 32.57 33.05
34.02 37.88 37 38.35 33.23
34.65 43.59 33.54 31.73 35.92
29.75 33.58 31.74 36.36 38.78
35.61 37.85 37.16 38.24 46.23
42.32 40.73 44.24 46.83 43.66
43.25 43.47 34.49 31.18 36.08
35.54 34.85 42.71 40.76 35.12
43.38 41.92 36.52 42.34 38.9
39.64 39.37 37.09 40.1 39.32
42.25 38.37 42.91 38.89 49.73
41.26 51.39 52.53 56.51 63.38
59.56 64.75 81.59 88.6 91.25
93.37 96.02 97.01 97.72 96.93
96.33 94.73 90.81 89.95 92.5
95.27 96.4 97.32 95.94 95.24
94.88 93.6 88.62 90.33 94.74
95.54 95.26 95.83 96.9 97.33
97.55 97.27 97.67 97.67 96.98
95.86 95.03 94.57 94.56 94.71
93.65 95.71 96.11 96.01 97.46
98.05 97.53 97.91 96.5 95.28
91.93 87.39 87.15 85.74 86.47
86.27 90.35 92.47 94.73 94.97
93.32 93.92 91.7 92.88 94.34
94.38 92.74 92.61 92.19 91.85
81.98 67.75 77.91 88.31 92.89
94.81 97.37 97.34 98.14 97.98
97.9 97.13 97.55 97.83 96.3
94.77 94.93 95.48 92.46 92.66
94.93 93.13 93.22 94.22 94.74
96.26 96.36 95.69 96.5 97.58
97.15 96.28 97.14 97.52 95.76
94.6 95.91 96.46 94.05 93.2
92.18 93.28 95.32 93.51 95.04
95.41 96.57 96.18 97.15 97.05
97.42 97.79 97.78 96.35 97.09
97.72 95.65 94.16 95.2 94.22
91.78 90.65 91.53 93.65 91.87
88.33 86.29 83.26 77.77 75.29
74.43 72.47 80.21 87.82 88.54
83.35 81.64 89.52 89.64 92.94
92.87 90.85 86.25 84.07 91.84
91.99 94.22 94.84 94.5 94.33
95.97 96.11 94.43 95.24 96.93
95.71 95.59 95.68 95.56 94.77
95.08 96.59 94.78 94.34 94.31
96.39 97.13 96.52 96.4 97.55
98.15 98.07 97.22 97.01 97.58
96.63 95.95 95.19 92.41 95.09
97.25 96.22 96.29 95.15 94.82
95.16 95.4 97.22 97.18 93.9
89.3 91.97 92.65 95.15 96.63
96.73 96.28 97.08 97.09 97.47
96.79 96.37 93.75 95.61 96.67
96.31 96.13 95.98 93.66 89.89
85.23 88.83 93.67 91.52 92
93.91 93.21 93.26 93.73 89.88
89.29 90.81 89.21 91.44 93.77
93.98 95.11 94.68 94.22 95.76
96.66 97.37 96.26 94.47 92.86
90.51 84.34 79.93 72.78 72.15
62.16 67.12 64.97 65.13 77.89
83.64 90.05 91.71 94.23 97
97.47 96.85 94.33 93.94 93.86
91.94 94.02 95.84 93.66 92.37
95.74 95.39 93.93 94.51 96
92.93 94.36 95.41 93.19 92.56
95.14 93.67 88.17 85.33 81.8
73.93 71.08 63.03 62.29 60.77
59.79 63.96 59.43 57.23 60.95
54.77 58.56 57.62 63.96 67.32
76.3 77.56 84.6 77.22 86.95
92.19 94.53 94.74 93.39 93.47
93.99 93.84 92.75 92.49 93.03
91.59 91.56 91.58 87.9 91.88
88.18 84.45 87.81 86.32 89.72
84.69 85.4 66.76 57.04 46.65
46.44 48.9 51.38 44.6 38.83
37.47 43.65 39.53 41.37 38.6
35.05 32.74 37.06 39.76 36.36
36.25 34.11 35.73 34.78 32.63
39.96 36.96 33.74 33.28 38.72
37.03 33.03 31.46 33.98 32.89
33.52 38.76 36.1 33.05 37.05
33.75 34.8 33.91 30.65 34.07
34.77 35.29 39.02 39.47 41.39
40.16 37.41 40.65 43.45 41.58
43.67 33.52 31.83 36.49 33.68
37.49 35.24 38.36 37.33 38.23
40.69 40.6 38.96 41.53 37.64
38.63 36.79 40.91 49.4 41.81
41.25 41.94 39.78 40.41 38.65
41.22 39.06 37.45 35.24 43.47
44.44 39 36.17 38.55 31.29
33.72 39.28 31.69 33.77 41.77
30.94 31.19 34.65 33.05 37.82
34.43 31.44 35.92 29.17 36.84
29.04 33.78 31.46 32.04 35.95
29.77 31.87 31.21 41.98 31.08
29.3 29.37 31.36 34.79 35.96
35.77 33.2 31.47 39.7 30.63
33.76 33.45 32.91 34.82 37.82
39.94 30.75 37.42 41.04 34.25
37.01 36.54 36.78 34.95 35.24
36.27 33.63 34.74 33.21 31.43
32.88 31.5 34.25 33.2 37.57
37.24 32.42 34.63 30.24 37.94
29.69 28.83 29.91 28.57 29.96
30.44 32.88 33.72 33.66 34.44
36.96 43.28 39.89 51.34 44.72
66.53 58.72 60.83 45.73 43.46
43.98 45.86 48.62 47.04 42.9
48.3 46.32 45.72 43.92 44.28
51.11 45.12 44.73 53.09 53.84
53.97 52.75 50.75 47.93 38.75
40.97 47.17 46.99 49.65 56.65
61.54 68.03 69.64 74.27 71.92
79.4 79.59 77.56 79.31 79.38
79.62 79.1 80.5 78.78 77.19
74.88 77.05 70.28 77.35 68.52
71.75 66.41 70.98 72.81 75.83
75.86 78.79 73.54 78.63 73.56
77.67 72.76 74.47 70.09 66.44
64.59 49.73 43.76 44.38 35.53
36.37 37.59 34.12 31.33 35.87
33.61 30.32 35.56 38.41 36.54
39.37 41.91 37.6 38.83 38.86
42.34 38.91 46.16 37.39 41.53
42.26 44.02 42.67 33.29 35.94
41.59 31.47 32.45 32.81 37.04
31.73 28.89 31.59 30.34 30.54
34.24 33.48 36.91 42.81 44.67
49.49 49.76 51.8 56.29 56.21
56.27 56.92 60.56 58.54 56.26
56.01 58.31 59.35 63.85 62.3
66.57 61.73 62.86 66.05 64.04
55.41 55.2 58.29 60.29 55.35
61.36 58.33 54.94 54.49 61.95
57.1 44.33 53.41 49.53 37.93
38.11 36.31 35.82 32.97 37.16
40.35 37.73 45.64 45.46 44.19
50.58 48.65 51.95 40.45 42.16
40.29 35.7 44.95 36.58 42.99
37.75 38.11 34.92 36.98 35.74
34.98 34.96 34.32 39.43 28.89
38.77 36.03 35.45 39.62 35.46
45.19 35.29 32.66 32.94 32.86
33.74 33.16 34.21 30.86 32.23
31.92 38.31 47.02 44.16 50.41
55.5 55.33 55.54 53.8 61.1
54.51 47.41 52.76 47 42.01
47.25 33.62 35.94 31.67 32.75
31.88 37.99 29.77 29.18 28.9
34.48 31.22 33.8 33.68 29.94
28.46 27.35 30.11 28.27 29.74
32.15 33.37 31.85 28.43 32.32
27.88 33.93 30.02 33.77 36.8
31.14 34.16 30.23 34.49 27.25
33.93 30.61 33.79 28.58 36.06
33.78 32.47 36.33 38.07 37.04
33.72 36.87 27.85 30.78 26.35
33.24 29.42 28.67 33.78 26.36
33.58 29.31 29.81 37.32 28.84
38.21 31.92 40.97 32.12 32.16
32.41 31.59 40.15 32.13 34.28
31.52 35 35.53 33.95 33.76
32.19 33.37 35.01 36.73 28.29
36.11 33.93 31.6 39.91 34.29
37.41 37.92 36.56 38.51 32.98
34.59 37.95 36.67 32.5 32.28
34.59 33.1 34.53 30.55 34.01
34.41 31.41 27.14 29.43 36.9
28.37 29.51 35.34 38.02 32.39
31.27 32.3 31.65 30.57 33.52
36.04 36.3 35.99 40.45 40.14
37.14 35.76 37.99 38.13 33.2
35.79 35.83 31.6 38.52 34.67
35.27 34.75 30.15 33.57 36.93
31.06 33.04 27.38 33.03 26.1
32.32 31.44 29.17 26.97 27.78
31.22 27.04 27.45 29.98 29.23
33.52 26.62 32.71 34.52 29.36
33.98 36.64 34.73 40.04 33.09
35.53 33.61 37.71 29.63 33.84
35.09 29.79 39.2 37.02 37.21
37.01 41.65 46.68 51.55 51.48
49.65 59.79 62.66 64.87 65.6
63.84 51.59 56.09 52.88 52.24
44.99 45.32 42.38 44.39 53.3
54.6 58.57 59.92 65.09 73.26
75.35 76.69 79.93 78.74 83.45
82.67 79.06 81.19 77.4 77.48
70.15 67.31 64.42 62.94 64.97
72.81 75.82 80.58 79.27 81.92
81.96 84.21 84.04 85.22 83.05
78.83 76.9 72.65 73.03 72.79
79 79.25 80.89 76.34 76.52
81.37 74.23 76.1 70.89 69.17
66.59 63.06 55.27 53.16 49.83
61.28 66.73 74.38 71.58 77.92
80.16 73.27 76.86 81.29 78.44
71.36 76.1 81.41 71.44 68.2
74.7 76.32 69.35 65.65 74.01
75.44 62.93 68.27 66.64 69.72
68.57 69.16 67.15 67.45 64.06
67.12 55.35 53.45 42.07 52.85
49.94 55.63 54.12 42.9 48.63
46.55 48.88
