88.97 94.7 95.41 96.68 97.48
97.99 97.98 97.41 94.09 88.9
90.11 90.79 94.55 96.79 96.45
97.3 96.63 96.27 95.97 94.44
88.53 87.17 90.49 92.21 94.03
94.03 94.82 95.1 95.79 96.14
96.36 96.48 96.21 95.36 94.65
92.86 92.66 93.66 91.18 88.46
86.92 87.75 87.34 91.84 93.98
95.26 95.92 96.97 96.71 94.78
94.08 92.88 91.94 94.47 96.27
97.64 97.84 97.11 97.03 96.23
94.15 92.13 93.23 96.31 97.39
98.19 97.99 97.38 97.4 95.66
92.7 91.48 90.64 93.34 95.18
95.28 94.51 93.81 96.3 96.5
93.56 95.7 97.37 94.92 93.27
96.31 96.07 92.53 93.07 94.74
92.6 89.35 91.41 91.95 89.35
91.52 93.69 95.1 96.08 95.4
94.12 96.25 95.41 93.94 93.7
94.91 94.05 93.16 95.74 96.23
94.26 95.02 96.07 93.75 92.5
94.29 93.52 91.05 90.94 89.92
91.34 90.53 86.18 82.88 85.25
85.29 85.44 83.75 83.95 87.89
86.04 81.24 84.43 86.66 84.34
84.42 77.55 72.87 68.45 57.62
59.23 61.03 65.43 63.84 65.31
67.72 67.72 72.82 68.79 69.48
71.08 71.45 71.74 66.02 69.33
64.81 64.55 62.58 59.19 56.95
57.47 57.83 67.13 73.44 82.55
81.65 85.86 88.56 81.11 80.34
83.94 88.9 92.92 93.92 93.34
95.92 97.94 97.54 98.05 98.29
98.46 98.24 98.5 98.42 97.96
97.57 96.15 95.37 95.57 96.67
96.77 96.21 94.52 94.66 93.48
94.74 93.45 94.27 93.15 93.85
94.22 96.54 96.85 97.8 98.33
98.44 98.06 97.89 96.62 97.11
96.61 96.92 96.21 93.78 93.61
95.95 96.64 98.02 97.85 98.2
97.8 97.9 97.15 94.54 95.27
92.91 93.75 94.84 93.22 93.07
96.16 95.87 96.47 93.82 91.69
94.48 97.31 96.33 95.03 96.4
96.1 97.27 95.43 96.13 96.86
96.21 97.62 98.19 97.99 97.54
95.99 96.16 93.94 92.37 92.39
92.19 92.56 94.44 97.63 98.17
97.95 97.38 95.57 92.92 79.19
72.79 69.81 72.47 79.43 88.84
92.83 95.41 95.6 96.21 95.9
97.32 96.95 96.87 96.06 95.73
93.62 91.95 85.86 82.67 77.61
84.24 88.35 89.88 93.41 95.63
97.56 97.93 97.89 97.57 97.13
95.58 95.64 94.07 93.5 90.92
89.8 90.91 94.91 94.72 96.93
96.96 97.33 98.15 98.28 98.5
98.31 98.17 96.48 96.11 94.59
92.26 92.49 94.6 94.69 95.35
96.44 97.07 98.1 98.23 97.74
97.2 97 96.73 97.77 98.27
98.21 98.36 97.47 94.9 95.23
95.54 96.14 97.72 98.43 98.45
98.63 98.38 97.76 96.35 94.98
93.45 86.76 77.51 85 89.39
95.55 97.51 97.74 98.49 98.27
97.67 96.77 96.34 95.18 93.14
90.99 88.15 85.72 84.46 85.9
86.57 87.81 86.45 87.75 92.89
95.32 96.67 98.16 98.25 98.28
98.4 98.23 98.22 97.97 97.3
96.3 96.82 96.65 95.63 94.93
94.31 95.63 96.51 97.68 97.46
96.43 97.1 96.78 96.68 95.95
92.15 94.47 93.02 95.17 94.56
96.38 97.79 96.79 97.1 97.95
97.76 98.41 98.28 98.22 98.15
97.91 95.95 94.87 97.73 97.89
98.06 96.7 92.51
