32.11 31.34 33.8 32.45 31.04
38.08 27.99 33.83 29.05 26.57
27.72 27.4 30.13 29.04 32.11
29.44 33.68 33.47 29.32 34.85
32.98 29.11 34.81 30.74 34.17
35.6 29.29 35.76 31.89 37.82
38.16 37.74 52.63 61.81 70.82
90.31 98.01 98.43 98.76 98.7
98.74 97.84 95.7 95.26 95.4
97.65 98.32 98.25 98.54 98.75
98.83 98.73 98.52 98.63 98.68
98.46 97.63 97.93 96.81 98.21
98.35 98.75 98.48 98.5 97.05
94.89 90.42 91.69 94.79 94.52
93.67 96.32 92.9 94.43 92.45
86.05 87.73 91.19 94.69 96.89
97.58 96.08 94.01 92.21 92.87
95.55 96.37 96.82 97.84 98.03
98.13 98.47 98.56 98.53 98.41
98.56 97.94 98.03 98.16 98.07
98.02 96.84 97.93 97.83 97.53
97.02 97.84 97.9 97.9 97.91
97.94 96.81 96.75 95.69 94.53
92.05 92 91.14 89.69 90.92
89.89 90.86 94.74 95.63 97.23
97.96 98.16 98.23 98.21 97.92
96.22 95.76 97.2 98.26 96.84
97.54 98.11 98.35 98.12 98.06
97.71 97.97 97.81 97.8 97.76
97.48 97.77 98.42 98.32 98.01
96.14 95.41 92.27 92.01 94.34
92.95 96.38 97.32 97.41 97.56
96.59 95.14 95.22 92.96 89.96
84.6 85.6 85.32 89 92.76
96.4 97.22 97.83 97.6 97.51
97.42 96.77 94.58 90.45 91.22
92.43 93.62 95.7 96.45 97.77
97.89 97.37 98.48 98.68 98.81
98.42 97.55 92.78 91.26 89.64
90.84 91.31 91.9 90.37 90.43
88.6 87.86 88.24 87.13 86.95
87.79 86.41 87.07 88.52 83.06
76.23 78.1 69.4 69.17 75.38
82.35 83.35 86.14 86.91 90.26
93.07 92.47 93.8 94.68 95.81
94.21 95.2 95.35 94.76 95.76
93.79 92.7 90.55 89.27 87.63
83.88 83.37 84.5 88.97 92.26
92.17 92.34 94.57 94.93 95.51
96.18 96.72 97.92 98.07 97.48
97.25 97.34 97.89 97.56 97.68
96.76 95.86 96.15 95.81 94.01
92.47 94.95 94.89 96.62 97.61
97.41 96.08 92.51 92.79 89.79
92.18 94.43 96.17 96.19 94.51
91.98 93.95 96.3 97.27 96.94
97.03 97.75 98.44 98.1 98.14
97.77 96.56 95.64 95.97 95.1
94.62 93.5 94.71 93.78 91.54
91.79 93.48 92.14 85.99 86.38
85.62 75.5 68.77 61.85 57.94
52.42 50.03 49.77 36.63 43.76
43.21 48.06 53.81 54.81 55.81
70.76 87.36 90.42 89.54 85.67
87.95 89.79 87.88 85.5 88.99
87.11 87.31 91.36 94.26 94.23
95.85 96.94 97.53 98.05 97.54
96.86 95.59 95.62 94.18 93.4
92.46 93.62 94.19 95.97 95.54
95.7 94.23 92.09 93.54 91.33
90.32 89.48 89.84 90.28 88.89
89.67 92.26 93.05 92.23 92.83
93.83 95.22 96.39 95.71 97.46
97.62 97.65 97.87 97.56 96.29
94.82 92.18 88.4 79.78 63.97
54.9 45.33 44.52 45.73 33.96
40.27 35.98 34.79 27.73 29.13
27.07 27.89 26.28 28.96 25.31
27.25 26.24 25 26.8 28.36
28 36.01 42.29 50.76 62.49
81.08 87.55 88.52 87.31 87.11
89.43 91.12 93.63 94.43 94.96
94.57 94.88 92.98 93.48 95.08
94.11 94.56 96.6 98.21 97.86
97.13 93.53 94.52 97.3 97.6
97.91 98.52 98.75 98.55 98.49
96.98 94.4 96 96.55 92.85
93.12 87.29 90.42 95.57 97.81
97.23 97.5 98.44 98.59 98.79
98.71 98.66 98.78 98.82 98.79
98.76 98.8 98.71 98.5 98.2
97.04 97.18 95.89 95.11 95.69
95.34 96.76 97.97 96.52 96.29
93.09 93.35 93.49 94.57 95.92
97.25 97.84 96.09 95.5 96.67
96.51 93.56 93.21 93.88 93.04
89.65 88.36 90.25 86.55 76.89
78.04 83.77 89.89 86.85 89.4
83.41 77.02 81.27 80.18 86.71
86.13 90.99 89.61 91.06 92.71
94.75 95.17 95.53 95.41 96.03
97.52 97.24 95.29 96.39 98.18
98.45 97.19 97.22 98.05 98.15
96.76 96.21 95.87 96.6 97.14
98.23 96.69 96.98 95.83 96.57
97.75 97.35 95.73 97.06 97.42
96.59 96.66 96.39 97.29 97.13
96.65 96.72 97.38 97.45 96.83
97.49 97.52 97.28 96.53 96.8
96.4 95.79 94.49 93.62 91.27
91.27 93.56 94.18 91.68 93.57
93.82 93.52 90.76 89.5 88.16
88.94 86.57 83.17 82.02 74.32
69.36 74.54 85.47 91.18 92.81
95.35 96.41 95.76 94.22 94.83
94.61 93.44 91.95 88.46 91.74
94.34 94.58 95.92 94.77 94.61
95.42 96.26 95.48 94.48 94.87
94.24 93.39 94.03 95.76 95.36
95.58 95.56 94.32 93.31 92.36
92.21 93.25 95.65 96.27 94.34
95.95 97.26 96 95.41 95
94.65 93.35 92.92 91.42 85.35
87.65 88.02 84.28 84.53 86.68
87.68 88.45 89.46 89.42 90.74
87.07 85.73 88.02 87.58 85.17
84.79 86.72 87.28 86.98 86.73
84.04 78.34 80.14 84 85.67
87.55 86.77 84.58 82.35 75.3
75.69 79.92 86.74 88.48 89.6
88.48 90.64 91.33 92.47 90.78
89.27 90.72 89.22 84.63 84.19
86.83 88 85.9 89.66 89.63
88.38 86.95 91.35 90.76 88.18
88.84 86.42 88.71 91.39 91.5
90.6 91.17 92.36 90.51 89.76
91.17 89.17 87.27 86.65 86.67
83.99 83.86 84.36 79.93 77.69
79.55 78.56 71.01 72.35 70.63
66.83 65.96 59.54 57.11 56.27
56.61 57.98 57.23 53.69 56.29
57.37 56.38 57.41 57.05 58.54
58.36 54.89 54.01 56.74 54
51.12 47.75
