31.74 29.88 35.94 43.86 52.99
73.59 87.89 95.29 94.56 96.06
95.64 95.46 95.65 95.77 94.03
92.82 97.47 96.03 96.76 96.3
98.28 97.25 97.73 98.49 97.96
95.97 92.52 87.54 91.14 91.34
91.28 91.78 95.86 97.8 98.41
98.67 98.57 98.45 97.56 97.35
97.74 97.83 98.36 97.99 97.7
97.46 95.02 92.76 86.26 73.85
68.48 67.56 75.71 87.49 94.69
93.97 94.57 93.36 93.65 96.49
97.65 96.2 94.79 97.71 96.43
96.13 95.37 98.07 97.19 98.19
98.54 97.72 96.43 94.46 90.37
89.89 86.49 83.02 86.24 89.93
90.01 91.44 92.99 95.48 97.64
98.22 98.71 98.47 96.85 96.92
97.23 97.94 98.05 98.63 98.35
97.65 97.04 94.32 91.42 90.28
92.17 94.64 96.26 97.16 94.96
95.65 97.1 97.43 96.23 93.74
97.83 97.5 97.56 97.84 98.49
97.39 98.3 98.43 97.19 93.52
86.94 78.48 75.18 79.5 88.14
94.89 97.13 98.57 98.57 98.64
98 97.98 98.14 97.84 98.35
96.35 93.44 92.88 87.18 83.03
84.91 86.21 90.15 85.97 88.21
92.32 94.4 93.82 93.14 97.71
97.37 97.21 97.66 98.57 98.11
98.41 98.62 97.37 92.9 87.4
69.1 72.19 68 76.22 89.03
94.62 98.05 98.73 98.67 98.61
96.96 97.65 97.47 98.38 98.79
98.55 97.12 93.49 85.65 76.88
80.58 82.13 91.2 89.3 94.47
97.76 98.4 96.21 93.5 96.32
92.54 92.44 95.08 98.29 97.43
97.67 98.61 97.5 95.33 93.58
91.94 87.49 91.33 95.33 97.14
98.25 98.66 98.39 96.52 92.97
90.12 90.4 95.17 98.42 98.22
97.81 98.01 96.74 93.75 93.51
93.57 96.85 97 96.48 95.95
96.03 95.31 90.69 84.91 88.15
80.39 84.88 90.84 95 96.33
98.18 98.53 98.04 97.17 96.04
90.3 87.21 86.07 90.1 95.46
97.94 98.43 98.62 98.32 94.24
89.04 85.01 91.37 93.93 97.84
97.25 97.75 96.59 93.73 88.54
86.17 90.33 91.03 93.25 95.08
94.89 95.45 93.72 93.92 91.37
91.01 85.2 89.86 96.22 96.97
98.22 98.54 98.12 97.68 95.6
91.91 91.51 93.39 95.67 98.2
98.58 98.73 98.41 96.9 95.07
94.22 96.07 97.44 98.26 97.81
97.78 97.49 95.42 93.42 92.28
89.5 90.02 91.6 92.96 93.24
93.29 93.32 94.68 93.33 93.69
94.16 94.21 94.25 92.26 92.97
92.52 91.15 88.03 86.24 85.25
80.06 74.86 67.02 61.07 50.98
50.03 50.21 50.94 54.13 52.27
55.97 61.82 68.83 68.17 71.21
76.82 81.73 84.4 87.17 87.86
87.2 84.09 88.93 88.44 89.32
88.25 84.94 84.46 84.39 88.69
84.51 85.2 84.81 86.16 86.63
87.61 84.94 83.69 81.9 77.43
83.59 85.55 89.66 88.33 90.24
90.39 91.42 90.16 87.22 82.76
84.99 88.35 92.61 91.68 91.12
92.12 89.41 86.7 85.2 79
73.83 61.68 48.16 34.73 34.28
27.77 27.33 26.68 27.01 32.79
45.25 48.66 61.09 66.7 62.28
70.41 72.68 62.64 68.43 72.03
72.63 73.86 78.42 77.56 81.79
75.29 74.54 73.65 67.98 64.74
54.31 50.61 58.37 59.69 71.43
79.58 82.02 84.74 84.27 82.63
84.28 80.85 81.48 86.43 88.2
88.76 91.89 88.75 89 87.53
89.5 89.58 90.9 89.17 85.54
86.33 86.18 84.49 86.51 83.25
85.57 87.82 88.02 88.37 88.25
88.64 87.37 85.69 85.64 87.51
82.33 81.34 79.99 77.66 75.88
52.57 48.41 35.81 26.98 27.93
27.03 26.87 29.5 27.49 30.06
27.35 36.85 31.69 40.47 49.9
44.42 48.96 40.15 34.46 35.72
29.27 37.06 38.09 32.02 35.17
27 27.89 27.29 24.1 27.58
24.13 26.32 27.63 28.09 25.12
28.5 32.43 39.4 39.75 36.22
34.77 29.99 32.25 25.56 31.58
34.87 31.39 30.01 25.84 30.07
25.63 24.22 27.48 24.91 26.15
27.02 28.79 29.5 34.77 40.03
47.46 42.77 39.64 37.45 38.08
33.9 34.76 30.54 31.85 36.28
39.67 43.19 45.75 55.07 66.77
85.02 90.99 93.47 95.56 95.7
94.99 95.34 93.47 94.17 94.98
96.46 96.49 95.79 91.49 90.11
89.8 92.61 91.01 93.13 94.1
94.02 93.53 95.05 94.11 94.1
94.03 93.88 91.69 91.06 89.33
87.73 86.27 83.93 84.87 83.85
83.1 88.04 91.48 92.79 91.29
94.02 94.56 94.04 94.73 94.94
94.54 94.29 92.75 92.41 91.01
89.76 87.81 85.96 83.62 82.93
72.4 71.77 74.53 85.72 87.96
91.33 93.16 91.72 93.78 95.3
94.68 94.23 95.33 95.72 95.12
93.36 93.94 94.6 91.77 87.97
88.82 88.95 89.78 92.06 94.69
95.19 95.56 96 97.03 96.34
96.65 97.1 96.33 95.76 95.25
96.22 93.9 94.09 93.26 93.21
95.27 96.14 95.58 95.36 96.44
96.78 94.47 90.81 90.6 89.49
93.92 93.08 94.8 96.66 96.33
96.17 96.15 97.41 97.11 95.71
96.49 95.44 92.56 90.47 91.08
91.62 93.55 94.26 95.05 96.39
96.68 97.14 97.66 97.88 97.91
98.18 98.39 98.27 98.31 98.14
98.07 97.29 95.81 94.45 94.68
96.29 97.06 95.53 94.96 96.76
95.9 93.24 92.23 92.53 91.52
85.9 89.97 94.52 91.2 88.17
92.3 93.96 90.03 90.67 92.27
87.91 82.87 81.69 81.94 91.34
93.43 95.41 95.95 95.33 96.98
97.65 96.73 97.82 98.13 97.94
97.11 98 97.76 96.71 95.95
95.72 94.57 92.62 90.59 86.75
78.58 70.36 82.46 78.6 78.91
84.56 88.14 84.18 84.36 91.24
89.89 83.92 89.47 93.98 89.31
86.76 91.38 91.68 85.45 87.93
91.56 90.48 93.97 95 96.15
96.34 96.75 97.81 97.88 97.77
97.95 98.18 97.69 96.8 96.91
96.49 94.02 93.39 93.31 89.64
87.76 85.81 82.93 86.54 89.43
84.12 83.67 88.3 86.04 78.4
79.48 80.79 87.32 87.54 86.66
86.49 93.2 92.66 92.46 94.7
91.96 91.64 92 87.24 88.6
91.48 91.91 95.14 95.65 95.02
95.01 95.63 95.99 94.98 95.89
95.87 94.52 92.55 91.19 89
