48 70.72 74.96 80.82 85.51
87.7 89.51 93.61 93.79 93.57
95.95 97.61 97.53 98.33 98.26
98.55 98.73 98.31 97.84 97.87
97.38 96.7 97.12 97.29 98.17
98.09 98.63 98.66 98.64 98.36
97.76 97.59 98.25 98.3 98.58
98.56 98.17 98.42 98.12 98.04
98.57 98.69 98.52 98.17 98.41
98.02 97.96 98.22 98.16 98.2
98.04 98.07 97.66 96.44 97.27
96.87 96.3 97.65 97.77 98.32
98.06 98.51 98.51 98.57 98.46
98.16 97.32 97.33 95.86 94.46
93.68 94.81 95.07 95.63 96.22
96.98 97.69 97.6 98.18 97.64
98.12 97.63 97.31 98.15 97.73
98.05 97.95 97.4 95.88 96.1
97.48 97.02 96.33 96.32 95.42
93.95 93.98 94.63 96.44 96.55
96.16 93.5 94.18 95.08 95.04
92.86 90.87 87.59 85.92 84.27
75.58 69.94 72.42 72.87 73.99
79.27 80.58 79.78 81.84 84.79
86.44 86.19 85.83 82.46 80.87
82.24 75.28 73.05 67.7 56.42
