35.63 41.32 34.8 37.84 37.96
35.83 33.61 34.7 36.5 31.44
39.25 54.16 75.64 76.67 78.73
83.61 88.07 92.02 92.72 92.35
93.43 94.15 93.68 92.85 91.6
92.63 92.69 91.04 91.06 91.21
91.51 90.28 90.21 89.13 89.53
86.33 87 88.08 87.44 90.42
91.28 92.76 92.09 93.39 91.43
91.23 90.35 92.91 94.72 95.1
94.99 96.2 96.13 95.17 96.27
95.82 93.7 94.66 95.04 95.78
95.34 95 95.31 96.1 95.52
94.1 94.38 94.92 93.44 92.96
93.33 94.63 95.1 95.93 96.37
95.26 96.12 95.23 95.18 94.05
95.33 96.35 97.16 96.96 97.19
97.18 95.96 96.32 96.08 93.86
92.26 93.35 94.04 94.96 95.29
95.66 96.4 96.15 96.41 96.68
95.4 95.02 95.22 94.39 95.96
94.61 94.01 93.96 95.03 96.17
95.85 94.94 93.23 95.85 96.16
96.42 96.4 96 96.58 95.77
95.67 95.05 92.52 90.96 88.6
91.42 93.92 95.05 95.04 95.42
95.46 95.11 94.3 93.82 92.61
89.53 90.98 85.41 76 78.44
91.65 93.06 94.45 94.5 95.53
96.2 96.26 96.24 96.31 97.05
96.9 96.48 96.24 97.3 96.57
96.45 96.2 95.16 94.67 95.23
95.07 95.36 95.61 96.27 95.85
95.54 94.86 95.24 93.53 92.96
93.1 91.09 93.22 91.82 92.76
91.57 94.15 96.25 96.6 96.92
95.65 95.77 97.07 96.81 96.47
96.64 97.42 96.85 96.66 96.06
94.09 92.53 92.11 93.78 93.95
95.23 96.05 96.35 95.89 96.26
96.12 95.45 94.31 95.12 93.2
91.31 89.78 82.68 79.46 85.75
86.87 90.12 92.17 93.54 94.9
95.74 96.19 96.13 95.2 94.26
93.89 96.77 97.25 96.94 97.47
97.91 97.3 97.66 97.8 96.95
95.19 96.19 96.54 97.3 96.85
97.18 97.37 96.74 95.54 95.62
95.02 93.78 92.15 87.85 90.02
93.47 92.39 93.51 93.26 93.12
94.93 94.6 92.33 89.89 92.4
94.98 95.73 96.98 96.58 96.82
97.39 97.77 97.37 96.51 96.9
96.76 97.41 97.25 97.22 97.7
97.07 96.05 96.05 95.68 93.95
92.75 92.48 90.01 84.11 81.67
78.83 83.57 88.04 89.03 92.36
92.24 91.41 91.23 92.43 94.93
95.17 95.75 95.9 96.81 96.6
97.02 96.65 96.06 93.57 95.65
97.18 97.01 96.87 97.39 96.36
95.68 95.86 94.63 92.04 91.86
90.26 85.79 82.45 85.7 83.37
85.27 88.97 93.18 94.99 93.83
93.92 94.05 95.4 94.9 95.38
95.55 96.36 97.12 97.47 97.54
97 97.55 97.08 97.47 97.29
97.17 97.05 96.57 96.34 95.58
94.99 93.53 92.92 89.83 82.74
76.3 83.65 87.09 91.32 93.69
94.31 94.03 95.51 95.7 95.2
94.57 94.94 96.12 97.5 97.36
98.02 97.87 97.27 98.16 98.13
96.79 96.81 97.07 97.84 97.82
97.78 98.05 98.25 97.87 97.18
97.28 96.85 95.62 94.81 93.33
96.41 96.58 96.95 96.56 96.29
95.58 94.88 93.87 90.69 92.81
95.28 96.75 97.32 97.23 96.56
95.48 97.18 96.63 94.41 95.66
95.68 97.09 95.73 96.66 97.89
97.01 95.97 97.1 97.4 95.4
94.55 94.15 94.17 96.25 95.2
94.2 92.05 93.89 94.32 92.65
92.01 92.93 93.66 95.35 95.63
96.51 96.52 96.78 95.64 96.71
97.02 94.85 93.49 95.53 96.5
96.44 95.54 96.47 96.65 95.62
94.56 95.2 95.33 93.18 90.86
90.28 92.96 94.5 95.75 96.46
95.79 96.74 96.19 96.2 95.43
95.85 96.84 97.66 97.29 97.99
97.25 96.35 97.5 97.21 95.27
93.83 94.68 97.28 96.52 96.97
96.92 97.75 97.33 97.01 97.36
96.78 96.1 96.06 94.48 96.69
96.43 96.39 96.23 96.67 96.14
95.26 94.51 93.62 94.32 95.74
97.23 97.15 97.02 95.94 94.62
96.39 96.12 93.76 93.38 94.62
96.12 95.65 96.12 96.96 96.9
96.55 96.56 96.91 95.56 94.83
95.27 93.14 95.54 94.61 93.91
93.05 93.6 92.86 92.13 90.7
86.14 84.23 84.42 89.47 92.2
94.09 94.59 94.65 93.25 93.05
94.32 92.89 90.64 89.53 92.2
91.05 92.62 93.71 95.28 94.37
94.12 95.66 95.04 93.16 93.05
93.52 89.38 92.57 90.4 88.38
82.13 84.57 86.2 84.4 84.93
86.31 86.11 84.01 86.43 90.36
87.19 88.91 89.92 89.98 88.68
88.42 89.09 85.95 87.88 88.2
87.9 88.81 87.33 85.98 85.53
87.09 88.68 88.28 86.85 86.82
88.6 88.24 84.23 83.11 86.82
86.56 85.75 87.33 86.36 87.44
88.02 86.02 86.52 85.24 86.18
83.96 82.43 79.98 79.94 78.2
79.47 79.09 75.58 73.12 68.75
68.52 60.3 57.64 55.13 52.03
48.39 46.04 37.38 34.44 42.56
32.9 33.25 31.22 34.9 44.28
34.29 30.52 40.24 44.13 30.27
40.48 40.97 34.79 37.03 38.28
36.72 36.38 46.4 35.63 37.42
38.51 38.65 34.66 35.1 44.2
32.68 38.31 36.98 49.01 46.4
35.55 41.13 39.22 38.14 38.68
39.51 38.7 44.75 38.32 40.82
33.36 39 35.03 30.04 34.72
35.6 41.53 32.46 33.76 34.41
32.74 35.6 28.06 31.15 28.38
33.96 28.5 32 30.24 33.67
34.11 34.21 37.18 36.06 38.54
36.97 35.71 33.99 34.73 32.03
35.4 32.14 36.74 32.53 32.8
35.15 32.88 34.05 29.39 33.47
35.77 32.6 32.42 34.2 33.71
31.6 28.09 31.63 32.24 29.59
32.08 33.39 32.02 34.3 37.47
32.93 35.78 34.27 34.2 32.89
36.1 34 34.38 31.52 38.68
31.94 30.01 33.5 29.53 33.39
27.59 32.93 28.39 32.62 29.94
30.45 34.49 31.16 33.09 28.52
35.51 33.01 34.73 35.42 34.73
31.23 33.06 31.24 27.69 34.21
29.03 26.26 33.22 27.49 32.52
34.17 30.1 40.84 31.19 39.66
33.66 35.77 31.72 37.01 34.59
35.17 32.25 30.6 32.53 29.15
32.72 29.2 40.16 37.86 37.05
31.13 32.1 33.83 27.22 28.73
35.28 31.23 29.13 33.33 35.11
30.83 34.24 29.57 38.31 31.59
35.53 31.44 27.44 28.97 29.89
32.24 28.83 30.55 29.16 27.68
31.8 26.73 31.41 27.8 26.11
28.4 27.29 26.77 30.95 33.28
29.32 26.57 31.31 30.82 30.73
27.11 27.25 28.11 27.61 27.59
29.08 27.44 25.27 28.87 26.51
30.51 29.42 28.03 28.88 31.83
28.07 33.97 29.31 29.99 35.55
31.94 30.26 33.66 34.2 29.97
33.52 31.26 29.83 29.86 28.4
31.07 28.51 28.09 32.23 29.32
31.03 33.11 32.03 33.36 33.02
30.23 25.55 26.24 26.82 26.29
26.94 28.41 26.99 26.23 25.47
25.75 25 24.23 25.58 26.73
24.61 26.1 26.52 26.7 25.63
27.95 27.58 26.03 30.71 26.97
31.04 27.79 30.41 31.42 26.37
35.02 31.96 33.51 33.13 34.49
32.16 37.13 38.06 45.22 52.83
62.55 58.83 68 69.39 78.11
73.82 76.01 74.96 73.09 76.32
78.85 76.63 74.06 76.91 79.64
74.99 77.26 79.56 81.32 73.73
78.15 76.71 75.01 73.54 78.06
74.82 71.71 75.95 69.41 69.49
69.09 73.42 73.23 70.1 70.77
73.18 74.74 74.06 72.02 81.05
76.04 76.53 79.17 79.32 77.4
78.37 80.04 79.04 80.52 77.36
78.63 73.38 72.54 69.5 66.18
49.64 41.36 56.7 64.71 71.3
74.19 75.83 80.12 78.2 80.42
81.6 78.49 76.96 80.29 79.68
74.42 71.7 69.6 70.68 56.37
49.1 51.77 47.41 38.85 37.9
40.94 34.24 30.72 33.11 33.73
28.41 34.19 30.6 31.58 31.13
29.95 33.21 34.39 31 35.21
38.18 32.92 31.93 29.97 32.11
33.04 29.59 34.07 33.68 31.65
32.7 38.32 40.21 48.59 43.53
39.13 41.62 47.71 44.63 38.48
37.23 33.46 31.47 36.3 30.91
29.11 33.18 29.52 30.91 30.95
38.83 29.97 27.7 29.95 30.79
30.72 31.66 27.42 28.62 27.65
23.53 24.83 23.6 26.3 28.8
25.3 26.04 27.05 26.9 26.66
26.88 26.97 26.41 28.52 27.81
30.58 31.81 29.27 28.92 27.08
30.5 29.77 26.88 27.1 29.21
31.26 29.52 32.95 31.36 33.01
29.56 35.53 38.01 37.83 32.1
43.11 36.02 44.43 40.61 53.07
