34.18 35.15 37.45 38.15 43.63
49.05 40.87 48.82 55.49 63.25
78.34 83.22 77.54 80.01 85.74
84.99 84.1 86.29 89.34 86.77
87.13 89 87.46 83.26 86.31
87.75 73.7 78.42 73.56 69.66
82.44 87.79 85.91 81.6 85.69
91.82 90.69 88.58 89.5 91.26
85.95 87.7 85.7 84.38 78.99
69.65 72.8 65.65 51.15 46.05
42.84 40.55 30.13 35.92 29.63
28.65 30.57 26.62 34.65 26.18
26.91 25.22 28.32 28.78 37.34
29.69 27.79 39.61 30.97 27.4
32.77 27.22 31.14 30.5 24.59
28.04 23.91 27.43 28.06 25.23
24.8 25.19 25.59 24.49 23.95
23.76 27.6 33.08 42.27 47.59
49.07 56.85 63.87 63.12 63.87
67.16 75.56 71.49 72.05 75.36
75.14 67.62 63.22 57.03 46.06
44.42 33.88 38.64 45.59 49.88
52.65 58.01 61.64 63.65 63.42
66.03 41.64 32.02 27.18 28.23
28.33 23.51 24.93 26.45 25.21
24.47 25.5 25.57 25.14 27.28
26.53 23.83 27.57 24.34 26.47
27.18 26.26 24.99 27.26 25.35
26.13 24.78 25.94 25.11 26.8
25.15 24.4 24.55 26.12 21.34
34.35 25.05 23.55 24.21 24.37
25.15 21.88 27.69 22.17 23.76
22.14 25.06 24.34 24.14 22.49
24.73 25.63 24.29 29.13 24.77
25.27 26.14 28.14 25.37 28.57
25.71 28.28 25.41 28.88 27.19
29.78 28.25 29.91 23.38 25.51
26.81 25.37 26.59 24.82 24.62
26.72 27.75 24.37 25.61 29.5
29.45 29.96 30.07 31.27 27.54
30.7 29.35 28.9 30.78 31.82
29.57 31.39 32.97 28 30.61
29.32 23.9 28.19 25.56 27.22
24.68 28.73 25.43 29.52 25.41
28.32 29.47 26.52 30.09 26.64
30.35 26.14 29.86 25.25 26.33
26.04 28.53 25.05 28.53 25.63
24.46 22.73 27.37 23.57 23.65
25.91 25.4 24.1 26.93 27.55
25.35 23.88 23.65 22.64 25.36
25.42 32 36.89 41.53 51.82
54.29 54.37 53.06 53.24 59.83
53.4 51.81 54.52 54.66 47.81
49.68 41.98 39.47 42.63 39.23
33.5 33.49 37.16 34.69 34.97
29.97 38.23 33.18 41.09 40.38
42.98 39.37 37.01 42.17 40.78
40.25 43.73 49.28 51.17 60.32
65.85 71.72 78.13 81.35 85.1
88.57 90.36 89.95 88.72 92.31
92.57 90.44 89.65 91.55 92.75
92.89 92.33 91.79 91.02 89.78
80.43 68.64 69.01 66.19 78.41
85.69 89.87 92 95.07 95.56
95.71 95.48 95.05 96.44 95.93
94.87 95.41 95.19 94.24 94.52
95.26 95.7 96.62 96.43 96.44
96.91 97.39 96.46 93.53 93.28
87.98 84.1 84.13 82.34 88.92
86.47 84.41 85.41 92.83 95.16
97.6 97.78 96.66 95.43 96.35
95.81 94.04 94.51 95.58 94.57
94.51 94.54 94.57 93.63 92.64
91.4 89.99 88.54 84.78 82.01
74.99 69.77 65.08 68.53 74.54
76.31 84.31 90.53 91.86 91.55
91.84 95.32 96.61 97.08 97.05
97.06 93.96 92.85 88.76 85.99
87.37 90.67 93.45 93.78 93.76
96.01 96.21 95.47 96.8 97.78
97.63 96.08 97.2 96.71 96.24
95.04 95.48 96.07 97.67 97.97
97.75 96.08 92.06 86.04 82.27
77.56 69.2 66.56 60.79 59.54
65.33 63.91 70.39 79.21 83.33
86.01 88.61 88.83 88.72 92.42
93.98 92.44 91.36 93.27 93.15
94.96 92.38 94.72 94.56 95.67
94.39 92 89.12 84.44 88.61
88.47 86.8 82.86 85.21 81.53
82.67 80.33 78.1 81.12 78.64
80.62 81.66 77.26 79.48 80.66
78.15 81.65 88.57 90.54 89.82
89.88 91.35 90.5 91.93 92.48
89.91 82.48 71.75 77.89 74.73
82.66 81.73 84.11 86.9 89.56
84.39 86.96 92.18 89.6 89.65
88.49 91.85 89.18 92.67 92.65
93.87 94.55 94.72 96.25 96.36
97.73 97.65 94.94 92.22 87.98
85.14 84.92 80.21 81.11 81.26
87.14 89.76 92.35 95.37 97.05
97.25 97.55 97.37 96.74 96.25
96.55 96.44 95.95 95.68 96.55
96.4 95.76 95.35 95.31 94.64
93.34 92.58 93.37 91.86 93.34
91.37 92.26 90.39 94.55 97.9
97.92 97.96 96.64 94.46 92.28
90.83 93.79 93.5 91.77 91.62
94.07 94.49 96.01 97.01 96.99
95.47 97 97.35 96.86 96.91
96.4 94.59 93.9 95.59 96.78
97.86 98 97.66 96.11 94.48
89.75 84.06 85.29 89.9 87.4
82.54 86.3 89.54 88.37 90.81
92.11 94.04 93.97 92.37 93.8
95 92.92 93.1 94.12 95.33
96.48 96 96.46 96.95 95.58
93.22 87.99 82.73 79.9 86.27
87.99 81.76 83.22 88.02 85.65
80.09 83.89 79.52 68.65 63.12
67.33 66.51 74.88 86.45 89.9
92.82 92.94 94.35 93.5 92.67
93.13 93.73 93.63 91.99 89.89
80.29 71.48 68.31 60.33 51.29
57.58 64.03 71.7 70.82 75.65
81.91 83.31 83.49 88.96 88.64
88.39 88.65 90.94 90.39 88.44
90.14 88.63 90.53 88.26 84.71
84.39 89.95 89.85 90.53 90.22
90.82 92.39 92.72 93.38 92.02
94.98 94.9 95.34 94.67 94.49
93.65 91.75 89.54 85.39 71.51
63.77 56.05 51.63 51.17 54.21
60.95 67.57 74.5 77.8 82.34
80.68 84.46 85.57 86.02 81.6
84.23 87.9 87.71 88.44 88.65
89.56 91.64 90.93 88.2 84.07
75.79 68.14 58.48 55.32 61.55
62.84 76.58 78.32 78.85 80.25
82.93 86.31 88.76 89.72 89.73
92 95.13 95.44 95.08 93.31
95.58 95.68 95.47 95.43 95.36
95.38 93.05 87.47 85.35 86.49
88.39 92.2 94.22 95.14 95.19
94.01 91.79 92.53 93.14 92.3
93.88 95.44 95.6 96.6 96.48
96.2 94.61 93.66 94.42 95.9
95.27 94.44 95.51 95.57 93.21
89.11 92.04 89.66 87.43 90.1
94.02 92.75 91.21 94.67 95.81
93.99 93.85 95.09 94.73 93.9
93.06 86.74 88 87.55 91.31
91.61 92.72 90.53 90.35 91.51
93.78 96.43 97.08 95.91 94.69
92.37 92.93 92.62 92.35 92.63
91.45 87.54 83.87 82.89 87.13
90.21 91.98 91.29 90.22 87.75
87.7 88.46 88.78 85.22 83.29
89.32 91.18 90.38 88.64 81.18
79.84 86.83 90.05 89.72 87.01
87.97 81.32 82.38 88.38 86.32
79.3 84.18 87.04 80.15 77.95
80.17 74.44 62.3 64.42 71.59
77.47 82.58 75.41 72.79 72.64
84.28 89.87 91.9 94.04 94.03
93.02 92.3 89.67 84.62 80.51
76.57 82.73 90.4 92.86 95.33
96.9 96.53 96.28 93.59 91.47
89.48 86.48 83.69 82.32 81.86
85.88 81.78 83.88 85.86 88.62
86.91 87.82 90.49 91.28 88.97
90.13 91.06 91.34 88.77 88.75
90.51 88.09 85.71 83.86 86.2
86.13 88.35 89.29 93.66 94.78
96.06 95.76 95.14 94.39 94
91.43 87.81 84.26 88.53 89.21
86.45 80.68 74.46 66.19 68.89
70.53 74.67 82.89 85.4 88.74
88.07 88.04 92.85 93.97 91.64
93.31 94.76 93.91 92.26 92.08
92.42 91.28 92.95 93.38 90.88
90.87 92.51 92.4 93.21 92.58
90.16 83.42 79.26 83.95 82.21
73.62 69.9 72.66 64.17 58.27
58.28 53.59 54.98 54.39 52.96
52.36 47.36 55.72 60.35 56.76
65.7 69.14 64.13 66.97 69.65
70.86 69.08 70.27 74.19 68.04
69.2 71.58 85.21 87.04 91.61
92.9 93.17 91.98 89.4 86.4
82.4 78.04 63.86 50.48 50.37
43.67 45.12 49.25 55.47 56.93
53.14 52.74 61.63 68.15 72.68
88.7 91.89 91.69 91.63 92.53
94.75 93.41 92.54 93.27 94.7
93.86 93.28 94.07 96.06 96.73
96.34 97.05 96.8 98.13 97.77
97.78 97.19 94.83 92.33 92.99
90.5 94.71 96.05 94.5 94.19
96.09 96.32 98.02 96.69 97.18
97.07 97.08 95.84 94.81 94.81
95.66 95.16 94.82 95.3 94.61
94.3 93.87 93.92 90.33 89.31
89.8 87.26 91.39 92.46 89.22
89.38 90.23 95.16 96.41 98.03
97.76 98.08 96.99 95.73 93.07
93.05 93.41 94.72 95.09 96.58
97.32 96.87 97.15 97.75 97.01
95.76 96.38 95.26 94.95 93.26
92.32 95.56 96.05 97.66 97.45
96.4 94.64 92.69 93.09 90.88
86.03 84.67 84.21 82.6 85.99
79.82 77.17 83.67 90.47 87
86.12 92.24 92.58 88.55 91.93
93.47 91.1 90.19 92.07 92.56
94.95 95.28 95.72 96.59 96.9
96.75 95.37 94.75 93.35 94.17
93.28 93.77 93.07 92.17 91.31
91.88 89.66 87.59 88.09 89.19
87.03 84.03 86.69 86.39 84.99
86.32 90.76 92.33 93.58 94.5
94.59 94.64 93.07 93.62 89.63
87.47 87.91 85.54 83.37 77.83
74.67 75.29 73.31 78.91 85.82
82.51 82.39 80.46 78.98 85.66
87.46 89.5 91.98 93.43 94.37
96.51 95.81 93.79 91.7 86.14
78.71 72.58 67.7 63.75 67.2
74.45 82.63 83.27 88.31 91.84
93.56 95.34 94.18 93.02 91.23
92.73 94.17 91.54 91.33 93.8
94 90.72 92.56 93.21 91.62
89.59 90.48 90.67 90.35 90.78
90.14 90.91 91.49 92.35 94.58
96.25 97.2 97.42 96.13 93.66
89.73 93.76 93.13 91.97 92.17
93.91 92.94 95.02 95.78 95.88
95.08 96.04 96.29 95.6 95.65
95.7 94.14 92.59 93.35 95.63
97.14 97.84 98.02 98.05 97.2
94.88 90.78 88.93 93.44 92.3
86.18 90.01 93.51 93.24 94.57
95.54 96.15 95.62 95 95.25
96.05 95.83 94.58 94.17 94.67
94.35 92.58 92.9 95.94 96.43
95.21 92.57 91.15 89.16 92.38
93.41 91.45 91.38 94.13 93.25
89.83 88.65 91.77 82.83 87.41
90.08 88.23 88.96 91.81 91.71
91.82 90.45 89.17 89.93 94.5
95.02 96.1 94.96 92.95 93.52
90.72 91.61 94.16 94.64 94.08
92.44 82.18 83.79 85.97 90.45
91.75 90.48 91.69 90.29 91.49
93.14 93.05 93.64 95.23 93.95
94.38 93.74 94.95 94.45 90.6
94.26 93.56 94.41 91.4 87.88
87.76 90.61 92.42 91.94 92.31
93.93 94.42 92.51 90.17 87.48
91.43 93.69 92.4 93.97 95.52
93.95 93.15 88.49 82.34 73.82
74.63 74.41 77.72 80.25 82.05
88.19 91.95 93.68 95.3 94.05
90.59 88.06 82.99 85.5 88.84
85.96 83.15 86.19 87.02 89.65
90.84 91.52 93.69 90.58 89.43
83.85 85.49 77.93 81.22 90.55
92.4 94.65 94.45 93.09 92.67
91.51 89.8 90.66 92.88 93.28
91.82 91.81 95.14 95.84 96.04
95.41 95.31 92.82 90.16 88.19
85.19 84.88 89 87.98 89.74
88.28 85.65 84.54 82.61 88.19
91.88 93.01 95.59 96.14 96.4
96.55 95.61 94.52 90.7 91.01
94.15 92.83 87.62 88.88 87.2
86.61 74.31 64.88 58.73 45.86
49.54 51.39 49.69 50.23 57.64
59.23 73.36 83.71 89.41 90.36
91.52 92.68 90.03 87.63 84.08
80.17 84.2 88.3 91.47 92.95
93.03 94.44 94.58 94.24 93.15
91.4 93.84 94.94 95.43 95.06
93.99 90.31 88.82 85.97 83.19
82.41 78.3 73.65 70.11 71.68
75.04 80.65 82.83 87.63 90.62
91.77 94.47 95.38 95.04 94.54
91.22 89.92 89.08 84.34 84.14
88.35 88.19 85.13 84.4 79.52
76.83 83.36 87.5 91.42 91.1
92.24 90.65 92.38 94.63 94.8
91.73 93.33 96.43 94.19 92.01
92.49 93.16 90.8 91.51 93.84
91.32 92.16 95.25 94.9 95.21
92.19 88.91 82.1 77.48 75.49
84.05 92.82 94.99 97.04 97.14
97.2 96.04 94.33 92.56 85.56
85.52 83.07 80.63 87.11 91.17
93.01 94.04 94.87 94.93 94.83
95.35 96.13 94.87 93.61 93.93
94.12 91.07 87.77 87.82 88.69
87.4 89.15 90.23 93 90.87
93.44 95.14 95.37 95.6 95.16
92.97 91.59 86.59 90.2 91.14
84.03 80.07 72.37 63.82 65.63
70.65 77.08 85.05 84.45 87.58
83.32 83.07 88.78 88.42 85.36
85.9 87.79 86.39 83.65 82.22
83.73 85.02 86.7 89.34 90.51
90.74 90.88 90.34 88.3 85.55
73.24
