37.87 36.49 35.26 36.06 39.39
37.25 33.08 36.76 37.01 40
40.44 41.15 42.13 44.15 46.53
57.39 67.35 75.52 80.25 79.21
78.9 82.36 84.75 83.23 87.61
90.41 89.74 91.27 89.75 89.59
91.94 90.31 89.48 89.77 91.6
90.05 86.96 88.62 88.71 88.29
87.45 87.03 86.97 87.11 87.44
86.68 90.02 92.82 89.69 89.63
92.58 91.79 91.28 92.29 94.63
92.63 91.36 93.63 91.65 94.06
94 91.98 94.23 93.89 94.18
94.27 93.35 92.64 94.26 93.92
91.97 91.72 93.08 91.79 88.8
88 83.83 84.38 85.7 86.51
88.87 91.87 90.68 91.19 93.71
93.1 91.71 92.72 92.99 92.49
90.74 91.74 89.38 90.53 91.82
90.81 91.6 92.1 93.47 93.26
92.46 93.36 91.79 90.71 88.4
88.69 88.35 87.05 83.36 83.75
83.12 80.24 74.89 74.48 71.02
71.52 73.3 73.19 69.91 66.66
69.77 66.41 61.98 57.93 61.25
63.5 57.05 61.8 50.05 47.49
48.85 42.48 41.29 39.75 41.19
40.5 36.14 37.08 32.84 35.99
40.45 42.09 49.53 52.02 55.37
78.3 87.69 88.42 88.84 89.61
91.22 89.69 89.26 89.56 88.1
86.41 84.3 80.14 71.21 58.54
51.35 45.74 42.42 40.72 34.64
32.8 38.95 41.2 44.56 49.86
61.45 73.15 81.07 86.71 90.02
92.15 92.12 91.29 88.44 84.75
87.96 91.73 92.39 93.52 93.39
92.27 90.47 87.62 85.05 82.92
81.19 84.36 82.58 83.47 85.93
86.54 87.36 89.11 89.77 89.91
90.99 88.03 85.51 86.02 87.69
88.62 87.02 89.22 88.71 88.61
84.73 80.32 74.22 74.98 73.79
77.98 81.7 83.86 85.67 85.41
86.69 86.68 86.01 85.65 79.85
83.88 86.78 89.43 90.87 86.85
88.42 90.34 91.7 92.17 93.01
91.63 90.74 89.45 85.08 86.76
91.27 92 92.92 94.15 93.6
92.44 91.87 89.36 87.23 81.9
79.7 80.19 81.65 82.82 82.04
79.99 77.83 78.11 69.18 60.26
51.92 50.99 46.49 50.45 47.51
51.03 55.27 55.96 52.33 52.61
47.5 45.57 51.81 49.01 52.47
46.16 51.33 52.46 45.41 49.61
51.21 53.46 59.29 59.14 65.5
67.97 67.24 72.85 79.04 74.63
72.2 74.84 76.24 73 72.01
72.99 67.5 60.34 62.93 62.02
59.09 54.29 57.27 53.86 66.84
65.4 70.78 69.02 71.32 78.03
79.79 80.88 79.17 81.51 84
83.13 83.09 85.05 86.3 82.75
87.67 85.86 87.36 88.31 87.46
88 89.07 88.05 87.28 86.63
85.81 85.87 84.52 86.32 81.74
79.61 79.67 78.91 80.92 83.59
82.2 83.84 86.29 85.62 87.1
84.28 85.18 83.43 86.9 83.98
81.66 81.86 78.24 78.21 74.39
75.48 72.88 72.03 69.35 72.68
74.27 69.56 73.17 71.35 62.85
