36.97 34.88 32.79 37.95 35.81
42.98 36.6 42.7 40.63 37.99
41.09 39.17 40.38 44.74 41.96
43.09 43.97 39.97 36.8 41.16
39.98 33.72 34.5 30.55 31.94
41.32 41.33 44.94 59.05 67.4
75.67 83.63 87.09 89.41 93.1
94.12 95.09 94.94 94.62 95.26
95.48 96.25 94.7 95.2 96.06
94.91 93.41 94.77 94.68 91.9
91.3 92.41 86.46 84.91 87.46
82.53 76.52 72.87 75.79 78.35
76.65 73.22 77.89 80.44 82.79
84.2 82.09 81.37 86.46 88.5
89.31 89.73 90.91 93.41 93.45
94.35 95.51 95.64 96.11 94.97
96.07 96.76 95.85 95.11 94.65
94.31 94.02 94.08 94.1 91.5
91.98 92.51 89.83 86.34 84.92
82.95 78.47 80.8 87.37 92.8
92.93 94.37 95.09 94.58 96.13
96.49 96.26 94.58 94.12 94.21
94.76 96.24 96.94 97.64 97.62
97.93 97.93 98.25 98.28 98.22
97.99 98.35 97.95 97.36 97.89
97.51 96.92 96.48 94.7 94.17
93.38 92.58 91.16 88.52 85.82
86.95 83.7 77.48 67.51 65.25
67.19 69.51 73.75 76.08 73.3
76.42 78.21 75.15 77.44 82.55
82.43 80.91 84.45 80 83.57
84.65 81.73 82.13 82.94 85.05
87.58 86.41 87.57 89.78 91.02
90.41 91.43 92.53 93.72 94.1
93.5 96.75 97.26 97.06 96.5
97.94 97.78 97.49 97.05 97.41
97.47 97.3 97.1 95.91 94.21
94.28 94.58 93.41 90.44 88.6
90.64 90.95 92.73 92.43 93.79
94.58 95.03 94.81 94.88 95.63
93.17 93.46 92.08 87.2 84.29
85.33 85.76 83.71 83.18 82.39
79.65 80.54 75.63 75.75 77.8
80.07 76.84 75.2 76.69 73.72
79.34 87.38 86.15 88.71 88.68
86.85 87.03 89.29 86.36 86.86
89.43 90.18 89.41 90.73 91.47
90.72 91.62 93.67 94.5 95.03
96.23 96.95 97.18 97.48 97.36
96.69 97.55 97.24 95.34 95.46
96.29 96.01 97.48 97.89 97.93
97.74 98.23 98.44 98.17 98.07
97.73 97.01 96.6 95.81 94.44
92.43 93.2 92.16 90.62 90.93
89.67 89.96 91.99 90.33 91.09
93.35 92.84 91.29 91.67 90.69
93.54 94.66 94.53 94.54 95.42
95.99 96.44 96.25 96.95 97.76
97.92 97.26 98.17 98.35 98.3
97.57 97.93 97.94 97.21 95.23
96.21 96.84 96.3 94.96 93.69
92.75 94.08 94.75 90.11 87.73
92.65 91.22 91.14 90.69 87.94
87.13 87.13 84.05 76.45 74.35
68.17 65.45 56.52 63 63.26
80.68 85.9 85.22 80.16
