37.45 37.27 37.81 42.83 40.51
39.03 36.54 40.26 37.03 36.48
32.94 34.55 37.34 34.38 34.13
32.64 32.27 35.36 32.8 28.45
32.63 28.54 28.85 33.02 29.01
40.84 32.62 30.5 35.53 29.55
37.77 32.2 28.66 32.86 30.45
37.5 27.95 33.54 28.72 32.39
31 32.88 31.15 30.69 27.44
31.07 25.08 28.97 23.19 25.21
25.78 26.86 25.23 29.16 30.47
34.8 37.4 44.9 53.92 65.34
73.55 81.16 84.1 82.1 84.46
86.12 86.48 83.82 85.37 86.89
84.18 84.79 86.43 85.59 90.33
90.8 91.72 90.67 93.44 91.32
89.3 89.37 87.75 88.49 87.17
86.39 82.35 69.64 59.73 49.61
50.85 49.46 57.79 63.01 73.89
81.3 82.35 85.61 90.15 93.57
95.03 95.06 95.52 95.33 96.48
95.89 95 95.31 93.88 94.43
93.88 93.96 92.19 88.77 88.75
90.26 89.87 88.42 90.23 88.71
91.88 95.86 96.93 98.11 97.8
97.79 97.08 97.65 96.94 97.11
96.72 97.02 95.49 93.57 95.24
94.99 92.14 94.07 94.89 93.51
92.86 94.6 94.18 96.19 97.49
97.9 98.48 98.28 98.36 97.37
98.04 97.45 98.02 96.93 96.99
94.82 94.97 95.63 95.93 95
94.29 95.75 93.93 92.5 96.16
95.93 98.17 98.29 98.58 98.52
98.37 97.4 97.59 97.68 97.82
96.93 97.15 93.99 95.41 96.29
97 95.34 96.56 96.51 93.49
95.91 96.19 92.57 96.27 98.18
98.08 98.43 98.51 98.5 97.69
98.08 97.75 98.25 97.13 97.71
95.12 94.3 95.98 96.64 95.09
96.12 95.88 93.27 95.6 96.19
92.68 96.14 97.72 96.92 98.31
98.35 98.29 97.33 98.13 97.43
97.93 96.78 96.41 92.83 93.47
95.01 95.78 93.54 94.9 94.6
92.99 91.66 94.34 92.46 95.46
97.05 97.49 97.54 97.61 96.8
96.57 96.79 97.19 96.18 96.01
93.09 93.98 95.24 94.83 93.28
92.82 94.76 92.15 91.47 92.77
87.2 92.81 93.61 93.57 95.74
95.23 95.92 94.8 92.1 92.94
92.96 93.48 92.69 91.55 90.96
92.13 92.11 89.95 92.15 93.09
93.15 91.78 91.31 91.14 92.78
93.35 94.87 95.01 95.55 94.85
95.1 94.42 93.8 93.18 90.94
89.11 84.91 83.06 75.65 64.2
58.45 56.47 50.04 50.32 44.63
41.8 38.02 37.08 34.74 28.46
27.11 25.24 29.89 29.16 26.27
26.74 25.74 27.32 25.84 32.38
29.93 37.26 33.17 39.33 33.61
44.07 37.93 43.02 34.69 40.7
36.84 39.68 36.77 36.23 40.13
41.51 41.95 36.76 38.2 33.78
31.5 35.05 34.49 37.3 31.03
30.59 37.1 31.22 32.97 33.61
31.66 27.64 30.59 30.81 30.35
25.95 30.12 28.19 30.19 31.21
27.23 29.91 25.01 28.36 23.09
28.59 25.82 22.87 27.09 23.36
25.55 26.77 22.99 24.26 22.62
26.06 23.29 27.45 25.13 21.92
21.77 22.89 24.89 21.89 23.59
24.75 23.03 22.87 24.93 29.37
23.82 26.09 29.73 23.72 31.16
28.97 23.61 30.44 27.78 25.61
28.05 26.07 27.73 25.89 24.68
27.29 23.84 25.13 25.87 28.79
25.52 29.02 25.78 26.64 27.62
23.95 28.57 24.86 29.52 25.89
30.64 29.75 30.46 34.61 32.22
30.21 31.41 33.3 31.2 30.71
29.67 32.9 35.18 29.72 27.25
29.68 28.81 26.2 25.62 28.81
26.98 25.78 28.09 31.91 28.54
36.2 43.98 44.1 41.89 40.9
52.27 49.88 56.07 60.92 70.05
66.63 64.26 72.53 72.47 59.76
70.16 73.07 63.92 67.05 71.21
59.7 49.21 54.71 46.9 42.9
42.44 38.3 33.87 28.41 35.49
26.25 31.17 27.17 27.26 29.93
24.37 24.77 26.02 25.55 26.94
20.83 27.41 26.98 25.69 26.12
25.42 27.6 24.78 26.08 22.14
25.14 24.81 20.57 26.02 25.38
26.76 23.96 25.4 22.92 26.48
24.19 20.78 23.1 21.61 23.99
35.01 21.25 23.22 23.61 27.2
24.46 21.41 23.19 26.91 25.26
27.17 25.36 27.26 24.6 28.23
27.76 28.74 24.91 27.5 30.94
30.11 29.91 32.31 26.8 30.49
28.38 27.78 32.6 25.6 32.41
28.02 31.92 30.79 25.43 29.94
25.86 33.32 28.54 34.44 31.84
30.42 35.5 29.98 37.84 35.57
36.86 38.74 39.3 37.39 39.94
41.81 42.01 43.96 43.41 47.66
49.48 51.93 59.17 58.89 67.55
73.56 76.78 80.6 80.06 83.57
85 87.94 79.3 86.37 90.01
85.26 88.45 88.18 86.14 85.93
89.11 86.15 87.94 89.31 89.37
90.28 91.49 88.98 88.65 89.75
90.91 87.33 84.31 87.73 84.75
85.98 86.82 88.79 85.33 83.16
86.78 87.73 87.15 86.85 87.4
90.61 88.25 89.29 91.69 92.78
92.73 92.51 93.16 91.47 91.36
90.99 88.93 86.58 85.68 86.13
87.21 83.5 89.73 89.8 82.31
88.7 91.11 91 90.37 86.79
85.11 82.36 83.27 83.8 76.96
82.62 84.03 89.2 87.18 88.3
89.43 91.25 90.53 90.36 93.1
92.73 92.26 92.63 94.02 92.6
91.36 91.42 91.37 90.59 88.13
87.35 85.96 90.73 88.16 87.66
88.42 90.66 90.81 90.19 90.33
87.78 87.19 87.11 84.89 82.78
84.37 82.15 84.7 84.6 85.37
87.58 89.19 88.58 90.17 91.19
90.26 89.85 89.1 89.04 86.59
85.26 80.06 72.08 66.17 52.25
46.25 47.99 44.24 39.43 46.93
43.23 45.86 44.99 48.54 50.97
54.1 59.48 62.15 74.09 73.16
76.56 82.05 84.43 87.87 84.16
91.04 90.71 90.89 91.8 92.27
90.95 91.01 88.27 88.64 84.69
85.91 81.33 79.17 75.45 75.4
70.26 65 55.34
