38.68 33.63 35.88 35.76 32.6
37.99 40.57 36.73 39.62 36.48
40.47 28.88 28.8 33.16 28.16
27.37 28.61 30.47 27.18 25.96
27.54 23.42 29.21 26.83 23.86
27.63 21.1 28.06 26.29 23.76
27.71 26.12 29.47 25.97 28.41
25.72 29.5 26.9 29.04 29.81
28.44 31.36 30.76 34.02 33.58
31.37 51.63 56.41 69.03 81.23
83.7 89.07 90.59 93.71 94.11
94.29 94.99 95.63 96.76 96.05
95.61 93.59 94.11 92.45 92.51
94.79 95.51 95.49 96.57 97.06
94.95 97.12 98.48 98.55 98.45
98.35 98.52 98.33 97.82 96.24
96.25 96.48 97.21 97.69 98.44
98.63 98.74 98.63 98.59 98.08
95.81 97.54 97.58 98.34 97.46
97.44 96.46 95.59 93.63 88.77
88.18 92.6 92.77 94.41 94.85
95.12 94.86 94.57 90.02 92.18
94.27 97.59 98.48 98.67 97.99
98.54 98.74 98.12 98.07 96.96
95.44 95.58 94.16 94 96.01
98.06 98.4 98.54 98.43 98.03
97.56 96.79 97.66 97.53 98.12
97.31 97.45 96.41 94.28 94.97
91.57 86.09 86.59 88.26 93.77
92.34 93.77 92.55 94.54 96.09
96.62 95.81 96.53 90.43 87.49
94.67 97.18 98.15 98.03 98.51
98.38 98.04 97.12 94.85 91.89
88.16 90.81 91.27 95.45 97.81
98.46 98.55 98.52 98.24 97.33
96.55 97.57 97.75 98.33 97.54
97.28 96.86 94.55 93.12 89.13
89.27 93.44 92.45 95.43 95.18
94.49 95.5 95.7 97.22 95.67
95.57 93.33 93.55 95.15 92.83
85.82 79.29 81.85 81.14 78.71
89.22 94.56 96.04 96.79 98.07
98.72 98.31 98.66 98.61 97.92
95.74 96.05 93.9 90.02 90.5
88.69 93.09 95.69 97.5 98.39
98.64 98.38 98.43 97.83 96.09
95.64 96.32 97.65 97.56 97.4
97.94 96.52 95.16 91.9 94.24
94.43 95.4 95.56 93.89 94.46
94.62 94.66 93.05 94.53 92.16
95.76 97.37 98.32 97.73 98.27
98.56 98.18 97.74 96.12 94.06
93.77 94.77 95.46 95.81 97.61
98.05 98.53 98.42 98.15 96.59
94.93 94.62 96.03 97.53 97.54
97.33 97.47 95.3 93.42 92.1
89.51 87.46 88.61 92.05 94.75
94.17 94.6 94.87 94.1 93.6
91.71 90.75 85.35 77.02 66
56.35 49.75 46.42 57.23 55.53
64.22 68.82 79.47 82.61 90.92
93.09 95.19 97.22 95.84 97.83
98.5 98.46 97.38 97.43 96.14
94.7 91.22 90.04 92.88 94.33
95.77 97.51 98.15 98.49 98.28
96.37 92.4 92.24 90.59 87.92
84.56 76.29 63.12 58.68 58.78
71.94 84.39 91.46 93.17 97.03
97.22 97.95 96.9 95.02 89.76
89.9 93.8 94.3 95.31 94.04
94.7 92.71 93.73 91.03 93.86
95.4 97.27 97.91 97.53 98.6
98.25 98.56 98.37 97.07 93.38
92.57 92.69 93.22 89.89 91.02
92.49 94.47 95.38 95.76 97.39
97.45 98.51 98.64 98.7 98.51
98.47 97.45 95.52 93.94 95.47
97.25 96.23 98.15 98.31 97.96
97.59 95.51 94.03 89.14 90.34
95.94 96.31 96.02 95.86 92.08
92.42 91.14 91.94 89.72 90.78
87.53 89.89 88.76 89.04 93.07
94.74 96.18 95.38 95.84 97.74
97.42 97.53 96.52 94.34 90.24
94.43 94.1 90.54 93.15 94.12
94.19 94 93.99 94.82 93.03
92.35 91.84 88.37 77.44 66.69
58.52 59.24 66.19 75.39 84.81
91.85 94.54 91.83 94.26 92.59
94.69 96.9 97.48 95.62 95.51
93.95 91.87 86.47 77.76 68.02
62.49 55.05 55.71 74.54 87.16
93.81 95.18 97.23 97.47 98.02
97.93 97.75 97.19 95.36 94.48
96.17 97.07 97.86 96.87 97.24
96.09 94.76 94.29 91.87 87.34
86.73 88.91 92.95 91.55 91.67
93.32 94.96 94.84 95.78 95.72
96.33 92.93 93.55 95.02 94.91
91.59 81.24 66.35 56.7 50.36
48.81 35.61 38.93 38.36 36.54
40.1 49.27 43.06 49.54 49.45
59.62 67.88 84.8 90.85 94
95.6 97.51 95.23 96.74 97.67
97.5 97.21 96.05 95.36 94.32
94.73 95.76 96.83 98.08 98.3
98.37 98.04 95.86 93.11 93.51
94.08 96.42 98.36 98.41 98.33
97.85 95.31 95.88 94.45 91.8
91.58 92.84 93.94 96.22 93
93.41 94.45 95.93 96.11 96.89
95.37 94.9 91.12 87.07 76.55
68.55 62.16 55.36 45.07 36.88
37.05 34.16 29.23 30.88 31.53
35.86 29.07 32.61 24.9 38.84
35.73 26.34 30.6 28.67 26.3
27.77 30.45 29.69 27.76 29.05
26.69 26.48 24.86 24.93 28.66
25.29 29.24 26.32 24.68 28.84
24.58 30.63 24.55 29.03 28.73
36.72 41.08 49.42 59.23 68.23
80.05 85.7 87.53 87.64 91.17
93.15 94.58 94.82 88.95 90.87
92.6 92.87 94.81 93.87 93.82
94.09 95.44 96.95 96.43 96.87
93.97 98.01 98.29 98.33 96.87
95.45 93.36 87.06 84.15 83.22
79.61 83.84 85.15 89.07 89.28
90.93 95.96 95.85 97.77 98.05
97.87 97.3 95.97 94.4 93.46
94.16 94.64 97.51 98.13 98.44
98.41 96.86 94.83 92.59 91.91
92.87 96.19 97.55 97.98 98.19
97.28 96.13 93.52 95.15 96.23
96.51 96.57 95.8 93.15 93.71
90.79 89.35 87.59 83.83 85.42
82.82 81.94 63.22 51.92 42.64
36.36 44.3 43.36 28.93 29.48
25.3 30.64 25.27 28.94 32.27
27.94 25.69 26.57 26.82 24.36
25.22 23.34 26.07 24.27 24.76
25.63 27.3 25.53 24.2 25.71
24.7 24.8 25.16 21.27 23.95
25.34 23.17 24.34 24.79 24.77
22.9 22.67 22.38 23.61 22.5
23.65 22.4 24.44 22.25 23.6
23.02 25.05 24.23 23.03 23.75
24.42 27.35 24.21 25.09 25.13
25.82 24.82 25.75 29.1 22.9
25.16 31.47 29.16 24.69 23.69
26.93 23.7 24.21 20.83 23.44
17.71 24.03 21.39 26.03 22.67
25.83 21.88 19.78 19.03 22.55
20.4 20.92 21.6 18.07 23.58
20.18 24.43 20.57 21.78 21.59
23.67 19.45 23.36 22.19 23.27
21.25 27.52 26.18 24.45 27.64
25.35 23.71 22.83 27.11 23.42
28.7 36.23 38.64 47.33 39.35
39.88 41.83 33.99 29.29 26.63
26.83 23.43 23.12 26.32 22.79
24.74 20.28 27.84 20.83 23.49
25.77 21.66 27.56 22.93 25.44
26.93 25.55 27.18 27.65 25.37
27.91 34.99 27.5 32.29 34.93
41.89 44.56 55.74 76.15 89.59
93.86 97.24 97.14 98.05 98.24
97.5 97.04 94.19 91.41 92.27
91.21 87.39 89.92 88.51 85.91
86.31 84.47 85.37 88.1 89.09
93.49 95.2 97.19 97.36 98.09
97.81 96.81 95.59 94.28 94.91
95.7 96.37 94.66 94.57 94.79
93.81 94.51 93.08 91.22 88.88
78.63 79.74 76.48 80.3 85.72
88.05 86.77 87.45 91.14 90.41
93.85 93.25 92.53 88.67 85.82
85.85 83.38 87.07 87.99 93.82
94.1 96.02 94.84 93.66 96.12
98.32 97.59 97.35 98 96.87
95.16 93.26 89.01 84.3 84.8
85.09 88.21 91.16 90.17 87.23
89.67 89.73 92.14 90.91 90.63
90.73 84.71 82.82 74.69 78.25
75.76 64.44 64.77 55 52.12
51.49 50.16 49.96 52.54 66.82
77.03 81.71 82.55 81.72 75.65
66.15 55.01 49.23 42.35 40.98
42.47 44.19 45.08 47.53 58.6
61.48 76.86 90.78 93.76 95.88
97.84 98.4 98.47 98.17 96.47
96.93 96.77 98.44 98.39 97.59
95.4 93.34 91.18 90.19 91.04
91.41 92.98 95.4 94.12 96.71
97.65 97.19 96.31 92.46 86.85
83.71 86.85 91.27 92.89 95.11
93.47 94.92 97.66 97.39 97.52
95.84 94.5 90.56 87.59 87.58
92.74 94.53 97.28 98.22 98.16
97.8 96.24 94.24 91.71 91
91.3 94.61 96.32 96.55 97.97
97.66 96.76 96.77 94.64 95.78
97.46 96 96.01 95.94 96.74
95.35 95.11 93.2 91.78 82.88
72.4 75.42 76.47 83.2 85.14
89.47 91.46 88.18 88.14 95.29
96.52 96.34 97.86 96.64 95.37
94.18 95.21 96.02 97.53 97.29
96.26 95.62 93.93 93.73 92.69
94.87 95.78 96.68 96.32 96.24
95.94 95.8 96.71 95.18 95.47
92.24 90.21 91.8 91.04 89.02
88.02 86.63 84.97 85.83 88.53
88.88 91.9 92.94 92.36 90.77
87.69 89.65 85.63 88.4 84.41
79.14 80.19 73.16 57.42 51.9
44.82 47.44 43.91 41.8 40.14
39.47 37.93 33.93 31.71 33.33
41.86 46.47 55.27 70.9 81.35
86.33 88.67 88.72 90.22 93.17
89.75 88.01 87.1 88.19 89.79
88.88 85.83 86.7 83.83 78.7
86.31 91.12 92.58 92.85 92.96
92.31 88.32 81.64 75.29 62.91
57.63 56.02 51.39 50.57 53.97
50.53 49.05 47.19 44.11 40.67
42.06 46.26 44.05 50.09 58.62
58.14 59.49 66.7 69.16 71.01
74.08 76.5 73.65 77.7 79.11
81.5 79.52 82.15 85.33 82.65
81.98 85.46 87.26 87.58 87.62
88.76 90.44 89.06 91 91.03
91.95 91.72 91.35 92.06 92.34
91.5 92.39 92.67 93.15 91.63
89.91 89.62 88.56 85.19 87.54
85.22 82.3 79.52 78.62 71.61
65.04 64.49 64.96 64.66 55.36
51.21
