44.29 45.79 56.53 56.5 54.47
74.45 74.6 87.57 90.41 91
90.24 89.98 92.47 91.59 91.34
90.77 90.2 90.28 91.66 91.15
90.07 87.61 86.77 89.42 89.85
92.51 93.69 94.61 94.83 95.19
95.33 95.19 95.77 96.28 96.74
96.04 95.41 96.36 96.67 94.03
93.37 93.55 92 90.75 86.63
84.57 89.3 88.39 90.35 91.2
92 93.66 93.74 93.72 94.1
95.15 95.89 94.7 95.76 96.05
96.46 93.63 94.67 95.72 92.62
91.14 94.3 93.49 90.53 89.96
92.04 90.82 87.6 89.32 91.91
88.56 84.76 88.92 89.78 86.13
87.48 89.94 85.77 84.87 86.68
87.29 84.13 85.25 85.51 83.87
81 79.47 77.99 73.99 67.77
61.66 57.11 51.67 41.88 38.82
41.85 37.55 33.85 44.95 46.68
48.35 44.8 52.25 50.86 56.68
57.49 57.42 66.52 70.28 62.97
64.95 70.16 71.34 65.72 69.51
67.79 65.78 56.72 54.58 55.72
51.6 46.78 46.6 45.55 42.33
41.94 41.33 40.72 36.16 33.79
35.53 36.46 36.5 39.44 33.87
33.55 32.33 33.08 35.02 36.13
35.79 38.83 38 49.5 48.76
53.37 64.18 69.99 73.38 79.84
77.24 82.73 91.63 92.37 92.84
94.28 94.04 89.53 91.98 95.58
95.39 97.23 96.13 95.85 94.44
95.21 97.16 97.51 98.46 97.34
96.56 92.74 90.84 92.52 96.17
98.07 98.12 98.39 97.73 97.58
96.29 95.08 91.09 91.56 92.16
93.29 93.77 94.44 94.94 94.75
95.62 94.64 95.91 97.12 97.64
97.87 98.35 98.2 97.55 97.7
98.44 98.37 97.99 98 97.04
95.83 95.42 93.95 93.78 94.38
95.65 96.49 97.58 97.43 97.3
98.18 98.52 97.83 97.06 98.11
98.29 97.88 97.9 97 96.9
97.37 97.73 98.19 97.23 97
93.2 90.42 89.59 93.31 95.78
97.28 97.88 98.4 98.48 98.49
97.77 97.83 95.88 93.35 90.34
88.11 91.55 94.17 97.21 96.84
97.43 97.82 97.88 95.95 94.85
95.47 95.8 96.11 95.46 92.39
90.45 86.86 87.57 87.48 82.09
76.85 67.43 52.86 53.91 54.28
58.77 64.51 65.05 65.48 72.45
72.95 76.35 72.76 75.49 75
76.01 73.82 81.2 84.42 77.2
75.73 83.03 86.96 75.43 78.06
87 84.15 77.69 81.86 83.56
87.66 83.63 87.3 83.9 83.35
84.48 84.28 82.77 83.02 82.15
84.41 82.13 80.24 82.57 83.94
82.01 82.21 84.04 84.69 80.53
77.51 79.38 72.59 75.93 70.73
73.66 72.87 66.16 59.42 61.82
56.73
