51.74 50.7 45.29 54.22 56.01
52.7 53.49 57.24 59.44 63.19
72.58 78.74 85.27 88.14 87.05
88.14 92.1 93.41 95.38 96.78
97.05 96.81 96.13 95.35 95.12
94.28 93.28 92.13 91.59 92.28
92.9 91.49 94.03 93.95 94.27
95.36 94.77 94.59 96.11 95.57
95.2 95.87 94.99 96.71 96.97
96.81 96.26 96.38 95.33 95.15
93.66 92.25 92.66 91.83 90.3
92.53 92.25 93.71 95.84 96.5
96.98 97.25 97.56 98.05 95.98
94.13 93.89 94.11 96 96.08
95.26 95.3 96.61 95.65 94.29
94.73 95.18 93.43 93.76 93.93
92.89 90.95 90.14 91.49 92.62
95.12 96.07 96.07 96.44 95.48
95.95 94.87 92.19 89.97 90.03
89.45 88.27 89.03 88.88 86.11
88.17 91.09 90.34 91.93 92.65
90.43 90.43 92.59 90.63 89.67
91.47 92.99 90.85 90.03 92.22
92.99 90.99 86.18 86.6 84.19
83.42 84.41 82.12 78.48 75.35
