35.79 36.92 40.18 38.14 37
37.72 36.66 34.56 39.62 45.49
58.08 62.05 76.49 79.56 79.11
79.48 80.9 78.23 81.79 79.76
81.99 79.9 76.1 77.66 84.22
85.07 81.86 85.41 86.16 86.21
85.43 83.01 89.03 89.48 86.96
88.54 91.4 88.59 87.78 91.2
91.02 90.09 89.28 87.5 87.93
86.84 87.2 85.77 84.99 77.43
82.54 78.2 77.85 76.72 76.56
79.49 84.32 85.72 83.37 86.17
89.49 87.3 84.06 86.44 86.49
82.06 79.19 75.93 75.1 74.88
74.23 43.43 31.68 31.27 26.61
26.23 26.45 27.66 33.89 27.71
34.85 32.69 28.65 26.52 28.08
28.12 25.86 25.06 28.66 29.88
29.29 26.05 28.7 28.72 26.04
34.16 26.24 28.74 26.19 29.44
28.52 31.73 32.07 35.97 27.73
35.16 26.99 29.99 27.12 27.76
28.71 25.8 26.21 24.85 25.85
23.35 24.64 25.75 23.64 22.85
24.03 23.75 25.35 28.47 24.18
30.84 24.56 27.37 35.87 22.81
23.45 23.15 24.86 28.04 28.63
29.69 30.88 26.32 31.57 24.86
25.05 27.27 24.02 29.01 24.98
25.17 28.2 25.29 27.88 25.44
20.24 25.53 20.73 24.4 27.74
24.13 27.53 24.9 28.76 28.98
29.64 40.9 38.32 39.24 43.53
43.61 45.76 48.27 46.55 40.8
48.09 48.11 39.46 44.6 42.54
47.99 43.29 49.15 55.6 63.07
61.01 63.66 59.79 54.64 62.95
56.84 64.83 56.1 66.33 62.21
59.81 57.48 58.81 61.63 60.86
58.54 57.33 59.57 57.03 52.18
53.09 54.81 51.94 47.48 44.67
45.11 57.6 60.12 62.45 64.47
72.16 67.27 72.61 65.64 63.44
57.71 66.13 63.83 64.92 73.35
74.25 70.79 71.09 74.95 71.15
69.71 70.91 72.44 64.63 68.43
71.14 64.91 67.62 75.23 75.62
80.47 77.22 82.47 81.19 77.46
79.45 76.99 78.09 73.85 79.1
79.42 80.95 82.9 84.98 84.48
84.29 86.93 87.45 83.88 85.86
87.98 80.73 82.23 86.28 82.63
85.15 89.18 87.31 90.84 89.2
89.97 86.92 81.47 84.06 84.33
86.23 86.02 88.17 87.76 87.01
88.52 87.24 87.97 89.72 89.91
88.31 87.62 89.03 90.19 84.9
84.31 87.02 83.34 85.97 87.57
88.11 89.19 87.17 84.34 85.48
77.32 81.08 81.5 82.71 87.85
84.74 88.88 87.29 87.47 83.23
83.7 85.63 83.7 77.75 80.44
78.48 78.7 73.82 75.02 78.18
69.92 72.41 78.26 79.1 82.19
82.91 84.35 83.94 80.8 84.43
81.19 80.54 78.27 78.07 79.07
79.4 83.62 82.28 84.66 86.37
87.51 87.49 87.03 87.76 89.74
85.16 86.64 87.35 84.64 86.64
90.14 88.79 91.75 90.5 91.98
89.93 86.11 91.08 88.24 90.47
88.6 89.72 89.07 87.18 89.15
86.83 90.05 91.54 89.9 89.5
90.02 90.52 90.82 88.29 89.41
89 87.23 87.7 90.18 88.76
91.25 90.17 91.87 88.87 86.92
89.25 84.8 90.89 90.65 90.1
89.3 89.21 88.69 88.31 92.45
91.84 90.36 91.12 91.8 90.63
91.78 89.72 90.57 89.67 87.87
89.09 91.35 89.98 93.3 93.07
93.22 89.96 88.12 91.37 88.9
91.91 91.69 92.6 91.57 91.29
90.95 89.48 93.1 92.51 90.4
91.51 92.01 91.23 91.52 90.01
89.86 89.47 86.82 88.31 91.55
90.13 92.99 92.22 92.26 90.16
86.03 90.51 89.5 91.28 90.13
92.58 92.29 90.37 90.53 89.33
92.02 91.04 89.15 87.76 87.78
87.43 86.55 84.75 83.32 79.39
71.97 75.8 82.51 83.96 88.51
87.88 89.75 84.1 84.33 88.13
86.32 87.54 85.06 88.5 86.79
88.39 89.58 88.19 90.8 91.56
89.64 89.78 88.52 87.99 89
86.08 85.73 82.63 76.98 80.75
87.44 86.9 90.76 88.54 89.3
86.16 79.3 85.58 84.68 87.83
88.69 89.02 89.58 89.39 89.52
88.07 88.96 88.78 87.27 83.8
84.48 82.62 81.63 76.13 77.34
77.72 69.01 72.77 74.69 77.15
84.01 85.1 87.5 86.55 82.63
87 83.13 82.83 80.36 83.56
81.68 82.42 85.62 86.37 87.66
87.71 89.66 88.23 86.98 87.43
89.8 85.24 86.72 87.12 84.45
86.94 88.8 87.99 91.26 89.15
89.51 85.8 82.7 86.97 84.53
87.33 88.24 89.41 88.24 89.59
89.67 87.47 90.13 88.29 87.66
85.49 85.06 85.31 84.86 79.97
81.59 82.94 76.63 78.52 83.09
81.76 87.82 87.02 87.73 85.22
82.16 86.65 84.16 84.65 83.04
85.29 83.56 84.75 86.46 85.98
87.16 86.43 85.99 83.27 83.96
84.08 83.65 80.95 81.36 80.17
72.86 78.15 84.33 83.85 88.11
87.33 88.28 86.74 81.3 87.61
85.06 85.69 84.66 85.58 83.18
84.84 86.12 83.91 86.02 84.92
83.82 80.2 82.05 82.08 80.08
75.66 78.67 77.84 69.89 72.42
78.74 77.85 83.86 84.61 87.59
85.2 82.75 86.82 83.69 85.18
79.52 81.84 78.87 79.53 81.88
82.76 84.49 85.49 85.73 83.6
84.56 84.88 85.12 81.27 83.58
84.67 79.56 82.75 85.65 82.49
86.81 85.56 86.56 85.04 81.01
86.9 84.71 86.47 85.05 85.61
83.19 83.36 84.25 83.55 86.48
86.47 83.72 82.77 84.69 82.74
82.88 80.32 78.15 81.85 78.55
70.64 74.69 80.41 78.38 83.56
85.21 87.96 85.95 83.62 89.15
84.9 85.65 83.04 83.44 82.76
83.17 83.72 83.92 85.06 86.85
86.14 86.12 86.25 87.16 87.54
84.05 86.33 85.82 82.54 87.09
87.16 84.28 87.88 88.83 88.18
84.96 82.38 87.56 85.67 87.76
87.92 87.38 86.02 87.01 86.01
84.78 86.89 88.12 85.93 86.64
87.5 85.88 84.99 82.98 81.75
76.93 68.26 61.84 59.42 52.37
48.17 46.82 41.74 38.14 38.8
38.03 39.34 35.56 39.22 37.05
39.59
