40.46 39.36 40.81 42.32 43.9
42.97 39.26 39.41 39.05 39.23
41.46 41.18 44.46 52.91 49.29
53.94 56.94 67.42 82.95 86.91
92.46 96.64 96.29 96.74 96
94.54 94.07 94.64 95.56 96.71
95.91 95.78 96.59 96.82 96.59
95.63 97.42 96.3 95.6 91.98
92.05 90.43 93.23 92.96 94.76
93.27 95.31 96.68 95.27 90.18
92.74 97.36 98.02 97.28 95.51
92.5 88.88 75.28 68.22 58.22
58.51 65.49 66.49 74.21 82.03
85.23 91.27 93.77 96.58 98
98.37 98.49 97.51 97.92 95.67
97.22 98.3 98.01 98.39 97.64
98.42 98.61 98.43 98.37 98.61
98.21 98.35 97.91 96.23 96.21
97.99 97.6 95.92 95.67 95.89
95.31 92.21 93.69 96.55 97.03
97.1 97.78 97.63 97.97 98.45
98.3 98.03 98.09 97.45 96.78
97.55 98.44 98.45 98.73 98.39
98.47 97.79 97.89 95.51 94.68
91.61 89.38 88.69 89.18 89.92
92.34 95.11 95.65 97.62 97.67
98.42 98.42 98.59 98.61 98.49
98.53 96.51 94.53 89.69 90.32
92.05 96.05 98.31 98.53 98.65
98.13 98.04 97.66 97.78 97.93
97.54 97.96 96.63 97.72 97.59
96.42 95.6 94.69 91.81 93.91
95.42 94.51 96.56 95.02 94.52
94.61 93.54 95.23 97.11 98.13
98.65 98.73 98.76 98.36 97.97
97.5 96.38 95.8 97.32 98.13
98.52 98.56 98.71 98.62 98.34
97.71 95.32 93.18 90.54 89.58
85.17 83.99 67.93 74.3 77.8
78.73 77.94 82.43 83.28 79.71
84.98 88.06 87.01 86.66 89.81
91.35 91.73 92.91 95.01 95.27
94.87 96.68 96.22 96.95 97.67
98.1 98.06 98.5 98.67 98.43
98.41 98.69 98.2 98.22 98.49
98.38 98.18 98.11 97.78 96.79
97.16 96.92 98.01 97.73 97.2
96.73 96.46 97.11 95.97 96.32
97.49 96.25 95.88 97.71 97.67
97.49 97.76 97.7 96.77 96.78
97.35 98.12 97.18 96.31 95.19
91.64 88.22 85.68 86.95 88.95
83.97 79.06 82.17 79.59 84.51
79.06 81.31 83.34 82.68 80.88
79.36 73 69.59 67.4 59.42
57.11 55.33 50.02 42.01 30.53
32.09 36.35 27.46 30.71 34.93
30.63 35.46 28.64 29.86 36.12
37.47
