88.18 89.13 89.32 90.3 91
90.76 90.78 90.66 87.46 89.07
86.57 86.19 88.74 89.05 87.24
90.69 91.63 89.68 90.15 92.08
91.07 88.76 89.53 85.75 83.74
83.95 84.51 88.02 83.66 84.4
86.64 80 77.69 80.53 83.1
86.07 85.17 86.19 88.77 90.11
90.06 89.87 92.07 92.61 92.87
93.12 93.42 93.49 92.81 92.31
91.68 92.02 92.05 91.09 90.21
90.51 91.18 88.18 86.21 89.25
85.18 84.79 80.32 79.98 75.65
73.96 77.57 80.85 86.23 89.44
91.23 90.73 91 92.32 90.91
91.51 91.85 89.86 88.01 87.37
81.75 77.39 61.55 56.92 58.92
52.56 56.06 55.57 55.64 52.63
58.7 59.63 66.53 69.31 69.5
75.47 81.17 82.7 83.57 86.42
85.93 85.24 87.24 87.5 86.92
85.56 85.16 86.05 84.08 79.38
76.72 75.27 77.75 82.03 86.64
88.86 89.81 91.45 91.96 92.46
92.52 92.64 93.27 93.31 91.23
90.43 91.76
