34.99 36.4 35.3 37.3 39.48
41.41 40.74 39.13 40.07 34.78
35.61 34.73 34.95 33.37 36.09
34.26 37.29 35.3 35.2 33.52
27.24 32.86 28.94 39.68 33.11
36.11 37.03 37.93 31.26 33.62
28.19 33.51 29.66 28.41 31.41
29.11 34.47 31.68 31.35 32.34
32.16 37.25 33.1 27.91 31.06
30.67 36.58 35.69 40.64 52.12
48.77 42.09 35.66 28.51 28.1
27.61 27.83 24.98 30.21 28.1
27.69 34.08 27.11 32.37 33.58
34.66 30.98 33.26 38.07 35.11
37.42 35.65 36.54 37.32 35.36
34.44 39.08 38.37 33.43 38.73
36.12 37.66 34.79 31.71 36.16
32.66 35.52 31.42 30.28 37.01
34.2 35.64 31.42 37.8 36.16
41.38 37.17 34.09 43.12 36.44
32.82 40.34 29.95 36.91 33.56
40.43 31.08 32.39 29.47 30.88
30.15 31.12 29.94 32.44 28.64
33.12 28.15 28.95 33.08 27.57
28.39 33.16 26.14 29.39 28.62
33 26.38 29.36 25.86 28.39
26.47 29.88 28.34 25.43 26.41
26.94 26.51 30.11 29.01 29.47
27.2 28.5 28.27 28.29 31.75
31.17 32.41 33.34 32.39 33.31
36.28 30.01 36.71 37.68 38.29
37.97 39.03 36.98 41.15 36.81
37.56 34.47 30.24 33.71 29.57
32.34 35.08 33.56 30.19 31.93
29.19 29.74 30.54 25.48 31.04
23.48 25.85 26.14 25.22 26.56
25.56 28.39 24.74 26.52 26.64
26.35 28.24 30.62 29.67 40.62
47.32 54.11 62.05 82.21 88.91
87.49 88.06 90.83 91.66 89.44
87.97 92.31 91.97 89.86 88.95
90.34 86.54 87.36 87.1 81.08
84.54 86.1 89.69 92.59 94.24
94.47 93.04 94.49 95.34 93.3
93.28 93.21 92.55 91.26 92.01
91.85 89.61 87.2 86.1 85.44
79.82
