52.08 52.49 49.97 56.23 54.06
53.54 59.64 64.6 60.65 64.29
66.96 71.21 72.92 74.51 70.8
75.45 67.79 72.33 73.08 68.19
69.81 67.36 66.03 65.59 59.73
60.64 65.51 57.17 44.96 41.62
43.89 39.33 37.26 39.55 36.56
35.42 35.1 36.19 32.27 27.85
30.28 32.17 29.45 28.36 29.67
33.1 37 32.49 37.87 38.81
39.98 41.16 39.49 37.02 38.88
37.52 36.54 38.4 32.59 38.82
36.37 36.57 33.54 37.02 37.04
37.02 42.96 37.83 44.6 43.41
54.08 63.44 68.79 77.44 87.58
89.19 93.08 92.08 92.77 91.78
93.89 94.98 94.46 95.51 95.59
96.61 94.31 93.01 95.8 95.24
95.28 96.33 98.22 97.58 98.21
98.23 98.29 97.82 96.82 93.99
94.19 94.83 95.08 96.54 98.08
98.29 98.61 98.43 98.03 96.13
96.69 97.6 97.82 98.21 97.57
97.41 96.78 94.73 94.93 93.71
93.24 94.75 92.99 93.3 88.74
89.28 91.33 86.59 92.85 94.79
95.45 96.84 96.89 96.53 92.73
92.62 96.68 97.62 98.15 98.25
98.67 98.5 98.37 97.77 97.22
95.71 94.9 94.13 95.02 96.88
97.74 98.19 98.52 98.51 98.13
96.84 96.03 95.1 96.23 97.39
97.98 97.72 97.69 97.82 97.05
95.77 95.36 92.39 91.06 90.73
89.18 83.93 88.08 92.86 94.41
96.64 96.62 96.74 95.12 92.35
93.22 96.55 97.52 96.84 96.34
96.41 96.02 94.74 96.56 96.86
98.23 97.46 98.14 98.63 98.14
98.03 97.85 95.18 95.13 94.87
96.35 98.25 98.66 98.68 98.72
98.42 97.88 97.16 96.14 96.86
98.07 98.56 98.64 98.62 98.41
97.31 95.5 94.54 95.84 97.13
98.02 97.95 98.31 98.24 98.34
97.55 96.32 94.03 90.13 91.03
93.57 97.05 96.62 97.7 98.38
98.36 98.36 97.7 96.13 95.41
96 96.24 97.99 98.53 98.58
98.43 98.03 96.51 95.82 96.43
96.98 97.3 98.32 98.12 98.31
98.31 97.85 98.27 97.84 97.11
95.27 93.63 93.32 92.91 95
97.62 97.28 97.67 98.15 97.11
96.29 96.6 96.95 97.12 98.14
96.48 95.15 97.72 97.14 96.49
96.26 97.52 97.03 97.81 98.5
98.41 97.85 97.09 95.05 94.87
95.68 96.76 97.57 98.51 98.57
98.51 98.15 97.69 96.65 96.35
96.14 97.48 98.08 98.53 98.52
98.36 97.57 97 96.07 94.22
94.23 93.02 92.7 94.49 92.26
94.85 94.19 97.37 96.7 97.57
97.24 97.45 97.72 96.68 96.09
94.91 90.69 89.13 86.91 83.09
83.02 74.77 82.47 86.51 95.08
96.78 97.92 98.24 98.17 97.71
95.92 94.1 96.5 95.65 97.53
98 98.38 98.11 97.1 94.49
93.69 94.38 95.95 97.48 97.36
97.53 97.59 96.34 95.97 93.01
92.73 93.64 93.95 95.47 93.8
94.41 95.01 95.88 94.76 94.18
96.02 96.06 92.75 92.97 95.15
97.17 96.79 97.61 97.79 98.04
98.12 96.81 94.17 92.87 94.74
93.93 96.78 98.13 98.35 98.36
97.61 95.19 95.96 96.33 96.57
97.75 97.54 97.65 97.12 96.05
95.18 92.57 93.27 92.73 91.51
92.55 92.85 91.04 92.39 91.55
91 90.86 92.88 92.1 91.04
92.06 92.45 92.04 89.76 89.55
91.07 92.75 92.25 92.1 92.83
93.91 93.45 92.93 94.49 94.49
93.02 92.84 94.09 92.95 89.85
92.26 92.22 88.23 88 88.97
87.71 83.86 73.87 59.89 59.49
44.05 37.95
