85.51 84.76 88.85 84.23 81.92
77.7 68.75 63.88 61.78 52.84
54.43 53.8 49.87 38.39 43.53
32.43 36.24 32.58 31.07 33.77
28.39 30.86 30.59 26.6 27.6
27.18 26.98 25.34 31.18 36.08
46.68 61.81 77.43 85.71 86.39
85.19 86.9 89.55 90.67 88.73
91 92.6 90.84 90.07 93.14
91.7 88.48 87.2 90.93 87.45
84.82 86.43 81.82 87.88 85.51
86.15 85.95 90.58 90.93 91.05
91.99 92.25 93.07 93.32 93.54
92.58 94.39 94.19 92.75 92.55
91.89 92.11 92.42 92.2 92.25
93.07 90.07 89.98 89.5 88.09
84.3 81.31 79.67 82.19 85.74
86.23 87.26 81.22 85.3 87.45
85.13 86.31 88.51
