59.65 70.61 86.79 91.53 91.55
93.71 95.09 96.15 95.77 95.69
96.92 96.55 95.44 94.1 94.75
92.22 92 91.91 89.56 89.42
88.37 85.14 89.09 92.34 94.77
96.03 95.24 96.21 97.68 97.13
97.44 94.93 93.83 93.94 94.56
96.87 97.22 96.82 96.88 95.48
94.25 93.2 89.15 89.33 90.29
95.06 96.41 96.42 97.81 98.26
98.35 97.68 95.69 95.75 93.95
92.93 95.39 96.89 97.66 98.64
98.63 98.23 96.93 96.79 96.37
96.08 95.97 96.56 95.57 94.47
91.22 92.08 94.18 94.49 95.11
96.88 96.68 96.19 96.31 96.92
96 94.5 95.51 96.57 93.36
86.52 86.09 81.54 82.63 89.31
92.13 95.36 96.59 97.36 97.36
96.59 95.55 96.2 95.64 95.57
96.07 94.58 94.44 94.14 94.61
93.51 91.73 91.44 90.16 90.61
89.96 93.29 93.98 95.66 93.55
93.03 93.21 93.58 91.33 87.17
89.94 93.49 93.99 97.23 97.71
97.85 97.76 97.36 96.22 94.83
92.11 88.42 91.67 93.04 94.35
94.27 95.89 97.06 96.58 96.17
96.51 95.69 94.52 94.46 93.7
95.76 97.24 98.06 98.35 98.46
97.85 96.25 93.87 92.98 90.6
89.89 90.2 87.53 84.95 82.83
65.56 61.23 64.39 70.11 85.31
90 92.03 90.88 91.09 93.96
94.58 96.34 96.38 95.24 97.32
98.09 97.57 97.5 97.19 97.09
98.31 97.54 97.02 95.25 92.33
93.35 93.65 92.7 92.13 88.45
85.01 83.87 85.62 83.68 90.18
91.11 89.14 92.08 93.07 92.58
90.4 93.1 92.12 92.35 92.16
92.5 85.09 84.47 77.95 80.13
82.29 88.97 88.99 89.59 94.11
94.57 93.18 94.64 97.51 97.08
95.87 94.89 95.81 91.35 94.56
96.14 94.22 93.49 86.38 76.27
76.98 74.5 84.97 92.93 96.53
97.57 97.17 98.56 98.47 98.17
96.84 95.54 93.9 95.93 96.9
96.5 96.94 97.75 96.82 95.92
94.41 91.31 92.12 94.91 95.73
97.65 97.17 98.42 98.56 98.64
97.96 96.92 96.92 96.12 95.12
97.14 98.08 98.71 98.85 98.77
98.03 96.59 95.57 94.57 92.96
94.73 94.86 92.5 92.18 89.89
92.49 94.87 94.51 95.96 97.55
97.37 97.23 97.8 98.34 98.17
97.27 97.83 98.41 96.95 92.13
89.43 91.73 88.78 90.42 96.83
97.79 97.88 97.59 95.57 92.4
89.62 93.39 91.72 91.57 95.5
94.5 92.29 93.43 95.98 94.37
90.89 91.36 93.13 94.73 93.96
96.38 96.25 96.34 95.07 92.14
92.57 94.31 94.08 91.9 93.45
96.9 97.53 98.35 98.11 98.06
96.96 95.52 92.81 87.48 89.67
88.8 88.55 90.83 95.39 93.87
95.11 97.17 96.99 96.06 97.32
98.09 97.3 95.9 95.54 97.79
98.49 98.59 98.52 98.44 96.78
95.49 94.37 96.3 94.02 91.71
93.41 92.36 86.93 86.53 86.66
83.7 82.87 88.91 91.77 94.77
96.01 94.18 94.12 96.36 95.19
96.84 98.02 96.69 97.45 98.21
97.82 96.61 97.78 97.46 98.6
98.57 98.24 96.79 93.52 92.98
93.66 94.19 92.01 91.59 90.82
93.64 96.12 94.68 96.04 92.88
88.38 84.17 84.28 87.61 88.44
92.1 95.4 95.5 97.2 94.64
93.46 96.23 96.49 94.61 95.17
96.02 94.11 94.14 93.47 90.36
89.1 84.69 85.81 85.21 82.07
88.67 92.12 93.07 93.02 94.15
96.69 96.61 95.76 96.64 97.53
95.32 94.48 97.33 96.6 94.5
95.79 97.4 95.24 94.02 95.85
93.59 93.01 89.94 89.06 94.45
94.87 93.28 94.78 92.95 93.76
94.03 92.56 90.93 92.07 92.71
89.91 89.07 89.97 89.48 85.54
85.81 84.21 82.39 86.08 88.84
87.16 91.66 93.04 91.4 93.44
92.59 96.23 96.52 96.71 94.47
95.45 94.07 94.38 93.46 95.29
95.99 94.59 94.08 95.23 95.1
92.32 92.57 92.93 91.38 89.39
88.66 86.75 79.23 72.6 68.8
67.47 65.4 57.73 59.36 54.81
44.09 39.09 43.16 39.53 46.94
39.78 42.97 48.28 52.71 53.38
61.44 74.33 75.85 76.18 71.85
74.8 86.83 94.05 95.96 97.14
96.33 97.28 96.51 94.82 95.87
94.64 94.12 89.31 86.06 85.15
87.75 91.63 92.78 94.52 95.97
97.11 96.79 96.43 96.88 96
93.22 89.2 87.23 81.26 81.76
86.01 88.94 93.12 95.52 96.66
96.25 95.82 92.76 89.88 92.35
90.86 89.17 91.59 91.65 95.29
94.97 95.33 96.04 95.68 96.26
96.75 97.42 94.91 96.02 93.61
95.63 91.55 90 94.07 94.61
96.53 97.38 96.34 94.77 92.71
93.89 93.51 93.97 93.23 91.96
92.16 90.36 91.67 93.32 90.44
93.16 94.76 95.31 92.53 91.17
89.91 87.53 87.18 89.02 90.7
90.55 95.3 97.7 97.41 97.82
97.19 95.67 95.63 93.79 91.2
91.51 93.88 93.88 93.73 94.57
96.5 97.33 97.64 97.4 97.49
96.48 94.23 90.19 93.54 93.65
95.03 95.9 96.57 97.29 98.12
97.58 97.87 95.86 95.88 96.42
97.06 96.04 96.45 96.08 97.01
95.87 94.91 93.52 93.51 90.67
91.14 93.45 91.41 93.48 93.69
96.84 97.61 98.53 98.62 98.21
97.96 95.1 96.91 98.2 98.62
98.72 98.67 98.44 97.51 96.39
94.99 97.03 97.02 95.07 93.92
94.52 92.95 96.56 97.53 98.01
97.57 98.36 98.54 98.3 98.46
98.51 98.08 98.32 98.5 98.56
98.31 98.43 98.22 97.16 97.73
97.64 94.84 94.11 91.56 91.45
94.15 93.31 91.88 88.26 90.16
94.57 96.35 98.04 98.64 98.69
98.4 97.9 96.52 97.24 97.18
95.18 93.68 93.88 95.95 97.79
96.87 96.33 93.79 93.6 97
98.47 98.46 98.28 98 97.6
96.5 97.4 98.07 96.31 95.52
97.7 97.76 97.16 96.5 95.92
95.97 97.45 96.46 94.68 93.41
95.47 95.69 96.63 96.26 97.95
98.23 97.95 98.22 98.07 97.47
95.86 95.18 94.89 94.48 92.02
90.48 90.82 92.02 93.69 92.26
89.61 89.44 93.17 94.85 92.18
95.18 96.64 96.71 97.05 98.13
98.12 98.34 98.11 98.23 98.36
98.4 98.32 97.12 97.09 97.87
97.78 97.03 97.05 94.84 94.16
94.1 94.17 93.99 95.43 94.48
96.04 96.8 96.47 95.8 95.91
97.14 96.29 94.69 95.43 95.59
95.36 94.44 93.86 94.91 93.37
91.41 90.16 89.74 89.84 93
92.96 91.97 93.25 95.81 94.17
93.67 96.67 96.46 97.2 97.46
97.38 96.49 97.3 97.52 96.78
97.44 96.53 95.22 96.62 97.03
97 97.58 97.78 97.89 97.7
97.26 97.2 96.61 95.72 95
94.55 93.87 88.9 89.29 86.74
82.69 85.05 89.78 90.4 86.93
91.06 93.12 94.68 94.68 95.65
96.87 97.62 95.9 96.77 97.68
96.8 95.7 97.76 98.01 96.69
96.54 97.53 97.44 97.57 97.43
97.58 96.94 95.43 96.99 96.9
95.39 94.65 95.66 95.64 96.91
95.76 96.67 96.49 94.86 94.89
94.97 93.97 95.23 96.1 96.49
94.2 95.64 97.02 96.23 94.95
95.06 90 90.02 89.75 89.44
92.11 88.02 86.54 88.36 85.17
81.92 77.28 62.29 43.85 47.99
34.47
