26.43 27.66 29.8 27.64 36.63
35.47 30.5 41.4 38.78 38.09
40.48 42.92 46.9 45.66 47.49
49.78 45.7 44.79 45.55 42.33
40.1 40.64 42.58 43.72 35.89
35.44 49.88 55 65.95 72.03
76.6 77.15 75.47 72.54 67.48
61.77 46.29 42.78 34.93 27.37
33.98 30.28 29.18 27.22 38.75
31.87 30.13 32.29 31.27 34.96
42.39 46.78 51.58 54.44 57.92
70.59 72.27 69.02 68.47 66.58
65.93 69 71.87 78.56 82.02
85.11 85.93 86.32 84.06 84.79
81.02 78.91 77.95 81 84.13
85.98 83.97 84.61 79 74.46
71.59 76.85 68.84 71.74 68.11
74.41 75.6 81.79 86.58 89.72
91.63 92.11 89.28 90.41 86.87
82.59 85.7 88.97 90.77 91.19
90.66 89.73 87.3 86.26 86.23
88.34 87.18 86.08 85.9 82.29
82.34 85.73 92.28 93.57 94.8
95.3 91.83 93.05 89.51 88.58
88.9 92.07 93.48 93.38 91.64
88.52 88.65 89.16 87.72 89.02
90.33 89.19 90.89 92.66 90.4
93.34 95.96 96.68 96.95 96.94
95.02 95.94 91.54 91.58 91.76
94.48 95.58 95.28 95.13 95.51
94.58 93.71 94.23 93.78 91.47
91.74 94.18 91.25 94.95 97.19
97.74 98.01 97.9 96.95 96.95
93.51 93.83 94.46 95.86 96.85
95.39 95.03 95.76 94.71 94.4
94.53 94.92 93.88 94.26 95.3
92.06 96.43 97.85 97.88 98.15
98.09 97.24 96.95 94.11 95.4
95.68 95.2 96.59 95.14 94.86
95.85 94.38 94.51 94.08 95.44
95.03 94.76 95.13 90.63 95.79
97.82 98.02 98.22 97.96 97.35
96.72 94.82 93.38 94.23 93.05
94.9 91.4 93.4 96.13 94.69
91.97 92.89 95.12 92.93 94.46
95.32 90.6 95.84 97.75 97.93
98.13 97.84 97.77 97.09 94.17
92.77 93.04 93.61 95.96 94.91
95.64 96.39 94.67 90.67 91.29
93.93 93.36 94.34 95.47 91.32
96.16 97.71 97.62 97.94 97.95
97.67 97.64 96.06 94.5 95.61
95.59 97.53 96.86 96 96.24
94.79 90.58 92.86 95.39 92.6
94.41 95.53 94.36 96.29 97.66
97.66 98.18 98.09 98.25 98.23
97.38 96.03 96.9 96.88 97.9
96.38 96.24 96.83 95.75 93.61
93.64 95.41 93.87 94.16 94.86
91.57 95.19 97.72 98 98.44
98.11 98.4 98.05 97.12 95.38
96.63 96.4 97.79 95.41 95.39
96.42 96.18 94.16 95.23 95.6
93.16 92.43 95.4 91.52 96.01
97.6 97.94 98.22 97.91 98.37
98 96.4 94.63 96.08 95.46
97.26 92.84 92.92 95.75 95.58
93.5 94.5 95.7 93.88 94.55
95.26 91.94 94.13 97.08 97.14
97.85 97.3 97.45 96.76 94.59
91.68 94.07 92.54 93.71 87.99
89.74 92.81 92.59 86.87 89.11
93.28 88.63 90.47 93.6 88.13
93.3 94.62 90.29 94.4 93.92
93.99 94.43 88.9 85.9 87.03
84.91 86.07 81.34 83.64 87.33
84.4 85.17 83.83 86.85 90.86
89.36 86.56 89.8 91.92 89.26
88.29 90.6 89.5 85.85 86.9
87.99 86.98 83.16 82.97 79.36
78.81 73.22 65.51 62.81 57.83
55.34 63.95 73.21 78.87 86.04
88.22 92.92 94.08 94.38 93.18
91.44 89.96 84.1 85.37 89.48
88.03 89.95 88.83 87.97 89.55
90.01 86.91 87.02 85.4 83.34
75.69 58.43 49.98 37.22 33.5
30.49 26.74 37.84 29.55 30.16
30 32.19 36.83 35.93 33.63
37.99 40.09 43.56 47.11 49.29
53.55 58.25 59.92 64.17 66.29
71.06 84.5 88.84 87.78 88.24
87.27 84.61 86.63 84.07 79.14
76.62 72.47 70.4 69.7 72.54
81.92 83.89 88.37 87.52 90.92
91.54 91.5 91.08 85.93 81.53
83.21 81.51 82.95 87.89 85.5
88.27 90.39 88.77 89.3 87.95
88.48 89.59 85.76 82.34 81.96
89.79 93.72 95.72 96.14 96.23
95.14 94.81 94.42 93.59 92.27
92.19 94.38 93.75 92.95 92.72
92.19 94 90.87 89.52 91.07
94.07 93.42 90.85 93.23 94.73
93.86 92.43 93.72 93.58 93.52
91.99 91.88 89.91 89.92 93.07
94.25 96.11 95.56 95.83 95.74
94.74 93.31 91.75 89.93 88.82
90.34 88.85 89.49 88.92 91
93.28 91.86 92.79 94.32 95.49
94.37 94.64 95.52 95.57 94.78
95.47 96.16 95.68 95.39 96.04
93.99 93.32 94.9 93.33 91.98
93.17 95.01 91.9 92.19 94.24
94.42 92.28 91.76 93.43 92.86
91.95 91.17 91.95 89.7 88.87
87.48 83.44 79.14 82.48 78.6
78.86 83.28 80.82 80.3 82.15
79.93 83.51 83.76 84.53 88
86.38 85.47 90.28 89.03 87.74
84.54 88.52 89.84 87.07 85.88
89.75 88.22 85.29 88.85 91.02
87.3 88.21 90.42 91.19 87.62
90.16 93.09 93.85 92.78 93.34
91.89 86.17 89.85 91.9 93
93.27 92.41 90.71 83.54 81.49
84.29 82.74 86.7 87.39 88.01
88.45 90.14 91.63 90.06 89.89
90.74 91.48 89.22 88.85 89.75
86.8 83.01 82.87 77.02 76.53
81.61 82.6 72.67 71.33 73.95
68.62 71.96 71.35 77.04 82.13
82.53 84.97 85.51 81.53 86.11
88.36 84.39 85.34 87.7 86.24
83.36 84.4 80.79 82.25 81.89
79.42 81.04 85.78 85.28 88.77
90.18 90.25 88.65 89.22 90.61
90.68 89.59 90.97 91.2 89.69
89.91 89.28 88.24 85.43 85.56
83.28 81.33 76.33 82.94 88.12
86.73 84.73 86.55 89.29 85.74
82.29 84.05 85.65 76.2 73.2
75.71 80.54 87.74 87.85 88.67
87.43 81.84 80.88 84.78 82.37
83.29 88.57 87.54 89.34 91.04
90.92 91.45 87.94 88.88 86.23
86.64 86.76 89.39 89.15 87.82
89.4 90.92 90.05 87.86 87.31
88.41 84.12 83.49 83.35 84.4
84.5 82.7 84.09 84.42 81.45
81.29 81.29 79.8 73.29 63.86
64.92 61.51 46.87 32.99 31.56
26.74 31.49 27.67 30.35 30.93
27.08 27.72 28.99 33.27 33.6
38.02 42.54 52.4 54.78 61.95
64.83 62.96 67.86 74.01 72.55
75.91 78.17 82.81 83.82 84.98
86.89 86.57 87.81 87.06 86.29
85.62 88.48 87.42 84.13 83.98
88.47 89.24 89.93 89.22 87.21
83.93 86.75 88.3 86.34 84.71
84.73 85.87 79.73 75.27 76.96
77.87 71.79 80.32 80.79 81.78
84.18 87.25 87.24 88.12 90.22
90.81 89.99 91.87 92.58 92.02
90.04 90.15 92.59 94 93.7
91.96 89.92 83.08 78.05 67.91
56.46 54.23 53.09 46.66 45.46
44.66 47.11 55.22 59.43 72.27
84.25 87.59 90.98 91.88 92.86
90.98 89.07 86.88 85.64 77.07
74.83 61.05 56.69 55.63 43.35
34.7 31.73 38.76 35.28 36.65
28.24 32.67 25.79 31.77 32.64
37.26 38.43 33.94 40.01 49.68
64.66 79.98 87.25 90.44 93.61
95.23 95.85 95.65 96.09 94.06
94.04 89.1 88.15 90.73 93.08
92.6 86.96 89.1 94 94.38
93.06 94.59 95.66 94.46 94.29
92.3 93.89 93.11 90.26 92.44
92.49 90.44 85.45 89.23 87.88
87.63 87.92 87.29 90.63 92.18
92.41 91.97 93.06 92.34 92.85
88.82 89.1 91.99 93.07 94.38
94.41 95.2 93.65 93.7 91.51
88.48 85.11 78.19 72.25 66.62
69 81.23 88.05 93.53 94.08
96.4 95.27 96.4 95.1 95.03
90.52 89.97 89.58 86.3 87.83
90.21 91.61 91.17 93.36 93.74
94.72 93.39 93.8 94.66 92.9
93.22 95.45 94.26 92.73 93.38
94.93 93.14 91.13 92.16 93.57
88.86 89.85 92.6 88.83 90.97
92.84 91.58 93.11 91.72 94.4
94.59 94.87 94.45 92.6 90.06
88.06 88.86 88.62 84.88 84.56
81.97 83.29 80.65 85.02 89.86
91.19 92.25 93.19 92.48 91.82
90.93 91.1 91.81 88.62 88.45
85.56 82.48 78.1 76.38 75.73
77.04 80.9 84.39 85.72 85.28
86.42 80.79 81.73 75.82 61.45
63.95 73.32 82.31 86.31 87.67
89.69 89.51 91.6 90.94 90.47
89.71 85.28 83.69 83.12 80.18
72.66 65.91 68.58 60.01 58.68
53.59 47.37 36.82 33.94 26.32
26.55 25 23.75 23.31 21.5
20.97 22.54
