36.66 35.6 35.19 39.93 37.42
32.69 39.95 33.26 34.34 46.1
41.25 36.2 42.6 48.22 46.08
44.94 63.55 72.79 84.27 90.65
95.56 96.43 96.51 95.03 93.19
92.55 94.52 95.07 92.18 93.56
94.77 92.69 91.08 85.56 88.54
94.63 95.33 97.05 95.9 95.95
95.49 93.88 94.41 96.75 97.69
97.6 97.56 96.02 95.07 92.74
93.94 92.4 89.85 91.63 93.31
89.99 88.5 89.27 91.46 92.09
92.68 92.38 92.46 92.41 92.4
92.3 92.74 92.27 93.73 94.5
94.69 94.61 94.8 95.42 94.95
95.59 94.11 93.59 90.89 92.31
92.76 93.14 93.19 93.47 94.46
94.69 94.09 94.1 93.14 95.03
96.65 97.62 97.28 97.51 96.91
95.45 94.27 90.64 90.81 89.41
87.11 83 80.58 74.36 68.79
56.82 70.33 83.53 87.47 92.48
94.55 92.94 93.94 97.33 97.47
96.13 98.08 98.47 98.01 97.83
98.49 98.43 97.09 98.42 98.45
98.07 98.45 97.58 97.18 97.76
97.94 96.46 97.97 98.26 98.24
97.87 98.23 98.05 98.35 98.46
98.38 98.62 98.41 98.63 98.68
98.32 98.45 98.63 98.64 98.46
98.38 98.37 98.42 98.13 97.91
97.73 95.61 94.47 95.63 96.07
97.81 98.01 98.45 98.37 98.46
98.69 98.67 98.6 98.75 98.72
98.49 98.48 98.51 98.24 98.1
98.13 98.49 97.37 98.29 98.59
98.25 98.19 98.41 98.35 97.2
96.86 96.48 96.89 97.74 96.98
92.82 92.41 90.82 94.18 96.84
97.4 95.79 97.36 98.05 98.38
97.9 97.64 98.43 97.75 98.06
97.15 97.51 96.52 97.12 98.05
98.11 97.64 96.64 96.96 97.35
96.7 95.29 95.69 96.92 97.29
97.23 97.52 97.66 96.18 96.25
97.52 97.61 97.01 93.71 90.68
94.99 97.12 95.42 95.27 94.87
93.18 93.51 94.09 94.6 95.56
96.83 97.43 96.77 93.67 93.45
95.41 96.73 96.01 95.79 97.21
97.44 97.36 97.42 95.97 96.13
94.59 96.38 96.68 96.4 97.8
96.67 97.5 97.9 97.64 97.64
97.1 97.45 96.52 95.94 94.98
94.15 96.06 95.87 93.57 94.89
92.27 93.29 94.14 94.7 96.14
95.5 97.18 96.54 97.52 97.89
98.05 96.99 97.77 97.99 96.53
94.55 96.76 96.52 97.76 97.26
97.73 98 98.13 97.85 97.72
98.03 98.08 98.15 97.75 98.36
97.98 98.44 98.35 98.1 98.07
98.41 98.26 98.06 98 97.96
97.67 97.96 97.53 97.94 98.33
97.98 97.91 98.41 97.89 97.81
97.87 98.07 97.36 97.91 98.03
97.58 98.01 98.05 97.97 97.8
97.71 97.74 98.01 96.75 97.1
97.67 98.25 98.13 97.24 97.11
97.1 93.28 96.5 94.86 94.73
92.62 91.11 86.9 89.58 91.29
93.05 94.93 94.59 94.74 96.9
96.88 96.24 97.53 98.34 98.52
98.75 98.64 98.3 97.94 97.6
96.92 97.63 98.03 98.29 97.79
97.89 97.92 97.96 98.38 98.23
98.52 98.76 98.66 98.74 98.77
98.65 98.57 98.46 98.38 97.62
97.31 98.32 98.43 97.9 97.64
98.58 98.72 98.12 98.49 98.65
98.72 98.59 98.71 98.77 98.64
98.65 98.52 98.32 98.33 98.23
96.73 95.86 95.58 95.52 98.17
97.78 98.53 97.96 98.28 97.8
97.44 98.51 98.28 97.93 98.27
98.35 97.89 98.17 98.24 98.05
98.14 98.33 98.13 98.01 98.07
98.06 97.67 98.16 98.03 97.91
97.38 97.4 97.06 95.96 91.41
