33.94 40.6 37.1 40.52 40.68
40.31 39.68 38.23 36.44 36.52
37.01 33.61 43.98 38.25 34.41
36.04 33.29 38.07 31.87 34.68
32.69 32.9 34.5 35.11 34.07
37.41 37.32 37.99 38.6 39.04
38.14 36.52 36.73 38.4 38.61
40.1 36.74 37.97 35.41 46.3
41.58 41.43 44.26 43.13 42.01
39.12 41.42 41.85 35.84 40.3
41.78 50.23 54.01 59.03 60.08
68.46 74.41 76.09 78.25 80.17
83.81 84.47 85.37 87.88 88.92
88.52 89.95 88.52 88.35 87.32
88.31 85.97 82.98 84.23 80.97
77.71 72.26 72.39 69.67 64.85
63.59 62.86 65.98 75.8 83.12
84.64 87.27 87.38 88.55 90.74
90.97 90.86 91.85 91.67 89.59
88.36 81.4 80.29 83.83 85.57
86.89 89.87 87.31 90.76 91.33
88.14 88.48 87.33 89.85 93.94
94.64 92.97 93.98 94.12 92.52
91.47 92.81 92.39 90.59 91.13
92.16 89.46 89.05 89.97 88.85
86.04 85.94 88.75 85.93 83.58
84.52 81.63 85.51 85.25 86.89
90.17 90.83 92.56 91.02 91.97
91.99 92.14 92.48 89.07 91.89
92.63 89.85 82.17 68.52 72.18
87.5 90.64 93.36 93.18 92.24
91.3 91.79 90.84 91.45 91.06
88.49 88.91 85.59 85.35 89.18
88.2 88.46 89.73 89.3 89.53
88.44 87.31 88.15 85.49 83.27
77.52 76.66 66.52 67.57 60.84
64.64 60.77 53.94 53.6 59.48
54.13 59.43 65.03 58.26 63.01
71.94 79.09 81.81 80.66 85.48
88.35 90.51 89.99 89.18 85.43
79.63 67.33 60.38 58.91 60.55
57.42 52.33 49.51 48.99 56.67
59.35 73.71 79.34 87.7 89.19
92.28 91.36 93.84 93.22 92.45
89.03 81.54 77.76 87.11 91.79
95.27 95.34 96.02 95.5 92.37
89.11 83.67 87.94 81.93 82.15
83.38 83.83 83.8 82.13 80.38
79.01 83.38 87 90.95 92.65
95.7 94.82 95.49 93.73 92.2
90.27 84.51 83.8 90.84 92.95
95.02 95.33 97.05 95.81 95.15
92.23 90.53 91.02 89.23 85.94
82.33 74.94 72.49 67.03 56.55
56.43 59.19 65.92 83.17 87.7
92.05 92.17 95.45 94.7 93.81
92.82 92.43 90.01 88.77 87.17
83.64 86.68 90.28 91.36 93.15
91.94 89.59 90.56 88.36 86.51
85.05 83.58 75.79 72.2 74.67
78.07 82.76 91.59 94.68 95.64
94.58 94.55 91.53 89.92 91.89
94.17 95.91 95.27 95.88 92.6
91.05 86.42 84.19 76.12 65.6
64.14 58.43 69.67 82.34 85.52
89.32 93.34 94.95 96.54 96.64
96.72 95.63 93.99 91.92 90
86.82 85.23 79.1 84.68 91.45
92.2 93.33 94.47 93.87 91.98
90.14 87.1 92.11 92.58 94.17
94.94 95.09 94.47 94.06 92.04
90.08 89.62 89.38 93.4 93.46
93.97 93.49 91.69 92.47 94.52
95.82 95.89 95.94 94.88 94.71
93.38 89.44 87.82 81.38 81.37
84.3 88.61 89.45 88.36 92.46
91.14 91.06 86.73 85.84 88.75
88.07 88.97 82.4 72.6 71.19
66.8 68.34 66.61 63.77 65.73
79.3 85.48 88.29 88.88 93.15
94.1 95.22 94.55 92.87 83.28
84.42 88.41 91.75 91.1 89.83
84.51 82.99 79.49 66.48 79.51
83.98 86.95 88.47 86.54 85.18
82.33 87.5 90.22 92.23 93.53
94.78 96.17 96.39 96.38 95.5
94.44 91.92 89.97 88.26 88.38
91.94 89.97 90.15 91.24 93.65
93.68 94.59 94.52 93.46 90.84
86.3 76.48 70.81 61 65.83
67.44 63.82 70.6 68.55 72.18
81.13 82.8 81.73 81.86 74.75
66.35 66.81 68.6 76.3 75.42
80.49 79.35 80.61 79.99 83.76
79.43 74.95 68.02 67.89 73.24
75.87 71.2 70.62 72.88 73.45
83.44 83.78 81.68 80.23 76.97
78.2 80.94 77.32 76.98 71.28
70.01 71.15 74.89 81.37 85.13
83.82 84.02 79.91 79.05 76.24
81.39 71.87 70.09 67.44 66.2
69.28 74.18 71.14 64.02 65.61
59.79 73.17 72.29 77.62 76.15
81.95 78.32 86.28 80.23 79.73
76.84 70.17 66.86 64.08 64.91
65.51 59.98 67.01 76.2 73.82
74.06 71.77 64.12 61.19 65.01
69.1 77.25 75.82 79.48 74.32
80.16 81.16 77.6 74.97 79.23
70.88 76.84 73.32 80.06 72.51
69.61 63.99 66.73 69.56 74.92
74.13 63.98 65.74 67.53 60.64
58 60.91 64.71 69.29 70.79
73.92 72.16 70.93 65.23 62.58
73.87 75.02 81.74 83.58 83.34
82.67 81.39 84.35 82.06 79.48
70.49 72.49 67.72 73.39 79.63
79.85 80.33 75.77 76.76 81.57
83.77 83.15 83.66 83.39 84.92
82.29 86.07 82.07 84.17 80.23
74.13 79.48 85.14 90.11 85.17
84.1 72.11 59.08 53.36 49.13
42.25 38.09 30.7 31.86 32.93
30.85 45.19 58.06 74.23 84.82
86 85.2 85.64 84.33 88.43
93.26 94.31 96.67 96.61 97.56
97.29 96.98 95.91 94.01 91.8
88.07 88.27 90.94 92.59 91.35
94.68 95.8 97.81 97.97 97.93
96.56 95.19 95.43 97.19 98.09
98.3 98.2 97.98 97.2 96.82
93.71 94.54 94.71 89.05 87.75
81.52 73.84 80.56 86.26 92.2
92.9 92.95 95.69 96.03 95.36
94.95 97.18 97.22 97.68 97.62
97.46 94.48 95.53 92.09 92.54
92.05 90.64 90.57 91.11 91.78
90.73 88.74 89.04 95.34 96.6
96.84 97.38 97.25 97.42 96.88
96.94 97.61 97.61 96.3 96.35
93.97 93.67 93.77 84.71 84.64
75.46 82.9 89.81 91.33 95.11
97.18 97.75 97.94 98.31 98.2
98.32 97.94 96.99 96.54 97.1
95.8 95.27 93.38 90.6 85.97
89.23 94.13 93.62 96.13 95.72
94.49 94.26 91.42 85.96 85.06
77.59 84.7 82.97 87.35 82.73
81.1 76.45 82.54 85.36 91.59
91.66 92.4 92.33 91.61 89.74
76.99 72.04 62.78 56.92 50.5
52.65 59.2 66.24 70.01 81.92
88.39 89.79 91.86 90.05 88
85.79 85.76 88.49 86.5 88.72
87.12 85.24 83.48 85.25 85.46
86.87 86.53 86.13 86.6 85.6
83.39 80.06 84.65 89.5 89.59
89.27 93.09 94.09 93.94 92.82
91.23 86.89 79.43 75.94 70.88
73.27 69.26 68.03 71.63 72.04
75.35 69.67 73.47 82.21 89.33
92.49 94 96.81 95.84 94.99
93.47 88.44 84.95 72.37 72.21
76.58 84.6 90.94 94.37 96.39
96.07 96.56 97.18 95.43 93.71
88.47 80.45 74.37 68.16 69.31
68.13 72.86 75.23 79.77 83.3
87.71 89.85 93.92 95.99 96.67
95.38 95.91 92.85 92.62 95.42
93.5 91.7 95.87 96.35 93.53
94.8 95.18 93.52 90.21 88.01
