42.98 53.5 51.59 46.72 56.58
54.76 56.36 53.12 52.43 52.88
48.04 51.4 47.96 47.85 45.84
45.31 47.33 51.16 49.35 55.29
57.76 58.82 58.55 60.65 60.95
64.91 69.4 73.23 75.87 74.86
75.05 74.92 79.54 81.98 81.05
81.91 83.25 83.18 78.81 80.05
78.84 77.59 77.63 76.41 75.83
76.29 79.94 81.16 80.29 80.06
81.05 77.02 81.37 83.22 80.74
81.14 84.1 85.2 84.49 81.55
84.42 80.26 78.35 77.12 73.62
71.25 68.47 69.09 66.3 61.92
60.47 63.75 66.16 71.94 70.76
68.87 70.03 69.39 67.43 57.69
61.91 61.38 59.86 63.31 61.37
60.74 58.82 45.05 41.63 39.39
43.71 46.45 49.36 51.25 52.77
48.62 48.44 47.58 47.57 41.27
44.04 41.07 35.99 41.66 40.17
44.73 53.66 54.79 50.55 53.48
47.82 49.13 50.49 50.29 48.18
52.19 57.16 58.67 58.12 61.56
65.2 71.83 76.2 80.96 70.76
72.75 82.63 87.37 90.02 92.44
93.14 92.29 92.43 94.62 94.2
92.62 93.36 94.18 92.5 90.56
92.44 92.51 89.65 88.13 90.66
88.67 82.26 81.9 87.9 89.71
86.94 86.53 88.7 88.56 88.09
88.45 87.57 84.39 85.28 87.3
82.85 86.43 90.16 88.29 84.18
89.65 91.91 87.97 88.42 91.16
91.81 89.6 89.45 91.74 90.19
88.04 89.08 88.74 85.07 86.02
87.56 82.71 79.69 84.46 86.04
88.11 89.4 89.02 90.62 91.24
89.46 87.63 90.13 91.82 90.72
89.8 90.88 91.32 89.64 88.99
92.48 91.91 90.01 91.01 92.72
91.86 91.04 92.7 91.05 89.28
90.2 90.64 80.94 84.47 84.91
84.41 89.34 91.59 90.93 90.49
92.13 92.48 91.34 88.76 89.87
89.4 83.84 81.72 83.7 89.84
92.85 90.8 91.44 92.36 87.84
87.47 87.96 86.52 89.49 92.15
90.73 91.38 94.33 94.15 93.52
93.85 93.12 92.17 91.23 90.86
89.62 88.89 83.51 82.88 85.81
83.6 77.38 70.03 69.16 75.94
76.02 77.85 84 87.33 86.32
86.23 88.75 90.35 89.79 89.63
92.88 89.39 88 88.87 90.43
81.64 78.57 83.03 89.3 88.91
84.94 86.56 91.37 89.28 85.62
88.62 92.21 88.97 91.4 87.25
84.42 89.16 89.45 81.67 82.08
84.91 82.07 75.28 74.25 78.26
69.71 62.91 62.42 57.41 59.68
61.72 60.9 62.25 67.52 70.7
76.24 77.52 86.51 90.91 90.76
90.79 89.38 91.81 92.72 90.85
91.05 92.11 89.33 86.03 80.9
80.82 69.92 68.3 66.18 61.17
63.55 64.62 68.41 73.6 79.58
83.56 85.45 85.51 85.6 85.83
83.61 85.17 85.13 84.38 85.01
86.91 87.49 87.74 87.47 89.48
87.16 85.65 86.36 84.03 80.99
76.98 71.87 71.32 77.43 84.57
82.37 84.36 86.75 87.49 90.09
88.05 86.52 89.37 88.96 85.63
86.71 90.02 85.87 84.07 85.69
84.96 78.2 79.37 71.93 75.45
81.82 86.79 85.86 87.83 87.84
88.09 90.02 91.49 91.11 92.29
91.95 91.57 92.53 92.63 92.61
91.37 91.4 90.73 86.1 86.12
84.46 80.46 70.64 73.23 70.42
69.09 73.6 76.11 76.34 74.12
80.51 78.73 81.93 88.15 88.46
87.98 90.18 91.17 90.44 92.11
91.9 90.98 90.49 91.1 89.63
90.2 89.81 88.21 88.66 87.47
86.24 85.76 85.13 82.8 79.76
84.17 86.71 88.97 86.53 87.17
88.67 87.62 90.04 88.78 83.69
86.64 88.25 84.13 80 85.59
84.65 74.81 73.8 81.81 85.33
77.81 77.43 84.73 80.61 73.3
77.35 76.42 78.47 83.25 77.22
77.29 75.92 76 69.93 62.01
52.04 39.72 38.43 30.8 35.55
37.77 31.06 32.47 29.76 34.28
30.69 29.89 28.06 28.68 27.78
29.91 28.08 31.14 29.62 29.53
31.49 28.12 29.19 31.81 30.78
31.77 28.7 30.01 29.7 31.62
33.13 29.33 37.49 29.08 31.95
38.22 30.12 31.83 34.12 45.03
31.72 29.23 30.53 33.98 32.17
32.6 28.69 33.29 30.47 31.79
31.64 29.42 26.49 29.22 30.47
23.58 30.92 26.65 30.98 30.89
27.78 30.8 30.53 32.05 28.05
31.67 31.53 29.08 30.12 31.92
28.73 30.41 32.3 31.82 35.8
29.73 31.86 27.51 29.21 30.36
29.1 30.24 29.63 31.48 31.16
31.59 44.15 56.26 66.67 80.27
87.19 89.18 89.8 89.51 91.96
92.62 94.51 94.6 95.54 91.48
92.18 91.95 88.65 85.43 72.99
65.67 56.85 55.44 51.75 43.26
43.5 41.88 39.16 46.28 43.67
45.92 57.93 72.79 82.52 88.53
91.56 94.15 93.15 94.83 94.4
93.91 92.24 89.21 86.27 82.13
77.93 70.92 65.9 64.08 64.95
68.84 72.32 74.05 83.18 89.54
92.35 91.08 90.88 90.54 90.95
89.43 91.03 89.35 90.63 93.53
92.2 89.8 91.99 92.47 88.84
88.78 89.94 89.26 85.18 83.54
85.56 86.58 86.56 90.9 85.94
89 89.6 88.08 90.56 88.64
85.9 87.09 81.88 77 70.62
71.88 77.08 84.83 84.8 88.48
87.14 91.02 91.8 90.98 92.14
92.28 93.39 93.07 93.55 95.92
96.19 95.03 96.01 95.46 95.41
94.13 94.33 93.42 92.1 92
87.88 86.79 90.09 88.15 87.02
90.09 86.89 90.29 91.6 90.49
89.72 92.75 92.59 87.36 79.78
67.85 60.4 55.23 57 56.76
67.3 76.38 66.62 50.44 45.79
38.46 34.49 34.08 30.12 38.83
34.81 38.91 39.39 42.89 45.34
49.38 50.35 53.6 49.18 50.94
55.69 54.21 51.2 54.39 59.71
55.32 44.72 47.23 57.06 58
60.59 65.76 73.31 72.32 70.92
74.62 74.63 74.19 71.2 73.7
72.47 62.54 52.93 45.78 51.5
48.64 38.56 42.57 36.38 34.39
37.19 33.22 32.57 35.15 40.12
39.34 41.73 37.75 36.17 40.22
41.8 39.38 38.16 37.37 46.7
51.16 52.07 52.47 65.03 67.25
80.13 83.47 82.84 85.23 87.63
86.44 83.66 76.4 64.77 57.66
50.89 47.34 44.82 39.06 41.36
37.74 38.85 37.83 39.08 40.01
38.13 41.68 46.43 48.61 50.97
62.05 72.72 80.1 84.5 89.42
90.26 88.58 89.05 89.24 87.98
86.58 88.19 88.67 87.68 85.99
88.47 88.33 85.51 85.91 87.75
87.91 90.55 88.44 87.52 87.08
88.4 87.2 84.04 81.95 84.64
86.61 81.51 82.32 85.9 87.93
85.29 86.76 88.25 88.17 84.3
87.74 88.18 86.75 86.51 85.69
87.06 86.25 84.14 81.6 84.03
83.03 79.17 78.06 83.12 82.87
85.94 84.79 81.17 86.01 87.72
82.59 81.61 86.86 85.69 79.51
79.34 85.14 78.1 69.06 71.27
74.31 62.06 53.32 41.55 46.91
44.97 56.17 60.94 65.46 71.72
75.75 79.49 81.25 83.64 85.48
83.82 88.38 90.33 89.59 90.02
92.85 91.01 88.98 90.2 89.61
87.9 85.82 84.15 83.48 83.68
83.74 81.22 84.33 86.23 84.44
85.9 87.18 88.27 88.88 89.03
90.11 92.19 90.67 91.75 92.61
92.79 92.22 93.02 94.13 93.15
93.27 93.74 93.36 92.86 92.5
92.72 94.54 95.35 94.56 95.48
95.03 94.99 95.79 94.85 94.67
94.81 94.21 92.89 92.6 92.11
90.51 89.31 87.15 87.94 82.96
78.35 81.34 72.39 60.79 53.81
43.51 41.92 36.91 40.09 37.99
31.33 32.03 27.69 23.56 25.3
29.36
