28.62 33.24 35.42 31.05 36.36
33.02 43.7 32.7 32.15 32.42
29.66 33.71 45.7 52.62 56.15
58.18 56.38 62.45 60.11 62.12
64.57 59.93 63.02 64.61 62.3
55.15 46.15 50.37 43.1 42.21
38.82 36.33 41.46 36.43 41.94
49.95 50.15 54.29 65.07 62.91
72.96 69.84 68.82 72.89 68.1
61.48 51.21 47.39 50.09 55.25
55.24 57.76 55.32 56.56 55.18
67 57.56 52.19 54.13 48.11
51.04 52.55 46.47 46.12 42.26
45.21 45.1 46.43 49.6 43.55
43.96 44.99 45.54 45.97 43.48
44.84 51.29 45.57 51.5 48.41
47.62 45.09 50.06 47.54 48.08
51.29 37.54 52.05 45.11 56.54
58.99 46.16 49.3 47.79 39.58
52.42 40.09 40.58 39.95 46.75
48.69 40.34 40.52 39.07 36.45
37.36 36.08 32.69 40.05 36.45
33.15 38.39 36.37 33.18 38.74
35 36.83 36.99 51.2 41.67
38 46.19 38.05 43.54 35.68
41.72 43.71 41.98 42.6 43.98
36.06 42.58 42.98 32.34 45.82
40.19 42.93 45.77 39.41 44.9
53.64 61.16 63.88 68.32 70.03
66.87 52.81 60.05 66.15 53.37
52.18 56.71 50.37 54.59 49.53
52.65 47.96 49.48 54.04 45.54
57.84 54.98 52.83 53.53 45.28
50.69 53.12 47.04 69.27 62.24
57.11 56.27 49.96 51.16 53.06
52.82 50.22 49.93 55.11 56.02
57.37 57.62 48.22 47.49 54.98
49.77 61.42 65.97 68.92 61.73
65.91 60.56 54.93 48.04 47.44
49.2 43.14 50.94 46.81 44.78
48.28 47.04 46.36 45.93 50.81
55.86 55.45 52.35 51.7 51.34
59.36 60.73 44.52 52.19 49.68
47.93 47.43 47.58 59.26 53.9
47.87 52.74 58.14 55.52 54.88
54.97 52.22 58.45 55.84 56.73
58.44 61.01 58.52 58.37 51.65
56.96 53.92 58.34 41.98 60.85
58.37 62.43 62.2 72.68 71.4
78.53 79.26 82.55 85.52 81.76
80.5 82.03 80.5 78.36 81.23
83.76 84.75 83.61 84.98 81.8
83.4 81.61 80.94 84.48 80.99
79.18 81.96 80.29 77.24 76.81
78.12 72.66
