83.22 90.89 93.85 93.57 93.8
94.85 95.45 96.08 96.36 96.44
96.84 97.3 96.22 97.69 98.1
96.11 96.16 97.89 96.93 94.9
96.98 97.37 97.01 97.62 97.38
98.15 98.32 98.49 97.89 97.94
98.12 98.23 97.4 95.15 94.1
94.66 92.71 93.52 94.72 95.85
95.64 95.89 96.91 96.88 97.98
97.67 98.42 98.62 98.35 98.33
98.58 98.72 98.29 97.93 98.33
97.2 96.74 97.81 96.43 93.59
96.29 97.92 96.79 95.48 97.69
97.77 97.77 97.27 96.38 97.73
96.91 96.91 96.45 96.66 97.29
96.3 96.66 96.46 95.91 95.49
95.14 93.89 93.93 93.46 92
89.95 79.84 65.24 55.7 60.05
52.4 53.39 50.04 34.79 37.79
42.35 38.64 43.22 40.9 52.43
39.54 48.88 54.93
