56.69 71.84 90.09 93.69 93.91
95.66 95.2 94.05 92.65 93.59
92.87 93.41 89.34 85.64 80.58
80.49 82.73 87.95 93.91 93.2
94.69 94.09 93.94 93.65 90.34
93.81 94.93 94.65 95.75 93.36
92.16 89.79 86.5 78.55 82.37
75.92 79.55 87.41 92.68 92.98
94.04 93.31 95.38 92.86 89.46
88.34 88.94 91.22 93.41 93.86
94.18 93.61 93.56 92.81 92.29
94.29 93.85 94.49 91.88 88.92
83.77 58.8 47.95 34.4 37.28
32.37 30.84 33.13 28.33 29.03
27.18 28.49 32.2 34.64 33.69
42.67 41.52 43.55 44.41 46.93
44.41 44.01 43.49 47.35 43.37
41.02 40.84 37.06 37.52 40.26
40.37 36.89 39.77 38.18 37.64
37.21 35.45 36.28 32.99 30.78
28.39 31.17 36.1 33.8 38.93
44.37 46.74 47.57 44.12 40.7
41.31 31.47 30.95 28.54 32.7
27.97 31.82 26.48 31.88 26.72
27.35 29.66 32.43 29.73 33.53
31.61 34.56 30.79 38.01 29.66
35.01 31.45 34.71 33.96 29.67
33.16 29.87 34.18 35 33.89
37.42 33.41 29.02 34.52 27.35
31.64 30.43 30.57 27.84 29.67
34.39 26.68 29.59 28.45 27.51
28.52 29 27.02 37.83 30.65
30.55 35.87 39.98 37.94 40.66
44.83 39.4 36.26 45.15 40.59
39.2 37.69 30.83 36.53 31.52
36.03 34.83 37.29 36.25 34.51
37.12 34.35 38.43 35.04 35.69
32.58 35.12 29.73 36.49 34.07
32.47 33.19 30.52 35.55 30.17
34.31 32.98 29.37 32.74 38.41
35.44 41.57 42.95 36.57 41.73
39.13 39.71 42.04 31.37 35.53
40.15 37.93 46.48 52.41 67.11
81.94 82.78 87.16 92.31 92.27
88.87 86.33 78.36 75.63 77.29
74.31 74.66 76.33 79.73 83.04
93.1 96.71 97.36 98.51 98.16
97.62 95.4 95.18 94.52 96.32
98.19 98.28 98.37 97.67 96.3
93.68 91.39 90.21 89.94 94.02
95.85 97.34 98.03 97.57 95.13
90.95 91.81 91.3 89.4 86.31
85.71 80.19 77.8 74.13 74.6
80.02 83.17 88.06 91.32 93.16
94.99 97.03 97.5 97.98 97.85
97.05 95.65 92.01 91.81 91.49
94.34 95.85 96.26 95.98 96.33
94.34 94.5 93.99 96.7 97.8
96.91 97.89 98.32 98.08 97.32
97.95 98.18 97.03 96.57 96.59
97.72 97.05 96.52 97.48 98.49
98.19 97.84 90.32 90.42 93.77
88.95 80.61 82.53 78.2 72.19
76.94 79.57 82.71 85.74 88.87
89.07 86.01 88.23 90.42 90.88
88.34 92.56 93.98 92.84 94.62
96.94 97.43 95.59 97.83 97.89
97.12 97.62 97.94 97.58 96.67
98.32 97.56 97.92 97.86 96.72
95.11 95.74 95.7 96.99 97.44
96 95.97 97.68 97.4 95.16
95.7 93.73 93.86 92.62 95.78
96.4 96.26 96.34 97.02 96.43
97.3 97.06 96.15 96.01 96.73
95.19 92.32 90.43 91.74 92.37
93.09 95.03 94.84 95.39 96.52
94.97 96.12 97.19 96.17 97.35
96.24 95.95 96.57 96.2 95.67
94.19 95.15 95.87 96.06 97.21
97.52 97.81 97.1 97.62 98.06
97.92 98.15 98.13 98.48 98.61
98.46 98.41 98.63 98.62 98.43
98.51 98.63 98.59 98.47 98.65
98.45 98.43 98.51 98.6 98.42
97.17 98.32 98.36 98.13 97.9
98.32 98.17 97.35 96.52 98.11
98.25 98.46 98.29 98.5 98.6
98.39 98.5 98.68 98.61 98.51
98.76 98.61 98.49 98.43 98.28
97.69 97.52 97.96 97.19 96.05
96.51 95.44 92.6 94.47 91.13
92.19 93.51 94.68 95.35 96.56
96.46 96.88 97.96 98.24 98.33
98.2 98.6 98.56 98.58 98.68
98.72 98.52 98.41 98.69 98.52
98.23 98.14 98.4 98.18 97.48
98.11 98.01 95.65 96.51 97.77
97.76 96.12 96.31 97.99 96.8
95.02 96.92 97.52 95.54 95.95
97.94 96.99 95.6 97.61 98.03
96.48 97.54 97.87 97.34 95.65
97.33 97.44 96.68 96.04 97.21
96.91 95.73 96.49 96.72 95.91
94.21 95.42 95.51 94.48 93.62
92.85 95.23 93.32 95.09 96.1
95.96 92.75 93.22 92.97 93.94
93.67 93.52 93.32 93.56 93.3
93.96 94.96 94.55 95.33 96.03
97.13 97.92 97.84 98.17 98.31
98.61 98.59 98.55 98.44 98.68
98.67 98.46 98.28 98.36 98.49
98.33 97.37 97.63 98.35 98.38
97.9 98.12 98.62 98.37 98.09
98.21 98.54 98.49 98.06 98.6
98.65 98.49 98.47 98.62 98.57
98.47 98.59 98.66 98.61 98.49
98.57 98.64 98.54 98.36 98.62
98.39 98.02 97.99 98.11 97.45
96.48 97.4 90.72 91.91 84.36
