40.65 42.26 44.27 46.61 49.48
49.59 47.93 52.8 51.18 46.54
58.44 66.16 81.19 96.48 97.28
97.38 98 97.81 96.92 97.15
98.14 97.38 97.17 97.3 97.72
96.79 96.8 98.49 98.78 98.77
98.74 98.39 98.26 98.08 98.15
98.41 97.84 97.17 95.97 96.17
95.22 95.01 94.34 95.81 96.77
97.72 97.79 98.26 98.2 98.2
97.75 97.85 97.86 97.91 98.25
98.45 98.66 98.71 98.44 98.61
98.62 98.17 98.62 98.61 98.27
98.47 98.78 98.87 98.84 98.82
98.73 98.43 97.81 94.28 96.11
98.07 98.78 98.78 98.91 98.78
98.83 98.55 97.92 97.76 97.74
97.67 96.44 95.2 96.63 95.8
96.27 97.53 98.43 98.41 98.47
98.54 98.65 98.8 98.8 98.7
98.77 98.82 98.79 98.64 98.64
98.77 98.7 98.41 98.48 98.4
97.57 98.38 97.03 98.24 98.57
98.67 98.66 97.71 97.11 96.35
93.21 90 90.83 90.42 93.38
93.8 96.97 97.63 97.45 96.38
97.55 97.89 97.42 96.85 97.55
98.08 96.76 96.75 97.93 97.29
94.83 92.44 95.92 94.92 97.37
97.07 98.37 98.34 98.36 98.19
95.73 90.99
