38.52 39.44 45.49 46.04 43.83
48.61 51.86 52.28 60.37 75.74
82.9 90.93 93.86 94.97 94.32
94.62 96.51 96.57 95.68 96.41
97.05 97.8 97.78 97.54 97.4
97.31 97.55 97.28 96.08 94.54
94.91 95.28 92.32 92.94 92.4
92.65 91.46 91.6 91.46 90.85
89.67 89.27 92.51 94.55 94.2
95.15 96.21 96.84 96.14 97.42
97.97 97.34 97.75 97.95 98
98.07 97.76 97.59 97.12 96.21
95.83 95.64 93.99 92.3 91.64
83.73 71.61 75.78 76.03 85.57
90.64 91.91 91.95 93.78 95.71
95.39 94.06 93.04 95.89 97.28
97.16 97.6 98.23 98.12 98.01
98.46 98.48 97.87 98.31 98.08
98.43 97.62 98.16 98.45 98.57
98.2 96.96 97.2 97.02 95.13
94.19 93.88 96.12 96.34 96.76
96.56 95.68 95.26 94.93 93.63
91.39 92.85 95.2 96.34 97.27
97.75 97.1 97.18 98.12 98.1
96.94 98.05 97.93 98.28 97.85
98.09 98.64 98.43 98.36 97.97
98.45 97.76 97.3 97.85 96.7
97.54 96.75 96.52 94.65 84.19
84.06 83.44 86.55 89.41 90.15
90.65 94.7 92.83 96.85 97.93
97.99 97.71 98.36 98.58 98.45
98.32 98.31 98.43 98.49 98.49
98.69 98.72 98.67 98.49 98.47
98.42 97.95 97.92 97.19 97.69
97.7 97.7 97.86 96.92 96.83
96.09 96.03 96.74 97.13 98.06
98.39 98.53 98.81 98.72 98.58
98.82 98.86 98.68 98.73 98.66
98.81 98.78 98.78 98.86 98.76
98.85 98.8 98.81 98.72 98.46
98.4 98.24 98.59 98.67 98.66
98.65 98.36 98.28 97.97 97.65
96.64 97.91 98.32 98.71 98.83
98.89 98.75 98.68 98.87 98.84
98.63 98.64 98.65 98.8 98.81
98.81 98.89 98.91 98.83 98.83
98.9 98.8 98.51 98.6 98.27
98.73 98.53 98.34 97.53 97.56
95.74 96.62 94.58 91.8 90.71
90.46 91.55 94.65 97.97 98.58
98.52 98.1 98.24 98.66 98.23
96.82 98 97.91 98.66 98.58
98.61 98.87 98.41 98.41 98.58
98.62 98.15 97.55 97.73 97.31
94.96 94.62 92.38 89.8 89.36
86.8 84.01 83.74 82.57 89.23
92.96 96.23 97.06 96.54 94.75
94.99 95.76 94.26 91.9 92.53
92.97 94.88 95.49 97.29 98.14
97.55 97.87 98.32 98.39 97.82
97.73 97.46 95.81 96.8 95.07
95.02 92.29 91.98 88.1 87.14
83.79 81.5 82.65 80.62 84.84
85.48 86.24 89.79 92.54 91.16
87.88 89.01 88.59 80.35 74.65
59.27 60.92 56.3 60.98 69.18
81.36 89.02 92.35 90.97 90.9
94.55 94.62 92.54 93.77 96
93.16 93.28 90.65 90.04 88.17
89.38 89.58 90.99 92.18 91.75
89.67 90.88 92.75 91.16 89.12
90.65 89.33 90.04 87.39 87.85
91.46 88.55 86.76 89.48 88.98
83.77 82 80.26 84.47 83.46
83.2 77.09 81.73 87.68 87.78
87.92 91.23 91.23 90.95 94.22
94.63 94.65 94.62 96.18 96.14
94.92 95.09 94.15 93.27 93.93
94.38 94 91.84 93.99 95.18
93.78 91.16 92.89 92.4 89.29
87.38 86.96 89.76 88.44 91.88
89.34 88.64 91.84 92.39 92.31
93.02 93.45 95.05 94.39 92.68
94.02 95.12 94.29 93.09 92.69
94.34 94.59 93.19 94 93.78
92.78 91.75 92.31 91.41 89.11
86.94 84.52 85.26 87.96 90.54
92.14 92.75 92.21 91.33 92.57
93.04 92.49 91.29 92.2 92
90.6 89.79 86.63 88.66 87.66
89.61 88.67 89.09 88.75 86.78
85.14 85.17 84.08 74.06 79.81
83.44 87.06 88.33 89.01 88.72
89.91 92.21 89.59 87.79 88.34
89.42 84.32 84.94 81.19 76.59
70.51 71.46 77.19 76.18 68.72
72.29 73.79 76.88 82.13 83.34
81.43 85.23 84.94 87.01 86.24
88.02 85.12 86.55 88.21 87.27
87.1 89.45 88.83 87.75 91.28
88.12 89.29 90.89 91.84 90.93
90.24 90.19 89.17 85.27 72.8
64.69 66.19 52.29 40.33 44.42
35.75 40.08 33.49
