29.71 37.47 40.67 32.25 46.22
39.96 40.58 48.32 50.71 47.08
54.9 52.15 49.42 54.64 52.99
51.73 59.34 61.97 64.07 67.25
73.75 67.03 61.46 59.52 58.06
56.86 56.64 53.66 58.31 57.65
51.58 54 45.72 46.85 44.66
44.43 41.25 45.52 42.54 39.22
41.89 45.23 45.64 43.03 42.79
41.57 45.06 43.39 49.07 46.36
52.64 51.27 51.7 51.1 49.78
45.61 41.2 40.88 37.77 34.59
35.85 35.87 38.03 34.97 35.23
32.89 33.1 29.64 31.91 29.96
32.51 33.84 34.85 32.17 32.74
33.05 33.41 33.15 40.73 33.66
30.04 35.24 30.27 32.76 32.55
32.45 35.06 34.25 31.63 34.81
29.77 32.27 31.31 29.8 31.32
34 28.94 34.09 32.56 33.66
31.59 33.3 32.06 32.23 32.94
34.57 33.17 31.3 31.18 30.28
33.57 23.89 38.2 30.96 33.74
32.83 27.19 33.41 29.46 35.86
30.57 35.56 33.34 34.32 36.39
32.9 36.96 40.32 37.28 37.92
32.95 33.14 35.27 28.99 31.19
31.47 34.05 30.9 31.29 31.82
41.17 48.98 54.77 58.91 60.27
71.31 81.75 91.4 93.95 95.51
95.84 95.45 95.42 95.33 95.05
93.51 92.25 90.56 88.81 84.09
74.7 59.36 55.98 54.55 47.6
46.29 40.53 41.49 52.99 63.4
75.04 88.12 89.55 93.1 93.74
92.81 92.95 91.95 82.71 77.66
69.92 81.72 83.99 74.6 77.31
88.16 91.74 93.71 88.35 84.43
88.8 85.93 87.55 85.62 76.26
77.22 68.55 69.13 72.88 73.81
71.41 80.26 81.63 82.69 85.43
86.88 86.81 84.34 82.55 81.66
85.74 84.72 84.3 78.3 77.56
74.97 69.37 57.61 56.62 52.57
45.41 46.61 49.74 57.13 54.25
57.75 63.44 65.04 69.57 73.79
81.52 89.37 92.77 95.11 96.06
96.53 94.58 94.41 95.36 93.86
91.52 90.21 86.95 86.61 87.23
89.29 89.65 88.26 85.47 89.56
91.41 93.83 93.4 92.2 92.98
93.92 92.35 92.15 91.91 91.48
89.78 86.74 88.41 89.66 90.7
93.06 95.07 96.36 97.04 95.73
