37.06 37.51 42.47 39.05 37.13
38.44 32.85 38.05 31.96 35.81
32.98 35.11 34.99 33.58 36.7
35.6 38.81 33.33 36.27 37.55
30.13 30.34 31.06 31.71 34.31
40.81 48.16 48.09 52.46 58.61
62.41 62.79 68.4 72.79 76.58
80.37 78.16 81.38 79.67 82.49
86.11 90.22 93.82 94.61 93.7
94.44 95.72 95.52 94.82 94.01
93.8 92.07 90.66 93.13 91.85
90 90.94 91.26 90.67 87.86
86.56 90.99 93.88 94.29 91.19
92.84 93.84 95.07 95.14 95.8
97.38 97.91 97.71 98.01 98.08
98.08 97.51 97.25 96.51 95.75
93.35 93.54 95.57 96.52 97.55
97.85 97.6 98.19 98.19 97.97
98.37 98.47 98.42 98.51 98.55
98.58 98.45 98.51 98.39 98.31
98.2 97.78 97.44 98.25 98.01
97.83 98.17 97.89 97.96 97.84
97.04 96.87 95.82 96.17 96.57
96.65 97.52 97.84 97.98 98.27
98.26 98.31 98.53 98.53 98.54
98.57 98.4 98.45 98.54 98.06
98.27 98.37 97.72 97.05 97.84
97.28 95.51 96.67 97.46 96.66
95.52 95.32 95.03 94.3 94.19
94.45 95.02 95.09 96.21 96.61
95.3 96.32 97.11 97.39 96.85
97.19 98.03 97.94 97.68 98.06
98.35 98.18 98.44 98.56 98.41
97.83 98.38 98.21 97.49 98.21
97.96 97.32 97.04 97.06 96.98
97.38 96.53 96.88 97.1 97.29
97.52 98.04 98.32 97.9 98.05
98.17 97.98 97.65 96.26 96.53
97.54 95.75 96.35 97.62 97.24
96.05 97.14 97.6 96.88 96.61
96.78 96.88 94.93 94.39 94.13
93.5 92.9 89.73 89.18 90.25
91.17 91.21 93.22 95.1 95.55
95.7 97.51 97.14 97.02 97.89
98.37 97.75 97.21 97.82 98
97 96.75 96.86 95.53 92.04
91.13 91.9 94.76 95.91 96.06
94.31 95.8 96.14 93.24 89.52
91.62 91.24 93.19 93.72 95.64
95.92 95.47 95.76 94.95 95.6
96.15 95.94 95.77 96.12 96.65
96.44 95.04 95.1 95.88 94.2
93.47 93.78 94.06 93.08 95.16
95.57 95.5 94.06 95.66 95.37
94.15 91.67 93.91 93.74 91.97
90.56 90.95 91.97 95.09 95.66
93.88 93.27 92.58 93.26 94.7
95.58 94.27 94.14 95.81 95.72
94.92 95.94 96.48 96.5 96.18
97.16 97.28 97.21 97.12 98.15
97.88 96.81 97.41 97.54 96.25
94.48 95.32 92.35 94.09 96.06
97.1 98.05 97.22 97.52 97.85
98.38 98.49 98.23 98.59 98.51
98.56 98.59 98.52 98.37 98.56
98.42 98.23 98.3 97.94 97.84
97.94 97.61 97.2 97.55 97.1
96.74 96.52 95.9 95.87 95.88
94.95 94.63 93.65 92.95 89.66
85.85 90.04 93.52 95.33 95.75
96.7 96.84 96.21 96.68 95.94
95.56 96.51 95.99 95.46 95.71
95.86 93.63 93.46 91.23 91.1
90.13 93.38 95.31 96.39 96.92
97.17 97.6 98.04 98.18 98.03
98.27 98.29 98.08 97.79 98.12
97.61 96.89 96.68 97.25 96.19
95.7 96.32 96.08 95.09 95.31
95.57 96.08 94.92 95.25 95.72
95.17 94.56 94.88 94.04 93.57
93.39 93.61 93.99 95.79 92.11
87.6 78.08 64.8 57.05 45.34
41.82 41.23 38.78 38.37 41.76
42.39
