41.92 43.48 35.94 38.76 41.63
38.92 45.18 39.74 43.25 44.81
39.67 40.96 37.14 43.48 38.06
42.63 41.52 34.94 38.93 43.01
37.9 41.06 38.43 41.71 41.32
40.67 41.85 39.69 41.33 46.23
38.14 45.93 42.35 42.25 38.5
41.04 40.12 37.63 38.52 38.97
40.53 38.92 36.16 48.36 39.79
40.04 41.31 47.94 46.65 52.69
47.3 41.81 41.46 43.85 40.89
46.06 43.7 36.19 43.59 41.87
40.64 40.92 43.65 39.79 39.99
35.41 44.15 36.34 45.37 42.37
39.79 41.57 35.36 36.49 34.82
42.71 36.9 40.02 32.76 40.77
39.75 39.67 36.85 41.81 39.32
36.39 41.65 39.59 44.98 45.75
43.8 43.2 45.85 33.77 39.67
30.93 43.28 40.53 34.81 35.33
40.99 34.2 48.7 34.05 36.12
40.86 37.23 40.87 40.26 39.02
40.12 39.21 37.73 37.21 41.05
37.09 35.34 37.4 39.6 39.92
36.88 35.09 38.28 39.99 40.35
35.55 43.96 39.66 36.51 38.88
38.78 32.33 32.78 32.63 33.98
37.96 37.19 38.15 39.44 36.68
34.92 51.98 35.4 43.47 41.32
38.89 40.22 44.71 48.59 44.79
36.7 41 37 46.68 37.86
36.68 37.43 32.14 44.11 36.14
40.76 40.95 41.57 40.25 42.63
48.09 45.07 43.19 39.83 39.07
41.33 43.41 34.76 47.95 39.44
41.34 44.41 41.43 40.34 42.91
45.33 42.52 37.57 39.78 34.26
34.23 40.45 26.69 35.44 29.69
33.92 34.6 38.09 35.44 42.03
38.87 44.28 32.29 37.43 40.02
32.14 46.09 33.96 40.43 38.01
34.59 40.08 35.73 30.92 35.04
31.34 39.8 29.7 36.19 33.41
34.51 36.15 37.21 37.71 38.14
36.65 37.55 38.59 38.67 40.23
35.08 41.53 37.18 45.14 38.85
40.6 59.07 53.12 67.14 68.78
70.75 73.03 67.25 62.11 47.58
51.6 48.44 41.53 37.95 39.48
47.77 45.44 35.13 39.37 46.06
60.29 52.58 41.65 47.65 47.89
42.04 41.59 42.14 40.49 35.94
43.95 47.06 44.88 42.61 38.21
47 37.41 45.9 34.48 44.43
37.66 41.57 38.89 35.28 31.24
37.63 37.06 34 36.65 39.85
34.27 34.64 33.16 33.93 33.56
34.67 30.67 39.39 32.53 40.91
44.08 42.42 45.34 38.38 42.53
31.88 43.6 37.43 39.25 42.95
54.31 57.87 70.74 72.47 77.86
78.12 76.64 73.03 77.83 80.02
77.06 75.46 71.69 65.68 59.16
56.79 44.94 36.66 42.53 46.74
43.1 45.42 33.79 34.44 38.88
32.72 36.34 35.89 41.85 38.49
38.37 34.84 38.25 35.81 31.16
28.91 36.57 33.41 32 37.07
31.97 37.33 34.61 36.07 36.02
37.24 37.35 33.54 37.58 35.13
32.77 40.67 40.19 41.51 43.49
42.07 30.94 31.78 36.7
