34.37 36.65 42.54 38.71 42.74
39.56 42.19 42.9 41.25 38.05
38.92 37.61 35.35 34.68 33.92
35.05 31.71 32.47 32.54 29.41
30.16 28.71 27.3 28.57 32.35
32.96 31.36 30.45 29.19 28.52
27.87 27.74 30.45 29.47 30.9
29.12 29.2 29.82 29.22 28.74
28.97 28.89 27.14 31.04 28.35
29.97 32.61 32.82 30.55 35.96
33.8 32.71 38.67 44.23 50.51
56.52 64.86 79.78 82.35 83.37
83.92 80.18 88.08 82.95 85.59
83.28 86.8 87.69 90.09 83.45
90.46 87.04 87.32 85.62 86.81
88.01 78.27 84.36 78.6 82.26
78.28 75.97 70.04 65.1 66.96
62.76 48.3 62.82 63.03 59.94
58.37 56.04 56.72 62.92 64.87
68.09 72.21 76.2 77.79 80.01
80.29 88.56 83.71 89.48 83.56
90.86 89.35 91.38 82.96 86.78
87.41 85.94 80.29 85.7 76.61
85.43 84.02 85.23 83.79 86.15
82.44 81.84 78.33 81.51 76.96
78.66 76.9 77.18 81.74 76.31
71.92 67.04 60.94 49.9 47.2
40.97 38.6 33.4 34.07 29.61
31.02 26.16 26.76 28.76 27.81
27.56 25.9 28.76 23.1 35.16
26.92 28.28 30.58 27 30.37
25.76 27.24 28.34 25.26 27.86
25.09 29.74 27.87 28.45 28.57
27.41 30.76 32.02 32.25 36.09
38.47 45.11 55.86 51.9 62.97
64.33 66.42 74.55 76.67 79.68
77.14 84.42 83.87 86.74 87.53
88.92 86.69 84.53 88.55 87.74
88.44 82.18 85.53 85.09 76.71
82.86 81.52 79.57 72.11 77.65
77.17 74.15 66.99 73.26 72.52
70.36 71.55 71.17 70.97 69.14
65.54 62.14 57.8 61.51 49.03
56.15 46.56 44.86 36.33 33.55
30.06 32.04 29.74 33.9 32.34
31.71 37.44 34.18 35.72 40.66
48.66 53.67 53.47 55.94 63.46
67.99 72.7 78.12 83.67 79.97
81.87 86.65 89.09 84.36 86.11
89.25 81.22 87.07 83.34 84.19
81.28 82.57 74.79 69.61 70.47
68.75 63.93 55.06 51.37 57.88
53.03 52.99 47.99 42.71 37.17
29.76 29.99 30.85 29.01 33.4
32.72 26.72 26.55 31.36 26.16
31.99 32.79 30.53 36.69 33.59
37.51 43 47.75 48.74 52.27
61.91 59.09 66.97 74.47 74.68
75.27 83.53 83.33 83.57 85.9
89.11 87.6 88.37 90.66 90.14
83.3 90.22 89.56 90.43 86.24
89.95 88.99 90.32 89.58 86.14
91.26 89.03 92.25 92.82 91.42
92.65 93.11 94.27 91.7 93.09
94.08 93.17 89.52 93.61 93.32
86.4 92.19 92.98 91.48 89.18
90.18 90.42 86.68 83.6 85.73
78.19 72.06 69.82 70.46 61.42
53.02 54.6 51.53 45.53 45.84
34.54 32.04 26.67 33.96 33.37
30.45 30.7 35.72 35.96 45.6
50.05 54.78 54.43 61.21 68.18
61.11 63.49 67.71 73.01 63.95
68.7 69.16 69.45 66.36 70.33
71.95 62.95 65.47 61.55 61.01
56.64 54.64 55.46 46.96 48.23
45.25 39.69 36.83 35.61 35.21
33.67 31.14 28.13 25.86 28.83
30.65 26.53 28.99 25.69 26.38
26.09 30.17 29.68 26.95 27.65
30.34 44.22 36.48 38.53 45.9
41.4 47.18 54.93 52.79 48.98
56.07 51.16 45.86 50.99 41.51
39.76 37.7 33.69 31.7 31.97
27.42 29.26 25.36 26.19 22.83
25.97 21.67 25.17 26.5 25.12
29.79 31.61 30.31 31.45 35.71
41.36 46.13 36.78 45.06 46.04
47.24 43.83 44.77 57.77 53.68
48.72 60.06 60.51 52.75 62.59
65.36 60.19 55.9 64.52 67.51
63.6 60.03 70.44 65.65 64.54
68.07 73.46 69.04 68.56 77.2
72.82 66.87 70.17 74.39 68.01
66.78 67.73 66.07 61.25 55.77
61.97 58.97 52.79 53.94 52.79
47.62 49.89 48.04 41.63 42.79
41.65 45.37 49.03 48.42 49.22
58.32 56.59 63.77 69.22 73.22
72.67 78.14 76.65 77.07 77.01
87.07 78.53 78.94 88.45 83.83
83.06 75.19 82.75 76.6 81.31
73.44 77.92 75.43 74.36 79.32
74.93 74.11 72.03 74.89 72.49
66.8 72.3 72.5 65.17 69.49
75.08 70.5 68.42 78.13 78.23
68.63 68.4 78.63 79.05 66.53
74.18 75.09 71.88 67.37 72.7
73.38 57.73 63.29 67.59 60.82
58.49 55.01 57.98 54.03 52.13
50.56 52.74 52.54 55.3 58.15
52.46 58.45 62.15 65.54 61.64
61.05 70.04 63.82 61.61 65.27
67.87 59.1 63.08 65.58 55.08
54.65 58.16 57.15 50.03 56.79
53.64 49.26 43.23 44.19 43.43
39.43 41.98 49.39 49.6 48.34
50.84 56.44 53.4 53.17 57.26
57.16 53.52 57.33 64.02 53.27
57.92 54.05 54.11 52.56 46.26
47.37 40.24 37.08 28.87 34.51
27.89 28.04 34.75 32.84 26.06
30.08 33.26 33.1 28.17 27.28
30.44 25.73 33.09 23.63 26.77
30.81 27.57 29.3 28.13 32.31
26.66 26.12 27.78 27.27 28.57
31.08 31.53 29.33 32.91 38.98
45.49 48.72 53.45 51 51.2
60.68 59.74 59.91 62.77 67.17
69.29 70.87 71.48 73.38 77.81
76.17 73.05 79.49 78.94 77.83
83.43 80.25 85.79 82.63 86.35
88.36 87.27 85.77 85.61 90.75
85.51 85.43 92.06 86.37 88.24
83.54 88 85.97 89.89 89.18
88.82 90.68 91.71 91.96 92.08
91.9 92.86 93.39 95.17 92.87
92.56 92.85 93.62 92.68 92.75
94.86 92.79 91.69 92.45 92.05
90.18 89.17 91.42 85.97 87.87
85.36 83.26 73.66 77.04 74.08
67.76 63.19 65.44 57.12 53.62
49.06 50.15 43.46 40.38 40.96
37.18 36.33 34.41 38.34 33.52
42.53 49.03 47.18 52.21 58.24
62.3 57.25 67.45 68.91 67.47
66.96 74.66 74.18 68.67 77.73
77.12 74.37 76.35 80.25 73.62
75.78 78.07 80.33 74.53 73.85
80.73 74.9 75.7 79.45 84.08
82.04 77.87 86.22 83.84 86.89
81.94 87.01 87.3 84.91 85.51
81.94 84.37 83.4 86.53 76.72
85.12 84.88 84.73 78.9 83.94
84.36 77.84 81.74 82.02 78.78
76.55 76.58 78.05 73.14 73.09
66.56 67.04 60.38 61.79 67.18
69.56 71.32 72.64 77.4 76.33
79.33 81.71 81.93 86.53 82.66
87.82 82.7 82 83.87 79.19
77.31 77.38 76.66 67.78 61.74
65.68 54.77 52.46 49.09 54.26
53.65 46.84 42.68 44.42 51.23
40.73 40.95 46.63 39.09 38.9
47.56 41.59 34.63 44.76 45.12
40.15 35.9 45.09 43.46 42.16
45.46 37.22 57.89 51.45 44.07
57.7 58.43 51.45 58.02 60.05
60 60.13 62.38 54.57 57.36
66.53 60.26 68.22 75.05 65.1
69.43 78.85 67.96 66.5 78.7
69.45 65.8 75.13 61.56 72.36
70.13 49.52 59.41 56.77 49.52
59.43 60.9 63.36 69.31 76.29
88.55 91.39 93.89 93.44 91.86
90.34 87.65 79.63 79.5 74.32
75.67 74.29 80.79 82.84 87.29
87.02 87.91 86.57 89.15 85.42
89.17 88.96 88.12 91.23 90.38
87.39 82.32 87.48 90.38 93.18
91.69 87.96 88.57 88.5 88.47
92.39 93.56 92.57 90.08 87.38
87.42 87.29 90.05 91.3 93.34
94.87 94.88 94.26 91.87 91.34
88.64 86.41 80.95 77.48 72.98
70.5 75.63 77.55 83.88 86.73
89.52 91.91 92.75 91.77 92.3
87.62 83.36 87.4 86.48 88.78
90.05 89.18 87.04 84.33 75.73
68.59 66.87 63.61 61.08 58.95
58.93 53.67 49.75 54.04 50.49
47.58 47.17 50.12 45.6 46.04
48.86 50.03 53.1 53.3 46.28
56.01 69.12 80.83 84.42 90.84
92.12 94.6 93.29 93.41 90.06
91.67 90.21 89.35 87.4 88.11
92.68 92.47 94.21 91.69 92.64
90.93 89.29 87.64 82.19 79.34
79.68 80.75 73.47 69.18 66.07
63.21 70.64 67.93 74.89 87.51
91.86 93.39 94.26 93.34 93.31
90.65 88.41 85.21 78.47 68.79
63.83 58.08 55.75 54.42 51.81
42.89
