42.74 32.49 37.54 34.05 42.07
34.14 35.97 37.55 32.7 35.49
34.21 34.91 32.42 29.23 33.57
32.96 33.44 32.18 34.6 38.62
35.75 36.66 37.82 30.3 32.85
30.69 42.39 35.7 33.85 39.28
33.74 31.8 37.73 36.94 48.79
54.15 42.83 35.95 34.42 34.01
35.42 33.01 36.5 36.08 36.09
33.86 36.4 30 34.95 36.35
29.95 35.02 35.06 34.19 35.04
31.37 36.74 32.56 35.49 36.91
32.17 37.18 36.69 38.88 37.21
40.87 34.5 40.66 36.73 38.34
35.61 32.67 32.17 33.12 39.97
37.41 47.01 56.38 69.13 76.78
86.33 89.78 94.57 95 96.21
95.97 97.18 98.08 98.48 98.64
98.8 98.74 98.36 96.93 95.26
94 95.46 93.59 93.79 95.57
92.15 83.05 77.23 71.77 66.48
62.27 61.49 69.27 76.12 91.99
95.48 97.46 97.06 95.46 97.08
97.92 97.08 96.86 98.27 98.24
97.58 97.67 97.11 96.13 96.79
97.34 96.08 95.79 95.67 95.17
93.14 91.81 94.08 95.2 94.94
96.2 96.34 96.94 97.75 97.74
97.7 97.13 95.97 94.7 93.72
92.07 93.79 94.11 97.48 98.61
98.67 98.4 97.96 98.38 98.32
98.3 97.9 98.34 97.92 97.66
96.93 93.88 94.62 94.19 95.25
96.51 96.27 97.51 98 98.38
98.51 98.27 98.34 98.36 97.95
97.71 97.76 98.56 98.64 98.58
98.1 97.2 96.37 93.49 92.29
90.79 88.99 89.86 90.21 91.32
93.98 94.74 94.48 93.08 92.64
92.74 93.13 96.84 98.01 98.49
98.7 98.48 98.78 98.42 98.5
98.41 98.65 98.13 98.52 98.71
98.46 98.43 97.07 97.03 96.95
97.65 97.07 96.18 93.67 92.98
95.91 98.08 98.13 98.29 98.21
98.21 98.28 98.62 98.71 98.65
98.65 98.82 98.81 98.7 98.76
98.78 98.64 98.55 98.71 98.5
98.29 98.21 98.14 97.87 98.31
97.86 97.92 98.27 97.05 92.87
91.29 92.85 93.31 93.67 94.04
94.87 94.71 95.36 96.94 97.61
98.06 98.3 98.67 98.16 98.54
98.76 98.82 98.8 98.51 98.35
98.25 98 96.86 93.05 86.31
89.42 94.94 98.14 98.4 98.39
98.65 98.82 98.8 98.74 98.62
97.92 95.93 94.78 97.13 96.09
94.46 96.23 98.14 98.36 98.36
98.44 98.76 98.74 98.58 98.56
98.77 98.69 98.55 98.42 98.56
98.03 97.49 97.21 97 97.07
97.84 96.97 97.18 97.63 97.01
95.88 96.86 97.08 95.26 94.77
93.3 93.96 95.05 95.02 97.47
97.77 97.66 98.24 97.8 96.84
97.39 97.64 98.58 98.71 98.59
97.95 97.65 97.64 96.55 94.69
91.39 87.84 86.77 89.02 86.49
81.39 77.11 73.59 73.58 73.69
66.56 64.15 68.65 72.85 84.23
88.74 90.02 93.88 93.19 94.32
96.62 95.11 97.01 97.92 97.85
97.39 97.9 98.4 97.63 95.59
97.32 98.01 98.19 96.78 96.76
97.44 97.54 96.39 96.72 96.78
96.21 94.77 96.41 96.85 96.32
96.94 97.87 96.95 97.63 98.06
98.05 96.96 97.38 96.67 95.23
94.16 92.73 88.6 83.54 72.6
61.2 52.76 49.57 43.7 35.56
37.06 34.34 29.68 33.85 30.41
36.52 34.66 40.55 39.4 35.86
54.77 46.24 41.33 43.36 42.93
48.02 46.48 42.34 52.05 49.53
56.5 59.96
