31.97 27.29 33.08 35.81 35
32.87 36.01 29.57 30.69 31.63
30.86 28.96 34.55 32.79 30.99
35.46 36.59 32.79 27.73 34.78
35.95 29.91 37.94 38.35 41.3
39.42 30.1 34.6 36.35 41.64
44.33 43.34 47.53 48.15 51.74
65.96 68.71 73.29 74.04 75.74
81.59 80.29 81.91 79.73 76.57
83.12 90.29 93.16 95.76 94.28
95.43 95.34 93.49 90.92 90.12
89.97 87.86 82.04 79.72 73.83
65.11 67.62 67.13 70.05 78.36
79.29 78.89 79.86 83.16 82.45
82.14 82.95 81.88 80.64 83.33
81.27 74.14 71.83 75.3 81.92
85.11 91.15 93.66 95.31 92.79
91.99 95.15 95.06 91.68 92.78
94.28 91.07 92.18 96.1 93.97
92.26 95.5 96.2 93.59 93.67
96.43 94.51 93.21 95.85 97.02
95.59 92.53 93.91 93.95 96.28
96.95 98.07 97.74 97.95 97.79
98.5 98.44 98.12 98.63 98.71
98.48 98.2 98.28 98.48 97.72
96.24 95.56 94.6 93.01 94.96
92.41 93.49 95.46 95.18 92.26
91.97 94.98 94.23 91.27 93.23
96.56 96.29 93.43 95.47 96.9
97.71 98.07 97.21 97.26 97.29
95.39 92.94 91.82 93.5 95.01
96.63 96.9 97.1 96.77 97.34
97.88 97.31 96.73 97.83 96.89
97.2 98.3 98.46 97.5 97.87
98.17 98.04 96.5 96.27 97.4
96.22 95.9 97.19 96.06 96.59
97.13 97.81 98.24 97.22 96.7
97.8 96.94 93.83 85.3 86.57
90.09 92.65 95.42 98.02 97.37
97.88 98.2 98.43 98.54 98.5
98.66 98.77 98.79 98.76 98.83
98.85 98.74 98.68 98.63 98.67
98.55 98.49 98.41 98.41 98.66
98.26 97.94 97.79 97.99 96.54
96.58 94.2 91.53 89.48 84.77
80.05 82.37 73.33 76.98 80.55
83.34 82.04 82.75 76.43 70.55
64.84 61.48 55.5 51.12 45.34
40.56 45.98 42.49 47.08 42.48
41.73 40.42 41.43 34.71 35.15
31.57 33.25 37.22 36.23 33.79
32.12 34.49 34.46 31.16 45.17
42.7 40.24 36.92 46.06 48.7
54.73 60.72 67.54 67.7 76.57
83.15 87.35 89.59 91.6 92.19
93.36 93.16 93.76 94.19 94.45
91.54 92.31 91.42 89.1 89.5
86.45 82.5 81.49 84.28 82.67
84.14 87.61 91.57 91.5 93.72
93.69 93.49 93.55 94.5 94.91
94.84 93.25 92.95 93.87 91.48
89.94 91.19 89.49 86.83 86.75
85.4 79.44 70.24 61.96 60.06
57.18 52.26 53.66 54.76 57.44
55.38 57.25 67.5 70.34 83.79
81.52 88.42 88.04 85.49 85.07
86.88 85.16 87.46 91.53 90.93
91.79 89.6 88.76 84.61 72.13
68.85 59.4 60.73 66.58 73.79
82.85 89.34 93.61 96.53 96.31
96.32 94.85 95.62 97.81 97.23
97.72 96.27 96.21 97.81 97.62
97.77 97.06 98.01 97.76 96.66
97.25 97.56 97.46 96.56 96.01
97.53 97.19 97.98 98.23 98.34
98.36 98.21 97.86 98.37 98.12
98.14 97.88 97.53 97.46 95.92
94.87 93.05 94.61 93.02 92.57
91.81 90.13 92.95 92.77 93.21
93.47 93.57 94.43 94.92 94.66
95.37 96.96 96.96 97.85 98.17
98.45 98.05 98.06 98.04 98.11
96.38 94.7 96.08 95.72 97.38
96.6 96.27 92.75 91.95 94.94
94.46 95.43 93.51 94.07 95.86
91.96 92.74 95.16 95.6 93.2
92.87 93.12 95.6 96.32 95.6
97.14 97.93 96.46 96.06 97.7
97.91 95.45 94.9 96.38 92.92
93.23 95.33 94.46 94.8 94.7
95.14 95.81 94.18 90.93 89.09
86.41 87.88 89.24 92.5 93.58
95.14 94.88 95.89 96.96 97.47
97.36 97.61 98.44 98.54 98.35
98.65 98.29 98.68 98.71 98.43
98.69 98.61 98.56 98.65 98.68
98.63 98.54 98.48 98.57 98.18
98.16 98.18 97.58 96.87 96.77
95.47 90.26
