34.3 31.99 37.04 43.76 41.49
50.98 50.59 62.06 77.55 83.39
87.06 93.2 92.54 95.45 94.76
95.64 93.72 94.47 95.92 95.18
95.39 94.81 91.02 93.66 94.45
95.59 95.73 97.18 97.79 96.62
96.32 94.69 85.89 69.48 57.69
57.51 56.26 62.1 71.46 83.99
92.81 94.38 95.68 95.64 94.71
92.79 90.86 85.31 90.4 93.72
93.18 91.51 91.41 89.06 88.56
85.57 82.21 81.25 75.5 76.88
82.25 85.78 88.15 90.89 90.81
91.77 90.98 91.24 89.67 88.93
89.75 87.56 86.38 90.23 87.2
83.65 85.45 92.36 94.3 96.53
97.46 98.2 97.52 96.61 94.78
93.12 89 86.31 80.61 77.11
75.54 75.92 79.55 85.05 89.28
92.53 94.49 96.24 97.33 98.06
97.09 95.66 91.57 84.23 74.93
73.19 73.41 79.52 86.69 93.09
96.22 96.52 97.63 96.36 95.28
92.03 87.86 80.01 76.37 75.93
76.43 78.41 77.56 75.87 77.47
80.71 78.44 82.05 80.96 79.05
78.38 80.11 77.21 82.51 84.31
89.68 92.12 93.53 96.17 94.94
96.41 96.67 98.16 98.26 98.41
98.61 97.46 97.1 96.01 93.85
94.19 90.35 86.77 84.78 81.91
85.37 88.61 91.71 94.21 95.83
97.76 98.58 98.75 98.61 97.67
96.71 95.77 96.55 97.35 98.52
98.44 98.31 97.24 94.53 91.85
88.21 80.43 81.69 82.85 81.21
87.13 92.42 92.85 95.77 95.77
97.18 97.62 96.01 95.22 96.83
98.04 97.39 97.91 98.12 95.77
94.27 96.33 92.82 97.3 98.08
98.62 98.4 98.55 98.67 98.52
98.01 96.2 94.55 92.32 87.48
86.3 91.05 92.69 95.21 96.54
98.04 98.47 98.64 98.65 98.39
98.52 97.45 97.17 97.84 98.14
98.36 98.37 98.54 98.42 98.01
97.65 95.94 95.2 92.91 93.77
93.64 96.05 97.77 97.41 97.2
97.94 98.27 97.79 97.46 96.87
94.72 91.42 93.59 97.66 98.42
97.89 98.07 98.38 98.27 97.87
96.24 92.92 86.74 76.49 61.47
52.49 46.15 39.06 38.31 46.08
41.89 37.77 41.78 50.3 54.67
64.84 86.02 95 96.74 98.21
98.57 98.47 98.04 96.22 96.02
94.14 94.44 95.45 97.58 97.67
98 97.64 94.72 92.65 94.91
93.95 94.02 94.57 95.52 97.19
96.35 94.12 94.94 95.79 96.54
97.33 95.04 94.66 96.21 94.33
95.82 94.86 95.18 96.68 97.59
97.03 96.25 97.76 97.58 97.5
95.29 94.31 93.23 91.8 91.16
89.45 88.24 90.88 94.85 96.89
98.14 98.41 98.27 98.11 98.21
97.54 97.66 97.8 97.69 98.08
98.06 98.19 97.86 95.5 94.82
91.64 86.4 81.98 80.58 78.96
81.83 81.89 84.62 81.33 81.99
84.44 89.71 94.01 96.05 95.06
96.82 95.44 96.81 96.42 96.94
96.87 97.67 96.14 97.21 98.05
98.45 97.77 97.68 97.05 95.39
93.82 92.27 92.09 90.4 89.16
86.06 86.85 87.48 90.31 92.22
93.53 95.98 96 97.71 97.65
97.63 94.96 93.86 96.07 96.11
97.36 96.09 96.78 94.84 93.28
91.43 89.22 90.87 88.5 90.51
92.17 93.15 91.25 91.61 94.41
93.06 91.47 93.94 94.94 91.22
91.17 92.97 92.4 89.44 89.62
89.47 86.53 83.29 81.79 78.53
74.4 63.92 60.41 58.78 54.76
52.94 51.12 48.01 40.43 49.5
49.24 45.66 45.94 39.05 44.14
42.35
