42.09 40.2 40.63 42.69 42.55
42.25 49.47 40.84 45.21 40.51
39.37 42.47 38.55 41.57 37.29
42.65 40.61 46.26 42.43 37.94
41.9 43.64 42.94 42.19 50.16
56.56 63.18 75.65 84.02 88.32
92.33 94.2 96.03 95.96 96.49
96.95 97.85 97.51 97.41 95.93
95.32 95.09 93.7 95.22 94.31
95.06 97.09 97.39 97.79 98.3
97.81 97.87 97.5 97.1 95.95
92.58 91.74 91.14 92.01 93.83
92.57 95.67 95.71 97.71 97.06
96.62 96.19 93.56 91.08 87.38
88.46 76.2 82.74 91.95 93.67
94.1 94.94 95.53 94.05 95.99
95.11 94.04 92.12 92.08 92.77
96.59 97.6 97.85 97.58 96.92
96.24 96.42 93.08 90.16 88.43
93.33 95.28 97.57 97.88 98.03
98.1 98.09 97.92 97.7 96.74
97.14 96.16 94.84 94.01 95.81
96.55 96.68 97.48 97.43 97.49
97.75 96.22 95.34 93.23 90.96
85.57 78.75 75.82 73.57 68.92
73.25 69.38 73.49 62.45 58.05
58.48 64.35 75.29 83.24 89.65
94.37 95.73 97.48 96.72 97.43
97.12 97.53 95.85 95.88 94.19
93.82 93.29 93.59 94.58 96.13
96.62 97.15 96.03 94.98 93.58
93.98 94.58 92.93 85.91 72.73
65.22 59.31 66.77 83.68 91.24
92.32 95.06 96.89 97.03 97.04
95.92 95.69 91.16 85.37 84.9
86.41 87.75 92.34 94.75 95.52
96.17 97.15 97.43 97.82 97.63
97.22 93.2 93.85 96.49 96.77
96.1 93.59 91.62 94.25 95.83
94.7 94.07 93.8 93.78 95.17
95.19 95.85 96.12 94.92 94.26
92.01 92.34 93.57 93.96 94.29
94.44 94.92 95.86 96.89 97.01
97.83 97.25 97.01 96.96 96.69
95.31 94.54 92.95 89.25 92.06
93.02 93.6 93.62 95.1 95.95
97.08 97.58 96.96 96.98 96.67
96.23 96.79 97.49 96.61 97.72
96.66 96.8 97.89 96.41 97.31
97.52 97.72 96.84 96.79 95.03
95.9 94.84 96.3 97.6 97.86
97.85 98.22 98.31 98.48 98.24
97.7 96.65 95.62 97.2 97.36
96.2 97.46 98.12 98.19 97.62
97.84 97.41 96.61 95.21 92.58
89.86 87.78 92.86 93.8 95.27
94.32 94.46 89.95 91.34 88.07
88.27 93.74 96.45 97.03 97.56
97.48 97.78 97.58 96.84 94.74
95.52 98.16 98.58 98.06 98.08
97.99 97.8 97.43 96.01 97.08
95.26 95.04 93.07 93.24 95.45
96.32 96.2 97.58 97.55 97.8
97.92 97.92 98.22 97.93 97.33
96.72 96.18 96.73 97.15 97.21
97.35 97.89 97.72 98.17 98.04
98.17 97.41 96.9 94.46 91.93
85.72 86.97 84.84 85.82 91.11
89.37 92.68 93.34 94.41 95.33
96.41 96.31 96.62 97 97
96.58 96.7 96.33 95.73 95.63
94.86 93.37 93.19 91.94 89.46
88.82 85.63 81.51 68.3 58.96
52.36 52.21 50.59 50 56.01
44.87 54.79 49.43 56.71 51.01
49.26 46.71 47.79 44.62 48.12
46.23 44.6 49.93 48.61 51.4
45.89 55.29 48.4 54.06 52.51
52.24 51.1 60.73 55.36 56.52
57.97 60.67 56.39
