98.64 98.66 98.34 98.48 98.42
98.51 98.5 98.63 98.64 98.51
97.92 98.52 98.76 98.11 98.4
98.72 98.5 98.53 98.43 98.77
98.71 98.7 98.49 98.79 98.87
98.7 98.68 98.46 98.02 98.67
98.6 98.72 98.83 98.6 98.74
98.84 98.77 98.84 98.88 98.92
98.85 98.89 98.93 98.91 98.88
98.77 98.86 98.85 98.72 98.77
98.61 98.81 98.92 98.95 98.83
98.68 98.61 98.63 98.66 98.03
98.24 98.58 98.59 98.55 97.92
98.48 98.48 98.74 98.8 98.68
98.78 98.85 98.84 98.8 98.78
98.86 98.87 98.88 98.86 98.88
98.78 98.82 98.86 98.82 98.74
