75.9 72.36 74.82 81.14 82.95
87.85 87.69 89.34 90.13 87.49
87.84 87.68 89.35 93.03 93.88
93.99 93.31 92.27 89.89 87.11
84.96 78.91 70.65 70.42 70.68
70.38 75.31 73.7 81.55 86.98
90.16 93.11 93.82 93.86 92.59
91.41 92.87 91.55 85.85 76.3
74.86 84.37 85.55 89.41 89.8
91.37 92.61 93.25 93.96 91.38
91.04 90.78 88.58 80.72 79.09
83.69 85.64 91.57 93.08 91.73
87.84 86.6 88.69 89.22 87.03
88.54 90.93 91.09 91.67 89.16
91.41 92.06 92.78 92.46 92.84
90.72 91.44 93.02 92.02 89.93
92.76 92.72 94.77 95.82 95.42
95.46 95.08 93.68 92.91 82.3
69.38 68.53 71.81 84.2 88.5
93.71 94.98 95.52 95.42 95.42
94.36 93.39 90.59 93.85 92.15
92.94 95.08 95.17 94.5 93.81
91.83 91.14 90.36 88.59 89.53
86.78 86.5 88.22 86.92 87.64
89.81 87.2 83.69 85.76 87.05
82.85 79.8 78.57 81.72 85.12
90.29 93.07 93.34 93.22 92.05
90.17 87.58 85.32 75.39 71.16
63.65 63.07 58.23 51.83 55.37
63.04 60.88 67.02 73.71 71.99
79.97 85.58 86.7 88.95 87.99
89.94 92.78 91.96 93.06 92.11
89.77 89.23 89.21 85.75 82.37
77.15 68.22 64.77 58.23 57.33
58.69 63.51 74.94 76.44 84.52
87.55 89.13 90.31 90.95 91.27
90.6 87.63 77.27 63.37 49.8
44.21 41.54 38.63 40.74 35.83
32.77 38.04 31.48 34.26 35.16
36.69 38.41 39.27 47.81 50.83
64.35 79.47 85.93 87.21 88.8
87.52 86.05 84 78.68 82.47
78.28 71.27 85.4 91.55 92.06
92.54 89.94 84.85 78.74 84.13
84.07 92.14 94.09 94.84 94.82
95.08 93.75 94.22 93.26 91.91
92.12 89.38 87.99 85.8 88.03
88.83 89.11 92.47 94.5 94.35
94.51 92.94 92.66 92.12 89.82
84.35 77.67 73.66 70.43 81.03
87.18 89.61 92.97 90.22 87.42
91.14 88.57 92.1 94.52 93.14
94.61 91.35 91.18 93.08 93.16
93.25 92.57 93.19 94.52 94.06
93.37 93.29 92.25 90.62 84.98
83.31 83.49 78.71 77.97 83.21
89.09 91.79 93.72 94.02 94.41
93.97 90.97 91.84 92.91 93.18
94.44 93.14 93.37 90.75 88.92
85.28 77.74 70.7 66.65 70.09
64.35 65.58 63.33 54.38 63.22
66.15 71.94 75.09 82.03 82.5
88.26 92.96 93.39 94.25 94.8
94.15 92.27 91.19 92.4 92.86
89.93 88.81 88.02 83.88 71.78
59.74 52.72 48.04 41.28 45.55
49.61 54.13 60.58 66.07 65.51
67.68 66.96 63.96 63.24 54.51
49.7 39.76 32.07 39.18 34.37
36.66 36.3 33.02 36.63 36.62
37.76 38.38 36.84 33.88 31.49
34.51 37.24
