26.41 25.78 28.34 26.74 26.86
25.64 22.73 28.6 26.43 23.47
29.07 26 32.91 35.73 34.5
32.39 36.2 35.22 29.67 34.23
33.98 32.13 28.17 27.91 29.64
26.61 25.78 25.9 26.91 28.96
26.2 26.23 26.29 27.19 26.14
28 29.67 27.58 34.15 36.18
38.19 49.28 55.75 53.11 58.82
63.41 60.26 60.58 69.7 68.69
67.61 67.74 72.45 68.92 67.96
70.92 68.42 64.2 60.19 57.53
51.77 48.61 51.51 50.39 50.43
48.64 46.35 48.18 40.7 38.93
32.57 33.84 31.47 33.98 31.83
29.19 29.78 28.54 25.92 32.34
34.57 26.09 31.38 26.37 28.5
28.3 38.93 32.09 28.34 27.7
29.72 32.24 33.95 30.8 31.85
36.71 39.34 47.14 41.09 53.34
55.12 56.77 59.82 71.51 79.82
83.45 88.35 90.49 88.9 90.76
93.37 92.61 95.59 97 98.08
98.2 98.13 96.87 95.12 92.1
89.65 90.82 93.16 95.59 95.71
97.4 96.99 95.97 94.06 91.47
90.43 91.91 89.84 89.93 92.29
93.75 93.75 93.32 94.98 94.17
95.37 96.18 94.35 95.32 95.22
94.75 93.2 94.16 93.25 91.11
91.71 92.45 91.51 93.54 93.02
95.31 95.35 96.44 96.17 94.84
91.08
