74.96 86.07 93.6 95.76 96.14
95.85 95.49 95.63 95.32 93.82
93.63 94.09 92.94 93.73 93.76
93.65 95.5 95.23 95.53 94.59
92.94 92.9 94.22 92.82 92.95
94.57 94.96 94.72 94.15 95.07
91.45 91.55 93.49 93.1 94.62
92.15 93.74 94.65 93.5 92.57
94.95 95.14 93.67 93.71 95.25
93 91.08 89.26 87.73 81.19
84.21 79.88 89.22 93.85 96.3
96.71 97.17 96.85 97.01 96.99
96.84 96.88 96.3 96.19 95.79
95.37 96.22 96.99 95.56 94.99
94.81 95.3 95.73 96.32 96.23
93.76 92.98 89.4 88.55 87.45
86.05 87.46 88.25 90.26 91.97
94.21 95.72 94.23 94.79 96.39
94.61 96.67 96.13 95.03 93.29
92.77 93.58 94.79 92.52 92.83
91.9 91.78 89.66 88.61 87.22
83.61 84.53 87.66 92.05 93.94
96.32 96.36 96.58 97.04 95.26
96.05 94.27 92.81 92.58 93.08
91.15 88.83 88.77 87.48 81.42
71.43 65.73 63.11 61.51 58.54
55.34 52.46 51.22 49.21 46.65
46.77 44.36 36.49 40.56 42.34
47.74 50.57
