44.39 41.92 36.46 39.8 36.14
37.71 39.39 42.09 40.4 42.14
40.67 41.08 37.31 38.39 36.76
39.52 36.38 37.19 35.48 35.12
36.04 38.22 43.11 40.33 46.45
50.55 44.63 46.06 46.2 43
45.06 39.44 37.68 42.34 45.6
37.3 46.75 40.27 41.33 44.12
44.92 43.87 41.53 45.23 40.23
44.51 37.29 39.99 39.89 38.79
37.69 40.7 36 45.01 40.14
43.4 43.56 40.26 46.89 37.66
45.16 36.41 42.6 38.67 42.16
41.09 42.83 42.39 44.45 45.06
45.84 44.17 43.1 43.63 43.79
44.87 46.21 40.16 45.85 43.02
41.2 38.27 40.22 40.07 41.61
41.11 37.65 40.42 38.77 37.11
36.51 40.34 38.38 44.46 35.23
38.24 38.1 42.27 44.74 37
48.02 42.12 43.21 39.24 42.33
42.53 45.85 49.29 44 50.01
45.32 49.72 51.69 47.15 52.51
