90.55 93.43 93.86 89.91 87.06
78.58 70.35 63.96 47.82 47.87
54.09 59.22 71.26 78.93 85.7
92.39 94.24 97.09 94.27 93.98
96.66 96.97 94.81 95.21 97.03
98.17 98.24 98.39 98.47 98.64
98.64 98.41 98.25 98.32 97.8
97.49 96.63 97.52 96.93 96.99
95.27 93.2 89.37 85.19 83.23
82.47 87.02 89.67 93.63 95.7
97.28 94.55 93.72 96.54 96.02
93.42 95.02 96.73 97.97 98.1
98.41 98.45 98.39 98.52 98.58
98.58 98.23 98.22 97.97 97.31
97.23 95.16 94.04 90.13 82.96
79.75 69.84 70.2 64.26 64.07
75.04 87.01 91.87 93.91 91.4
91.81 94.82 94.49 93.06 94.11
95.86 96.98 97.54 97.86 98.09
97.49 97.32 97.52 96.77 95.19
